ADR_EGAID,STR_ESID,BDG_EGID,STN_LABEL,ADR_NUMBER,ZIP_LABEL,COM_FOSNR,COM_CANTON,ADR_STATUS,ADR_OFFICIAL,ADR_MODIFIED,ADR_EASTING,ADR_NORTHING
100000014,10131683,11514442,Im Höfli,4,8234 Stetten SH,2919,SH,real,True,15.11.2024,2691695,1288454
100000030,10091164,11527411,Wolfackerweg,6,8223 Guntmadingen,2932,SH,real,True,15.11.2024,2683906,1282347
100000059,10104919,11527471,Wasserbrunnen,9,8235 Lohn SH,2917,SH,real,True,15.11.2024,2692660,1290139
100000068,10018447,11527489,Benzeweg,63,8222 Beringen,2932,SH,real,True,15.11.2024,2686723,1283547
100000083,10031617,11527532,Bruggsteg,7,8260 Stein am Rhein,2964,SH,real,True,15.11.2024,2706772,1279264
100000111,10185477,11513953,Neudörflingerstrasse,21,8239 Dörflingen,2915,SH,real,True,15.11.2024,2696267,1285101
100000501,10132777,11515547,Laag,118,8239 Dörflingen,2915,SH,real,True,15.11.2024,2696341,1283370
100000658,10108021,11513728,Hauentalstrasse,30,8200 Schaffhausen,2939,SH,real,True,15.11.2024,2689089,1285063
100000662,10018468,11513738,Schwärziweg,8,8222 Beringen,2932,SH,real,True,15.11.2024,2685791,1283559
100000663,10018468,11513739,Schwärziweg,6,8222 Beringen,2932,SH,real,True,15.11.2024,2685786,1283559
100000905,10031589,11527662,Im Oberfeld,20,8261 Hemishofen,2962,SH,real,True,15.11.2024,2704863,1281399
100000988,10018463,11526756,Oberdorf,13,8222 Beringen,2932,SH,real,True,15.11.2024,2685226,1283771
100000989,10091162,11526757,Liiberackerweg,3,8223 Guntmadingen,2932,SH,real,True,15.11.2024,2684063,1282022
100001525,10018157,11513844,Zieglerweg,2b,8240 Thayngen,2920,SH,real,True,15.11.2024,2694918,1289618
100001820,10026341,11514741,Gehr,3,8224 Löhningen,2903,SH,real,True,15.11.2024,2683776,1283879
100002324,10026329,2023223,Bettackerweg,6a,8223 Guntmadingen,2932,SH,real,True,15.11.2024,2684097,1282155
100002693,10107218,11514925,Hofwisenstrasse,17,8260 Stein am Rhein,2964,SH,real,True,15.11.2024,2706419,1278784
100002726,10031589,11527724,Im Oberfeld,18,8261 Hemishofen,2962,SH,real,True,15.11.2024,2704851,1281412
100002845,10106947,11527119,Dachsenbüelstrasse,18,8200 Schaffhausen,2939,SH,real,True,15.11.2024,2690371,1286501
100002846,10080409,11527122,In der Au,7,8225 Siblingen,2953,SH,real,True,15.11.2024,2681143,1285241
100003211,10018668,11524917,Kasinogässchen,19,8200 Schaffhausen,2939,SH,real,True,15.11.2024,2689397,1283587
100003212,10179718,11524918,Im Riet,21,8200 Schaffhausen,2939,SH,real,True,15.11.2024,2688223,1284251
100003215,10129454,11524932,Mühleweg,4,8240 Thayngen,2920,SH,real,True,15.11.2024,2695106,1289439
100003460,10031593,11515407,Alemannenweg,521,8262 Ramsen,2963,SH,real,True,15.11.2024,2703572,1284876
100003804,10019295,11518628,Felsenaustrasse,39,8200 Schaffhausen,2939,SH,real,True,15.11.2024,2689459,1285165
100007780,10132781,11516516,Kirchackerweg,23,8232 Merishausen,2936,SH,real,True,15.11.2024,2687448,1290735
100140759,10205631,475992,Sandgrubenstrasse,11,8455 Rüdlingen,2938,SH,real,True,15.11.2024,2684932,1271220
100220519,10136921,191556292,Chapfweg,14,8214 Gächlingen,2901,SH,real,True,15.11.2024,2679797,1284541
100240058,10046612,475719,Zollstrasse,70,8212 Neuhausen am Rheinfall,2937,SH,real,True,15.11.2024,2687511,1281538
100240059,10018160,475722,Schützenstrasse,21,8212 Neuhausen am Rheinfall,2937,SH,real,True,15.11.2024,2687556,1281640
100240060,10018160,475723,Schützenstrasse,23,8212 Neuhausen am Rheinfall,2937,SH,real,True,15.11.2024,2687534,1281625
100240061,10018160,475724,Schützenstrasse,25,8212 Neuhausen am Rheinfall,2937,SH,real,True,15.11.2024,2687511,1281610
100240062,10018160,475725,Schützenstrasse,27,8212 Neuhausen am Rheinfall,2937,SH,real,True,15.11.2024,2687487,1281597
100240063,10018160,475726,Schützenstrasse,29,8212 Neuhausen am Rheinfall,2937,SH,real,True,15.11.2024,2687461,1281586
100240064,10018160,475728,Schützenstrasse,33,8212 Neuhausen am Rheinfall,2937,SH,real,True,15.11.2024,2687412,1281574
100240065,10046612,475731,Zollstrasse,50,8212 Neuhausen am Rheinfall,2937,SH,real,True,15.11.2024,2687743,1281742
100240066,10046612,475732,Zollstrasse,56,8212 Neuhausen am Rheinfall,2937,SH,real,True,15.11.2024,2687660,1281698
100240067,10018160,475734,Schützenstrasse,9,8212 Neuhausen am Rheinfall,2937,SH,real,True,15.11.2024,2687691,1281728
100240068,10018160,475735,Schützenstrasse,11,8212 Neuhausen am Rheinfall,2937,SH,real,True,15.11.2024,2687674,1281718
100240069,10018160,475737,Schützenstrasse,17,8212 Neuhausen am Rheinfall,2937,SH,real,True,15.11.2024,2687613,1281678
100240071,10018163,475739,Tödistrasse,3,8212 Neuhausen am Rheinfall,2937,SH,real,True,15.11.2024,2687770,1281855
100240072,10018163,475741,Tödistrasse,4,8212 Neuhausen am Rheinfall,2937,SH,real,True,15.11.2024,2687796,1281852
100240073,10018163,475743,Tödistrasse,6,8212 Neuhausen am Rheinfall,2937,SH,real,True,15.11.2024,2687784,1281870
100240074,10018163,475745,Tödistrasse,8,8212 Neuhausen am Rheinfall,2937,SH,real,True,15.11.2024,2687771,1281887
100240075,10017874,475746,Neubergstrasse,41,8212 Neuhausen am Rheinfall,2937,SH,real,True,15.11.2024,2687736,1281854
100240076,10017874,475747,Neubergstrasse,43,8212 Neuhausen am Rheinfall,2937,SH,real,True,15.11.2024,2687747,1281841
100240077,10017874,475749,Neubergstrasse,33,8212 Neuhausen am Rheinfall,2937,SH,real,True,15.11.2024,2687794,1281900
100240078,10046612,475750,Zollstrasse,46,8212 Neuhausen am Rheinfall,2937,SH,real,True,15.11.2024,2687778,1281807
100240079,10046612,475752,Zollstrasse,40,8212 Neuhausen am Rheinfall,2937,SH,real,True,15.11.2024,2687818,1281867
100240080,10017852,475753,Bachtelstrasse,1,8212 Neuhausen am Rheinfall,2937,SH,real,True,15.11.2024,2687889,1282023
100240081,10074404,475756,Speerblick,2,8212 Neuhausen am Rheinfall,2937,SH,real,True,15.11.2024,2687875,1282006
100240082,10074404,475757,Speerblick,3,8212 Neuhausen am Rheinfall,2937,SH,real,True,15.11.2024,2687851,1282003
100240083,10074404,475758,Speerblick,4,8212 Neuhausen am Rheinfall,2937,SH,real,True,15.11.2024,2687864,1282018
100240084,10074404,475759,Speerblick,5,8212 Neuhausen am Rheinfall,2937,SH,real,True,15.11.2024,2687840,1282016
100240085,10074404,475760,Speerblick,6,8212 Neuhausen am Rheinfall,2937,SH,real,True,15.11.2024,2687853,1282031
100240086,10074404,475761,Speerblick,7,8212 Neuhausen am Rheinfall,2937,SH,real,True,15.11.2024,2687829,1282029
100240087,10074404,475762,Speerblick,8,8212 Neuhausen am Rheinfall,2937,SH,real,True,15.11.2024,2687843,1282043
100240088,10074404,475763,Speerblick,9,8212 Neuhausen am Rheinfall,2937,SH,real,True,15.11.2024,2687822,1282042
100240089,10074404,475764,Speerblick,10,8212 Neuhausen am Rheinfall,2937,SH,real,True,15.11.2024,2687831,1282056
100240090,10046610,475765,Säntisweg,5,8212 Neuhausen am Rheinfall,2937,SH,real,True,15.11.2024,2687830,1281957
100240091,10046610,475766,Säntisweg,6,8212 Neuhausen am Rheinfall,2937,SH,real,True,15.11.2024,2687841,1281972
100240092,10046610,475767,Säntisweg,6a,8212 Neuhausen am Rheinfall,2937,SH,real,True,15.11.2024,2687854,1281979
100240093,10046610,475770,Säntisweg,10,8212 Neuhausen am Rheinfall,2937,SH,real,True,15.11.2024,2687814,1282009
100240095,10091251,475774,Glärnischstrasse,3,8212 Neuhausen am Rheinfall,2937,SH,real,True,15.11.2024,2687781,1281937
100240096,10091251,475775,Glärnischstrasse,4,8212 Neuhausen am Rheinfall,2937,SH,real,True,15.11.2024,2687812,1281938
100240097,10091251,475778,Glärnischstrasse,8,8212 Neuhausen am Rheinfall,2937,SH,real,True,15.11.2024,2687776,1281976
100240099,10018163,475781,Tödistrasse,9,8212 Neuhausen am Rheinfall,2937,SH,real,True,15.11.2024,2687730,1281895
100240100,10018163,475782,Tödistrasse,10,8212 Neuhausen am Rheinfall,2937,SH,real,True,15.11.2024,2687753,1281905
100240101,10018163,475783,Tödistrasse,11,8212 Neuhausen am Rheinfall,2937,SH,real,True,15.11.2024,2687719,1281907
100240102,10018163,475784,Tödistrasse,12,8212 Neuhausen am Rheinfall,2937,SH,real,True,15.11.2024,2687751,1281907
100240103,10018163,475785,Tödistrasse,13,8212 Neuhausen am Rheinfall,2937,SH,real,True,15.11.2024,2687705,1281916
100240104,10018163,475786,Tödistrasse,14,8212 Neuhausen am Rheinfall,2937,SH,real,True,15.11.2024,2687730,1281931
100240105,10018163,475787,Tödistrasse,15,8212 Neuhausen am Rheinfall,2937,SH,real,True,15.11.2024,2687696,1281926
100240106,10017874,475790,Neubergstrasse,32,8212 Neuhausen am Rheinfall,2937,SH,real,True,15.11.2024,2687759,1281937
100240107,10017874,475792,Neubergstrasse,36,8212 Neuhausen am Rheinfall,2937,SH,real,True,15.11.2024,2687740,1281960
100240108,10017874,475794,Neubergstrasse,42,8212 Neuhausen am Rheinfall,2937,SH,real,True,15.11.2024,2687706,1281887
100240109,10017874,475796,Neubergstrasse,46,8212 Neuhausen am Rheinfall,2937,SH,real,True,15.11.2024,2687682,1281888
100240110,10074400,475797,Hardstrasse,51,8212 Neuhausen am Rheinfall,2937,SH,real,True,15.11.2024,2687671,1281914
100240111,10018160,475798,Schützenstrasse,16,8212 Neuhausen am Rheinfall,2937,SH,real,True,15.11.2024,2687577,1281809
100240112,10017852,475799,Bachtelstrasse,7,8212 Neuhausen am Rheinfall,2937,SH,real,True,15.11.2024,2687856,1282059
100240113,10046610,475800,Säntisweg,7,8212 Neuhausen am Rheinfall,2937,SH,real,True,15.11.2024,2687811,1281970
100240114,10046612,475801,Zollstrasse,30,8212 Neuhausen am Rheinfall,2937,SH,real,True,15.11.2024,2687904,1281947
100240115,10046610,475802,Säntisweg,2,8212 Neuhausen am Rheinfall,2937,SH,real,True,15.11.2024,2687871,1281933
100240116,10046610,475803,Säntisweg,1,8212 Neuhausen am Rheinfall,2937,SH,real,True,15.11.2024,2687861,1281921
100240117,10017874,475806,Neubergstrasse,7,8212 Neuhausen am Rheinfall,2937,SH,real,True,15.11.2024,2687950,1282090
100240118,10074400,475808,Hardstrasse,3,8212 Neuhausen am Rheinfall,2937,SH,real,True,15.11.2024,2687982,1282122
100240119,10046612,475810,Zollstrasse,14,8212 Neuhausen am Rheinfall,2937,SH,real,True,15.11.2024,2688001,1282064
100240120,10046612,475811,Zollstrasse,16,8212 Neuhausen am Rheinfall,2937,SH,real,True,15.11.2024,2687986,1282058
100240121,10046612,475812,Zollstrasse,18,8212 Neuhausen am Rheinfall,2937,SH,real,True,15.11.2024,2687973,1282041
100240122,10046612,475813,Zollstrasse,20,8212 Neuhausen am Rheinfall,2937,SH,real,True,15.11.2024,2687964,1282031
100240123,10046612,475814,Zollstrasse,22,8212 Neuhausen am Rheinfall,2937,SH,real,True,15.11.2024,2687955,1282019
100240124,10017847,474269,Underes Ätzisloo,189,8232 Merishausen,2936,SH,real,True,15.11.2024,2685096,1291677
100240125,10017847,474270,Underes Ätzisloo,205,8232 Merishausen,2936,SH,real,True,15.11.2024,2684993,1291634
100240126,10046611,474272,Wüscherstrasse,7,8212 Neuhausen am Rheinfall,2937,SH,real,True,15.11.2024,2688816,1281705
100240127,10017881,474274,Schulstrasse,2,8212 Neuhausen am Rheinfall,2937,SH,real,True,15.11.2024,2688805,1281767
100240128,10017881,474275,Schulstrasse,4,8212 Neuhausen am Rheinfall,2937,SH,real,True,15.11.2024,2688823,1281755
100240129,10017881,474276,Schulstrasse,6,8212 Neuhausen am Rheinfall,2937,SH,real,True,15.11.2024,2688837,1281740
100240130,10186343,474278,Rheingoldstrasse,18,8212 Neuhausen am Rheinfall,2937,SH,real,True,15.11.2024,2688795,1281748
100240131,10186343,474279,Rheingoldstrasse,14a,8212 Neuhausen am Rheinfall,2937,SH,real,True,15.11.2024,2688780,1281704
100240132,10186343,474280,Rheingoldstrasse,14,8212 Neuhausen am Rheinfall,2937,SH,real,True,15.11.2024,2688754,1281739
100240133,10046611,474281,Wüscherstrasse,6,8212 Neuhausen am Rheinfall,2937,SH,real,True,15.11.2024,2688797,1281639
100240134,10046611,474283,Wüscherstrasse,10,8212 Neuhausen am Rheinfall,2937,SH,real,True,15.11.2024,2688836,1281672
100240135,10031594,482725,Badischhof,166,8262 Ramsen,2963,SH,real,True,15.11.2024,2702853,1285074
100240136,10031594,482728,Badischhof,165,8262 Ramsen,2963,SH,real,True,15.11.2024,2702832,1285054
100240137,10031600,482729,Im Gässli,169,8262 Ramsen,2963,SH,real,True,15.11.2024,2702820,1285079
100240138,10031612,482732,Wisliweg,245,8262 Ramsen,2963,SH,real,True,15.11.2024,2703166,1285250
100240139,10071978,482735,Sonnenstrasse,271,8262 Ramsen,2963,SH,real,True,15.11.2024,2703087,1284964
100240140,10031597,482736,Buttelestrasse,221,8262 Ramsen,2963,SH,real,True,15.11.2024,2703126,1285263
100240141,10071691,482737,Hauptstrasse,260,8262 Ramsen,2963,SH,real,True,15.11.2024,2702950,1284967
100240142,10031606,482738,Schulweg,232,8262 Ramsen,2963,SH,real,True,15.11.2024,2702955,1285148
100240145,10071691,482740,Hauptstrasse,268,8262 Ramsen,2963,SH,real,True,15.11.2024,2703035,1284966
100240146,10087217,482742,Ankerstrasse,267,8262 Ramsen,2963,SH,real,True,15.11.2024,2703034,1284987
100240147,10071691,482744,Hauptstrasse,270,8262 Ramsen,2963,SH,real,True,15.11.2024,2703056,1284973
100240148,10031597,482745,Buttelestrasse,235,8262 Ramsen,2963,SH,real,True,15.11.2024,2702925,1285177
100240149,10031604,482747,Pfarrhofweg,241b,8262 Ramsen,2963,SH,real,True,15.11.2024,2702965,1285062
100240150,10071691,482750,Hauptstrasse,263,8262 Ramsen,2963,SH,real,True,15.11.2024,2702985,1284974
100240151,10071691,482751,Hauptstrasse,253,8262 Ramsen,2963,SH,real,True,15.11.2024,2702918,1284992
100240152,10031606,482752,Schulweg,229,8262 Ramsen,2963,SH,real,True,15.11.2024,2703002,1285037
100240154,10071691,482754,Hauptstrasse,258,8262 Ramsen,2963,SH,real,True,15.11.2024,2702942,1285014
100240155,10071691,482755,Hauptstrasse,255,8262 Ramsen,2963,SH,real,True,15.11.2024,2702928,1285001
100240156,10087217,482757,Ankerstrasse,223,8262 Ramsen,2963,SH,real,True,15.11.2024,2703063,1285065
100240157,10087217,482759,Ankerstrasse,294,8262 Ramsen,2963,SH,real,True,15.11.2024,2703086,1285185
100240158,10031606,482760,Schulweg,227,8262 Ramsen,2963,SH,real,True,15.11.2024,2703021,1285015
100240159,10071691,482761,Hauptstrasse,248,8262 Ramsen,2963,SH,real,True,15.11.2024,2702913,1285032
100240160,10031597,482762,Buttelestrasse,335,8262 Ramsen,2963,SH,real,True,15.11.2024,2703016,1285233
100240161,10087217,482763,Ankerstrasse,225,8262 Ramsen,2963,SH,real,True,15.11.2024,2703024,1285065
100240162,10031604,482765,Pfarrhofweg,247,8262 Ramsen,2963,SH,real,True,15.11.2024,2702943,1285033
100240163,10071694,482766,Oberdorf,185,8262 Ramsen,2963,SH,real,True,15.11.2024,2702765,1285149
100240164,10087226,482767,Wiesholz,34,8262 Ramsen,2963,SH,real,True,15.11.2024,2704822,1285288
100240165,10031605,482771,Roseneggstrasse,465,8262 Ramsen,2963,SH,real,True,15.11.2024,2703599,1285245
100240166,10031605,482772,Roseneggstrasse,458,8262 Ramsen,2963,SH,real,True,15.11.2024,2703597,1285214
100240167,10071978,482775,Sonnenstrasse,400,8262 Ramsen,2963,SH,real,True,15.11.2024,2703598,1285106
100240169,10071978,482780,Sonnenstrasse,435,8262 Ramsen,2963,SH,real,True,15.11.2024,2703702,1285183
100240170,10031603,482781,Moskau,303,8262 Ramsen,2963,SH,real,True,15.11.2024,2703767,1285228
100240171,10031603,482785,Moskau,296,8262 Ramsen,2963,SH,real,True,15.11.2024,2703800,1285374
100240172,10031603,482786,Moskau,59,8262 Ramsen,2963,SH,real,True,15.11.2024,2703811,1285406
100240173,10031603,482787,Moskau,60,8262 Ramsen,2963,SH,real,True,15.11.2024,2703828,1285434
100240174,10031603,482788,Moskau,304,8262 Ramsen,2963,SH,real,True,15.11.2024,2703849,1285459
100240176,10121177,482790,Härdlistrasse,322,8262 Ramsen,2963,SH,real,True,15.11.2024,2703752,1285475
100240179,10031603,482794,Moskau,313,8262 Ramsen,2963,SH,real,True,15.11.2024,2703779,1285386
100240180,10031603,482795,Moskau,312,8262 Ramsen,2963,SH,real,True,15.11.2024,2703770,1285351
100240181,10031603,482796,Moskau,292,8262 Ramsen,2963,SH,real,True,15.11.2024,2703704,1285329
100240182,10113215,482798,Petersburg,56,8262 Ramsen,2963,SH,real,True,15.11.2024,2703716,1285038
100240183,10087227,482799,Wilerstrasse,84a,8262 Ramsen,2963,SH,real,True,15.11.2024,2703132,1284810
100240184,10087227,482800,Wilerstrasse,84,8262 Ramsen,2963,SH,real,True,15.11.2024,2703121,1284829
100240185,10087220,482801,Hinterdorf,85,8262 Ramsen,2963,SH,real,True,15.11.2024,2703111,1284862
100240186,10087220,482803,Hinterdorf,109,8262 Ramsen,2963,SH,real,True,15.11.2024,2703105,1284876
100240187,10087220,482804,Hinterdorf,87,8262 Ramsen,2963,SH,real,True,15.11.2024,2703097,1284893
100240188,10071691,482805,Hauptstrasse,88,8262 Ramsen,2963,SH,real,True,15.11.2024,2703070,1284944
100240189,10071691,482806,Hauptstrasse,89,8262 Ramsen,2963,SH,real,True,15.11.2024,2703051,1284949
100240190,10031601,482807,Ledergasse,91,8262 Ramsen,2963,SH,real,True,15.11.2024,2703026,1284938
100240191,10031601,482808,Ledergasse,92,8262 Ramsen,2963,SH,real,True,15.11.2024,2703037,1284905
100240192,10031601,482809,Ledergasse,105,8262 Ramsen,2963,SH,real,True,15.11.2024,2702989,1284918
100240194,10031601,482810,Ledergasse,104,8262 Ramsen,2963,SH,real,True,15.11.2024,2703015,1284933
100240195,10071691,482811,Hauptstrasse,121,8262 Ramsen,2963,SH,real,True,15.11.2024,2703011,1284956
100240203,10046605,473774,Dorfstrasse,75,8454 Buchberg,2933,SH,real,True,15.11.2024,2684295,1269717
100240204,10120414,473776,Bachstrasse,8,8454 Buchberg,2933,SH,real,True,15.11.2024,2684298,1269665
100240205,10120414,473777,Bachstrasse,6,8454 Buchberg,2933,SH,real,True,15.11.2024,2684304,1269671
100240206,10165183,473780,Hofgasse,3,8454 Buchberg,2933,SH,real,True,15.11.2024,2684348,1269693
100240207,10046605,473781,Dorfstrasse,61,8454 Buchberg,2933,SH,real,True,15.11.2024,2684376,1269724
100240208,10046605,473783,Dorfstrasse,57,8454 Buchberg,2933,SH,real,True,15.11.2024,2684403,1269729
100240209,10046605,473785,Dorfstrasse,55,8454 Buchberg,2933,SH,real,True,15.11.2024,2684412,1269710
100240210,10161512,473786,Hohlegasse,6,8454 Buchberg,2933,SH,real,True,15.11.2024,2684440,1269684
100240211,10046605,473787,Dorfstrasse,47,8454 Buchberg,2933,SH,real,True,15.11.2024,2684460,1269726
100240278,10185471,470632,Vordergasse,10,8213 Neunkirch,2904,SH,real,True,15.11.2024,2679697,1282733
100240279,10185471,470634,Vordergasse,14,8213 Neunkirch,2904,SH,real,True,15.11.2024,2679679,1282731
100240280,10185471,470635,Vordergasse,16,8213 Neunkirch,2904,SH,real,True,15.11.2024,2679666,1282730
100240281,10185471,470636,Vordergasse,18,8213 Neunkirch,2904,SH,real,True,15.11.2024,2679654,1282729
100240282,10185471,470637,Vordergasse,22,8213 Neunkirch,2904,SH,real,True,15.11.2024,2679640,1282727
100240283,10185471,470638,Vordergasse,20,8213 Neunkirch,2904,SH,real,True,15.11.2024,2679645,1282728
100240284,10185471,470639,Vordergasse,24,8213 Neunkirch,2904,SH,real,True,15.11.2024,2679634,1282727
100240285,10185471,470640,Vordergasse,26,8213 Neunkirch,2904,SH,real,True,15.11.2024,2679625,1282726
100240287,10027504,470643,Grabenstrasse,11,8213 Neunkirch,2904,SH,real,True,15.11.2024,2679558,1282608
100240290,10046611,474284,Wüscherstrasse,12,8212 Neuhausen am Rheinfall,2937,SH,real,True,15.11.2024,2688847,1281687
100240291,10046611,474285,Wüscherstrasse,18,8212 Neuhausen am Rheinfall,2937,SH,real,True,15.11.2024,2688842,1281708
100240292,10046611,474286,Wüscherstrasse,20,8212 Neuhausen am Rheinfall,2937,SH,real,True,15.11.2024,2688853,1281721
100240293,10017881,474288,Schulstrasse,10,8212 Neuhausen am Rheinfall,2937,SH,real,True,15.11.2024,2688885,1281683
100240294,10017877,474290,Rheinstrasse,39,8212 Neuhausen am Rheinfall,2937,SH,real,True,15.11.2024,2688856,1281646
100240295,10017877,474291,Rheinstrasse,37,8212 Neuhausen am Rheinfall,2937,SH,real,True,15.11.2024,2688855,1281645
100240296,10017877,474297,Rheinstrasse,42,8212 Neuhausen am Rheinfall,2937,SH,real,True,15.11.2024,2688899,1281649
100240297,10017877,474298,Rheinstrasse,46,8212 Neuhausen am Rheinfall,2937,SH,real,True,15.11.2024,2688923,1281621
100240298,10017877,474299,Rheinstrasse,48,8212 Neuhausen am Rheinfall,2937,SH,real,True,15.11.2024,2688915,1281664
100240299,10017877,474303,Rheinstrasse,54,8212 Neuhausen am Rheinfall,2937,SH,real,True,15.11.2024,2688923,1281670
100240301,10017877,474306,Rheinstrasse,58,8212 Neuhausen am Rheinfall,2937,SH,real,True,15.11.2024,2688936,1281683
100240303,10186343,474308,Rheingoldstrasse,24,8212 Neuhausen am Rheinfall,2937,SH,real,True,15.11.2024,2688827,1281790
100240304,10186343,474311,Rheingoldstrasse,30,8212 Neuhausen am Rheinfall,2937,SH,real,True,15.11.2024,2688849,1281806
100240305,10091256,474314,Pestalozzistrasse,24,8212 Neuhausen am Rheinfall,2937,SH,real,True,15.11.2024,2688896,1281875
100240306,10091256,474315,Pestalozzistrasse,26,8212 Neuhausen am Rheinfall,2937,SH,real,True,15.11.2024,2688913,1281863
100240307,10091256,474316,Pestalozzistrasse,28,8212 Neuhausen am Rheinfall,2937,SH,real,True,15.11.2024,2688938,1281853
100240308,10091256,474317,Pestalozzistrasse,32,8212 Neuhausen am Rheinfall,2937,SH,real,True,15.11.2024,2688963,1281846
100240309,10017862,474319,Florastrasse,4,8212 Neuhausen am Rheinfall,2937,SH,real,True,15.11.2024,2688956,1281817
100240310,10091262,474320,Wiesengrundstrasse,11,8212 Neuhausen am Rheinfall,2937,SH,real,True,15.11.2024,2688943,1281802
100240311,10091262,474321,Wiesengrundstrasse,7,8212 Neuhausen am Rheinfall,2937,SH,real,True,15.11.2024,2688929,1281816
100240312,10091262,474322,Wiesengrundstrasse,5,8212 Neuhausen am Rheinfall,2937,SH,real,True,15.11.2024,2688899,1281824
100240313,10091262,474323,Wiesengrundstrasse,2,8212 Neuhausen am Rheinfall,2937,SH,real,True,15.11.2024,2688864,1281827
100240314,10091262,474324,Wiesengrundstrasse,4,8212 Neuhausen am Rheinfall,2937,SH,real,True,15.11.2024,2688874,1281821
100240315,10046611,474326,Wüscherstrasse,29,8212 Neuhausen am Rheinfall,2937,SH,real,True,15.11.2024,2688876,1281772
100240316,10046611,474327,Wüscherstrasse,27,8212 Neuhausen am Rheinfall,2937,SH,real,True,15.11.2024,2688862,1281759
100240317,10017881,474328,Schulstrasse,5,8212 Neuhausen am Rheinfall,2937,SH,real,True,15.11.2024,2688855,1281751
100240318,10017881,474329,Schulstrasse,7,8212 Neuhausen am Rheinfall,2937,SH,real,True,15.11.2024,2688869,1281738
100240319,10017881,474330,Schulstrasse,9,8212 Neuhausen am Rheinfall,2937,SH,real,True,15.11.2024,2688880,1281728
100240320,10017881,474331,Schulstrasse,11,8212 Neuhausen am Rheinfall,2937,SH,real,True,15.11.2024,2688890,1281727
100240321,10017877,474332,Rheinstrasse,55,8212 Neuhausen am Rheinfall,2937,SH,real,True,15.11.2024,2688912,1281715
100240322,10017877,474333,Rheinstrasse,59,8212 Neuhausen am Rheinfall,2937,SH,real,True,15.11.2024,2688938,1281724
100240323,10017877,474335,Rheinstrasse,63,8212 Neuhausen am Rheinfall,2937,SH,real,True,15.11.2024,2688960,1281746
100240324,10017877,474336,Rheinstrasse,67,8212 Neuhausen am Rheinfall,2937,SH,real,True,15.11.2024,2688972,1281758
100240325,10091262,474337,Wiesengrundstrasse,12,8212 Neuhausen am Rheinfall,2937,SH,real,True,15.11.2024,2688949,1281775
100240326,10091262,474338,Wiesengrundstrasse,10,8212 Neuhausen am Rheinfall,2937,SH,real,True,15.11.2024,2688933,1281785
100240327,10091262,474339,Wiesengrundstrasse,8,8212 Neuhausen am Rheinfall,2937,SH,real,True,15.11.2024,2688919,1281794
100240328,10186930,474343,Victor-von-Bruns-Strasse,6,8212 Neuhausen am Rheinfall,2937,SH,real,True,15.11.2024,2689015,1281729
100240329,10186930,474345,Victor-von-Bruns-Strasse,3,8212 Neuhausen am Rheinfall,2937,SH,real,True,15.11.2024,2689037,1281739
100240330,10186930,474346,Victor-von-Bruns-Strasse,2,8212 Neuhausen am Rheinfall,2937,SH,real,True,15.11.2024,2688999,1281738
100240331,10017877,474347,Rheinstrasse,84,8212 Neuhausen am Rheinfall,2937,SH,real,True,15.11.2024,2689042,1281827
100240332,10017877,474349,Rheinstrasse,79,8212 Neuhausen am Rheinfall,2937,SH,real,True,15.11.2024,2688998,1281804
100240333,10017877,474353,Rheinstrasse,72,8212 Neuhausen am Rheinfall,2937,SH,real,True,15.11.2024,2689002,1281763
100240334,10017877,474354,Rheinstrasse,66,8212 Neuhausen am Rheinfall,2937,SH,real,True,15.11.2024,2688982,1281738
100240335,10017877,474355,Rheinstrasse,62,8212 Neuhausen am Rheinfall,2937,SH,real,True,15.11.2024,2688976,1281716
100240337,10017877,474356,Rheinstrasse,60,8212 Neuhausen am Rheinfall,2937,SH,real,True,15.11.2024,2688945,1281702
100240338,10091256,474358,Pestalozzistrasse,36,8212 Neuhausen am Rheinfall,2937,SH,real,True,15.11.2024,2688989,1281813
100240339,10118142,474360,Heimstrasse,8,8212 Neuhausen am Rheinfall,2937,SH,real,True,15.11.2024,2688980,1281663
100240340,10118142,474363,Heimstrasse,4,8212 Neuhausen am Rheinfall,2937,SH,real,True,15.11.2024,2688979,1281684
100240341,10118142,474364,Heimstrasse,3,8212 Neuhausen am Rheinfall,2937,SH,real,True,15.11.2024,2688991,1281697
100240342,10118142,474365,Heimstrasse,2,8212 Neuhausen am Rheinfall,2937,SH,real,True,15.11.2024,2688966,1281693
100240343,10178593,474368,Flurlingerweg,2,8212 Neuhausen am Rheinfall,2937,SH,real,True,15.11.2024,2689137,1281730
100240344,10178593,474369,Flurlingerweg,3,8212 Neuhausen am Rheinfall,2937,SH,real,True,15.11.2024,2689150,1281708
100240345,10178593,474370,Flurlingerweg,4,8212 Neuhausen am Rheinfall,2937,SH,real,True,15.11.2024,2689170,1281694
100240346,10178593,474371,Flurlingerweg,5,8212 Neuhausen am Rheinfall,2937,SH,real,True,15.11.2024,2689152,1281724
100240347,10104507,481609,Randenstrasse,26,8228 Beggingen,2951,SH,real,True,15.11.2024,2682451,1291102
100240349,10104507,481611,Randenstrasse,15,8228 Beggingen,2951,SH,real,True,15.11.2024,2682421,1291163
100240350,10104507,481613,Randenstrasse,11,8228 Beggingen,2951,SH,real,True,15.11.2024,2682396,1291187
100240351,10104507,481614,Randenstrasse,18,8228 Beggingen,2951,SH,real,True,15.11.2024,2682395,1291160
100240352,10104507,481615,Randenstrasse,7,8228 Beggingen,2951,SH,real,True,15.11.2024,2682379,1291206
100240353,10104507,481616,Randenstrasse,5,8228 Beggingen,2951,SH,real,True,15.11.2024,2682371,1291221
100240354,10104507,481617,Randenstrasse,10,8228 Beggingen,2951,SH,real,True,15.11.2024,2682353,1291170
100240355,10104507,481619,Randenstrasse,16,8228 Beggingen,2951,SH,real,True,15.11.2024,2682361,1291147
100240356,10032568,481621,Hölderlistrasse,6,8226 Schleitheim,2952,SH,real,True,15.11.2024,2677944,1289120
100240357,10024959,471611,Dettenwiesweg,1,8235 Lohn SH,2917,SH,real,True,15.11.2024,2692193,1290016
100240358,10185479,471612,Stettemerstrasse,4,8235 Lohn SH,2917,SH,real,True,15.11.2024,2692184,1289982
100240359,10024958,471613,Dettenwies,1,8235 Lohn SH,2917,SH,real,True,15.11.2024,2692174,1289959
100240360,10024958,471616,Dettenwies,6,8235 Lohn SH,2917,SH,real,True,15.11.2024,2692130,1289989
100240361,10024958,471617,Dettenwies,5,8235 Lohn SH,2917,SH,real,True,15.11.2024,2692127,1289966
100240362,10024958,471619,Dettenwies,8,8235 Lohn SH,2917,SH,real,True,15.11.2024,2692112,1289908
100240363,10024958,471620,Dettenwies,10,8235 Lohn SH,2917,SH,real,True,15.11.2024,2692116,1289880
100240364,10024958,471622,Dettenwies,14,8235 Lohn SH,2917,SH,real,True,15.11.2024,2692141,1289909
100240365,10024958,471623,Dettenwies,9,8235 Lohn SH,2917,SH,real,True,15.11.2024,2692143,1289930
100240366,10024958,471624,Dettenwies,11,8235 Lohn SH,2917,SH,real,True,15.11.2024,2692178,1289930
100240367,10169256,473788,Weihergasse,4,8454 Buchberg,2933,SH,real,True,15.11.2024,2684455,1269697
100240368,10169256,473789,Weihergasse,2,8454 Buchberg,2933,SH,real,True,15.11.2024,2684477,1269692
100240369,10046605,473793,Dorfstrasse,35,8454 Buchberg,2933,SH,real,True,15.11.2024,2684569,1269701
100240370,10017874,475819,Neubergstrasse,12,8212 Neuhausen am Rheinfall,2937,SH,real,True,15.11.2024,2687903,1282089
100240371,10017874,475820,Neubergstrasse,10a,8212 Neuhausen am Rheinfall,2937,SH,real,True,15.11.2024,2687913,1282105
100240372,10017874,475824,Neubergstrasse,6a,8212 Neuhausen am Rheinfall,2937,SH,real,True,15.11.2024,2687921,1282121
100240373,10017874,475825,Neubergstrasse,4a,8212 Neuhausen am Rheinfall,2937,SH,real,True,15.11.2024,2687931,1282139
100240374,10017874,475826,Neubergstrasse,4,8212 Neuhausen am Rheinfall,2937,SH,real,True,15.11.2024,2687947,1282122
100240375,10017859,475828,Engefluhstrasse,9,8212 Neuhausen am Rheinfall,2937,SH,real,True,15.11.2024,2687970,1282149
100240376,10074400,475829,Hardstrasse,10,8212 Neuhausen am Rheinfall,2937,SH,real,True,15.11.2024,2687946,1282175
100240377,10017859,475830,Engefluhstrasse,13,8212 Neuhausen am Rheinfall,2937,SH,real,True,15.11.2024,2687958,1282207
100240378,10017859,475831,Engefluhstrasse,17,8212 Neuhausen am Rheinfall,2937,SH,real,True,15.11.2024,2687935,1282248
100240379,10074400,475835,Hardstrasse,9,8212 Neuhausen am Rheinfall,2937,SH,real,True,15.11.2024,2687912,1282159
100240380,10074400,475836,Hardstrasse,11,8212 Neuhausen am Rheinfall,2937,SH,real,True,15.11.2024,2687905,1282145
100240381,10074400,475837,Hardstrasse,13,8212 Neuhausen am Rheinfall,2937,SH,real,True,15.11.2024,2687901,1282138
100240384,10074400,475838,Hardstrasse,15,8212 Neuhausen am Rheinfall,2937,SH,real,True,15.11.2024,2687898,1282125
100240385,10074400,475842,Hardstrasse,23,8212 Neuhausen am Rheinfall,2937,SH,real,True,15.11.2024,2687868,1282096
100240386,10017852,475843,Bachtelstrasse,4,8212 Neuhausen am Rheinfall,2937,SH,real,True,15.11.2024,2687874,1282072
100240387,10046606,475845,Rheinfallstrasse,26,8212 Neuhausen am Rheinfall,2937,SH,real,True,15.11.2024,2688273,1281876
100240388,10046606,475847,Rheinfallstrasse,30,8212 Neuhausen am Rheinfall,2937,SH,real,True,15.11.2024,2688169,1281762
100240389,10120418,475849,Rheinfallquai,30,8212 Neuhausen am Rheinfall,2937,SH,real,True,15.11.2024,2688102,1281469
100240390,10017870,475854,Laufengasse,18,8212 Neuhausen am Rheinfall,2937,SH,real,True,15.11.2024,2688479,1281622
100240391,10104502,475858,Felsenburg,1,8455 Rüdlingen,2938,SH,real,True,15.11.2024,2684976,1269744
100240392,10073016,475859,Mühlehalde,2,8455 Rüdlingen,2938,SH,real,True,15.11.2024,2684998,1269641
100240393,10073016,475860,Mühlehalde,1,8455 Rüdlingen,2938,SH,real,True,15.11.2024,2685041,1269770
100240394,10206068,475863,Im Hinterhöfli,8,8455 Rüdlingen,2938,SH,real,True,15.11.2024,2685286,1270118
100240395,10018180,475865,Schmittengass,7,8455 Rüdlingen,2938,SH,real,True,15.11.2024,2685300,1270145
100240396,10018180,475866,Schmittengass,5,8455 Rüdlingen,2938,SH,real,True,15.11.2024,2685306,1270155
100240397,10018180,475867,Schmittengass,3,8455 Rüdlingen,2938,SH,real,True,15.11.2024,2685278,1270163
100240398,10018180,475868,Schmittengass,1,8455 Rüdlingen,2938,SH,real,True,15.11.2024,2685270,1270164
100240399,10206076,475870,Hinterdorfstrasse,25,8455 Rüdlingen,2938,SH,real,True,15.11.2024,2685251,1270185
100240400,10206076,475872,Hinterdorfstrasse,24,8455 Rüdlingen,2938,SH,real,True,15.11.2024,2685232,1270162
100240401,10206076,475873,Hinterdorfstrasse,18,8455 Rüdlingen,2938,SH,real,True,15.11.2024,2685236,1270209
100240402,10206076,475874,Hinterdorfstrasse,23,8455 Rüdlingen,2938,SH,real,True,15.11.2024,2685273,1270224
100240403,10206076,475876,Hinterdorfstrasse,15,8455 Rüdlingen,2938,SH,real,True,15.11.2024,2685269,1270314
100240404,10206076,475877,Hinterdorfstrasse,7,8455 Rüdlingen,2938,SH,real,True,15.11.2024,2685271,1270362
100240405,10206076,475878,Hinterdorfstrasse,9,8455 Rüdlingen,2938,SH,real,True,15.11.2024,2685271,1270354
100240406,10206076,475880,Hinterdorfstrasse,4,8455 Rüdlingen,2938,SH,real,True,15.11.2024,2685255,1270418
100240407,10205630,475881,Oberdorfweg,2,8455 Rüdlingen,2938,SH,real,True,15.11.2024,2685249,1270403
100240408,10206076,475883,Hinterdorfstrasse,10,8455 Rüdlingen,2938,SH,real,True,15.11.2024,2685260,1270357
100240409,10086464,475885,Schuelgässli,2,8455 Rüdlingen,2938,SH,real,True,15.11.2024,2685230,1270333
100240410,10086464,475887,Schuelgässli,4,8455 Rüdlingen,2938,SH,real,True,15.11.2024,2685244,1270309
100240411,10086464,475888,Schuelgässli,3,8455 Rüdlingen,2938,SH,real,True,15.11.2024,2685241,1270289
100240412,10086464,475889,Schuelgässli,8,8455 Rüdlingen,2938,SH,real,True,15.11.2024,2685235,1270274
100240413,10086464,475890,Schuelgässli,5,8455 Rüdlingen,2938,SH,real,True,15.11.2024,2685244,1270267
100240414,10086464,475891,Schuelgässli,7,8455 Rüdlingen,2938,SH,real,True,15.11.2024,2685214,1270251
100240415,10205628,475892,Dorfstrasse,29,8455 Rüdlingen,2938,SH,real,True,15.11.2024,2685298,1270399
100240416,10205628,475893,Dorfstrasse,27,8455 Rüdlingen,2938,SH,real,True,15.11.2024,2685299,1270423
100240417,10073014,475894,Haselgass,2,8455 Rüdlingen,2938,SH,real,True,15.11.2024,2685299,1270437
100240418,10073014,475896,Haselgass,5,8455 Rüdlingen,2938,SH,real,True,15.11.2024,2685318,1270450
100240419,10073014,475897,Haselgass,7,8455 Rüdlingen,2938,SH,real,True,15.11.2024,2685323,1270457
100240420,10073014,475899,Haselgass,21,8455 Rüdlingen,2938,SH,real,True,15.11.2024,2685365,1270450
100240422,10206064,475903,Untere Rebbergstrasse,3,8455 Rüdlingen,2938,SH,real,True,15.11.2024,2685167,1270367
100240423,10206066,475905,Chratzerenstrasse,4,8455 Rüdlingen,2938,SH,real,True,15.11.2024,2685341,1270195
100240424,10073015,475906,Woog,2,8455 Rüdlingen,2938,SH,real,True,15.11.2024,2685637,1270603
100240425,10073015,475907,Woog,4,8455 Rüdlingen,2938,SH,real,True,15.11.2024,2685605,1270633
100240426,10073015,475908,Woog,6,8455 Rüdlingen,2938,SH,real,True,15.11.2024,2685576,1270653
100240427,10018178,475909,Rafzerstrasse,5,8455 Rüdlingen,2938,SH,real,True,15.11.2024,2685516,1270716
100240428,10018178,475910,Rafzerstrasse,3,8455 Rüdlingen,2938,SH,real,True,15.11.2024,2685432,1270819
100240429,10018169,475911,Egg,1,8455 Rüdlingen,2938,SH,real,True,15.11.2024,2686256,1272357
100240430,10019265,475913,Tiefenweg,1,8455 Rüdlingen,2938,SH,real,True,15.11.2024,2685038,1271303
100240432,10206081,475915,Ausserdorfstrasse,16,8455 Rüdlingen,2938,SH,real,True,15.11.2024,2685196,1270764
100240433,10206081,475917,Ausserdorfstrasse,22,8455 Rüdlingen,2938,SH,real,True,15.11.2024,2685240,1270748
100240434,10206081,475918,Ausserdorfstrasse,6,8455 Rüdlingen,2938,SH,real,True,15.11.2024,2685204,1270693
100240435,10205628,475919,Dorfstrasse,11,8455 Rüdlingen,2938,SH,real,True,15.11.2024,2685179,1270704
100240436,10024939,471341,Oberdorf,8,8236 Büttenhardt,2914,SH,real,True,15.11.2024,2690933,1290438
100240437,10086748,471343,Wilerstrasse,4,8236 Büttenhardt,2914,SH,real,True,15.11.2024,2691203,1290117
100240438,10186335,471345,Reibäckerli,11,8236 Büttenhardt,2914,SH,real,True,15.11.2024,2691157,1290296
100240439,10186335,471346,Reibäckerli,23,8236 Büttenhardt,2914,SH,real,True,15.11.2024,2691195,1290388
100240440,10186335,471347,Reibäckerli,25,8236 Büttenhardt,2914,SH,real,True,15.11.2024,2691233,1290402
100240441,10178593,474373,Flurlingerweg,7,8212 Neuhausen am Rheinfall,2937,SH,real,True,15.11.2024,2689177,1281724
100240442,10178593,474374,Flurlingerweg,8,8212 Neuhausen am Rheinfall,2937,SH,real,True,15.11.2024,2689176,1281735
100240443,10178593,474375,Flurlingerweg,9,8212 Neuhausen am Rheinfall,2937,SH,real,True,15.11.2024,2689174,1281749
100240444,10178593,474377,Flurlingerweg,11,8212 Neuhausen am Rheinfall,2937,SH,real,True,15.11.2024,2689151,1281738
100240445,10178593,474378,Flurlingerweg,12,8212 Neuhausen am Rheinfall,2937,SH,real,True,15.11.2024,2689158,1281753
100240447,10118352,471538,Dorfstrasse,32,8239 Dörflingen,2915,SH,real,True,15.11.2024,2696332,1284734
100240448,10118352,471539,Dorfstrasse,36,8239 Dörflingen,2915,SH,real,True,15.11.2024,2696373,1284708
100240449,10118352,471540,Dorfstrasse,40,8239 Dörflingen,2915,SH,real,True,15.11.2024,2696395,1284695
100240450,10118352,471543,Dorfstrasse,50,8239 Dörflingen,2915,SH,real,True,15.11.2024,2696451,1284662
100240452,10024952,471545,Rheinstrasse,6,8239 Dörflingen,2915,SH,real,True,15.11.2024,2696458,1284590
100240453,10118352,471546,Dorfstrasse,58,8239 Dörflingen,2915,SH,real,True,15.11.2024,2696467,1284624
100240454,10118352,471546,Dorfstrasse,60,8239 Dörflingen,2915,SH,real,True,15.11.2024,2696468,1284622
100240455,10072979,471548,Zur Mühle,115,8239 Dörflingen,2915,SH,real,True,15.11.2024,2695740,1284298
100240456,10120403,471549,Hauptstrasse,65,8242 Hofen SH,2920,SH,real,True,15.11.2024,2693073,1293598
100240457,10120403,471550,Hauptstrasse,63,8242 Hofen SH,2920,SH,real,True,15.11.2024,2693063,1293574
100240458,10120403,471551,Hauptstrasse,57,8242 Hofen SH,2920,SH,real,True,15.11.2024,2693017,1293501
100240459,10120403,471552,Hauptstrasse,41,8242 Hofen SH,2920,SH,real,True,15.11.2024,2692911,1293339
100240461,10120403,471554,Hauptstrasse,33,8242 Hofen SH,2920,SH,real,True,15.11.2024,2692873,1293288
100240462,10120403,471555,Hauptstrasse,31,8242 Hofen SH,2920,SH,real,True,15.11.2024,2692859,1293273
100240463,10120403,471556,Hauptstrasse,29,8242 Hofen SH,2920,SH,real,True,15.11.2024,2692838,1293248
100240464,10120403,471557,Hauptstrasse,21,8242 Hofen SH,2920,SH,real,True,15.11.2024,2692803,1293215
100240465,10120403,471558,Hauptstrasse,20,8242 Hofen SH,2920,SH,real,True,15.11.2024,2692828,1293212
100240466,10120403,471559,Hauptstrasse,26,8242 Hofen SH,2920,SH,real,True,15.11.2024,2692886,1293265
100240467,10125417,471560,Bruggwiesenstrasse,2,8242 Hofen SH,2920,SH,real,True,15.11.2024,2692831,1293173
100240468,10125417,471561,Bruggwiesenstrasse,7,8242 Hofen SH,2920,SH,real,True,15.11.2024,2692873,1293175
100240469,10125417,471562,Bruggwiesenstrasse,4,8242 Hofen SH,2920,SH,real,True,15.11.2024,2692864,1293154
100240470,10125417,471563,Bruggwiesenstrasse,10,8242 Hofen SH,2920,SH,real,True,15.11.2024,2692906,1293122
100240471,10125416,471564,Fabrikwisstrasse,2,8242 Hofen SH,2920,SH,real,True,15.11.2024,2692857,1293126
100240472,10120403,471565,Hauptstrasse,14,8242 Hofen SH,2920,SH,real,True,15.11.2024,2692795,1293141
100240473,10120403,471566,Hauptstrasse,10,8242 Hofen SH,2920,SH,real,True,15.11.2024,2692788,1293120
100240474,10125415,471567,Im Gässli,1,8242 Hofen SH,2920,SH,real,True,15.11.2024,2692759,1293112
100240475,10120403,471568,Hauptstrasse,11,8242 Hofen SH,2920,SH,real,True,15.11.2024,2692767,1293125
100240476,10120403,471569,Hauptstrasse,17,8242 Hofen SH,2920,SH,real,True,15.11.2024,2692771,1293168
100240477,10024955,471570,Oberhof,2,8242 Hofen SH,2920,SH,real,True,15.11.2024,2692781,1293199
100240478,10024955,471571,Oberhof,8,8242 Hofen SH,2920,SH,real,True,15.11.2024,2692745,1293179
100240479,10024955,471572,Oberhof,12,8242 Hofen SH,2920,SH,real,True,15.11.2024,2692726,1293171
100240480,10024955,471573,Oberhof,26,8242 Hofen SH,2920,SH,real,True,15.11.2024,2692719,1293104
100240481,10024955,471574,Oberhof,28,8242 Hofen SH,2920,SH,real,True,15.11.2024,2692719,1293091
100240482,10024955,471575,Oberhof,22,8242 Hofen SH,2920,SH,real,True,15.11.2024,2692718,1293125
100240483,10024955,471576,Oberhof,5,8242 Hofen SH,2920,SH,real,True,15.11.2024,2692746,1293161
100240484,10024954,471577,Chuttlerstrasse,4,8242 Hofen SH,2920,SH,real,True,15.11.2024,2692688,1293073
100240485,10024955,471578,Oberhof,17,8242 Hofen SH,2920,SH,real,True,15.11.2024,2692728,1293085
100240486,10024955,471579,Oberhof,19,8242 Hofen SH,2920,SH,real,True,15.11.2024,2692729,1293078
100240487,10024954,471580,Chuttlerstrasse,6,8242 Hofen SH,2920,SH,real,True,15.11.2024,2692682,1293103
100240488,10024954,471581,Chuttlerstrasse,20,8242 Hofen SH,2920,SH,real,True,15.11.2024,2692722,1293488
100240489,10173738,471582,Zentralschulhaus,g49,8242 Hofen SH,2920,SH,real,True,23.07.2024,2692317,1292799
100240490,10024966,471583,Windegg,2,8235 Lohn SH,2917,SH,real,True,15.11.2024,2692242,1290417
100240491,10178591,474611,Arthur-Moser-Strasse,16,8212 Neuhausen am Rheinfall,2937,SH,real,True,15.11.2024,2688753,1282231
100240492,10091258,474612,Schaffhauserstrasse,36a,8212 Neuhausen am Rheinfall,2937,SH,real,True,15.11.2024,2688764,1282294
100240493,10178591,474613,Arthur-Moser-Strasse,18,8212 Neuhausen am Rheinfall,2937,SH,real,True,15.11.2024,2688753,1282232
100240494,10091258,474614,Schaffhauserstrasse,3,8212 Neuhausen am Rheinfall,2937,SH,real,True,15.11.2024,2688639,1282151
100240495,10091258,474616,Schaffhauserstrasse,7,8212 Neuhausen am Rheinfall,2937,SH,real,True,15.11.2024,2688664,1282188
100240496,10091258,474618,Schaffhauserstrasse,13,8212 Neuhausen am Rheinfall,2937,SH,real,True,15.11.2024,2688703,1282262
100240497,10091258,474620,Schaffhauserstrasse,19,8212 Neuhausen am Rheinfall,2937,SH,real,True,15.11.2024,2688746,1282322
100240498,10091258,474621,Schaffhauserstrasse,21,8212 Neuhausen am Rheinfall,2937,SH,real,True,15.11.2024,2688753,1282337
100240499,10108020,474622,Zubastrasse,28,8212 Neuhausen am Rheinfall,2937,SH,real,True,15.11.2024,2688758,1282348
100240500,10018166,474624,Zentralstrasse,121,8212 Neuhausen am Rheinfall,2937,SH,real,True,15.11.2024,2688860,1282386
100240501,10018166,474625,Zentralstrasse,123,8212 Neuhausen am Rheinfall,2937,SH,real,True,15.11.2024,2688862,1282407
100240502,10018166,474626,Zentralstrasse,127,8212 Neuhausen am Rheinfall,2937,SH,real,True,15.11.2024,2688863,1282428
100240503,10018166,474628,Zentralstrasse,131,8212 Neuhausen am Rheinfall,2937,SH,real,True,15.11.2024,2688873,1282448
100240504,10018166,474629,Zentralstrasse,133,8212 Neuhausen am Rheinfall,2937,SH,real,True,15.11.2024,2688874,1282453
100240505,10018166,474630,Zentralstrasse,135,8212 Neuhausen am Rheinfall,2937,SH,real,True,15.11.2024,2688875,1282461
100240506,10018166,474631,Zentralstrasse,137,8212 Neuhausen am Rheinfall,2937,SH,real,True,15.11.2024,2688876,1282465
100240507,10018166,474632,Zentralstrasse,139,8212 Neuhausen am Rheinfall,2937,SH,real,True,15.11.2024,2688877,1282473
100240508,10091258,474635,Schaffhauserstrasse,48,8212 Neuhausen am Rheinfall,2937,SH,real,True,15.11.2024,2688850,1282485
100240509,10091258,474636,Schaffhauserstrasse,46,8212 Neuhausen am Rheinfall,2937,SH,real,True,15.11.2024,2688843,1282470
100240510,10178596,474640,Scheideggweg,9,8212 Neuhausen am Rheinfall,2937,SH,real,True,15.11.2024,2688781,1282544
100240511,10178596,474641,Scheideggweg,8,8212 Neuhausen am Rheinfall,2937,SH,real,True,15.11.2024,2688777,1282576
100240512,10178596,474643,Scheideggweg,4,8212 Neuhausen am Rheinfall,2937,SH,real,True,15.11.2024,2688821,1282549
100240513,10091258,474645,Schaffhauserstrasse,39,8212 Neuhausen am Rheinfall,2937,SH,real,True,15.11.2024,2688823,1282487
100240514,10091258,474647,Schaffhauserstrasse,35,8212 Neuhausen am Rheinfall,2937,SH,real,True,15.11.2024,2688802,1282441
100240515,10091258,474648,Schaffhauserstrasse,33,8212 Neuhausen am Rheinfall,2937,SH,real,True,15.11.2024,2688794,1282424
100240516,10091258,474649,Schaffhauserstrasse,31,8212 Neuhausen am Rheinfall,2937,SH,real,True,15.11.2024,2688772,1282410
100240517,10091258,474650,Schaffhauserstrasse,27,8212 Neuhausen am Rheinfall,2937,SH,real,True,15.11.2024,2688772,1282365
100240518,10108020,474651,Zubastrasse,35,8212 Neuhausen am Rheinfall,2937,SH,real,True,15.11.2024,2688756,1282373
100240519,10091258,474652,Schaffhauserstrasse,41,8212 Neuhausen am Rheinfall,2937,SH,real,True,15.11.2024,2688832,1282508
100240520,10091247,474654,Charlottenweg,1a,8212 Neuhausen am Rheinfall,2937,SH,real,True,15.11.2024,2688822,1282585
100240521,10091247,474655,Charlottenweg,3,8212 Neuhausen am Rheinfall,2937,SH,real,True,15.11.2024,2688779,1282601
100240522,10091247,474657,Charlottenweg,5,8212 Neuhausen am Rheinfall,2937,SH,real,True,15.11.2024,2688848,1282649
100240523,10091247,474659,Charlottenweg,11,8212 Neuhausen am Rheinfall,2937,SH,real,True,15.11.2024,2688781,1282672
100240538,10086757,471629,Im Rietacker,4,8235 Lohn SH,2917,SH,real,True,15.11.2024,2692253,1289934
100240539,10086757,471630,Im Rietacker,8,8235 Lohn SH,2917,SH,real,True,15.11.2024,2692312,1289918
100240540,10120404,471631,Rietackerstrasse,7,8235 Lohn SH,2917,SH,real,True,15.11.2024,2692304,1290007
100240542,10120404,471634,Rietackerstrasse,3,8235 Lohn SH,2917,SH,real,True,15.11.2024,2692268,1290033
100240543,10120404,471635,Rietackerstrasse,4,8235 Lohn SH,2917,SH,real,True,15.11.2024,2692240,1290004
100240544,10120404,471636,Rietackerstrasse,2,8235 Lohn SH,2917,SH,real,True,15.11.2024,2692227,1290008
100240545,10185479,471637,Stettemerstrasse,2,8235 Lohn SH,2917,SH,real,True,15.11.2024,2692208,1290050
100240546,10185479,471638,Stettemerstrasse,1,8235 Lohn SH,2917,SH,real,True,15.11.2024,2692228,1290048
100240547,10072983,471639,Unterdorf,2,8235 Lohn SH,2917,SH,real,True,15.11.2024,2692251,1290093
100240548,10072983,471640,Unterdorf,4,8235 Lohn SH,2917,SH,real,True,15.11.2024,2692262,1290088
100240549,10072983,471641,Unterdorf,8,8235 Lohn SH,2917,SH,real,True,15.11.2024,2692275,1290084
100240550,10072983,471642,Unterdorf,1,8235 Lohn SH,2917,SH,real,True,15.11.2024,2692285,1290107
100240551,10072983,471643,Unterdorf,5,8235 Lohn SH,2917,SH,real,True,15.11.2024,2692309,1290095
100240552,10072983,471644,Unterdorf,10,8235 Lohn SH,2917,SH,real,True,15.11.2024,2692288,1290080
100240553,10072983,471645,Unterdorf,9,8235 Lohn SH,2917,SH,real,True,15.11.2024,2692331,1290093
100240555,10072983,471648,Unterdorf,11,8235 Lohn SH,2917,SH,real,True,15.11.2024,2692353,1290095
100240556,10072983,471649,Unterdorf,13,8235 Lohn SH,2917,SH,real,True,15.11.2024,2692363,1290098
100240557,10086756,471651,Gässli,24,8235 Lohn SH,2917,SH,real,True,15.11.2024,2692376,1290151
100240558,10086756,471652,Gässli,18,8235 Lohn SH,2917,SH,real,True,15.11.2024,2692374,1290182
100240559,10086756,471653,Gässli,14,8235 Lohn SH,2917,SH,real,True,15.11.2024,2692372,1290208
100240560,10086756,471653,Gässli,16,8235 Lohn SH,2917,SH,real,True,15.11.2024,2692378,1290201
100240561,10086756,471654,Gässli,12,8235 Lohn SH,2917,SH,real,True,15.11.2024,2692367,1290215
100240562,10086756,471656,Gässli,2,8235 Lohn SH,2917,SH,real,True,15.11.2024,2692376,1290250
100240563,10118353,471656,Ausserdorf,1,8235 Lohn SH,2917,SH,real,True,15.11.2024,2692369,1290254
100240564,10024956,471657,Bibermerweg,3,8235 Lohn SH,2917,SH,real,True,15.11.2024,2692290,1290389
100240565,10072982,471658,Schmittengasse,6,8235 Lohn SH,2917,SH,real,True,15.11.2024,2692296,1290366
100240566,10111808,471659,Im Ifang,2,8235 Lohn SH,2917,SH,real,True,15.11.2024,2692362,1290332
100240567,10117539,471662,Im Winkel,1,8235 Lohn SH,2917,SH,real,True,15.11.2024,2692440,1290317
100240568,10117539,471664,Im Winkel,6,8235 Lohn SH,2917,SH,real,True,15.11.2024,2692470,1290307
100240569,10117539,471665,Im Winkel,4,8235 Lohn SH,2917,SH,real,True,15.11.2024,2692463,1290286
100240570,10111809,471668,Vorderdorf,11,8235 Lohn SH,2917,SH,real,True,15.11.2024,2692419,1290308
100240571,10111809,471669,Vorderdorf,7,8235 Lohn SH,2917,SH,real,True,15.11.2024,2692409,1290293
100240572,10111809,471670,Vorderdorf,5,8235 Lohn SH,2917,SH,real,True,15.11.2024,2692400,1290290
100240573,10111809,471672,Vorderdorf,2,8235 Lohn SH,2917,SH,real,True,15.11.2024,2692454,1290257
100240574,10111809,471673,Vorderdorf,15,8235 Lohn SH,2917,SH,real,True,15.11.2024,2692474,1290268
100240575,10111809,471674,Vorderdorf,4,8235 Lohn SH,2917,SH,real,True,15.11.2024,2692465,1290246
100240576,10111809,471675,Vorderdorf,6,8235 Lohn SH,2917,SH,real,True,15.11.2024,2692458,1290233
100240577,10111809,471675,Vorderdorf,8,8235 Lohn SH,2917,SH,real,True,15.11.2024,2692466,1290235
100240578,10111809,471676,Vorderdorf,10,8235 Lohn SH,2917,SH,real,True,15.11.2024,2692472,1290227
100240579,10111809,471678,Vorderdorf,12,8235 Lohn SH,2917,SH,real,True,15.11.2024,2692480,1290218
100240580,10072983,471679,Unterdorf,27,8235 Lohn SH,2917,SH,real,True,15.11.2024,2692473,1290192
100240581,10072983,471680,Unterdorf,23,8235 Lohn SH,2917,SH,real,True,15.11.2024,2692451,1290175
100240582,10072983,471681,Unterdorf,21,8235 Lohn SH,2917,SH,real,True,15.11.2024,2692443,1290169
100240583,10072983,471682,Unterdorf,15,8235 Lohn SH,2917,SH,real,True,15.11.2024,2692429,1290159
100240584,10072983,471683,Unterdorf,20,8235 Lohn SH,2917,SH,real,True,15.11.2024,2692450,1290146
100240585,10072983,471685,Unterdorf,26,8235 Lohn SH,2917,SH,real,True,15.11.2024,2692471,1290165
100240586,10024965,471686,Thayngerstrasse,2,8235 Lohn SH,2917,SH,real,True,15.11.2024,2692497,1290197
100240587,10087035,471687,Schulbückli,2,8235 Lohn SH,2917,SH,real,True,15.11.2024,2692523,1290196
100240618,10178593,474379,Flurlingerweg,14,8212 Neuhausen am Rheinfall,2937,SH,real,True,15.11.2024,2689140,1281777
100240619,10178593,474380,Flurlingerweg,16,8212 Neuhausen am Rheinfall,2937,SH,real,True,15.11.2024,2689153,1281769
100240620,10178593,474383,Flurlingerweg,24,8212 Neuhausen am Rheinfall,2937,SH,real,True,15.11.2024,2689137,1281820
100240621,10178593,474384,Flurlingerweg,26,8212 Neuhausen am Rheinfall,2937,SH,real,True,15.11.2024,2689140,1281820
100240622,10178593,474385,Flurlingerweg,32,8212 Neuhausen am Rheinfall,2937,SH,real,True,15.11.2024,2689153,1281810
100240623,10178593,474387,Flurlingerweg,38,8212 Neuhausen am Rheinfall,2937,SH,real,True,15.11.2024,2689162,1281827
100240624,10178593,474391,Flurlingerweg,44,8212 Neuhausen am Rheinfall,2937,SH,real,True,15.11.2024,2689135,1281838
100240625,10178593,474393,Flurlingerweg,48,8212 Neuhausen am Rheinfall,2937,SH,real,True,15.11.2024,2689136,1281856
100240626,10178593,474396,Flurlingerweg,54,8212 Neuhausen am Rheinfall,2937,SH,real,True,15.11.2024,2689138,1281881
100240627,10178593,474397,Flurlingerweg,56,8212 Neuhausen am Rheinfall,2937,SH,real,True,15.11.2024,2689138,1281886
100240628,10178593,474399,Flurlingerweg,60,8212 Neuhausen am Rheinfall,2937,SH,real,True,15.11.2024,2689139,1281895
100240629,10178593,474400,Flurlingerweg,62,8212 Neuhausen am Rheinfall,2937,SH,real,True,15.11.2024,2689139,1281900
100240630,10178593,474402,Flurlingerweg,66,8212 Neuhausen am Rheinfall,2937,SH,real,True,15.11.2024,2689140,1281909
100240631,10178593,474404,Flurlingerweg,72,8212 Neuhausen am Rheinfall,2937,SH,real,True,15.11.2024,2689141,1281923
100240632,10178593,474405,Flurlingerweg,68,8212 Neuhausen am Rheinfall,2937,SH,real,True,15.11.2024,2689140,1281914
100240634,10017866,474408,Grünaugasse,3,8212 Neuhausen am Rheinfall,2937,SH,real,True,15.11.2024,2688784,1281894
100240635,10017866,474409,Grünaugasse,5,8212 Neuhausen am Rheinfall,2937,SH,real,True,15.11.2024,2688818,1281885
100240636,10186343,474410,Rheingoldstrasse,35,8212 Neuhausen am Rheinfall,2937,SH,real,True,15.11.2024,2688853,1281864
100240637,10031919,191256650,Degerfelderweg,44a,8260 Stein am Rhein,2964,SH,real,True,15.11.2024,2705920,1279177
100240640,10186343,474411,Rheingoldstrasse,39,8212 Neuhausen am Rheinfall,2937,SH,real,True,15.11.2024,2688853,1281882
100240641,10186343,474412,Rheingoldstrasse,41,8212 Neuhausen am Rheinfall,2937,SH,real,True,15.11.2024,2688834,1281893
100240642,10018166,474413,Zentralstrasse,56,8212 Neuhausen am Rheinfall,2937,SH,real,True,15.11.2024,2688733,1281930
100240643,10018166,474414,Zentralstrasse,60,8212 Neuhausen am Rheinfall,2937,SH,real,True,15.11.2024,2688741,1281941
100240644,10018166,474415,Zentralstrasse,62,8212 Neuhausen am Rheinfall,2937,SH,real,True,15.11.2024,2688754,1281962
100240645,10091256,474416,Pestalozzistrasse,6,8212 Neuhausen am Rheinfall,2937,SH,real,True,15.11.2024,2688786,1281938
100240646,10091256,474419,Pestalozzistrasse,16,8212 Neuhausen am Rheinfall,2937,SH,real,True,15.11.2024,2688841,1281905
100240647,10091256,474420,Pestalozzistrasse,20,8212 Neuhausen am Rheinfall,2937,SH,real,True,15.11.2024,2688874,1281884
100240648,10091245,474421,Bahnhofstrasse,2,8212 Neuhausen am Rheinfall,2937,SH,real,True,15.11.2024,2688793,1281987
100240649,10091245,474422,Bahnhofstrasse,4,8212 Neuhausen am Rheinfall,2937,SH,real,True,15.11.2024,2688807,1281987
100240650,10091245,474423,Bahnhofstrasse,6,8212 Neuhausen am Rheinfall,2937,SH,real,True,15.11.2024,2688827,1281988
100240651,10091245,474424,Bahnhofstrasse,8,8212 Neuhausen am Rheinfall,2937,SH,real,True,15.11.2024,2688848,1281989
100240652,10091245,474425,Bahnhofstrasse,10,8212 Neuhausen am Rheinfall,2937,SH,real,True,15.11.2024,2688870,1281990
100240653,10186343,474426,Rheingoldstrasse,51,8212 Neuhausen am Rheinfall,2937,SH,real,True,15.11.2024,2688897,1281990
100240654,10186343,474427,Rheingoldstrasse,49,8212 Neuhausen am Rheinfall,2937,SH,real,True,15.11.2024,2688866,1281950
100240655,10091256,474430,Pestalozzistrasse,7,8212 Neuhausen am Rheinfall,2937,SH,real,True,15.11.2024,2688807,1281946
100240656,10018166,474432,Zentralstrasse,68,8212 Neuhausen am Rheinfall,2937,SH,real,True,15.11.2024,2688762,1281977
100240657,10017864,474433,Gartenstrasse,1,8212 Neuhausen am Rheinfall,2937,SH,real,True,15.11.2024,2688938,1281877
100240658,10108017,474436,Bahnsteigstrasse,1,8212 Neuhausen am Rheinfall,2937,SH,real,True,15.11.2024,2688947,1281989
100240659,10186343,474437,Rheingoldstrasse,45,8212 Neuhausen am Rheinfall,2937,SH,real,True,15.11.2024,2688879,1281913
100240660,10186343,474438,Rheingoldstrasse,47,8212 Neuhausen am Rheinfall,2937,SH,real,True,15.11.2024,2688886,1281950
100240661,10091256,474439,Pestalozzistrasse,21,8212 Neuhausen am Rheinfall,2937,SH,real,True,15.11.2024,2688928,1281897
100240662,10091256,474440,Pestalozzistrasse,23,8212 Neuhausen am Rheinfall,2937,SH,real,True,15.11.2024,2688929,1281921
100240663,10108017,474442,Bahnsteigstrasse,19,8212 Neuhausen am Rheinfall,2937,SH,real,True,15.11.2024,2689042,1281881
100240664,10108017,474446,Bahnsteigstrasse,7,8212 Neuhausen am Rheinfall,2937,SH,real,True,15.11.2024,2689029,1281998
100240665,10017864,474448,Gartenstrasse,14,8212 Neuhausen am Rheinfall,2937,SH,real,True,15.11.2024,2688981,1281965
100240666,10017864,474449,Gartenstrasse,10,8212 Neuhausen am Rheinfall,2937,SH,real,True,15.11.2024,2688974,1281933
100240667,10017864,474453,Gartenstrasse,2,8212 Neuhausen am Rheinfall,2937,SH,real,True,15.11.2024,2688960,1281883
100240668,10091256,474454,Pestalozzistrasse,31,8212 Neuhausen am Rheinfall,2937,SH,real,True,15.11.2024,2688976,1281883
100240669,10122645,474456,Schalchengässli,5,8212 Neuhausen am Rheinfall,2937,SH,real,True,15.11.2024,2689017,1281888
100240670,10122645,474457,Schalchengässli,7,8212 Neuhausen am Rheinfall,2937,SH,real,True,15.11.2024,2689019,1281898
100240671,10122645,474458,Schalchengässli,11,8212 Neuhausen am Rheinfall,2937,SH,real,True,15.11.2024,2689026,1281933
100240672,10108017,474459,Bahnsteigstrasse,23,8212 Neuhausen am Rheinfall,2937,SH,real,True,15.11.2024,2689028,1281848
100240673,10108017,474460,Bahnsteigstrasse,9,8212 Neuhausen am Rheinfall,2937,SH,real,True,15.11.2024,2689010,1281954
100240674,10017864,474461,Gartenstrasse,16,8212 Neuhausen am Rheinfall,2937,SH,real,True,15.11.2024,2688985,1281985
100240675,10017863,474462,Freyastrasse,2,8212 Neuhausen am Rheinfall,2937,SH,real,True,15.11.2024,2688852,1282101
100240676,10017863,474463,Freyastrasse,4,8212 Neuhausen am Rheinfall,2937,SH,real,True,15.11.2024,2688870,1282090
100240677,10017863,474464,Freyastrasse,5,8212 Neuhausen am Rheinfall,2937,SH,real,True,15.11.2024,2688867,1282128
100240678,10017858,474465,Echostrasse,5,8212 Neuhausen am Rheinfall,2937,SH,real,True,15.11.2024,2688839,1282061
100240679,10017858,474467,Echostrasse,15,8212 Neuhausen am Rheinfall,2937,SH,real,True,15.11.2024,2688873,1282146
100240681,10018166,474469,Zentralstrasse,76,8212 Neuhausen am Rheinfall,2937,SH,real,True,15.11.2024,2688790,1282031
100240682,10018166,474471,Zentralstrasse,94,8212 Neuhausen am Rheinfall,2937,SH,real,True,15.11.2024,2688824,1282102
100240683,10018166,474473,Zentralstrasse,100,8212 Neuhausen am Rheinfall,2937,SH,real,True,15.11.2024,2688848,1282147
100240684,10018166,474476,Zentralstrasse,106,8212 Neuhausen am Rheinfall,2937,SH,real,True,15.11.2024,2688874,1282195
100240685,10091406,484899,Haslacherstrasse,33,8217 Wilchingen,2974,SH,real,True,15.11.2024,2677690,1280753
100240687,10152451,484900,Hungerbüelstrasse,26,8217 Wilchingen,2974,SH,real,True,15.11.2024,2677163,1280818
100240688,10031824,484901,Mühlenstrasse,14,8217 Wilchingen,2974,SH,real,True,15.11.2024,2677330,1281003
100240689,10148816,484902,Hauptstrasse,24,8217 Wilchingen,2974,SH,real,True,15.11.2024,2677375,1280169
100240690,10149927,484903,Bahnhofstrasse,11,8217 Wilchingen,2974,SH,real,True,15.11.2024,2676885,1281457
100240691,10149927,484905,Bahnhofstrasse,17,8217 Wilchingen,2974,SH,real,True,15.11.2024,2676968,1281512
100240692,10149927,484906,Bahnhofstrasse,18,8217 Wilchingen,2974,SH,real,True,15.11.2024,2676994,1281503
100240693,10149927,484907,Bahnhofstrasse,19,8217 Wilchingen,2974,SH,real,True,15.11.2024,2676979,1281519
100240694,10134235,484908,Galgenbuckstrasse,9,8217 Wilchingen,2974,SH,real,True,15.11.2024,2676926,1281610
100240695,10149927,484910,Bahnhofstrasse,23,8217 Wilchingen,2974,SH,real,True,15.11.2024,2677011,1281623
100240696,10149927,484911,Bahnhofstrasse,25,8217 Wilchingen,2974,SH,real,True,15.11.2024,2677037,1281654
100240697,10091178,470647,Hintergasse,39,8213 Neunkirch,2904,SH,real,True,15.11.2024,2679541,1282676
100240698,10091178,470651,Hintergasse,33,8213 Neunkirch,2904,SH,real,True,15.11.2024,2679563,1282674
100240699,10091178,470652,Hintergasse,31,8213 Neunkirch,2904,SH,real,True,15.11.2024,2679566,1282675
100240700,10091178,470653,Hintergasse,29,8213 Neunkirch,2904,SH,real,True,15.11.2024,2679572,1282675
100240701,10091178,470654,Hintergasse,25,8213 Neunkirch,2904,SH,real,True,15.11.2024,2679588,1282676
100240702,10185471,470655,Vordergasse,28,8213 Neunkirch,2904,SH,real,True,15.11.2024,2679604,1282724
100240703,10185471,470656,Vordergasse,30,8213 Neunkirch,2904,SH,real,True,15.11.2024,2679595,1282723
100240704,10185471,470657,Vordergasse,32,8213 Neunkirch,2904,SH,real,True,15.11.2024,2679588,1282723
100240705,10185471,470659,Vordergasse,36,8213 Neunkirch,2904,SH,real,True,15.11.2024,2679574,1282722
100240706,10185471,470660,Vordergasse,38,8213 Neunkirch,2904,SH,real,True,15.11.2024,2679568,1282721
100240707,10185471,470661,Vordergasse,42,8213 Neunkirch,2904,SH,real,True,15.11.2024,2679552,1282719
100240708,10185471,470662,Vordergasse,44,8213 Neunkirch,2904,SH,real,True,15.11.2024,2679545,1282719
100240709,10185471,470663,Vordergasse,46,8213 Neunkirch,2904,SH,real,True,15.11.2024,2679540,1282719
100240710,10185471,470666,Vordergasse,52,8213 Neunkirch,2904,SH,real,True,15.11.2024,2679492,1282713
100240711,10027509,470667,Oberhallauerstrasse,2,8213 Neunkirch,2904,SH,real,True,15.11.2024,2679492,1282737
100240712,10027518,470669,Unterhofgasse,5,8213 Neunkirch,2904,SH,real,True,15.11.2024,2679512,1282759
100240713,10027517,470670,Unterhof,9,8213 Neunkirch,2904,SH,real,True,15.11.2024,2679499,1282773
100240714,10027517,470671,Unterhof,11,8213 Neunkirch,2904,SH,real,True,15.11.2024,2679505,1282778
100240715,10186928,470673,Mühlengasse,29,8213 Neunkirch,2904,SH,real,True,15.11.2024,2679559,1282738
100240716,10186928,470674,Mühlengasse,26,8213 Neunkirch,2904,SH,real,True,15.11.2024,2679572,1282750
100240717,10027506,470676,Herrengasse,28,8213 Neunkirch,2904,SH,real,True,15.11.2024,2679560,1282781
100240718,10027506,470678,Herrengasse,30,8213 Neunkirch,2904,SH,real,True,15.11.2024,2679539,1282778
100240719,10027506,470679,Herrengasse,32,8213 Neunkirch,2904,SH,real,True,15.11.2024,2679523,1282776
100240720,10027509,470680,Oberhallauerstrasse,4,8213 Neunkirch,2904,SH,real,True,15.11.2024,2679487,1282783
100240721,10027504,470681,Grabenstrasse,21,8213 Neunkirch,2904,SH,real,True,15.11.2024,2679469,1282621
100240722,10091178,470682,Hintergasse,27,8213 Neunkirch,2904,SH,real,True,15.11.2024,2679580,1282676
100240723,10185471,470685,Vordergasse,39,8213 Neunkirch,2904,SH,real,True,15.11.2024,2679510,1282705
100240724,10072961,470688,Sidehof,4,8213 Neunkirch,2904,SH,real,True,15.11.2024,2679522,1282675
100240725,10072961,470690,Sidehof,8,8213 Neunkirch,2904,SH,real,True,15.11.2024,2679511,1282677
100240726,10072961,470691,Sidehof,10,8213 Neunkirch,2904,SH,real,True,15.11.2024,2679513,1282665
100240727,10072961,470692,Sidehof,14,8213 Neunkirch,2904,SH,real,True,15.11.2024,2679529,1282666
100240728,10091185,470694,Wettigraben,46,8213 Neunkirch,2904,SH,real,True,15.11.2024,2679500,1282653
100240729,10091179,470695,Klettgauerplatz,3,8213 Neunkirch,2904,SH,real,True,15.11.2024,2679475,1282658
100240730,10111804,470697,Hallauerstrasse,2,8213 Neunkirch,2904,SH,real,True,15.11.2024,2679445,1282718
100240731,10111804,470699,Hallauerstrasse,10,8213 Neunkirch,2904,SH,real,True,15.11.2024,2679335,1282746
100240732,10111804,470700,Hallauerstrasse,14,8213 Neunkirch,2904,SH,real,True,15.11.2024,2679276,1282751
100240733,10111804,470701,Hallauerstrasse,32,8213 Neunkirch,2904,SH,real,True,15.11.2024,2679079,1282784
100240735,10111804,470705,Hallauerstrasse,40,8213 Neunkirch,2904,SH,real,True,15.11.2024,2679034,1282847
100240736,10111804,470706,Hallauerstrasse,21,8213 Neunkirch,2904,SH,real,True,15.11.2024,2679169,1282730
100240737,10111804,470708,Hallauerstrasse,11,8213 Neunkirch,2904,SH,real,True,15.11.2024,2679261,1282715
100240738,10048894,470710,Farbweg,2,8213 Neunkirch,2904,SH,real,True,15.11.2024,2679348,1282683
100240739,10111804,470711,Hallauerstrasse,1,8213 Neunkirch,2904,SH,real,True,15.11.2024,2679402,1282704
100240740,10185470,470713,Randenstrasse,5,8213 Neunkirch,2904,SH,real,True,15.11.2024,2679639,1283100
100240741,10185470,470714,Randenstrasse,3,8213 Neunkirch,2904,SH,real,True,15.11.2024,2679670,1283113
100240742,10027514,470716,Sportplatzweg,2,8213 Neunkirch,2904,SH,real,True,15.11.2024,2679685,1283078
100240743,10027514,470717,Sportplatzweg,4,8213 Neunkirch,2904,SH,real,True,15.11.2024,2679666,1283059
100240744,10185470,470718,Randenstrasse,7,8213 Neunkirch,2904,SH,real,True,15.11.2024,2679612,1283086
100240745,10072964,470719,Zelgstrasse,8,8213 Neunkirch,2904,SH,real,True,15.11.2024,2679840,1282983
100240746,10086740,470722,Zelgweg,10,8213 Neunkirch,2904,SH,real,True,15.11.2024,2679891,1283049
100240747,10027501,470723,Chennerenweg,8,8213 Neunkirch,2904,SH,real,True,15.11.2024,2679916,1282929
100240748,10091182,470724,Seltenbachweg,4,8213 Neunkirch,2904,SH,real,True,15.11.2024,2679420,1282851
100240749,10027514,470725,Sportplatzweg,8,8213 Neunkirch,2904,SH,real,True,15.11.2024,2679608,1283037
100240750,10072964,470726,Zelgstrasse,14,8213 Neunkirch,2904,SH,real,True,15.11.2024,2679900,1283007
100240751,10188153,470727,Gächlingerstrasse,14,8213 Neunkirch,2904,SH,real,True,15.11.2024,2679707,1283421
100240752,10188153,470729,Gächlingerstrasse,19,8213 Neunkirch,2904,SH,real,True,15.11.2024,2679632,1283452
100240753,10072964,470730,Zelgstrasse,12,8213 Neunkirch,2904,SH,real,True,15.11.2024,2679876,1282995
100240754,10072964,470732,Zelgstrasse,3,8213 Neunkirch,2904,SH,real,True,15.11.2024,2679811,1282999
100240755,10188153,470733,Gächlingerstrasse,7,8213 Neunkirch,2904,SH,real,True,15.11.2024,2679686,1282938
100240756,10188153,470734,Gächlingerstrasse,5,8213 Neunkirch,2904,SH,real,True,15.11.2024,2679733,1282939
100240758,10087068,473549,Guntmadingerstrasse,31,8222 Beringen,2932,SH,real,True,15.11.2024,2684860,1283337
100240759,10087068,473550,Guntmadingerstrasse,37,8222 Beringen,2932,SH,real,True,15.11.2024,2684815,1283280
100240760,10118354,473551,Bahnhofstrasse,9,8222 Beringen,2932,SH,real,True,15.11.2024,2685261,1283332
100240761,10118354,473552,Bahnhofstrasse,24,8222 Beringen,2932,SH,real,True,15.11.2024,2685071,1283347
100240762,10118354,473553,Bahnhofstrasse,26,8222 Beringen,2932,SH,real,True,15.11.2024,2685067,1283339
100240764,10091226,473556,Zelgstrasse,23,8222 Beringen,2932,SH,real,True,15.11.2024,2685092,1283398
100240765,10091226,473557,Zelgstrasse,27,8222 Beringen,2932,SH,real,True,15.11.2024,2685058,1283390
100240766,10026000,481533,Zollstrasse,6,8228 Beggingen,2951,SH,real,True,15.11.2024,2682357,1291322
100240767,10025728,481534,Schmalzgasse,1,8228 Beggingen,2951,SH,real,True,15.11.2024,2682338,1291353
100240768,10026000,481535,Zollstrasse,4,8228 Beggingen,2951,SH,real,True,15.11.2024,2682379,1291320
100240769,10025728,481538,Schmalzgasse,7,8228 Beggingen,2951,SH,real,True,15.11.2024,2682481,1291416
100240770,10058935,481539,Dorfstrasse,2,8228 Beggingen,2951,SH,real,True,15.11.2024,2682314,1291276
100240771,10058935,481540,Dorfstrasse,4,8228 Beggingen,2951,SH,real,True,15.11.2024,2682288,1291278
100240772,10058935,481543,Dorfstrasse,10,8228 Beggingen,2951,SH,real,True,15.11.2024,2682248,1291280
100240773,10058935,481544,Dorfstrasse,14,8228 Beggingen,2951,SH,real,True,15.11.2024,2682226,1291282
100240774,10179736,481545,Bohlgass,2,8228 Beggingen,2951,SH,real,True,15.11.2024,2682209,1291284
100240851,10188153,470735,Gächlingerstrasse,6,8213 Neunkirch,2904,SH,real,True,15.11.2024,2679777,1282846
100240852,10188153,470735,Gächlingerstrasse,4,8213 Neunkirch,2904,SH,real,True,15.11.2024,2679779,1282834
100240853,10027512,470736,Schwimmbadstrasse,8,8213 Neunkirch,2904,SH,real,True,15.11.2024,2679874,1282849
100240854,10027512,470737,Schwimmbadstrasse,7,8213 Neunkirch,2904,SH,real,True,15.11.2024,2679900,1282870
100240856,10149927,484913,Bahnhofstrasse,29,8217 Wilchingen,2974,SH,real,True,15.11.2024,2677055,1281699
100240857,10149927,484914,Bahnhofstrasse,31,8217 Wilchingen,2974,SH,real,True,15.11.2024,2677064,1281720
100240858,10149927,484915,Bahnhofstrasse,33,8217 Wilchingen,2974,SH,real,True,15.11.2024,2677076,1281738
100240859,10149927,484916,Bahnhofstrasse,22,8217 Wilchingen,2974,SH,real,True,15.11.2024,2677032,1281558
100240860,10149927,484917,Bahnhofstrasse,20,8217 Wilchingen,2974,SH,real,True,15.11.2024,2677025,1281539
100240861,10149929,484918,Trasadingerstrasse,12,8217 Wilchingen,2974,SH,real,True,15.11.2024,2677041,1281481
100240862,10149929,484919,Trasadingerstrasse,10,8217 Wilchingen,2974,SH,real,True,15.11.2024,2677108,1281439
100240863,10149929,484920,Trasadingerstrasse,1,8217 Wilchingen,2974,SH,real,True,15.11.2024,2677253,1281437
100240864,10149929,484921,Trasadingerstrasse,3,8217 Wilchingen,2974,SH,real,True,15.11.2024,2677264,1281420
100240865,10031824,484923,Mühlenstrasse,48,8217 Wilchingen,2974,SH,real,True,15.11.2024,2677152,1281334
100240866,10149929,484925,Trasadingerstrasse,7,8217 Wilchingen,2974,SH,real,True,15.11.2024,2677056,1281403
100240867,10148814,484926,Alte Bahnhofstrasse,30,8217 Wilchingen,2974,SH,real,True,15.11.2024,2677026,1281359
100240868,10149929,484927,Trasadingerstrasse,14,8217 Wilchingen,2974,SH,real,True,15.11.2024,2677031,1281464
100240869,10149929,484928,Trasadingerstrasse,20,8217 Wilchingen,2974,SH,real,True,15.11.2024,2676908,1281387
100240870,10031820,484930,Hubelhof,1,8217 Wilchingen,2974,SH,real,True,15.11.2024,2676109,1280758
100240871,10053542,484931,Klettgauerhof,1,8217 Wilchingen,2974,SH,real,True,15.11.2024,2675730,1281441
100240872,10053543,484932,Neuhof,1,8217 Wilchingen,2974,SH,real,True,15.11.2024,2675299,1281543
100240873,10104515,484933,Sommerhalde,1,8217 Wilchingen,2974,SH,real,True,15.11.2024,2675010,1281620
100240874,10053545,484934,Wilchingerberg,1,8217 Wilchingen,2974,SH,real,True,15.11.2024,2674302,1281482
100240875,10031815,484935,Bruderhof,1,8217 Wilchingen,2974,SH,real,True,15.11.2024,2674333,1281650
100240876,10152454,484937,Tumihof,1,8217 Wilchingen,2974,SH,real,True,15.11.2024,2674730,1281087
100240877,10117743,484938,In Wiesen,1.1,8217 Wilchingen,2974,SH,real,True,23.07.2024,2674971,1280906
100240878,10117743,484939,In Wiesen,1,8217 Wilchingen,2974,SH,real,True,15.11.2024,2675004,1280921
100240879,10134234,484941,Blomberg,1,8217 Wilchingen,2974,SH,real,True,15.11.2024,2676547,1278983
100240880,10134234,484942,Blomberg,2,8217 Wilchingen,2974,SH,real,True,15.11.2024,2676866,1279015
100240881,10148819,484943,Raastrasse,21,8217 Wilchingen,2974,SH,real,True,15.11.2024,2677014,1279688
100240882,10148819,484944,Raastrasse,15,8217 Wilchingen,2974,SH,real,True,15.11.2024,2677096,1279716
100240883,10148817,484945,Löchlistrasse,14,8217 Wilchingen,2974,SH,real,True,15.11.2024,2677201,1279471
100240884,10187875,484946,Spitzhaldenweg,14,8217 Wilchingen,2974,SH,real,True,15.11.2024,2677468,1279720
100240885,10179769,484947,Rossberg,1,8217 Wilchingen,2974,SH,real,True,15.11.2024,2680812,1279593
100240945,10179736,481548,Bohlgass,8,8228 Beggingen,2951,SH,real,True,15.11.2024,2682163,1291318
100240946,10179736,481549,Bohlgass,12,8228 Beggingen,2951,SH,real,True,15.11.2024,2682130,1291349
100240947,10179736,481550,Bohlgass,15,8228 Beggingen,2951,SH,real,True,15.11.2024,2682116,1291364
100240948,10179736,481551,Bohlgass,19,8228 Beggingen,2951,SH,real,True,15.11.2024,2682142,1291369
100240949,10026000,481553,Zollstrasse,10,8228 Beggingen,2951,SH,real,True,15.11.2024,2682250,1291377
100240950,10026000,481554,Zollstrasse,16,8228 Beggingen,2951,SH,real,True,15.11.2024,2682213,1291608
100240951,10026000,481555,Zollstrasse,29,8228 Beggingen,2951,SH,real,True,15.11.2024,2682179,1291728
100240952,10026000,481556,Zollstrasse,41,8228 Beggingen,2951,SH,real,True,15.11.2024,2682532,1292762
100240953,10026000,481557,Zollstrasse,43,8228 Beggingen,2951,SH,real,True,15.11.2024,2682535,1292803
100240954,10026000,481558,Zollstrasse,46,8228 Beggingen,2951,SH,real,True,15.11.2024,2682654,1292812
100240955,10026000,481560,Zollstrasse,47,8228 Beggingen,2951,SH,real,True,15.11.2024,2682616,1292863
100240956,10121174,481561,Bühlhof,247,8228 Beggingen,2951,SH,real,True,15.11.2024,2682917,1292737
100240957,10104506,481563,Waldhof,221,8228 Beggingen,2951,SH,real,True,15.11.2024,2683478,1292590
100240959,10058935,481568,Dorfstrasse,3,8228 Beggingen,2951,SH,real,True,15.11.2024,2682318,1291242
100240960,10104507,481569,Randenstrasse,2,8228 Beggingen,2951,SH,real,True,15.11.2024,2682331,1291227
100240961,10104507,481570,Randenstrasse,6,8228 Beggingen,2951,SH,real,True,15.11.2024,2682354,1291210
100240962,10104507,481571,Randenstrasse,4,8228 Beggingen,2951,SH,real,True,15.11.2024,2682339,1291212
100240964,10104507,481573,Randenstrasse,9,8228 Beggingen,2951,SH,real,True,15.11.2024,2682387,1291196
100240965,10104507,481574,Randenstrasse,1,8228 Beggingen,2951,SH,real,True,15.11.2024,2682353,1291233
100240966,10104507,481575,Randenstrasse,3,8228 Beggingen,2951,SH,real,True,15.11.2024,2682368,1291232
100240967,10058935,481576,Dorfstrasse,1,8228 Beggingen,2951,SH,real,True,15.11.2024,2682343,1291264
100240968,10025714,481577,Bückli,1,8228 Beggingen,2951,SH,real,True,15.11.2024,2682350,1291253
100240969,10025714,481578,Bückli,3,8228 Beggingen,2951,SH,real,True,15.11.2024,2682373,1291262
100240970,10025714,481580,Bückli,4,8228 Beggingen,2951,SH,real,True,15.11.2024,2682390,1291222
100240971,10025714,481581,Bückli,8,8228 Beggingen,2951,SH,real,True,15.11.2024,2682428,1291241
100240972,10025714,481582,Bückli,9,8228 Beggingen,2951,SH,real,True,15.11.2024,2682442,1291262
100240974,10073080,481587,Oberdorf,17,8228 Beggingen,2951,SH,real,True,15.11.2024,2682609,1291271
100240975,10073080,481589,Oberdorf,5,8228 Beggingen,2951,SH,real,True,15.11.2024,2682491,1291139
100240976,10073080,481591,Oberdorf,1,8228 Beggingen,2951,SH,real,True,15.11.2024,2682470,1291119
100240977,10085760,481592,Gässli,2,8228 Beggingen,2951,SH,real,True,15.11.2024,2682525,1291111
100240978,10085760,481593,Gässli,4,8228 Beggingen,2951,SH,real,True,15.11.2024,2682534,1291094
100240979,10085760,481595,Gässli,3,8228 Beggingen,2951,SH,real,True,15.11.2024,2682549,1291103
100240980,10138975,481597,Aagewis,4,8228 Beggingen,2951,SH,real,True,15.11.2024,2682629,1291032
100240981,10138975,481599,Aagewis,9,8228 Beggingen,2951,SH,real,True,15.11.2024,2682731,1290997
100240982,10104507,481601,Randenstrasse,36,8228 Beggingen,2951,SH,real,True,15.11.2024,2682541,1290921
100240983,10104507,481603,Randenstrasse,40,8228 Beggingen,2951,SH,real,True,15.11.2024,2682559,1290905
100240984,10104507,481604,Randenstrasse,33,8228 Beggingen,2951,SH,real,True,15.11.2024,2682552,1290944
100240985,10104507,481607,Randenstrasse,28,8228 Beggingen,2951,SH,real,True,15.11.2024,2682465,1291092
100240986,10104507,481608,Randenstrasse,24,8228 Beggingen,2951,SH,real,True,15.11.2024,2682439,1291109
100241021,10091247,474660,Charlottenweg,13,8212 Neuhausen am Rheinfall,2937,SH,real,True,15.11.2024,2688773,1282659
100241022,10091247,474663,Charlottenweg,19,8212 Neuhausen am Rheinfall,2937,SH,real,True,15.11.2024,2688718,1282717
100241023,10091247,474665,Charlottenweg,23,8212 Neuhausen am Rheinfall,2937,SH,real,True,15.11.2024,2688714,1282636
100241024,10046608,474666,Schwanenfelsstrasse,12,8212 Neuhausen am Rheinfall,2937,SH,real,True,15.11.2024,2688666,1282624
100241025,10108020,474669,Zubastrasse,33a,8212 Neuhausen am Rheinfall,2937,SH,real,True,15.11.2024,2688641,1282529
100241026,10108020,474670,Zubastrasse,33b,8212 Neuhausen am Rheinfall,2937,SH,real,True,15.11.2024,2688664,1282542
100241027,10108020,474671,Zubastrasse,17,8212 Neuhausen am Rheinfall,2937,SH,real,True,15.11.2024,2688723,1282463
100241028,10108020,474673,Zubastrasse,21,8212 Neuhausen am Rheinfall,2937,SH,real,True,15.11.2024,2688723,1282502
100241029,10108020,474675,Zubastrasse,25,8212 Neuhausen am Rheinfall,2937,SH,real,True,15.11.2024,2688729,1282543
100241030,10027501,470739,Chennerenweg,6,8213 Neunkirch,2904,SH,real,True,15.11.2024,2679895,1282925
100241031,10188153,470742,Gächlingerstrasse,12,8213 Neunkirch,2904,SH,real,True,15.11.2024,2679757,1283001
100241032,10091182,470743,Seltenbachweg,2,8213 Neunkirch,2904,SH,real,True,15.11.2024,2679465,1282830
100241033,10027509,470744,Oberhallauerstrasse,3,8213 Neunkirch,2904,SH,real,True,15.11.2024,2679459,1282774
100241034,10072963,470746,Weierbuckstrasse,7,8213 Neunkirch,2904,SH,real,True,15.11.2024,2680059,1282839
100241035,10072963,470749,Weierbuckstrasse,11,8213 Neunkirch,2904,SH,real,True,15.11.2024,2680067,1282871
100241036,10072963,470750,Weierbuckstrasse,15,8213 Neunkirch,2904,SH,real,True,15.11.2024,2680100,1282872
100241037,10072963,470751,Weierbuckstrasse,17,8213 Neunkirch,2904,SH,real,True,15.11.2024,2680115,1282877
100241038,10072963,470752,Weierbuckstrasse,19,8213 Neunkirch,2904,SH,real,True,15.11.2024,2680146,1282887
100241039,10027512,470753,Schwimmbadstrasse,34,8213 Neunkirch,2904,SH,real,True,15.11.2024,2680092,1282902
100241040,10027512,470754,Schwimmbadstrasse,32,8213 Neunkirch,2904,SH,real,True,15.11.2024,2680064,1282898
100241041,10027512,470755,Schwimmbadstrasse,30,8213 Neunkirch,2904,SH,real,True,15.11.2024,2680043,1282889
100241042,10188153,470756,Gächlingerstrasse,15,8213 Neunkirch,2904,SH,real,True,15.11.2024,2679722,1283088
100241044,10091181,470758,Schaffhauserstrasse,5,8213 Neunkirch,2904,SH,real,True,15.11.2024,2679814,1282762
100241046,10091181,470761,Schaffhauserstrasse,4,8213 Neunkirch,2904,SH,real,True,15.11.2024,2679828,1282720
100241047,10091181,470763,Schaffhauserstrasse,11,8213 Neunkirch,2904,SH,real,True,15.11.2024,2679879,1282760
100241048,10091181,470765,Schaffhauserstrasse,13,8213 Neunkirch,2904,SH,real,True,15.11.2024,2679906,1282745
100241049,10027508,470767,Löhningerstrasse,7,8213 Neunkirch,2904,SH,real,True,15.11.2024,2680116,1282783
100241050,10027508,470768,Löhningerstrasse,11,8213 Neunkirch,2904,SH,real,True,15.11.2024,2680160,1282800
100241051,10027508,470771,Löhningerstrasse,15,8213 Neunkirch,2904,SH,real,True,15.11.2024,2680197,1282822
100241052,10072963,470772,Weierbuckstrasse,18,8213 Neunkirch,2904,SH,real,True,15.11.2024,2680184,1282863
100241053,10072963,470774,Weierbuckstrasse,8,8213 Neunkirch,2904,SH,real,True,15.11.2024,2680088,1282811
100241054,10091181,470777,Schaffhauserstrasse,19,8213 Neunkirch,2904,SH,real,True,15.11.2024,2680046,1282709
100241055,10091181,470778,Schaffhauserstrasse,14,8213 Neunkirch,2904,SH,real,True,15.11.2024,2680058,1282630
100241056,10091181,470779,Schaffhauserstrasse,21,8213 Neunkirch,2904,SH,real,True,15.11.2024,2680067,1282660
100241057,10091181,470780,Schaffhauserstrasse,16,8213 Neunkirch,2904,SH,real,True,15.11.2024,2680071,1282588
100241058,10104916,470781,Glaserstrasse,4,8213 Neunkirch,2904,SH,real,True,15.11.2024,2680126,1282618
100241059,10104916,470782,Glaserstrasse,6,8213 Neunkirch,2904,SH,real,True,15.11.2024,2680168,1282644
100241060,10137899,470783,Glaserweg,2,8213 Neunkirch,2904,SH,real,True,15.11.2024,2680221,1282657
100241061,10185468,470786,Floraweg,1,8213 Neunkirch,2904,SH,real,True,15.11.2024,2679797,1282602
100241062,10185468,470787,Floraweg,3,8213 Neunkirch,2904,SH,real,True,15.11.2024,2679812,1282601
100241063,10185468,470788,Floraweg,5,8213 Neunkirch,2904,SH,real,True,15.11.2024,2679870,1282569
100241065,10048898,470790,Schmerlatstrasse,8,8213 Neunkirch,2904,SH,real,True,15.11.2024,2680573,1282601
100241066,10048898,470791,Schmerlatstrasse,11,8213 Neunkirch,2904,SH,real,True,15.11.2024,2680705,1282589
100241067,10048898,470793,Schmerlatstrasse,12,8213 Neunkirch,2904,SH,real,True,15.11.2024,2681201,1282510
100241068,10027519,470794,Zum Waldhof,259,8213 Neunkirch,2904,SH,real,True,15.11.2024,2682123,1282648
100241069,10021937,470795,Widenhof,302c,8224 Löhningen,2904,SH,real,True,15.11.2024,2681648,1283655
100241070,10021937,470796,Widenhof,302,8224 Löhningen,2904,SH,real,True,15.11.2024,2681615,1283664
100241071,10186333,470799,Stiegring,16,8213 Neunkirch,2904,SH,real,True,15.11.2024,2679209,1282223
100241072,10186333,470800,Stiegring,14,8213 Neunkirch,2904,SH,real,True,15.11.2024,2679197,1282248
100241073,10186333,470802,Stiegring,7,8213 Neunkirch,2904,SH,real,True,15.11.2024,2679228,1282235
100241074,10186333,470808,Stiegring,8,8213 Neunkirch,2904,SH,real,True,15.11.2024,2679235,1282299
100241075,10186333,470809,Stiegring,6,8213 Neunkirch,2904,SH,real,True,15.11.2024,2679259,1282308
100241076,10186333,470811,Stiegring,4,8213 Neunkirch,2904,SH,real,True,15.11.2024,2679282,1282317
100241077,10021938,470812,Wilchingerstrasse,1,8213 Neunkirch,2904,SH,real,True,15.11.2024,2679302,1282333
100241078,10111805,470814,Welscher Garten,6,8213 Neunkirch,2904,SH,real,True,15.11.2024,2679320,1282467
100241079,10111805,470815,Welscher Garten,12,8213 Neunkirch,2904,SH,real,True,15.11.2024,2679272,1282503
100241081,10120398,470817,Gigering,15,8213 Neunkirch,2904,SH,real,True,15.11.2024,2679254,1282541
100241082,10107064,470819,Gigeweg,2,8213 Neunkirch,2904,SH,real,True,15.11.2024,2679233,1282475
100241083,10107064,470820,Gigeweg,4,8213 Neunkirch,2904,SH,real,True,15.11.2024,2679215,1282462
100241084,10107064,470822,Gigeweg,10,8213 Neunkirch,2904,SH,real,True,15.11.2024,2679145,1282440
100241085,10107064,470823,Gigeweg,14,8213 Neunkirch,2904,SH,real,True,15.11.2024,2679088,1282424
100241086,10117538,470824,Kleiner Letten,14,8213 Neunkirch,2904,SH,real,True,15.11.2024,2679401,1282474
100241087,10118137,470830,Bahnhofstrasse,3,8213 Neunkirch,2904,SH,real,True,15.11.2024,2679295,1282609
100241088,10091184,470831,Unterneuhaus,288,8217 Wilchingen,2904,SH,real,True,15.11.2024,2677105,1281813
100241089,10027503,470832,Gigebuck,21,8213 Neunkirch,2904,SH,real,True,15.11.2024,2679076,1282249
100241090,10027503,470833,Gigebuck,23,8213 Neunkirch,2904,SH,real,True,15.11.2024,2679078,1282241
100241091,10027503,470834,Gigebuck,25,8213 Neunkirch,2904,SH,real,True,15.11.2024,2679081,1282236
100241092,10027503,470835,Gigebuck,27,8213 Neunkirch,2904,SH,real,True,15.11.2024,2679083,1282230
100241093,10027503,470836,Gigebuck,31,8213 Neunkirch,2904,SH,real,True,15.11.2024,2679040,1282204
100241094,10032568,481623,Hölderlistrasse,7,8226 Schleitheim,2952,SH,real,True,15.11.2024,2677867,1289081
100241095,10032568,481624,Hölderlistrasse,12,8226 Schleitheim,2952,SH,real,True,15.11.2024,2677876,1289112
100241096,10032568,481625,Hölderlistrasse,9,8226 Schleitheim,2952,SH,real,True,15.11.2024,2677835,1289069
100241097,10032568,481627,Hölderlistrasse,15,8226 Schleitheim,2952,SH,real,True,15.11.2024,2677801,1289092
100241098,10032568,481628,Hölderlistrasse,16,8226 Schleitheim,2952,SH,real,True,15.11.2024,2677811,1289110
100241099,10032568,481629,Hölderlistrasse,17,8226 Schleitheim,2952,SH,real,True,15.11.2024,2677769,1289099
100241100,10032568,481631,Hölderlistrasse,21,8226 Schleitheim,2952,SH,real,True,15.11.2024,2677713,1289107
100241101,10032568,481632,Hölderlistrasse,25,8226 Schleitheim,2952,SH,real,True,15.11.2024,2677660,1289114
100241102,10032568,481634,Hölderlistrasse,27,8226 Schleitheim,2952,SH,real,True,15.11.2024,2677623,1289121
100241103,10085773,481636,Rebhaldenweg,2,8226 Schleitheim,2952,SH,real,True,15.11.2024,2677529,1289150
100241192,10108020,474676,Zubastrasse,27,8212 Neuhausen am Rheinfall,2937,SH,real,True,15.11.2024,2688702,1282540
100241193,10108020,474677,Zubastrasse,29,8212 Neuhausen am Rheinfall,2937,SH,real,True,15.11.2024,2688701,1282539
100241194,10108020,474679,Zubastrasse,48,8212 Neuhausen am Rheinfall,2937,SH,real,True,15.11.2024,2688747,1282562
100241195,10046608,474680,Schwanenfelsstrasse,10a,8212 Neuhausen am Rheinfall,2937,SH,real,True,15.11.2024,2688670,1282582
100241196,10046608,474683,Schwanenfelsstrasse,20,8212 Neuhausen am Rheinfall,2937,SH,real,True,15.11.2024,2688643,1282672
100241197,10091247,474684,Charlottenweg,25,8212 Neuhausen am Rheinfall,2937,SH,real,True,15.11.2024,2688689,1282647
100241198,10106945,474685,Rosenbergstrasse,42,8212 Neuhausen am Rheinfall,2937,SH,real,True,15.11.2024,2688535,1282467
100241199,10106945,474686,Rosenbergstrasse,44,8212 Neuhausen am Rheinfall,2937,SH,real,True,15.11.2024,2688534,1282474
100241200,10106945,474688,Rosenbergstrasse,48,8212 Neuhausen am Rheinfall,2937,SH,real,True,15.11.2024,2688534,1282502
100241201,10106945,474689,Rosenbergstrasse,50,8212 Neuhausen am Rheinfall,2937,SH,real,True,15.11.2024,2688535,1282509
100241202,10108020,474690,Zubastrasse,2,8212 Neuhausen am Rheinfall,2937,SH,real,True,15.11.2024,2688536,1282518
100241203,10108020,474691,Zubastrasse,4,8212 Neuhausen am Rheinfall,2937,SH,real,True,15.11.2024,2688545,1282517
100241204,10017861,474693,Feldeggstrasse,7,8212 Neuhausen am Rheinfall,2937,SH,real,True,15.11.2024,2688543,1282501
100241205,10017861,474694,Feldeggstrasse,5,8212 Neuhausen am Rheinfall,2937,SH,real,True,15.11.2024,2688546,1282481
100241206,10017861,474695,Feldeggstrasse,6,8212 Neuhausen am Rheinfall,2937,SH,real,True,15.11.2024,2688566,1282476
100241207,10017861,474698,Feldeggstrasse,1,8212 Neuhausen am Rheinfall,2937,SH,real,True,15.11.2024,2688544,1282466
100241208,10017861,474699,Feldeggstrasse,2,8212 Neuhausen am Rheinfall,2937,SH,real,True,15.11.2024,2688558,1282456
100241209,10108020,474700,Zubastrasse,12,8212 Neuhausen am Rheinfall,2937,SH,real,True,15.11.2024,2688589,1282485
100241210,10108020,474701,Zubastrasse,10,8212 Neuhausen am Rheinfall,2937,SH,real,True,15.11.2024,2688593,1282500
100241211,10108020,474703,Zubastrasse,7,8212 Neuhausen am Rheinfall,2937,SH,real,True,15.11.2024,2688579,1282538
100241212,10108020,474704,Zubastrasse,5,8212 Neuhausen am Rheinfall,2937,SH,real,True,15.11.2024,2688568,1282539
100241213,10046608,474705,Schwanenfelsstrasse,1,8212 Neuhausen am Rheinfall,2937,SH,real,True,15.11.2024,2688578,1282545
100241214,10046608,474707,Schwanenfelsstrasse,3,8212 Neuhausen am Rheinfall,2937,SH,real,True,15.11.2024,2688579,1282553
100241215,10046608,474712,Schwanenfelsstrasse,9,8212 Neuhausen am Rheinfall,2937,SH,real,True,15.11.2024,2688582,1282585
100241216,10046608,474713,Schwanenfelsstrasse,10,8212 Neuhausen am Rheinfall,2937,SH,real,True,15.11.2024,2688616,1282580
100241217,10046608,474714,Schwanenfelsstrasse,14,8212 Neuhausen am Rheinfall,2937,SH,real,True,15.11.2024,2688637,1282624
100241218,10017873,474715,Mittelstrasse,2,8212 Neuhausen am Rheinfall,2937,SH,real,True,15.11.2024,2688570,1282546
100241219,10017873,474716,Mittelstrasse,4,8212 Neuhausen am Rheinfall,2937,SH,real,True,15.11.2024,2688570,1282553
100241220,10017873,474717,Mittelstrasse,6,8212 Neuhausen am Rheinfall,2937,SH,real,True,15.11.2024,2688572,1282562
100241221,10017873,474719,Mittelstrasse,10,8212 Neuhausen am Rheinfall,2937,SH,real,True,15.11.2024,2688574,1282586
100241222,10108020,474723,Zubastrasse,3,8212 Neuhausen am Rheinfall,2937,SH,real,True,15.11.2024,2688534,1282546
100241223,10017873,474724,Mittelstrasse,1,8212 Neuhausen am Rheinfall,2937,SH,real,True,15.11.2024,2688534,1282554
100241224,10017873,474727,Mittelstrasse,7,8212 Neuhausen am Rheinfall,2937,SH,real,True,15.11.2024,2688537,1282576
100241225,10017873,474728,Mittelstrasse,9,8212 Neuhausen am Rheinfall,2937,SH,real,True,15.11.2024,2688537,1282583
100241226,10017873,474729,Mittelstrasse,11,8212 Neuhausen am Rheinfall,2937,SH,real,True,15.11.2024,2688538,1282591
100241227,10091257,474730,Randenstrasse,1,8212 Neuhausen am Rheinfall,2937,SH,real,True,15.11.2024,2688533,1282631
100241228,10091257,474731,Randenstrasse,2,8212 Neuhausen am Rheinfall,2937,SH,real,True,15.11.2024,2688531,1282600
100241229,10085775,481972,Tauchergasse,5,8226 Schleitheim,2952,SH,real,True,15.11.2024,2678801,1289441
100241230,10179740,481973,Höfli,2,8226 Schleitheim,2952,SH,real,True,15.11.2024,2678834,1289458
100241231,10179740,481974,Höfli,5,8226 Schleitheim,2952,SH,real,True,15.11.2024,2678849,1289464
100241232,10085775,481976,Tauchergasse,1,8226 Schleitheim,2952,SH,real,True,15.11.2024,2678789,1289440
100241233,10026002,481980,Bachstrasse,20,8226 Schleitheim,2952,SH,real,True,15.11.2024,2678831,1289519
100241234,10026002,481981,Bachstrasse,26,8226 Schleitheim,2952,SH,real,True,15.11.2024,2678853,1289543
100241235,10026002,481982,Bachstrasse,30,8226 Schleitheim,2952,SH,real,True,15.11.2024,2678879,1289564
100241236,10032572,481983,Lättegässli,7,8226 Schleitheim,2952,SH,real,True,15.11.2024,2678921,1289561
100241237,10032572,481984,Lättegässli,2,8226 Schleitheim,2952,SH,real,True,15.11.2024,2678903,1289546
100241238,10032572,481985,Lättegässli,1,8226 Schleitheim,2952,SH,real,True,15.11.2024,2678897,1289587
100241239,10032572,481987,Lättegässli,3,8226 Schleitheim,2952,SH,real,True,15.11.2024,2678899,1289631
100241240,10026003,481988,Beggingerstrasse,60,8226 Schleitheim,2952,SH,real,True,15.11.2024,2678924,1289661
100241241,10026002,481989,Bachstrasse,16,8226 Schleitheim,2952,SH,real,True,15.11.2024,2678794,1289481
100241242,10026002,481990,Bachstrasse,28,8226 Schleitheim,2952,SH,real,True,15.11.2024,2678862,1289550
100241243,10131532,481991,Alte Beggingerstrasse,60,8226 Schleitheim,2952,SH,real,True,15.11.2024,2679396,1290015
100241244,10026003,481992,Beggingerstrasse,644,8226 Schleitheim,2952,SH,real,True,15.11.2024,2679184,1290046
100241245,10026003,481993,Beggingerstrasse,450,8226 Schleitheim,2952,SH,real,True,15.11.2024,2679936,1290917
100241246,10032580,481995,Seewihof,332,8226 Schleitheim,2952,SH,real,True,15.11.2024,2680208,1291323
100241247,10032580,481996,Seewihof,355,8226 Schleitheim,2952,SH,real,True,15.11.2024,2680243,1291332
100241248,10073362,481997,Kesselhof,502,8226 Schleitheim,2952,SH,real,True,15.11.2024,2680018,1291407
100241249,10032576,481998,Rütistelmüli,319,8226 Schleitheim,2952,SH,real,True,15.11.2024,2679943,1290742
100241250,10073082,482000,Emmerhof,483a,8226 Schleitheim,2952,SH,real,True,15.11.2024,2680562,1289532
100241252,10179742,482002,Strickhof,320,8226 Schleitheim,2952,SH,real,True,15.11.2024,2680738,1289476
100241253,10179742,482003,Strickhof,314.1,8226 Schleitheim,2952,SH,real,True,23.07.2024,2680748,1289535
100241254,10032564,482004,Grotwis,554,8226 Schleitheim,2952,SH,real,True,15.11.2024,2680755,1289171
100241255,10026001,482005,Babental,354,8226 Schleitheim,2952,SH,real,True,15.11.2024,2681221,1288816
100241256,10073363,482006,Lochacker,495,8226 Schleitheim,2952,SH,real,True,15.11.2024,2680502,1288957
100241257,10073363,482007,Lochacker,495a,8226 Schleitheim,2952,SH,real,True,15.11.2024,2680483,1288949
100241258,10073364,482008,Miltenhof,415,8226 Schleitheim,2952,SH,real,True,15.11.2024,2680173,1288678
100241259,10121175,482009,Euggihof,551,8226 Schleitheim,2952,SH,real,True,15.11.2024,2679874,1288756
100241260,10180887,482010,Brunnenhof,526,8226 Schleitheim,2952,SH,real,True,15.11.2024,2679924,1288405
100241261,10187861,482012,Schaffhauserstrasse,325,8226 Schleitheim,2952,SH,real,True,15.11.2024,2678937,1287387
100241273,10032571,481638,Lendenbergstrasse,68,8226 Schleitheim,2952,SH,real,True,15.11.2024,2677542,1289201
100241274,10032571,481639,Lendenbergstrasse,64,8226 Schleitheim,2952,SH,real,True,15.11.2024,2677578,1289207
100241275,10032571,481641,Lendenbergstrasse,45,8226 Schleitheim,2952,SH,real,True,15.11.2024,2677635,1289178
100241276,10032571,481648,Lendenbergstrasse,33,8226 Schleitheim,2952,SH,real,True,15.11.2024,2677785,1289199
100241277,10032571,481649,Lendenbergstrasse,31,8226 Schleitheim,2952,SH,real,True,15.11.2024,2677823,1289207
100241278,10032571,481650,Lendenbergstrasse,27,8226 Schleitheim,2952,SH,real,True,15.11.2024,2677857,1289213
100241279,10032571,481651,Lendenbergstrasse,25,8226 Schleitheim,2952,SH,real,True,15.11.2024,2677897,1289223
100241280,10032571,481652,Lendenbergstrasse,23,8226 Schleitheim,2952,SH,real,True,15.11.2024,2677922,1289230
100241281,10032571,481653,Lendenbergstrasse,19,8226 Schleitheim,2952,SH,real,True,15.11.2024,2677981,1289242
100241282,10032571,481655,Lendenbergstrasse,8,8226 Schleitheim,2952,SH,real,True,15.11.2024,2678099,1289288
100241283,10032571,481656,Lendenbergstrasse,2,8226 Schleitheim,2952,SH,real,True,15.11.2024,2678208,1289346
100241284,10031564,481658,Uezestaaweg,2,8226 Schleitheim,2952,SH,real,True,15.11.2024,2678104,1289324
100241285,10031564,481660,Uezestaaweg,6,8226 Schleitheim,2952,SH,real,True,15.11.2024,2678074,1289331
100241286,10190663,481662,Under em Tobel,5,8226 Schleitheim,2952,SH,real,True,15.11.2024,2678173,1289353
100241287,10190663,481663,Under em Tobel,12,8226 Schleitheim,2952,SH,real,True,15.11.2024,2678177,1289394
100241288,10190663,481664,Under em Tobel,16,8226 Schleitheim,2952,SH,real,True,15.11.2024,2678135,1289353
100241289,10190663,481666,Under em Tobel,4,8226 Schleitheim,2952,SH,real,True,15.11.2024,2678232,1289367
100241290,10190663,481667,Under em Tobel,7,8226 Schleitheim,2952,SH,real,True,15.11.2024,2678151,1289340
100241291,10113209,481670,Hofstatt,1,8226 Schleitheim,2952,SH,real,True,15.11.2024,2678228,1289142
100241292,10113209,481673,Hofstatt,7,8226 Schleitheim,2952,SH,real,True,15.11.2024,2678185,1289121
100241293,10113209,481674,Hofstatt,9,8226 Schleitheim,2952,SH,real,True,15.11.2024,2678154,1289121
100241294,10113209,481677,Hofstatt,14,8226 Schleitheim,2952,SH,real,True,15.11.2024,2678155,1289146
100241295,10113209,481678,Hofstatt,18,8226 Schleitheim,2952,SH,real,True,15.11.2024,2678124,1289124
100241296,10113209,481679,Hofstatt,20,8226 Schleitheim,2952,SH,real,True,15.11.2024,2678120,1289119
100241297,10113209,481680,Hofstatt,22,8226 Schleitheim,2952,SH,real,True,15.11.2024,2678108,1289114
100241298,10113209,481681,Hofstatt,28,8226 Schleitheim,2952,SH,real,True,15.11.2024,2678045,1289093
100241299,10053250,481682,Hölderlistiig,2,8226 Schleitheim,2952,SH,real,True,15.11.2024,2678052,1289143
100241300,10032578,481685,Schwarzwaldstrasse,22,8226 Schleitheim,2952,SH,real,True,15.11.2024,2677772,1289046
100241301,10032578,481686,Schwarzwaldstrasse,24,8226 Schleitheim,2952,SH,real,True,15.11.2024,2677741,1289056
100241302,10032578,481688,Schwarzwaldstrasse,32,8226 Schleitheim,2952,SH,real,True,15.11.2024,2677674,1289042
100241303,10113210,481690,Lindenstrasse,32,8226 Schleitheim,2952,SH,real,True,15.11.2024,2677839,1289169
100241304,10113210,481691,Lindenstrasse,30,8226 Schleitheim,2952,SH,real,True,15.11.2024,2677875,1289181
100241305,10113210,481692,Lindenstrasse,28,8226 Schleitheim,2952,SH,real,True,15.11.2024,2677903,1289187
100241306,10103229,481695,Tüüffegass,9,8226 Schleitheim,2952,SH,real,True,15.11.2024,2678439,1289387
100241307,10179738,481697,Bolstrasse,14,8226 Schleitheim,2952,SH,real,True,15.11.2024,2678359,1289378
100241308,10179738,481699,Bolstrasse,15,8226 Schleitheim,2952,SH,real,True,15.11.2024,2678282,1289316
100241309,10032557,481700,Bolstiig,42,8226 Schleitheim,2952,SH,real,True,15.11.2024,2678290,1289516
100241310,10032557,481701,Bolstiig,40,8226 Schleitheim,2952,SH,real,True,15.11.2024,2678314,1289524
100241311,10032557,481703,Bolstiig,44,8226 Schleitheim,2952,SH,real,True,15.11.2024,2678305,1289500
100241312,10032557,481704,Bolstiig,50,8226 Schleitheim,2952,SH,real,True,15.11.2024,2678249,1289472
100241313,10032557,481705,Bolstiig,52,8226 Schleitheim,2952,SH,real,True,15.11.2024,2678269,1289478
100241314,10032557,481708,Bolstiig,10,8226 Schleitheim,2952,SH,real,True,15.11.2024,2678223,1289241
100241315,10032557,481709,Bolstiig,6,8226 Schleitheim,2952,SH,real,True,15.11.2024,2678235,1289202
100241316,10032557,481710,Bolstiig,30,8226 Schleitheim,2952,SH,real,True,15.11.2024,2678299,1289421
100241317,10032557,481711,Bolstiig,34,8226 Schleitheim,2952,SH,real,True,15.11.2024,2678357,1289439
100241318,10032557,481712,Bolstiig,36,8226 Schleitheim,2952,SH,real,True,15.11.2024,2678341,1289470
100241319,10113209,481715,Hofstatt,2,8226 Schleitheim,2952,SH,real,True,15.11.2024,2678246,1289161
100241320,10032574,481716,Poststrasse,52,8226 Schleitheim,2952,SH,real,True,15.11.2024,2678266,1289159
100241321,10032574,481717,Poststrasse,50,8226 Schleitheim,2952,SH,real,True,15.11.2024,2678277,1289169
100241322,10032574,481718,Poststrasse,46,8226 Schleitheim,2952,SH,real,True,15.11.2024,2678285,1289187
100241323,10032574,481719,Poststrasse,44,8226 Schleitheim,2952,SH,real,True,15.11.2024,2678301,1289196
100241326,10032574,481722,Poststrasse,34,8226 Schleitheim,2952,SH,real,True,15.11.2024,2678332,1289241
100241327,10032574,481723,Poststrasse,32,8226 Schleitheim,2952,SH,real,True,15.11.2024,2678345,1289251
100241328,10032574,481724,Poststrasse,26,8226 Schleitheim,2952,SH,real,True,15.11.2024,2678361,1289271
100241329,10032574,481727,Poststrasse,20,8226 Schleitheim,2952,SH,real,True,15.11.2024,2678403,1289291
100241330,10032574,481728,Poststrasse,18,8226 Schleitheim,2952,SH,real,True,15.11.2024,2678416,1289302
100241331,10032574,481729,Poststrasse,16,8226 Schleitheim,2952,SH,real,True,15.11.2024,2678398,1289324
100241398,10068431,470494,Kloster,2,8224 Löhningen,2903,SH,real,True,15.11.2024,2683655,1283810
100241399,10068431,470495,Kloster,3,8224 Löhningen,2903,SH,real,True,15.11.2024,2683647,1283782
100241400,10068431,470497,Kloster,6,8224 Löhningen,2903,SH,real,True,15.11.2024,2683618,1283787
100241402,10026343,470499,Herrengasse,13,8224 Löhningen,2903,SH,real,True,15.11.2024,2683602,1283926
100241403,10026343,470501,Herrengasse,3,8224 Löhningen,2903,SH,real,True,15.11.2024,2683611,1283963
100241404,10026343,470502,Herrengasse,1,8224 Löhningen,2903,SH,real,True,15.11.2024,2683597,1283971
100241405,10026343,470503,Herrengasse,6,8224 Löhningen,2903,SH,real,True,15.11.2024,2683579,1283956
100241406,10026343,470504,Herrengasse,8,8224 Löhningen,2903,SH,real,True,15.11.2024,2683572,1283956
100241407,10026343,470506,Herrengasse,16,8224 Löhningen,2903,SH,real,True,15.11.2024,2683565,1283921
100241408,10026343,470507,Herrengasse,18,8224 Löhningen,2903,SH,real,True,15.11.2024,2683551,1283915
100241409,10026343,470511,Herrengasse,38,8224 Löhningen,2903,SH,real,True,15.11.2024,2683596,1283789
100241410,10026342,470513,Hauptstrasse,39,8224 Löhningen,2903,SH,real,True,15.11.2024,2683604,1283991
100241411,10026342,470515,Hauptstrasse,38,8224 Löhningen,2903,SH,real,True,15.11.2024,2683609,1284030
100241412,10026342,470516,Hauptstrasse,33,8224 Löhningen,2903,SH,real,True,15.11.2024,2683631,1283989
100241414,10026343,470519,Herrengasse,15,8224 Löhningen,2903,SH,real,True,15.11.2024,2683602,1283921
100241415,10026343,470520,Herrengasse,17,8224 Löhningen,2903,SH,real,True,15.11.2024,2683601,1283917
100241416,10091172,470521,Schulgasse,16,8224 Löhningen,2903,SH,real,True,15.11.2024,2683664,1283932
100241417,10026342,470523,Hauptstrasse,11,8224 Löhningen,2903,SH,real,True,15.11.2024,2683810,1284017
100241418,10026342,470524,Hauptstrasse,15,8224 Löhningen,2903,SH,real,True,15.11.2024,2683778,1283999
100241419,10026342,470525,Hauptstrasse,19,8224 Löhningen,2903,SH,real,True,15.11.2024,2683744,1284012
100241420,10026342,470526,Hauptstrasse,23,8224 Löhningen,2903,SH,real,True,15.11.2024,2683711,1284007
100241421,10091172,470530,Schulgasse,15,8224 Löhningen,2903,SH,real,True,15.11.2024,2683681,1283927
100241422,10027497,470532,Stalden,4,8224 Löhningen,2903,SH,real,True,15.11.2024,2683717,1283800
100241423,10027497,470533,Stalden,6,8224 Löhningen,2903,SH,real,True,15.11.2024,2683742,1283814
100241424,10027497,470534,Stalden,7,8224 Löhningen,2903,SH,real,True,15.11.2024,2683767,1283848
100241425,10027497,470535,Stalden,8,8224 Löhningen,2903,SH,real,True,15.11.2024,2683780,1283827
100241426,10027497,470536,Stalden,14,8224 Löhningen,2903,SH,real,True,15.11.2024,2683849,1283864
100241638,10027516,470975,Taufgarten,30,8213 Neunkirch,2904,SH,real,True,15.11.2024,2679990,1282045
100241639,10027516,470976,Taufgarten,28,8213 Neunkirch,2904,SH,real,True,15.11.2024,2679967,1282053
100241640,10027516,470977,Taufgarten,26,8213 Neunkirch,2904,SH,real,True,15.11.2024,2679963,1282080
100241641,10027516,470978,Taufgarten,24,8213 Neunkirch,2904,SH,real,True,15.11.2024,2679953,1282098
100241642,10192054,470979,Burgstall,6,8213 Neunkirch,2904,SH,real,True,15.11.2024,2679922,1282126
100241643,10027516,470980,Taufgarten,18,8213 Neunkirch,2904,SH,real,True,15.11.2024,2679901,1282171
100241645,10027516,470983,Taufgarten,1,8213 Neunkirch,2904,SH,real,True,15.11.2024,2679735,1282298
100241646,10027516,470984,Taufgarten,2,8213 Neunkirch,2904,SH,real,True,15.11.2024,2679744,1282277
100241647,10027513,470985,Schützenmauer,18,8213 Neunkirch,2904,SH,real,True,15.11.2024,2679760,1282370
100241648,10027513,470986,Schützenmauer,9,8213 Neunkirch,2904,SH,real,True,15.11.2024,2679812,1282391
100241649,10027513,470987,Schützenmauer,3,8213 Neunkirch,2904,SH,real,True,15.11.2024,2679756,1282474
100241650,10068437,470989,Muzellstrasse,1,8213 Neunkirch,2904,SH,real,True,15.11.2024,2679934,1282455
100241651,10054969,470990,Haldenhof,286,8213 Neunkirch,2904,SH,real,True,15.11.2024,2680495,1281918
100241652,10027499,470991,Brüelhof,264,8213 Neunkirch,2904,SH,real,True,15.11.2024,2681154,1281834
100241653,10110809,470992,Ergoltingerstrasse,2,8213 Neunkirch,2904,SH,real,True,15.11.2024,2681397,1281782
100241654,10110809,470994,Ergoltingerstrasse,3,8213 Neunkirch,2904,SH,real,True,15.11.2024,2681492,1281815
100241655,10068438,470995,Rietwiesstrasse,2,8213 Neunkirch,2904,SH,real,True,15.11.2024,2679801,1281382
100241656,10091174,470997,Eichhof,388,8223 Guntmadingen,2904,SH,real,True,15.11.2024,2682686,1282428
100241657,10027502,471001,Ergoltingertal,374,8213 Neunkirch,2904,SH,real,True,15.11.2024,2681570,1281765
100241658,10024925,471003,Zollstrasse,20,8218 Osterfingen,2974,SH,real,True,15.11.2024,2678491,1278896
100241659,10024925,471006,Zollstrasse,10,8218 Osterfingen,2974,SH,real,True,15.11.2024,2678432,1279052
100241660,10136960,471007,Osterfingerstrasse,2,8218 Osterfingen,2974,SH,real,True,15.11.2024,2678231,1279309
100241661,10113222,471009,Dorfstrasse,9,8218 Osterfingen,2974,SH,real,True,15.11.2024,2678374,1279402
100241662,10113222,471010,Dorfstrasse,15,8218 Osterfingen,2974,SH,real,True,15.11.2024,2678442,1279508
100241663,10113222,471011,Dorfstrasse,19,8218 Osterfingen,2974,SH,real,True,15.11.2024,2678455,1279531
100241664,10113222,471012,Dorfstrasse,18,8218 Osterfingen,2974,SH,real,True,15.11.2024,2678496,1279522
100241665,10113222,471013,Dorfstrasse,20,8218 Osterfingen,2974,SH,real,True,15.11.2024,2678519,1279537
100241666,10021939,471014,Im Fischer,2,8218 Osterfingen,2974,SH,real,True,15.11.2024,2678525,1279601
100241667,10113222,471015,Dorfstrasse,27,8218 Osterfingen,2974,SH,real,True,15.11.2024,2678584,1279592
100241668,10113222,471017,Dorfstrasse,28,8218 Osterfingen,2974,SH,real,True,15.11.2024,2678607,1279577
100241669,10113222,471018,Dorfstrasse,29,8218 Osterfingen,2974,SH,real,True,15.11.2024,2678595,1279599
100241670,10113222,471019,Dorfstrasse,31,8218 Osterfingen,2974,SH,real,True,15.11.2024,2678611,1279604
100241671,10113222,471020,Dorfstrasse,33,8218 Osterfingen,2974,SH,real,True,15.11.2024,2678656,1279620
100241672,10113222,471021,Dorfstrasse,32,8218 Osterfingen,2974,SH,real,True,15.11.2024,2678661,1279603
100241673,10113222,471023,Dorfstrasse,35,8218 Osterfingen,2974,SH,real,True,15.11.2024,2678675,1279623
100241674,10113222,471025,Dorfstrasse,39,8218 Osterfingen,2974,SH,real,True,15.11.2024,2678685,1279626
100241675,10113222,471026,Dorfstrasse,37,8218 Osterfingen,2974,SH,real,True,15.11.2024,2678673,1279630
100241676,10113222,471029,Dorfstrasse,47,8218 Osterfingen,2974,SH,real,True,15.11.2024,2678746,1279653
100241677,10113222,471031,Dorfstrasse,42,8218 Osterfingen,2974,SH,real,True,15.11.2024,2678742,1279612
100241678,10113222,471032,Dorfstrasse,44,8218 Osterfingen,2974,SH,real,True,15.11.2024,2678761,1279640
100241679,10113222,471034,Dorfstrasse,48,8218 Osterfingen,2974,SH,real,True,15.11.2024,2678787,1279646
100241680,10120400,471035,Trottenweg,25,8218 Osterfingen,2974,SH,real,True,15.11.2024,2678735,1279768
100241681,10120400,471037,Trottenweg,29,8218 Osterfingen,2974,SH,real,True,15.11.2024,2678664,1279775
100241682,10120400,471038,Trottenweg,31,8218 Osterfingen,2974,SH,real,True,15.11.2024,2678630,1279776
100241683,10032566,481921,Hellgässli,5,8226 Schleitheim,2952,SH,real,True,15.11.2024,2678699,1289252
100241684,10032570,481923,Kirchgasse,4,8226 Schleitheim,2952,SH,real,True,15.11.2024,2678737,1289267
100241685,10032570,481924,Kirchgasse,12,8226 Schleitheim,2952,SH,real,True,15.11.2024,2678792,1289327
100241686,10032570,481925,Kirchgasse,14,8226 Schleitheim,2952,SH,real,True,15.11.2024,2678801,1289324
100241687,10032570,481926,Kirchgasse,18,8226 Schleitheim,2952,SH,real,True,15.11.2024,2678817,1289344
100241688,10085775,481927,Tauchergasse,2,8226 Schleitheim,2952,SH,real,True,15.11.2024,2678768,1289439
100241689,10085775,481928,Tauchergasse,4,8226 Schleitheim,2952,SH,real,True,15.11.2024,2678791,1289416
100241690,10026002,481929,Bachstrasse,4,8226 Schleitheim,2952,SH,real,True,15.11.2024,2678730,1289397
100241691,10180888,481931,Randenstrasse,1,8226 Schleitheim,2952,SH,real,True,15.11.2024,2678694,1289338
100241692,10180888,481933,Randenstrasse,4,8226 Schleitheim,2952,SH,real,True,15.11.2024,2678703,1289314
100241693,10180888,481934,Randenstrasse,5,8226 Schleitheim,2952,SH,real,True,15.11.2024,2678740,1289341
100241694,10180888,481935,Randenstrasse,9,8226 Schleitheim,2952,SH,real,True,15.11.2024,2678759,1289367
100241767,10185471,470615,Vordergasse,31,8213 Neunkirch,2904,SH,real,True,15.11.2024,2679573,1282708
100241768,10185471,470617,Vordergasse,27,8213 Neunkirch,2904,SH,real,True,15.11.2024,2679590,1282709
100241769,10185471,470619,Vordergasse,23,8213 Neunkirch,2904,SH,real,True,15.11.2024,2679608,1282710
100241771,10185471,470621,Vordergasse,21,8213 Neunkirch,2904,SH,real,True,15.11.2024,2679636,1282713
100241772,10185471,470622,Vordergasse,19,8213 Neunkirch,2904,SH,real,True,15.11.2024,2679654,1282715
100241773,10185471,470623,Vordergasse,17,8213 Neunkirch,2904,SH,real,True,15.11.2024,2679667,1282716
100241774,10185471,470624,Vordergasse,15,8213 Neunkirch,2904,SH,real,True,15.11.2024,2679676,1282717
100241775,10185471,470625,Vordergasse,13,8213 Neunkirch,2904,SH,real,True,15.11.2024,2679683,1282718
100241776,10185471,470628,Vordergasse,7,8213 Neunkirch,2904,SH,real,True,15.11.2024,2679710,1282721
100241777,10185471,470629,Vordergasse,5,8213 Neunkirch,2904,SH,real,True,15.11.2024,2679720,1282722
100241778,10185471,470631,Vordergasse,8,8213 Neunkirch,2904,SH,real,True,15.11.2024,2679703,1282733
100241862,10046612,475815,Zollstrasse,22a,8212 Neuhausen am Rheinfall,2937,SH,real,True,15.11.2024,2687948,1282009
100241863,10046612,475816,Zollstrasse,24,8212 Neuhausen am Rheinfall,2937,SH,real,True,15.11.2024,2687933,1282003
100241864,10046612,475817,Zollstrasse,26,8212 Neuhausen am Rheinfall,2937,SH,real,True,15.11.2024,2687918,1281998
100241865,10017874,475818,Neubergstrasse,14,8212 Neuhausen am Rheinfall,2937,SH,real,True,15.11.2024,2687907,1282060
100241876,10180888,481936,Randenstrasse,11,8226 Schleitheim,2952,SH,real,True,15.11.2024,2678763,1289374
100241877,10179737,481938,Adlerstrasse,3,8226 Schleitheim,2952,SH,real,True,15.11.2024,2678581,1289291
100241878,10179737,481940,Adlerstrasse,5,8226 Schleitheim,2952,SH,real,True,15.11.2024,2678589,1289276
100241879,10179737,481941,Adlerstrasse,8,8226 Schleitheim,2952,SH,real,True,15.11.2024,2678526,1289315
100241880,10179737,481942,Adlerstrasse,9,8226 Schleitheim,2952,SH,real,True,15.11.2024,2678549,1289286
100241881,10179737,481943,Adlerstrasse,11,8226 Schleitheim,2952,SH,real,True,15.11.2024,2678533,1289280
100241882,10180888,481945,Randenstrasse,42,8226 Schleitheim,2952,SH,real,True,15.11.2024,2678973,1289557
100241884,10180888,481949,Randenstrasse,36,8226 Schleitheim,2952,SH,real,True,15.11.2024,2678945,1289515
100241885,10180888,481950,Randenstrasse,41,8226 Schleitheim,2952,SH,real,True,15.11.2024,2678932,1289525
100241886,10180888,481952,Randenstrasse,35,8226 Schleitheim,2952,SH,real,True,15.11.2024,2678885,1289513
100241887,10180888,481954,Randenstrasse,30,8226 Schleitheim,2952,SH,real,True,15.11.2024,2678928,1289488
100241888,10180888,481955,Randenstrasse,31,8226 Schleitheim,2952,SH,real,True,15.11.2024,2678897,1289481
100241889,10180888,481956,Randenstrasse,28,8226 Schleitheim,2952,SH,real,True,15.11.2024,2678913,1289468
100241890,10180888,481958,Randenstrasse,27,8226 Schleitheim,2952,SH,real,True,15.11.2024,2678871,1289444
100241891,10117740,481959,Schwerzedel,3,8226 Schleitheim,2952,SH,real,True,15.11.2024,2678963,1289438
100241892,10117740,481961,Schwerzedel,2,8226 Schleitheim,2952,SH,real,True,15.11.2024,2678895,1289425
100241893,10180888,481962,Randenstrasse,22,8226 Schleitheim,2952,SH,real,True,15.11.2024,2678878,1289417
100241894,10180888,481963,Randenstrasse,25,8226 Schleitheim,2952,SH,real,True,15.11.2024,2678867,1289432
100241895,10180888,481965,Randenstrasse,19,8226 Schleitheim,2952,SH,real,True,15.11.2024,2678820,1289384
100241896,10118364,481966,Luckete,1,8226 Schleitheim,2952,SH,real,True,15.11.2024,2678835,1289366
100241897,10118364,481967,Luckete,3,8226 Schleitheim,2952,SH,real,True,15.11.2024,2678849,1289352
100241898,10118364,481970,Luckete,6,8226 Schleitheim,2952,SH,real,True,15.11.2024,2678897,1289344
100242025,10072966,471100,Im Bohl,8,8243 Altdorf SH,2920,SH,real,True,15.11.2024,2691368,1293365
100242026,10072966,471101,Im Bohl,10,8243 Altdorf SH,2920,SH,real,True,15.11.2024,2691358,1293376
100242027,10072966,471102,Im Bohl,12,8243 Altdorf SH,2920,SH,real,True,15.11.2024,2691361,1293331
100242028,10072966,471104,Im Bohl,5,8243 Altdorf SH,2920,SH,real,True,15.11.2024,2691383,1293323
100242029,10072966,471105,Im Bohl,1,8243 Altdorf SH,2920,SH,real,True,15.11.2024,2691414,1293306
100242030,10072966,471106,Im Bohl,9,8243 Altdorf SH,2920,SH,real,True,15.11.2024,2691321,1293320
100242031,10072966,471107,Im Bohl,11,8243 Altdorf SH,2920,SH,real,True,15.11.2024,2691291,1293327
100242032,10072966,471108,Im Bohl,13,8243 Altdorf SH,2920,SH,real,True,15.11.2024,2691245,1293322
100242033,10165970,471110,Wiechserstrasse,15,8243 Altdorf SH,2920,SH,real,True,15.11.2024,2691209,1293291
100242034,10054970,471111,Hegistrasse,2,8243 Altdorf SH,2920,SH,real,True,15.11.2024,2691166,1293269
100242035,10111806,471112,Höfen,2,8243 Altdorf SH,2920,SH,real,True,15.11.2024,2691416,1293286
100242036,10111806,471114,Höfen,6,8243 Altdorf SH,2920,SH,real,True,15.11.2024,2691416,1293260
100242037,10111806,471115,Höfen,7,8243 Altdorf SH,2920,SH,real,True,15.11.2024,2691440,1293252
100242038,10111806,471116,Höfen,1,8243 Altdorf SH,2920,SH,real,True,15.11.2024,2691442,1293293
100242039,10111806,471117,Höfen,3,8243 Altdorf SH,2920,SH,real,True,15.11.2024,2691434,1293270
100242040,10111806,471118,Höfen,5,8243 Altdorf SH,2920,SH,real,True,15.11.2024,2691447,1293269
100242041,10237809,471119,Dorfstrasse,17,8243 Altdorf SH,2920,SH,real,True,15.11.2024,2691480,1293326
100242042,10172660,471122,Unterdorf,7,8243 Altdorf SH,2920,SH,real,True,15.11.2024,2691514,1293285
100242043,10172660,471123,Unterdorf,3,8243 Altdorf SH,2920,SH,real,True,15.11.2024,2691512,1293315
100242044,10237809,471124,Dorfstrasse,15,8243 Altdorf SH,2920,SH,real,True,15.11.2024,2691501,1293332
100242045,10072967,471126,Hüslibach,2,8243 Altdorf SH,2920,SH,real,True,15.11.2024,2691638,1293361
100242046,10237809,471127,Dorfstrasse,12,8243 Altdorf SH,2920,SH,real,True,15.11.2024,2691494,1293374
100242047,10237809,471129,Dorfstrasse,18,8243 Altdorf SH,2920,SH,real,True,15.11.2024,2691450,1293330
100242048,10187861,482013,Schaffhauserstrasse,467,8226 Schleitheim,2952,SH,real,True,15.11.2024,2678922,1287375
100242049,10179741,482014,Lussenhof,401,8226 Schleitheim,2952,SH,real,True,15.11.2024,2679087,1287732
100242050,10026004,482016,Bergwaldhof,408,8226 Schleitheim,2952,SH,real,True,15.11.2024,2678596,1286995
100242051,10053249,482017,Hasental,420,8226 Schleitheim,2952,SH,real,True,15.11.2024,2678031,1287869
100242052,10032578,482020,Schwarzwaldstrasse,48,8226 Schleitheim,2952,SH,real,True,15.11.2024,2677535,1289057
100242053,10031567,482021,Undere Müliweg,6,8226 Schleitheim,2952,SH,real,True,15.11.2024,2677387,1289049
100242054,10085769,482023,Hintereggweg,2,8226 Schleitheim,2952,SH,real,True,15.11.2024,2677173,1288913
100242055,10118363,482024,Aegerten,1,8226 Schleitheim,2952,SH,real,True,15.11.2024,2676596,1288869
100242056,10118363,482025,Aegerten,5,8226 Schleitheim,2952,SH,real,True,15.11.2024,2676511,1288852
100242057,10032578,482026,Schwarzwaldstrasse,70,8226 Schleitheim,2952,SH,real,True,15.11.2024,2676529,1289058
100242224,10178315,473466,Schleitheimerstrasse,18,8222 Beringen,2932,SH,real,True,15.11.2024,2685081,1283651
100242225,10178315,473467,Schleitheimerstrasse,20,8222 Beringen,2932,SH,real,True,15.11.2024,2685060,1283650
100242226,10178315,473468,Schleitheimerstrasse,24,8222 Beringen,2932,SH,real,True,15.11.2024,2685040,1283691
100242227,10018465,473469,Postberg,1,8222 Beringen,2932,SH,real,True,15.11.2024,2685104,1283664
100242228,10178315,473470,Schleitheimerstrasse,21,8222 Beringen,2932,SH,real,False,15.11.2024,2685033,1283628
100242229,10087068,473471,Guntmadingerstrasse,14,8222 Beringen,2932,SH,real,True,15.11.2024,2684959,1283503
100242230,10073640,473472,Höhenweg,10,8222 Beringen,2932,SH,real,True,15.11.2024,2685022,1283734
100242231,10018465,473473,Postberg,3,8222 Beringen,2932,SH,real,True,15.11.2024,2685109,1283685
100242232,10018465,473474,Postberg,4,8222 Beringen,2932,SH,real,True,15.11.2024,2685117,1283672
100242233,10018465,473475,Postberg,7,8222 Beringen,2932,SH,real,True,15.11.2024,2685105,1283703
100242234,10018465,473477,Postberg,11,8222 Beringen,2932,SH,real,True,15.11.2024,2685104,1283726
100242236,10018465,473479,Postberg,13,8222 Beringen,2932,SH,real,True,15.11.2024,2685104,1283734
100242237,10117541,473480,Stalden,24,8222 Beringen,2932,SH,real,True,15.11.2024,2684742,1283553
100242239,10073081,482032,Birkenhof,405,8226 Schleitheim,2952,SH,real,True,15.11.2024,2677497,1287903
100242240,10187859,482033,Alphof,409,8226 Schleitheim,2952,SH,real,True,15.11.2024,2677375,1287986
100242241,10085776,482034,Waldhof,436,8226 Schleitheim,2952,SH,real,True,15.11.2024,2676354,1287284
100242242,10031565,482035,Uf Alpen,613,8226 Schleitheim,2952,SH,real,True,15.11.2024,2676350,1288201
100242243,10085769,482036,Hintereggweg,432,8226 Schleitheim,2952,SH,real,True,15.11.2024,2677422,1288046
100242244,10053253,482037,Wiesengrund,435,8226 Schleitheim,2952,SH,real,True,15.11.2024,2677283,1288071
100242245,10085769,482038,Hintereggweg,478,8226 Schleitheim,2952,SH,real,True,15.11.2024,2677178,1288480
100242246,10032578,482039,Schwarzwaldstrasse,79,8226 Schleitheim,2952,SH,real,True,15.11.2024,2676405,1289143
100242247,10085767,482042,Flüelistrasse,4,8226 Schleitheim,2952,SH,real,True,15.11.2024,2676507,1289171
100242248,10085767,482043,Flüelistrasse,10,8226 Schleitheim,2952,SH,real,True,15.11.2024,2676525,1289212
100242249,10032573,482044,Oberwiesenweg,2,8226 Schleitheim,2952,SH,real,True,15.11.2024,2676452,1289149
100242250,10085767,482046,Flüelistrasse,8,8226 Schleitheim,2952,SH,real,True,15.11.2024,2676518,1289197
100242251,10026003,482047,Beggingerstrasse,80,8226 Schleitheim,2952,SH,real,True,15.11.2024,2679166,1289928
100242252,10179743,482048,Zunderst Wyler,8,8226 Schleitheim,2952,SH,real,True,15.11.2024,2677981,1288605
100242253,10085775,482051,Tauchergasse,7,8226 Schleitheim,2952,SH,real,True,15.11.2024,2678809,1289405
100242254,10032578,482053,Schwarzwaldstrasse,81,8226 Schleitheim,2952,SH,real,True,15.11.2024,2676388,1289157
100242255,10032578,482054,Schwarzwaldstrasse,75,8226 Schleitheim,2952,SH,real,True,15.11.2024,2676427,1289101
100242256,10032578,482073,Schwarzwaldstrasse,11,8226 Schleitheim,2952,SH,real,True,15.11.2024,2677988,1289056
100242257,10032577,482075,Schuelgässli,5,8226 Schleitheim,2952,SH,real,True,15.11.2024,2678463,1289068
100242258,10032558,482084,Breitestrasse,34,8226 Schleitheim,2952,SH,real,True,15.11.2024,2678156,1288976
100242259,10118148,482087,Salzbrunnenstrasse,15,8226 Schleitheim,2952,SH,real,True,15.11.2024,2678084,1288649
100242260,10032574,482096,Poststrasse,12,8226 Schleitheim,2952,SH,real,True,15.11.2024,2678433,1289315
100242261,10032573,482101,Oberwiesenweg,5,8226 Schleitheim,2952,SH,real,True,15.11.2024,2676448,1289198
100242262,10186575,482102,Obere Hofwiesen,13,8226 Schleitheim,2952,SH,real,True,15.11.2024,2678773,1289638
100242263,10026003,482109,Beggingerstrasse,644.1,8226 Schleitheim,2952,SH,real,True,23.07.2024,2679136,1290048
100242264,10073361,482120,Hofwiesen,6,8226 Schleitheim,2952,SH,real,True,15.11.2024,2678642,1289447
100242265,10073361,482121,Hofwiesen,1,8226 Schleitheim,2952,SH,real,True,15.11.2024,2678592,1289412
100242266,10026003,482169,Beggingerstrasse,84,8226 Schleitheim,2952,SH,real,True,15.11.2024,2679254,1290022
100242267,10026003,482170,Beggingerstrasse,82,8226 Schleitheim,2952,SH,real,True,15.11.2024,2679191,1289958
100242268,10026003,482171,Beggingerstrasse,37,8226 Schleitheim,2952,SH,real,True,15.11.2024,2678806,1289541
100242269,10080409,482179,In der Au,26,8225 Siblingen,2953,SH,real,True,15.11.2024,2681136,1285153
100242270,10080409,482181,In der Au,22,8225 Siblingen,2953,SH,real,True,15.11.2024,2681088,1285167
100242271,10080409,482182,In der Au,20,8225 Siblingen,2953,SH,real,True,15.11.2024,2681064,1285174
100242272,10080409,482183,In der Au,19,8225 Siblingen,2953,SH,real,True,15.11.2024,2681067,1285210
100242273,10080409,482184,In der Au,21,8225 Siblingen,2953,SH,real,True,15.11.2024,2681084,1285201
100242274,10080409,482186,In der Au,14,8225 Siblingen,2953,SH,real,True,15.11.2024,2681144,1285185
100242275,10080409,482187,In der Au,15,8225 Siblingen,2953,SH,real,True,15.11.2024,2681174,1285190
100242276,10080409,482190,In der Au,2,8225 Siblingen,2953,SH,real,True,15.11.2024,2681078,1285228
100242277,10031574,482191,Mühlenstrasse,13,8225 Siblingen,2953,SH,real,True,15.11.2024,2681072,1285263
100242278,10031574,482193,Mühlenstrasse,9,8225 Siblingen,2953,SH,real,True,15.11.2024,2681091,1285317
100242279,10031574,482194,Mühlenstrasse,3,8225 Siblingen,2953,SH,real,True,15.11.2024,2681103,1285350
100242280,10080408,482197,Hauptstrasse,55,8225 Siblingen,2953,SH,real,True,15.11.2024,2681129,1285409
100242281,10080408,482198,Hauptstrasse,57,8225 Siblingen,2953,SH,real,True,15.11.2024,2681072,1285400
100242282,10080408,482199,Hauptstrasse,59,8225 Siblingen,2953,SH,real,True,15.11.2024,2681077,1285420
100242283,10080408,482200,Hauptstrasse,61,8225 Siblingen,2953,SH,real,True,15.11.2024,2681039,1285427
100242284,10080408,482201,Hauptstrasse,63,8225 Siblingen,2953,SH,real,True,15.11.2024,2681022,1285426
100242426,10113222,471055,Dorfstrasse,94,8218 Osterfingen,2974,SH,real,True,15.11.2024,2679258,1279671
100242427,10113222,471056,Dorfstrasse,87,8218 Osterfingen,2974,SH,real,True,15.11.2024,2679242,1279691
100242428,10113222,471057,Dorfstrasse,85,8218 Osterfingen,2974,SH,real,True,15.11.2024,2679227,1279694
100242429,10113222,471058,Dorfstrasse,83,8218 Osterfingen,2974,SH,real,True,15.11.2024,2679222,1279696
100242430,10113222,471061,Dorfstrasse,88,8218 Osterfingen,2974,SH,real,True,15.11.2024,2679210,1279682
100242431,10113222,471062,Dorfstrasse,77,8218 Osterfingen,2974,SH,real,True,15.11.2024,2679181,1279696
100242432,10113222,471064,Dorfstrasse,75,8218 Osterfingen,2974,SH,real,True,15.11.2024,2679157,1279697
100242433,10113222,471065,Dorfstrasse,73,8218 Osterfingen,2974,SH,real,True,15.11.2024,2679139,1279696
100242434,10113222,471066,Dorfstrasse,71,8218 Osterfingen,2974,SH,real,True,15.11.2024,2679120,1279695
100242435,10113222,471067,Dorfstrasse,69,8218 Osterfingen,2974,SH,real,True,15.11.2024,2679106,1279694
100242436,10113222,471068,Dorfstrasse,67,8218 Osterfingen,2974,SH,real,True,15.11.2024,2679092,1279697
100242437,10113222,471069,Dorfstrasse,82,8218 Osterfingen,2974,SH,real,True,15.11.2024,2679096,1279677
100242438,10113222,471072,Dorfstrasse,76,8218 Osterfingen,2974,SH,real,True,15.11.2024,2679042,1279673
100242439,10113222,471073,Dorfstrasse,70,8218 Osterfingen,2974,SH,real,True,15.11.2024,2678997,1279679
100242440,10113222,471075,Dorfstrasse,63,8218 Osterfingen,2974,SH,real,True,15.11.2024,2679025,1279697
100242441,10113222,471076,Dorfstrasse,61,8218 Osterfingen,2974,SH,real,True,15.11.2024,2678968,1279709
100242442,10113222,471077,Dorfstrasse,66,8218 Osterfingen,2974,SH,real,True,15.11.2024,2678976,1279669
100242443,10113222,471079,Dorfstrasse,60,8218 Osterfingen,2974,SH,real,True,15.11.2024,2678951,1279654
100242444,10113222,471080,Dorfstrasse,59b,8218 Osterfingen,2974,SH,real,True,15.11.2024,2678944,1279724
100242445,10113222,471081,Dorfstrasse,59,8218 Osterfingen,2974,SH,real,True,15.11.2024,2678914,1279724
100242446,10113222,471082,Dorfstrasse,56,8218 Osterfingen,2974,SH,real,True,15.11.2024,2678936,1279680
100242447,10113222,471083,Dorfstrasse,57,8218 Osterfingen,2974,SH,real,True,15.11.2024,2678888,1279697
100242448,10113222,471084,Dorfstrasse,54,8218 Osterfingen,2974,SH,real,True,15.11.2024,2678890,1279679
100242449,10113222,471085,Dorfstrasse,52,8218 Osterfingen,2974,SH,real,True,15.11.2024,2678859,1279672
100242450,10113222,471086,Dorfstrasse,55,8218 Osterfingen,2974,SH,real,True,15.11.2024,2678855,1279692
100242451,10113222,471087,Dorfstrasse,53,8218 Osterfingen,2974,SH,real,True,15.11.2024,2678830,1279683
100242452,10113222,471088,Dorfstrasse,51,8218 Osterfingen,2974,SH,real,True,15.11.2024,2678814,1279680
100242453,10113222,471089,Dorfstrasse,49,8218 Osterfingen,2974,SH,real,True,15.11.2024,2678793,1279673
100242454,10120400,471092,Trottenweg,21,8218 Osterfingen,2974,SH,real,True,15.11.2024,2678808,1279761
100242455,10120400,471093,Trottenweg,9,8218 Osterfingen,2974,SH,real,True,15.11.2024,2678946,1279748
100242456,10120400,471094,Trottenweg,5,8218 Osterfingen,2974,SH,real,True,15.11.2024,2678998,1279742
100242457,10120400,471095,Trottenweg,1,8218 Osterfingen,2974,SH,real,True,15.11.2024,2679037,1279722
100242458,10120400,471096,Trottenweg,3,8218 Osterfingen,2974,SH,real,True,15.11.2024,2679021,1279733
100242460,10072966,471098,Im Bohl,2,8243 Altdorf SH,2920,SH,real,True,15.11.2024,2691381,1293343
100242461,10072966,471099,Im Bohl,6,8243 Altdorf SH,2920,SH,real,True,15.11.2024,2691373,1293356
100242462,10091239,474118,Ledergasse,16,8232 Merishausen,2936,SH,real,True,15.11.2024,2687629,1290889
100242464,10091239,474120,Ledergasse,12a,8232 Merishausen,2936,SH,real,True,15.11.2024,2687616,1290855
100242465,10091239,474121,Ledergasse,17,8232 Merishausen,2936,SH,real,True,15.11.2024,2687594,1290898
100242467,10091239,474122,Ledergasse,13,8232 Merishausen,2936,SH,real,True,15.11.2024,2687601,1290863
100242468,10091239,474123,Ledergasse,15,8232 Merishausen,2936,SH,real,True,15.11.2024,2687578,1290861
100242469,10091239,474125,Ledergasse,9,8232 Merishausen,2936,SH,real,True,15.11.2024,2687591,1290848
100242470,10091239,474127,Ledergasse,5,8232 Merishausen,2936,SH,real,True,15.11.2024,2687616,1290835
100242471,10019580,474128,Brunngasse,2,8232 Merishausen,2936,SH,real,True,15.11.2024,2687798,1290525
100242472,10192059,474129,Im Hof,1,8232 Merishausen,2936,SH,real,True,15.11.2024,2687780,1290532
100242473,10108015,474131,Hauptstrasse,43,8232 Merishausen,2936,SH,real,True,15.11.2024,2687814,1290552
100242474,10108015,474132,Hauptstrasse,45,8232 Merishausen,2936,SH,real,True,15.11.2024,2687801,1290577
100242475,10108015,474134,Hauptstrasse,47,8232 Merishausen,2936,SH,real,True,15.11.2024,2687797,1290600
100242476,10108015,474135,Hauptstrasse,51,8232 Merishausen,2936,SH,real,True,15.11.2024,2687768,1290668
100242477,10108015,474136,Hauptstrasse,53,8232 Merishausen,2936,SH,real,True,15.11.2024,2687758,1290691
100242478,10108015,474138,Hauptstrasse,59,8232 Merishausen,2936,SH,real,True,15.11.2024,2687748,1290714
100242479,10108015,474139,Hauptstrasse,61,8232 Merishausen,2936,SH,real,True,15.11.2024,2687726,1290719
100242480,10108015,474140,Hauptstrasse,63a,8232 Merishausen,2936,SH,real,True,15.11.2024,2687736,1290738
100242481,10074393,474141,Kirchgasse,1,8232 Merishausen,2936,SH,real,True,15.11.2024,2687708,1290746
100242482,10108015,474142,Hauptstrasse,67,8232 Merishausen,2936,SH,real,True,15.11.2024,2687716,1290797
100242483,10108015,474144,Hauptstrasse,65,8232 Merishausen,2936,SH,real,True,15.11.2024,2687716,1290781
100242484,10091237,474145,Hohlgasse,4,8232 Merishausen,2936,SH,real,True,15.11.2024,2687699,1290769
100242485,10091237,474147,Hohlgasse,8,8232 Merishausen,2936,SH,real,True,15.11.2024,2687676,1290770
100242486,10091239,474149,Ledergasse,8,8232 Merishausen,2936,SH,real,True,15.11.2024,2687631,1290843
100242487,10091237,474151,Hohlgasse,10,8232 Merishausen,2936,SH,real,True,15.11.2024,2687638,1290780
100242488,10091237,474155,Hohlgasse,21,8232 Merishausen,2936,SH,real,True,15.11.2024,2687478,1290773
100242489,10091237,474156,Hohlgasse,15,8232 Merishausen,2936,SH,real,True,15.11.2024,2687581,1290753
100242490,10091237,474158,Hohlgasse,1,8232 Merishausen,2936,SH,real,True,15.11.2024,2687694,1290755
100242491,10108015,474161,Hauptstrasse,63b,8232 Merishausen,2936,SH,real,True,15.11.2024,2687718,1290730
100242492,10074393,474162,Kirchgasse,6,8232 Merishausen,2936,SH,real,True,15.11.2024,2687696,1290704
100242493,10074393,474163,Kirchgasse,5,8232 Merishausen,2936,SH,real,True,15.11.2024,2687710,1290683
100242494,10132781,474164,Kirchackerweg,2,8232 Merishausen,2936,SH,real,True,15.11.2024,2687673,1290702
100242495,10074393,474165,Kirchgasse,7,8232 Merishausen,2936,SH,real,True,15.11.2024,2687631,1290579
100242496,10019584,474166,Kirchackerstrasse,1,8232 Merishausen,2936,SH,real,True,15.11.2024,2687732,1290572
100242497,10074392,474168,Aeugstleracker,1,8232 Merishausen,2936,SH,real,True,15.11.2024,2687685,1290135
100242498,10120416,474169,Kerrstrasse,8,8232 Merishausen,2936,SH,real,True,15.11.2024,2687654,1290122
100242551,10135340,482570,In Pratle,9,8261 Hemishofen,2962,SH,real,True,15.11.2024,2704656,1281460
100242552,10179748,482571,Unterdorf,7,8261 Hemishofen,2962,SH,real,True,15.11.2024,2704427,1281504
100242553,10179748,482572,Unterdorf,4,8261 Hemishofen,2962,SH,real,True,15.11.2024,2704409,1281544
100242554,10071686,482573,Dorfstrasse,21,8261 Hemishofen,2962,SH,real,True,15.11.2024,2704419,1281584
100242555,10071686,482574,Dorfstrasse,22,8261 Hemishofen,2962,SH,real,True,15.11.2024,2704447,1281594
100242556,10071686,482575,Dorfstrasse,24,8261 Hemishofen,2962,SH,real,True,15.11.2024,2704427,1281611
100242557,10071686,482576,Dorfstrasse,26,8261 Hemishofen,2962,SH,real,True,15.11.2024,2704414,1281609
100242558,10071686,482577,Dorfstrasse,23,8261 Hemishofen,2962,SH,real,True,15.11.2024,2704410,1281593
100242559,10071686,482579,Dorfstrasse,27,8261 Hemishofen,2962,SH,real,True,15.11.2024,2704387,1281601
100242560,10071686,482581,Dorfstrasse,30,8261 Hemishofen,2962,SH,real,True,15.11.2024,2704378,1281637
100242561,10071686,482583,Dorfstrasse,38,8261 Hemishofen,2962,SH,real,True,15.11.2024,2704354,1281690
100242562,10071686,482584,Dorfstrasse,31,8261 Hemishofen,2962,SH,real,True,15.11.2024,2704273,1281662
100242563,10087214,482585,In Enzwise,8,8261 Hemishofen,2962,SH,real,True,15.11.2024,2704196,1281650
100242564,10071686,482587,Dorfstrasse,33,8261 Hemishofen,2962,SH,planned,False,15.11.2024,2704240,1281676
100242565,10031588,482589,Hörnli,1,8261 Hemishofen,2962,SH,real,True,15.11.2024,2703199,1281889
100242566,10071687,482590,Chollstatt,1,8261 Hemishofen,2962,SH,real,True,15.11.2024,2703232,1282274
100242567,10181358,482591,Grabenackerstrasse,6,8261 Hemishofen,2962,SH,real,True,15.11.2024,2703508,1282683
100242568,10149629,482592,Bolderhof,1,8261 Hemishofen,2962,SH,real,True,15.11.2024,2703806,1282467
100242569,10179747,482593,Im Hafacker,15,8261 Hemishofen,2962,SH,real,True,15.11.2024,2704457,1281592
100242570,10179747,482595,Im Hafacker,18,8261 Hemishofen,2962,SH,real,True,15.11.2024,2704470,1281648
100242571,10179747,482597,Im Hafacker,8,8261 Hemishofen,2962,SH,real,True,15.11.2024,2704492,1281744
100242572,10179747,482598,Im Hafacker,4,8261 Hemishofen,2962,SH,real,True,15.11.2024,2704511,1281775
100242573,10071686,482599,Dorfstrasse,40,8261 Hemishofen,2962,SH,real,True,15.11.2024,2704302,1281673
100242574,10179748,482601,Unterdorf,8,8261 Hemishofen,2962,SH,real,True,15.11.2024,2704427,1281526
100242575,10164640,482602,Hansegässli,7,8261 Hemishofen,2962,SH,real,True,15.11.2024,2704505,1281506
100242576,10164640,482603,Hansegässli,5,8261 Hemishofen,2962,SH,real,True,15.11.2024,2704493,1281508
100242577,10071686,482604,Dorfstrasse,11,8261 Hemishofen,2962,SH,real,True,15.11.2024,2704531,1281554
100242578,10031599,482605,Hofenacker,61,8262 Ramsen,2963,SH,real,True,15.11.2024,2702794,1287365
100242579,10031599,482607,Hofenacker,64,8262 Ramsen,2963,SH,real,True,15.11.2024,2702773,1287378
100242580,10031599,482608,Hofenacker,69,8262 Ramsen,2963,SH,real,True,15.11.2024,2702708,1287413
100242581,10031599,482609,Hofenacker,308,8262 Ramsen,2963,SH,real,True,15.11.2024,2702676,1287464
100242582,10031599,482610,Hofenacker,67,8262 Ramsen,2963,SH,real,True,15.11.2024,2702734,1287409
100242583,10018454,473558,Hagenwiesenweg,3,8222 Beringen,2932,SH,real,True,15.11.2024,2685430,1283369
100242585,10186340,473560,Schaffhauserstrasse,2,8222 Beringen,2932,SH,real,True,15.11.2024,2685359,1283465
100242586,10186340,473561,Schaffhauserstrasse,12,8222 Beringen,2932,SH,real,True,15.11.2024,2685413,1283429
100242587,10186340,473562,Schaffhauserstrasse,16,8222 Beringen,2932,SH,real,True,15.11.2024,2685443,1283474
100242588,10186340,473563,Schaffhauserstrasse,18,8222 Beringen,2932,SH,real,True,15.11.2024,2685470,1283474
100242589,10186340,473564,Schaffhauserstrasse,28,8222 Beringen,2932,SH,real,True,15.11.2024,2685550,1283454
100242590,10186340,473565,Schaffhauserstrasse,30,8222 Beringen,2932,SH,real,True,15.11.2024,2685555,1283419
100242591,10186340,473566,Schaffhauserstrasse,32,8222 Beringen,2932,SH,real,True,15.11.2024,2685567,1283486
100242592,10186340,473567,Schaffhauserstrasse,36,8222 Beringen,2932,SH,real,True,15.11.2024,2685598,1283471
100242593,10186340,473569,Schaffhauserstrasse,42,8222 Beringen,2932,SH,real,True,15.11.2024,2685642,1283442
100242594,10186340,473570,Schaffhauserstrasse,44,8222 Beringen,2932,SH,real,True,15.11.2024,2685631,1283498
100242595,10186340,473571,Schaffhauserstrasse,46,8222 Beringen,2932,SH,real,True,15.11.2024,2685663,1283498
100242677,10018465,473481,Postberg,15,8222 Beringen,2932,SH,real,True,15.11.2024,2685104,1283741
100242678,10018465,473482,Postberg,22,8222 Beringen,2932,SH,real,True,15.11.2024,2685145,1283779
100242679,10018448,473483,Biberichweg,14,8222 Beringen,2932,SH,real,True,15.11.2024,2684991,1283857
100242680,10018448,473486,Biberichweg,26,8222 Beringen,2932,SH,real,True,15.11.2024,2684926,1283898
100242681,10018448,473487,Biberichweg,28,8222 Beringen,2932,SH,real,True,15.11.2024,2684903,1283892
100242682,10018448,473488,Biberichweg,30,8222 Beringen,2932,SH,real,True,15.11.2024,2684901,1283891
100242683,10018448,473489,Biberichweg,32,8222 Beringen,2932,SH,real,True,15.11.2024,2684891,1283890
100242684,10018448,473490,Biberichweg,34,8222 Beringen,2932,SH,real,True,15.11.2024,2684889,1283890
100242685,10018448,473491,Biberichweg,37,8222 Beringen,2932,SH,real,True,15.11.2024,2684827,1283863
100242686,10018448,473493,Biberichweg,39,8222 Beringen,2932,SH,real,True,15.11.2024,2684789,1283884
100242687,10073638,473494,Haldenweg,1,8222 Beringen,2932,SH,real,True,15.11.2024,2684816,1283930
100242688,10073640,473498,Höhenweg,11,8222 Beringen,2932,SH,real,True,15.11.2024,2685002,1283780
100242689,10073637,473499,Gärtliweg,3,8222 Beringen,2932,SH,real,True,15.11.2024,2684976,1283732
100242690,10073637,473501,Gärtliweg,5,8222 Beringen,2932,SH,real,True,15.11.2024,2684955,1283736
100242691,10073637,473503,Gärtliweg,9,8222 Beringen,2932,SH,real,True,15.11.2024,2684913,1283751
100242692,10073637,473504,Gärtliweg,13,8222 Beringen,2932,SH,real,True,15.11.2024,2684890,1283752
100242693,10073637,473505,Gärtliweg,15,8222 Beringen,2932,SH,real,True,15.11.2024,2684877,1283762
100242694,10073637,473506,Gärtliweg,17,8222 Beringen,2932,SH,real,True,15.11.2024,2684857,1283767
100242695,10178315,473509,Schleitheimerstrasse,42a,8222 Beringen,2932,SH,real,True,15.11.2024,2684856,1283726
100242696,10091226,473511,Zelgstrasse,2,8222 Beringen,2932,SH,real,True,15.11.2024,2685280,1283452
100242697,10091226,473512,Zelgstrasse,12,8222 Beringen,2932,SH,real,True,15.11.2024,2685191,1283421
100242698,10019553,473514,Unterdorf,7,8222 Beringen,2932,SH,real,True,15.11.2024,2685294,1283509
100242699,10019553,473516,Unterdorf,11,8222 Beringen,2932,SH,real,True,15.11.2024,2685277,1283503
100242700,10019553,473517,Unterdorf,13,8222 Beringen,2932,SH,real,True,15.11.2024,2685287,1283520
100242701,10019553,473518,Unterdorf,15,8222 Beringen,2932,SH,real,True,15.11.2024,2685272,1283546
100242702,10019553,473519,Unterdorf,17,8222 Beringen,2932,SH,real,True,15.11.2024,2685275,1283513
100242703,10019553,473521,Unterdorf,21,8222 Beringen,2932,SH,real,True,15.11.2024,2685246,1283549
100242704,10019553,473522,Unterdorf,23,8222 Beringen,2932,SH,real,True,15.11.2024,2685254,1283560
100242705,10019553,473523,Unterdorf,25,8222 Beringen,2932,SH,real,True,15.11.2024,2685244,1283572
100242706,10019553,473524,Unterdorf,27,8222 Beringen,2932,SH,real,True,15.11.2024,2685243,1283578
100242707,10019553,473525,Unterdorf,31,8222 Beringen,2932,SH,real,True,15.11.2024,2685227,1283602
100242708,10019553,473527,Unterdorf,33,8222 Beringen,2932,SH,real,True,15.11.2024,2685205,1283609
100242709,10019553,473529,Unterdorf,37,8222 Beringen,2932,SH,real,True,15.11.2024,2685207,1283629
100242710,10019553,473530,Unterdorf,39,8222 Beringen,2932,SH,real,True,15.11.2024,2685204,1283643
100242711,10178315,473532,Schleitheimerstrasse,5,8222 Beringen,2932,SH,real,True,15.11.2024,2685176,1283654
100242712,10178315,473534,Schleitheimerstrasse,9,8222 Beringen,2932,SH,real,True,15.11.2024,2685152,1283651
100242713,10087071,473536,Klösterli,5,8222 Beringen,2932,SH,real,True,15.11.2024,2685199,1283578
100242714,10087071,473537,Klösterli,4,8222 Beringen,2932,SH,real,True,15.11.2024,2685200,1283597
100242715,10087071,473538,Klösterli,6,8222 Beringen,2932,SH,real,True,15.11.2024,2685187,1283592
100242716,10087071,473539,Klösterli,8,8222 Beringen,2932,SH,real,True,15.11.2024,2685162,1283590
100242717,10087071,473540,Klösterli,14,8222 Beringen,2932,SH,real,True,15.11.2024,2685126,1283591
100242718,10087071,473541,Klösterli,13,8222 Beringen,2932,SH,real,True,15.11.2024,2685130,1283576
100242719,10087071,473542,Klösterli,16,8222 Beringen,2932,SH,real,True,15.11.2024,2685110,1283591
100242720,10087071,473543,Klösterli,19,8222 Beringen,2932,SH,real,True,15.11.2024,2685071,1283569
100242721,10087071,473546,Klösterli,17,8222 Beringen,2932,SH,real,True,15.11.2024,2685111,1283558
100242722,10178315,473547,Schleitheimerstrasse,15,8222 Beringen,2932,SH,real,True,15.11.2024,2685109,1283648
100242723,10178315,473547,Schleitheimerstrasse,13,8222 Beringen,2932,SH,real,True,15.11.2024,2685118,1283645
100242725,10017869,475581,Langrietstrasse,12,8212 Neuhausen am Rheinfall,2937,SH,real,True,15.11.2024,2687257,1281494
100242726,10017869,475583,Langrietstrasse,16,8212 Neuhausen am Rheinfall,2937,SH,real,True,15.11.2024,2687224,1281477
100242727,10017869,475586,Langrietstrasse,22,8212 Neuhausen am Rheinfall,2937,SH,real,True,15.11.2024,2687173,1281434
100242728,10017869,475588,Langrietstrasse,33,8212 Neuhausen am Rheinfall,2937,SH,real,True,15.11.2024,2687098,1281317
100242729,10017869,475589,Langrietstrasse,29,8212 Neuhausen am Rheinfall,2937,SH,real,True,15.11.2024,2687114,1281315
100242730,10017869,475590,Langrietstrasse,31,8212 Neuhausen am Rheinfall,2937,SH,real,True,15.11.2024,2687098,1281344
100242731,10017869,475591,Langrietstrasse,27,8212 Neuhausen am Rheinfall,2937,SH,real,True,15.11.2024,2687120,1281349
100242732,10017869,475592,Langrietstrasse,25,8212 Neuhausen am Rheinfall,2937,SH,real,True,15.11.2024,2687148,1281337
100242733,10017869,475593,Langrietstrasse,23,8212 Neuhausen am Rheinfall,2937,SH,real,True,15.11.2024,2687165,1281363
100242734,10017869,475594,Langrietstrasse,21,8212 Neuhausen am Rheinfall,2937,SH,real,True,15.11.2024,2687184,1281385
100242735,10017869,475597,Langrietstrasse,15,8212 Neuhausen am Rheinfall,2937,SH,real,True,15.11.2024,2687254,1281449
100242736,10017869,475598,Langrietstrasse,13,8212 Neuhausen am Rheinfall,2937,SH,real,True,15.11.2024,2687276,1281463
100242737,10017869,475599,Langrietstrasse,11,8212 Neuhausen am Rheinfall,2937,SH,real,True,15.11.2024,2687299,1281475
100242738,10017869,475600,Langrietstrasse,9,8212 Neuhausen am Rheinfall,2937,SH,real,True,15.11.2024,2687321,1281484
100242739,10017869,475602,Langrietstrasse,5,8212 Neuhausen am Rheinfall,2937,SH,real,True,15.11.2024,2687352,1281509
100242740,10017869,475603,Langrietstrasse,8,8212 Neuhausen am Rheinfall,2937,SH,real,True,15.11.2024,2687305,1281528
100242741,10017869,475604,Langrietstrasse,10,8212 Neuhausen am Rheinfall,2937,SH,real,True,15.11.2024,2687285,1281528
100242742,10120419,475607,Töbeliweg,7,8212 Neuhausen am Rheinfall,2937,SH,real,True,15.11.2024,2687419,1281527
100242743,10120419,475609,Töbeliweg,3,8212 Neuhausen am Rheinfall,2937,SH,real,True,15.11.2024,2687445,1281511
100242744,10024922,471041,Marktweg,8,8218 Osterfingen,2974,SH,real,True,15.11.2024,2678601,1279743
100242745,10024922,471042,Marktweg,6,8218 Osterfingen,2974,SH,real,True,15.11.2024,2678614,1279712
100242746,10152452,471043,Nassackerstrasse,6,8218 Osterfingen,2974,SH,real,True,15.11.2024,2678567,1279655
100242747,10152452,471044,Nassackerstrasse,4,8218 Osterfingen,2974,SH,real,True,15.11.2024,2678544,1279647
100242748,10152452,471045,Nassackerstrasse,3,8218 Osterfingen,2974,SH,real,True,15.11.2024,2678504,1279658
100242749,10152452,471046,Nassackerstrasse,2,8218 Osterfingen,2974,SH,real,True,15.11.2024,2678514,1279637
100242750,10021939,471047,Im Fischer,4,8218 Osterfingen,2974,SH,real,True,15.11.2024,2678486,1279617
100242751,10021939,471048,Im Fischer,6,8218 Osterfingen,2974,SH,real,True,15.11.2024,2678435,1279636
100242752,10021939,471049,Im Fischer,8,8218 Osterfingen,2974,SH,real,True,15.11.2024,2678419,1279638
100242753,10021939,471050,Im Fischer,10,8218 Osterfingen,2974,SH,real,True,15.11.2024,2678405,1279630
100242754,10021939,471051,Im Fischer,11,8218 Osterfingen,2974,SH,real,True,15.11.2024,2678368,1279609
100242755,10113222,471052,Dorfstrasse,17,8218 Osterfingen,2974,SH,real,True,15.11.2024,2678289,1279546
100242756,10024925,471053,Zollstrasse,3,8218 Osterfingen,2974,SH,real,True,15.11.2024,2678351,1279264
100242757,10186340,473572,Schaffhauserstrasse,8,8222 Beringen,2932,SH,real,True,15.11.2024,2685403,1283470
100242759,10018462,473575,Oberberg,3,8222 Beringen,2932,SH,real,True,15.11.2024,2685569,1283859
100242760,10018462,473576,Oberberg,1,8222 Beringen,2932,SH,real,True,15.11.2024,2685553,1283855
100242761,10018450,473577,Eggeweg,18,8222 Beringen,2932,SH,real,True,15.11.2024,2685526,1283900
100242762,10018450,473578,Eggeweg,20,8222 Beringen,2932,SH,real,True,15.11.2024,2685514,1283926
100242763,10018450,473579,Eggeweg,22,8222 Beringen,2932,SH,real,True,15.11.2024,2685520,1283958
100242764,10018450,473580,Eggeweg,24,8222 Beringen,2932,SH,real,True,15.11.2024,2685500,1283974
100242765,10018450,473582,Eggeweg,28,8222 Beringen,2932,SH,real,True,15.11.2024,2685481,1284029
100242766,10018450,473584,Eggeweg,34,8222 Beringen,2932,SH,real,True,15.11.2024,2685466,1284089
100242767,10018450,473585,Eggeweg,36,8222 Beringen,2932,SH,real,True,15.11.2024,2685468,1284112
100242768,10018450,473586,Eggeweg,38,8222 Beringen,2932,SH,real,True,15.11.2024,2685463,1284140
100242769,10018450,473587,Eggeweg,40,8222 Beringen,2932,SH,real,True,15.11.2024,2685448,1284161
100242770,10018469,473591,Schönebueche,34,8222 Beringen,2932,SH,real,True,15.11.2024,2685506,1284178
100242771,10018469,473593,Schönebueche,32,8222 Beringen,2932,SH,real,True,15.11.2024,2685517,1284161
100242772,10018469,473594,Schönebueche,29,8222 Beringen,2932,SH,real,True,15.11.2024,2685507,1284122
100242773,10018469,473595,Schönebueche,25,8222 Beringen,2932,SH,real,True,15.11.2024,2685508,1284101
100242774,10018469,473596,Schönebueche,24,8222 Beringen,2932,SH,real,True,15.11.2024,2685530,1284095
100242775,10018469,473599,Schönebueche,21,8222 Beringen,2932,SH,real,True,15.11.2024,2685515,1284041
100242776,10018469,473600,Schönebueche,20,8222 Beringen,2932,SH,real,True,15.11.2024,2685534,1284038
100242777,10018469,473601,Schönebueche,18,8222 Beringen,2932,SH,real,True,15.11.2024,2685544,1284011
100242778,10018469,473603,Schönebueche,16,8222 Beringen,2932,SH,real,True,15.11.2024,2685552,1283992
100242779,10018469,473604,Schönebueche,15,8222 Beringen,2932,SH,real,True,15.11.2024,2685529,1283986
100242780,10018469,473605,Schönebueche,14,8222 Beringen,2932,SH,real,True,15.11.2024,2685555,1283967
100242781,10073643,473607,Obere Schönebueche,,8222 Beringen,2932,SH,real,True,23.07.2024,2685522,1284210
100242782,10018469,473611,Schönebueche,,8222 Beringen,2932,SH,real,True,23.07.2024,2685562,1284049
100242783,10120412,473612,Lieblosental,331,8222 Beringen,2932,SH,real,True,15.11.2024,2684354,1286083
100242784,10120412,473613,Lieblosental,339,8222 Beringen,2932,SH,real,True,15.11.2024,2684779,1285367
100242785,10120412,473614,Lieblosental,607,8222 Beringen,2932,SH,real,True,15.11.2024,2685141,1284764
100242786,10018463,473615,Oberdorf,65,8222 Beringen,2932,SH,real,True,15.11.2024,2685110,1284167
100242787,10073636,473616,Durlängiweg,343,8222 Beringen,2932,SH,real,True,15.11.2024,2684742,1282977
100242788,10019556,473617,Wiesengasse,638.1,8222 Beringen,2932,SH,real,True,23.07.2024,2685529,1283065
100242789,10026334,473618,Trasadingerstrasse,101,8222 Beringen,2932,SH,real,True,15.11.2024,2686696,1283169
100242790,10054982,473620,Blashalde,236c,8222 Beringen,2932,SH,real,True,15.11.2024,2685203,1286226
100242791,10185490,473621,Hägliloh,237,8222 Beringen,2932,SH,real,True,15.11.2024,2685028,1286716
100242792,10018444,473622,Abendhalde,13,8222 Beringen,2932,SH,real,True,15.11.2024,2684640,1283866
100242793,10120412,473624,Lieblosental,332,8222 Beringen,2932,SH,real,True,15.11.2024,2684939,1285573
100242794,10018445,473625,Auf der Egg,,8222 Beringen,2932,SH,real,True,23.07.2024,2685671,1285032
100242795,10054983,473626,Käserhalde,,8222 Beringen,2932,SH,real,True,23.07.2024,2684594,1285543
100242796,10019559,473627,Erlistrasse,62,8454 Buchberg,2933,SH,real,True,15.11.2024,2684039,1269915
100242797,10019559,473628,Erlistrasse,60,8454 Buchberg,2933,SH,real,True,15.11.2024,2684053,1269934
100242798,10118141,473629,Birkenstrasse,22,8454 Buchberg,2933,SH,real,True,15.11.2024,2684099,1269965
100242799,10118141,473630,Birkenstrasse,20,8454 Buchberg,2933,SH,real,True,15.11.2024,2684121,1269983
100242800,10073652,473631,Hurbigstrasse,27,8454 Buchberg,2933,SH,real,True,15.11.2024,2684144,1270009
100242802,10178316,473635,Birkenweg,4,8454 Buchberg,2933,SH,real,True,15.11.2024,2684314,1270047
100242803,10073652,473637,Hurbigstrasse,24,8454 Buchberg,2933,SH,real,True,15.11.2024,2684395,1270027
100242804,10073652,473638,Hurbigstrasse,15,8454 Buchberg,2933,SH,real,True,15.11.2024,2684368,1270034
100242805,10118141,473642,Birkenstrasse,10,8454 Buchberg,2933,SH,real,True,15.11.2024,2684243,1270012
100242806,10118141,473643,Birkenstrasse,12,8454 Buchberg,2933,SH,real,True,15.11.2024,2684222,1270008
100242807,10118141,473644,Birkenstrasse,14,8454 Buchberg,2933,SH,real,True,15.11.2024,2684198,1270006
100242808,10019559,473645,Erlistrasse,54,8454 Buchberg,2933,SH,real,True,15.11.2024,2684121,1269938
100242809,10019559,473646,Erlistrasse,55,8454 Buchberg,2933,SH,real,True,15.11.2024,2684092,1269896
100242810,10019559,473647,Erlistrasse,52,8454 Buchberg,2933,SH,real,True,15.11.2024,2684149,1269945
100242812,10019559,473650,Erlistrasse,38,8454 Buchberg,2933,SH,real,True,15.11.2024,2684266,1269936
100242813,10161515,473651,Meierhofweg,1,8454 Buchberg,2933,SH,real,True,15.11.2024,2684295,1269934
100242814,10019559,473652,Erlistrasse,39,8454 Buchberg,2933,SH,real,True,15.11.2024,2684250,1269910
100242815,10019559,473653,Erlistrasse,32,8454 Buchberg,2933,SH,real,True,15.11.2024,2684347,1269913
100242816,10019559,473656,Erlistrasse,24,8454 Buchberg,2933,SH,real,True,15.11.2024,2684422,1269890
100242817,10019559,473657,Erlistrasse,20,8454 Buchberg,2933,SH,real,True,15.11.2024,2684438,1269869
100242818,10073652,473658,Hurbigstrasse,5,8454 Buchberg,2933,SH,real,True,15.11.2024,2684426,1269922
100242819,10019559,473660,Erlistrasse,30,8454 Buchberg,2933,SH,real,True,15.11.2024,2684385,1269933
100242820,10161513,473661,Hurbiggasse,4,8454 Buchberg,2933,SH,real,True,15.11.2024,2684379,1269964
100242821,10161513,473662,Hurbiggasse,2,8454 Buchberg,2933,SH,real,True,15.11.2024,2684404,1269972
100242822,10118141,473663,Birkenstrasse,7,8454 Buchberg,2933,SH,real,True,19.11.2024,2684309,1269996
100242823,10118141,473665,Birkenstrasse,3,8454 Buchberg,2933,SH,real,True,15.11.2024,2684359,1270003
100242824,10073652,473668,Hurbigstrasse,18,8454 Buchberg,2933,SH,real,True,15.11.2024,2684447,1269987
100242825,10073652,473670,Hurbigstrasse,12,8454 Buchberg,2933,SH,real,True,15.11.2024,2684465,1269946
100242826,10019560,473672,Hurbigweg,9,8454 Buchberg,2933,SH,real,True,15.11.2024,2684512,1269920
100242827,10091227,473673,Kindergartenstrasse,11,8454 Buchberg,2933,SH,real,True,15.11.2024,2684534,1269919
100242828,10178594,475699,Irchelstrasse,16,8212 Neuhausen am Rheinfall,2937,SH,real,True,15.11.2024,2687548,1281594
100242829,10178594,475701,Irchelstrasse,18,8212 Neuhausen am Rheinfall,2937,SH,real,True,15.11.2024,2687540,1281589
100242830,10237815,471130,Im Kloster,2,8243 Altdorf SH,2920,SH,real,True,15.11.2024,2691430,1293333
100242831,10237815,471131,Im Kloster,4,8243 Altdorf SH,2920,SH,real,True,15.11.2024,2691426,1293346
100242832,10237815,471132,Im Kloster,6,8243 Altdorf SH,2920,SH,real,True,15.11.2024,2691413,1293347
100242833,10237815,471133,Im Kloster,8,8243 Altdorf SH,2920,SH,real,True,15.11.2024,2691421,1293382
100242834,10237815,471135,Im Kloster,10,8243 Altdorf SH,2920,SH,real,True,15.11.2024,2691387,1293394
100242835,10165970,471136,Wiechserstrasse,9,8243 Altdorf SH,2920,SH,real,True,15.11.2024,2691355,1293425
100242836,10024930,471137,Neustrasse,1,8243 Altdorf SH,2920,SH,real,True,15.11.2024,2691402,1293488
100242837,10024930,471138,Neustrasse,2,8243 Altdorf SH,2920,SH,real,True,15.11.2024,2691457,1293494
100242838,10024929,471139,Im Leuen,3,8243 Altdorf SH,2920,SH,real,True,15.11.2024,2691494,1293510
100242839,10024929,471140,Im Leuen,4,8243 Altdorf SH,2920,SH,real,True,15.11.2024,2691511,1293468
100242840,10024929,471141,Im Leuen,6,8243 Altdorf SH,2920,SH,real,True,15.11.2024,2691559,1293425
100242841,10024929,471142,Im Leuen,9,8243 Altdorf SH,2920,SH,real,True,15.11.2024,2691593,1293446
100242842,10072967,471143,Hüslibach,7,8243 Altdorf SH,2920,SH,real,True,15.11.2024,2691632,1293393
100242897,10031613,482692,Wydenhagweg,479,8262 Ramsen,2963,SH,real,True,15.11.2024,2702899,1285362
100242898,10031613,482693,Wydenhagweg,466,8262 Ramsen,2963,SH,real,True,15.11.2024,2702919,1285367
100242899,10031613,482694,Wydenhagweg,474,8262 Ramsen,2963,SH,real,True,15.11.2024,2702938,1285339
100242900,10031597,482696,Buttelestrasse,220,8262 Ramsen,2963,SH,real,True,15.11.2024,2702973,1285203
100242901,10031597,482697,Buttelestrasse,219,8262 Ramsen,2963,SH,real,True,15.11.2024,2702959,1285198
100242902,10031597,482698,Buttelestrasse,236,8262 Ramsen,2963,SH,real,True,15.11.2024,2702899,1285168
100242903,10071694,482703,Oberdorf,192,8262 Ramsen,2963,SH,real,True,15.11.2024,2702829,1285165
100242904,10071694,482704,Oberdorf,187a,8262 Ramsen,2963,SH,real,True,15.11.2024,2702796,1285177
100242905,10071694,482706,Oberdorf,189,8262 Ramsen,2963,SH,real,True,15.11.2024,2702790,1285171
100242906,10071694,482707,Oberdorf,191,8262 Ramsen,2963,SH,real,True,15.11.2024,2702816,1285163
100242907,10071694,482708,Oberdorf,186,8262 Ramsen,2963,SH,real,True,15.11.2024,2702766,1285184
100242908,10071694,482709,Oberdorf,182,8262 Ramsen,2963,SH,real,True,15.11.2024,2702808,1285140
100242909,10027503,470838,Gigebuck,35,8213 Neunkirch,2904,SH,real,True,15.11.2024,2679033,1282213
100242910,10027503,470840,Gigebuck,39,8213 Neunkirch,2904,SH,real,True,15.11.2024,2679024,1282224
100242913,10027503,470841,Gigebuck,41,8213 Neunkirch,2904,SH,real,True,15.11.2024,2679020,1282228
100242914,10027503,470842,Gigebuck,43,8213 Neunkirch,2904,SH,real,True,15.11.2024,2679035,1282239
100242915,10027503,470843,Gigebuck,45,8213 Neunkirch,2904,SH,real,True,15.11.2024,2679040,1282241
100242916,10027507,470846,Kleines Gässli,2,8213 Neunkirch,2904,SH,real,True,15.11.2024,2679476,1282575
100242917,10117538,470847,Kleiner Letten,5,8213 Neunkirch,2904,SH,real,True,15.11.2024,2679452,1282533
100242918,10117538,470848,Kleiner Letten,3,8213 Neunkirch,2904,SH,real,True,15.11.2024,2679439,1282530
100242919,10117538,470849,Kleiner Letten,7,8213 Neunkirch,2904,SH,real,True,15.11.2024,2679432,1282496
100242959,10024945,471467,Hinterdorf,29,8239 Dörflingen,2915,SH,real,True,15.11.2024,2696627,1284447
100242960,10024945,471471,Hinterdorf,18,8239 Dörflingen,2915,SH,real,True,15.11.2024,2696522,1284537
100242961,10024945,471472,Hinterdorf,14,8239 Dörflingen,2915,SH,real,True,15.11.2024,2696501,1284505
100242962,10024945,471474,Hinterdorf,8,8239 Dörflingen,2915,SH,real,True,15.11.2024,2696496,1284559
100242963,10024945,471475,Hinterdorf,6,8239 Dörflingen,2915,SH,real,True,15.11.2024,2696489,1284589
100242964,10024945,471476,Hinterdorf,1,8239 Dörflingen,2915,SH,real,True,15.11.2024,2696505,1284597
100242965,10024952,471478,Rheinstrasse,7,8239 Dörflingen,2915,SH,real,True,15.11.2024,2696458,1284544
100242966,10024952,471480,Rheinstrasse,19,8239 Dörflingen,2915,SH,real,True,15.11.2024,2696422,1284341
100242967,10024950,471481,Obere Laag,147a,8239 Dörflingen,2915,SH,real,True,15.11.2024,2696467,1283404
100242968,10024950,471483,Obere Laag,147,8239 Dörflingen,2915,SH,real,True,15.11.2024,2696481,1283407
100242969,10024950,471484,Obere Laag,151,8239 Dörflingen,2915,SH,real,True,15.11.2024,2696502,1283387
100242970,10024950,471486,Obere Laag,119,8239 Dörflingen,2915,SH,real,True,15.11.2024,2696401,1283369
100242971,10132777,471488,Laag,144,8239 Dörflingen,2915,SH,real,True,15.11.2024,2695999,1283125
100242972,10186336,471491,Romenhof,203,8239 Dörflingen,2915,SH,real,True,15.11.2024,2695610,1284903
100242973,10123288,471493,Büsingerstrasse,2,8239 Dörflingen,2915,SH,real,True,15.11.2024,2696102,1284852
100242975,10072975,471497,Im Chloster,4,8239 Dörflingen,2915,SH,real,True,15.11.2024,2696170,1284750
100242976,10072975,471499,Im Chloster,14,8239 Dörflingen,2915,SH,real,True,15.11.2024,2696130,1284722
100242977,10086754,471501,Unterbergstrasse,4,8239 Dörflingen,2915,SH,real,True,15.11.2024,2696098,1284692
100242978,10086754,471502,Unterbergstrasse,8,8239 Dörflingen,2915,SH,real,True,15.11.2024,2696054,1284691
100242979,10086750,471503,Im Unterberg,7,8239 Dörflingen,2915,SH,real,True,15.11.2024,2696030,1284680
100242980,10086754,471504,Unterbergstrasse,10,8239 Dörflingen,2915,SH,real,True,15.11.2024,2696012,1284666
100242981,10086754,471506,Unterbergstrasse,14,8239 Dörflingen,2915,SH,real,True,15.11.2024,2695939,1284658
100242982,10086754,471507,Unterbergstrasse,16,8239 Dörflingen,2915,SH,real,True,15.11.2024,2695922,1284659
100242983,10086754,471509,Unterbergstrasse,20,8239 Dörflingen,2915,SH,real,True,15.11.2024,2695887,1284632
100242984,10086750,471511,Im Unterberg,33,8239 Dörflingen,2915,SH,real,True,15.11.2024,2695796,1284676
100242985,10086750,471512,Im Unterberg,31,8239 Dörflingen,2915,SH,real,True,15.11.2024,2695806,1284686
100242986,10086750,471513,Im Unterberg,35,8239 Dörflingen,2915,SH,real,True,15.11.2024,2695774,1284680
100242987,10086750,471515,Im Unterberg,27,8239 Dörflingen,2915,SH,real,True,15.11.2024,2695855,1284699
100242988,10086750,471516,Im Unterberg,25,8239 Dörflingen,2915,SH,real,True,15.11.2024,2695862,1284697
100242989,10086750,471518,Im Unterberg,21,8239 Dörflingen,2915,SH,real,True,15.11.2024,2695888,1284694
100242990,10086750,471519,Im Unterberg,19,8239 Dörflingen,2915,SH,real,True,15.11.2024,2695912,1284692
100242991,10086750,471522,Im Unterberg,9,8239 Dörflingen,2915,SH,real,True,15.11.2024,2695998,1284695
100243005,10054971,471145,Lindenhof,66.1,8243 Altdorf SH,2920,SH,real,True,23.07.2024,2691308,1294341
100243006,10024926,471146,Egghof,65b,8243 Altdorf SH,2920,SH,real,True,15.11.2024,2691181,1294581
100243007,10024926,471147,Egghof,65,8243 Altdorf SH,2920,SH,real,True,15.11.2024,2691225,1294573
100243008,10072967,471148,Hüslibach,3,8243 Altdorf SH,2920,SH,real,True,15.11.2024,2691587,1293375
100243009,10024927,471149,Föhrenhof,68,8243 Altdorf SH,2920,SH,real,True,15.11.2024,2690747,1294460
100243010,10054972,471150,Regelsrüti,67,8243 Altdorf SH,2920,SH,real,True,15.11.2024,2690670,1294239
100243011,10024928,471151,Häldeli,46,8243 Altdorf SH,2920,SH,real,True,15.11.2024,2691085,1293822
100243012,10167068,471152,Hegaustrasse,11,8241 Barzheim,2920,SH,real,True,15.11.2024,2696208,1291031
100243013,10167068,471153,Hegaustrasse,5,8241 Barzheim,2920,SH,real,True,21.11.2024,2696156,1290857
100243014,10167071,471155,Schlatterstrasse,6,8241 Barzheim,2920,SH,real,True,15.11.2024,2696123,1290796
100243016,10167071,471157,Schlatterstrasse,10,8241 Barzheim,2920,SH,real,True,15.11.2024,2696101,1290806
100243017,10167071,471158,Schlatterstrasse,12,8241 Barzheim,2920,SH,real,True,15.11.2024,2696120,1290861
100243018,10167071,471159,Schlatterstrasse,16,8241 Barzheim,2920,SH,real,True,15.11.2024,2696085,1290823
100243019,10167071,471160,Schlatterstrasse,18,8241 Barzheim,2920,SH,real,True,15.11.2024,2696058,1290840
100243020,10167069,471163,Hinterdorfstrasse,2,8241 Barzheim,2920,SH,real,True,15.11.2024,2696089,1290790
100243021,10167069,471164,Hinterdorfstrasse,4,8241 Barzheim,2920,SH,real,True,15.11.2024,2696083,1290778
100243022,10167069,471165,Hinterdorfstrasse,6,8241 Barzheim,2920,SH,real,True,15.11.2024,2696077,1290767
100243023,10087045,471166,Barzheimerstrasse,116,8241 Barzheim,2920,SH,real,True,15.11.2024,2695992,1290731
100243024,10072968,471167,Im Russler,53,8241 Barzheim,2920,SH,real,True,15.11.2024,2695595,1290631
100243025,10087045,471168,Barzheimerstrasse,101,8241 Barzheim,2920,SH,real,True,15.11.2024,2696071,1290697
100243026,10087045,471169,Barzheimerstrasse,102,8241 Barzheim,2920,SH,real,True,15.11.2024,2696093,1290705
100243027,10024931,471170,Im Dorf,6,8241 Barzheim,2920,SH,real,True,15.11.2024,2696117,1290719
100243028,10024931,471171,Im Dorf,2,8241 Barzheim,2920,SH,real,True,15.11.2024,2696141,1290746
100243029,10167071,471173,Schlatterstrasse,3,8241 Barzheim,2920,SH,real,True,15.11.2024,2696133,1290770
100243030,10167068,471174,Hegaustrasse,4,8241 Barzheim,2920,SH,real,True,15.11.2024,2696170,1290827
100243031,10166494,471176,Chirchegass,5,8241 Barzheim,2920,SH,real,True,15.11.2024,2696203,1290797
100243032,10166494,471178,Chirchegass,7,8241 Barzheim,2920,SH,real,True,15.11.2024,2696200,1290776
100243033,10186334,471179,In Gmeindgärte,3,8241 Barzheim,2920,SH,real,True,15.11.2024,2696281,1290792
100243034,10186334,471180,In Gmeindgärte,7,8241 Barzheim,2920,SH,real,True,15.11.2024,2696281,1290808
100243035,10086743,471182,Brunnegass,3,8241 Barzheim,2920,SH,real,True,15.11.2024,2696303,1290729
100243036,10192055,471185,Gänzlerweg,1,8241 Barzheim,2920,SH,real,True,15.11.2024,2696273,1290692
100243037,10167070,471186,Mittlerfeldstrasse,10,8241 Barzheim,2920,SH,real,True,15.11.2024,2696190,1290603
100243038,10167070,471187,Mittlerfeldstrasse,2,8241 Barzheim,2920,SH,real,True,15.11.2024,2696093,1290675
100243039,10024931,471190,Im Dorf,9,8241 Barzheim,2920,SH,real,True,15.11.2024,2696132,1290709
100243040,10024931,471191,Im Dorf,,8241 Barzheim,2920,SH,real,True,23.07.2024,2696153,1290689
100243041,10024931,471192,Im Dorf,7,8241 Barzheim,2920,SH,real,True,15.11.2024,2696133,1290699
100243042,10024931,471193,Im Dorf,3,8241 Barzheim,2920,SH,real,True,15.11.2024,2696169,1290757
100243043,10167067,471196,Alte Strasse,10,8241 Barzheim,2920,SH,real,True,15.11.2024,2695993,1290612
100243044,10118351,471197,Im Junkholz,1,8241 Barzheim,2920,SH,real,True,15.11.2024,2695887,1290373
100243045,10118351,471198,Im Junkholz,5,8241 Barzheim,2920,SH,real,True,15.11.2024,2695884,1290409
100243046,10118351,471201,Im Junkholz,10,8241 Barzheim,2920,SH,real,True,15.11.2024,2695990,1290308
100243047,10118351,471202,Im Junkholz,12,8241 Barzheim,2920,SH,real,True,15.11.2024,2696014,1290291
100243048,10161002,471203,Untere Junkholzstrasse,11,8241 Barzheim,2920,SH,real,True,15.11.2024,2695996,1290260
100243049,10161002,471205,Untere Junkholzstrasse,7,8241 Barzheim,2920,SH,real,True,15.11.2024,2695949,1290292
100243050,10161002,471206,Untere Junkholzstrasse,5,8241 Barzheim,2920,SH,real,True,15.11.2024,2695922,1290309
100243051,10185474,471207,Thayngerstrasse,58,8242 Bibern SH,2920,SH,real,True,15.11.2024,2693219,1291692
100243052,10237813,471208,Frohsinnweg,4,8242 Bibern SH,2920,SH,real,True,15.11.2024,2693040,1291976
100243053,10120403,471209,Hauptstrasse,34,8242 Bibern SH,2920,SH,real,True,15.11.2024,2693050,1292032
100243054,10237811,471210,Dorfstrasse,27,8242 Bibern SH,2920,SH,real,True,15.11.2024,2693030,1292030
100243055,10237811,471211,Dorfstrasse,31,8242 Bibern SH,2920,SH,real,True,15.11.2024,2693026,1292012
100243056,10237811,471212,Dorfstrasse,19,8242 Bibern SH,2920,SH,real,True,15.11.2024,2692965,1292034
100243057,10237811,471213,Dorfstrasse,26,8242 Bibern SH,2920,SH,real,True,15.11.2024,2692916,1292039
100243058,10237811,471214,Dorfstrasse,24,8242 Bibern SH,2920,SH,real,True,15.11.2024,2692897,1292045
100243059,10237811,471215,Dorfstrasse,20,8242 Bibern SH,2920,SH,real,True,15.11.2024,2692862,1292060
100243060,10024932,471216,Bohl,3,8242 Bibern SH,2920,SH,real,True,15.11.2024,2692854,1292045
100243061,10237811,471217,Dorfstrasse,9,8242 Bibern SH,2920,SH,real,True,15.11.2024,2692877,1292072
100243062,10237811,471218,Dorfstrasse,7,8242 Bibern SH,2920,SH,real,True,15.11.2024,2692849,1292078
100243063,10237811,471219,Dorfstrasse,3,8242 Bibern SH,2920,SH,real,True,15.11.2024,2692826,1292092
100243064,10237811,471220,Dorfstrasse,8,8242 Bibern SH,2920,SH,real,True,15.11.2024,2692794,1292100
100243065,10158544,471221,Mülackerstrasse,8,8242 Bibern SH,2920,SH,real,True,15.11.2024,2692776,1292073
100243066,10237811,471223,Dorfstrasse,14,8242 Bibern SH,2920,SH,real,True,15.11.2024,2692811,1292081
100243067,10237811,471224,Dorfstrasse,18,8242 Bibern SH,2920,SH,real,True,15.11.2024,2692830,1292064
100243068,10024932,471225,Bohl,4,8242 Bibern SH,2920,SH,real,True,15.11.2024,2692839,1292038
100243069,10024932,471226,Bohl,5,8242 Bibern SH,2920,SH,real,True,15.11.2024,2692866,1292023
100243070,10024932,471227,Bohl,8,8242 Bibern SH,2920,SH,real,True,15.11.2024,2692865,1292004
100243071,10024932,471228,Bohl,10,8242 Bibern SH,2920,SH,real,True,15.11.2024,2692880,1291997
100243072,10121170,474244,Ob Cheisental,173,8232 Merishausen,2936,SH,real,True,15.11.2024,2684977,1292243
100243073,10121170,474245,Ob Cheisental,182,8232 Merishausen,2936,SH,real,True,15.11.2024,2685026,1292145
100243074,10121170,474246,Ob Cheisental,202,8232 Merishausen,2936,SH,real,True,15.11.2024,2685044,1292206
100243075,10074394,474247,Ob der Randenstaag,234,8232 Merishausen,2936,SH,real,True,15.11.2024,2686106,1290547
100243076,10054990,474248,Obem Guger,216,8232 Merishausen,2936,SH,real,True,15.11.2024,2686033,1292343
100243077,10017850,474249,Örlinger,190,8232 Merishausen,2936,SH,real,True,15.11.2024,2686633,1292710
100243078,10017850,474250,Örlinger,215,8232 Merishausen,2936,SH,real,True,15.11.2024,2686760,1292723
100243079,10017850,474251,Örlinger,232,8232 Merishausen,2936,SH,real,True,15.11.2024,2686694,1292889
100243080,10017850,474252,Örlinger,247,8232 Merishausen,2936,SH,real,True,15.11.2024,2686641,1292812
100243081,10019586,474253,Pfaffendele,185,8232 Merishausen,2936,SH,real,True,15.11.2024,2684818,1291320
100243082,10017843,474254,Randenhorn,168,8232 Merishausen,2936,SH,real,True,15.11.2024,2686298,1290882
100243083,10017843,474255,Randenhorn,171,8232 Merishausen,2936,SH,real,True,15.11.2024,2686105,1291019
100243084,10017843,474256,Randenhorn,172,8232 Merishausen,2936,SH,real,True,15.11.2024,2686357,1290967
100243085,10017843,474257,Randenhorn,227,8232 Merishausen,2936,SH,real,True,15.11.2024,2686085,1290703
100243086,10130544,474258,Randenhornhalde,186,8232 Merishausen,2936,SH,real,True,15.11.2024,2686511,1290929
100243087,10017844,474260,Soo,235,8232 Merishausen,2936,SH,real,True,15.11.2024,2686886,1293132
100243088,10017845,474261,Soohölzli,177,8232 Merishausen,2936,SH,real,True,15.11.2024,2685899,1292423
100243089,10017845,474262,Soohölzli,183,8232 Merishausen,2936,SH,real,True,15.11.2024,2685736,1292311
100243090,10091241,474263,Staanenweg,179,8232 Merishausen,2936,SH,real,True,15.11.2024,2685425,1289998
100243091,10091242,474264,Täuferweg,210,8232 Merishausen,2936,SH,real,True,15.11.2024,2687182,1290106
100243092,10017846,474265,Tigenacker,169,8232 Merishausen,2936,SH,real,True,15.11.2024,2687052,1292751
100243093,10186342,474266,Underem Soohölzli,224,8232 Merishausen,2936,SH,real,True,15.11.2024,2685949,1292393
100243094,10017847,474267,Underes Ätzisloo,152,8232 Merishausen,2936,SH,real,True,15.11.2024,2685014,1291680
100243108,10027515,470851,Stiegweg,2,8213 Neunkirch,2904,SH,real,True,15.11.2024,2679349,1282334
100243109,10027515,470853,Stiegweg,6,8213 Neunkirch,2904,SH,real,True,15.11.2024,2679319,1282289
100243110,10073652,473674,Hurbigstrasse,4,8454 Buchberg,2933,SH,real,True,15.11.2024,2684494,1269868
100243112,10169249,473676,Oberbreitenstrasse,17,8454 Buchberg,2933,SH,real,True,15.11.2024,2684645,1269980
100243113,10091227,473677,Kindergartenstrasse,10,8454 Buchberg,2933,SH,real,True,15.11.2024,2684608,1269955
100243114,10091227,473679,Kindergartenstrasse,4,8454 Buchberg,2933,SH,real,True,15.11.2024,2684624,1269916
100243115,10169249,473681,Oberbreitenstrasse,15,8454 Buchberg,2933,SH,real,True,15.11.2024,2684659,1269951
100243116,10169249,473685,Oberbreitenstrasse,20,8454 Buchberg,2933,SH,real,True,15.11.2024,2684694,1270114
100243117,10169249,473687,Oberbreitenstrasse,18,8454 Buchberg,2933,SH,real,True,15.11.2024,2684693,1270053
100243118,10169249,473688,Oberbreitenstrasse,16,8454 Buchberg,2933,SH,real,True,15.11.2024,2684691,1270026
100243119,10169249,473689,Oberbreitenstrasse,14,8454 Buchberg,2933,SH,real,True,15.11.2024,2684686,1270005
100243120,10169249,473690,Oberbreitenstrasse,12,8454 Buchberg,2933,SH,real,True,15.11.2024,2684689,1269969
100243121,10118356,473691,Förlibuckstrasse,3,8454 Buchberg,2933,SH,real,True,15.11.2024,2684728,1269991
100243122,10118356,473692,Förlibuckstrasse,5,8454 Buchberg,2933,SH,real,True,15.11.2024,2684743,1270025
100243123,10118356,473693,Förlibuckstrasse,7,8454 Buchberg,2933,SH,real,True,15.11.2024,2684732,1270048
100243124,10118356,473696,Förlibuckstrasse,2,8454 Buchberg,2933,SH,real,True,15.11.2024,2684739,1269962
100243125,10178317,473697,Püntstrasse,13,8454 Buchberg,2933,SH,real,True,15.11.2024,2684764,1269936
100243126,10169250,473698,Püntweg,6,8454 Buchberg,2933,SH,real,True,15.11.2024,2684732,1269915
100243127,10169250,473699,Püntweg,5,8454 Buchberg,2933,SH,real,True,15.11.2024,2684723,1269936
100243128,10169250,473700,Püntweg,3,8454 Buchberg,2933,SH,real,True,15.11.2024,2684706,1269923
100243129,10169249,473701,Oberbreitenstrasse,10,8454 Buchberg,2933,SH,real,True,15.11.2024,2684676,1269901
100243130,10178317,473702,Püntstrasse,1,8454 Buchberg,2933,SH,real,True,15.11.2024,2684671,1269867
100243131,10019559,473703,Erlistrasse,6,8454 Buchberg,2933,SH,real,True,15.11.2024,2684572,1269789
100243132,10046605,473704,Dorfstrasse,26,8454 Buchberg,2933,SH,real,True,15.11.2024,2684700,1269801
100243133,10161508,473705,Ausserdorfweg,10,8454 Buchberg,2933,SH,real,True,15.11.2024,2684697,1269824
100243134,10046605,473707,Dorfstrasse,32,8454 Buchberg,2933,SH,real,True,15.11.2024,2684671,1269764
100243135,10046605,473708,Dorfstrasse,34,8454 Buchberg,2933,SH,real,True,15.11.2024,2684666,1269757
100243136,10046605,473710,Dorfstrasse,42,8454 Buchberg,2933,SH,real,True,15.11.2024,2684592,1269733
100243137,10019559,473711,Erlistrasse,1,8454 Buchberg,2933,SH,real,True,15.11.2024,2684575,1269746
100243138,10046605,473712,Dorfstrasse,46,8454 Buchberg,2933,SH,real,True,15.11.2024,2684555,1269728
100243139,10046605,473713,Dorfstrasse,52,8454 Buchberg,2933,SH,real,True,15.11.2024,2684530,1269729
100243140,10073649,473720,Ampelengasse,9,8454 Buchberg,2933,SH,real,True,15.11.2024,2684389,1269848
100243141,10169258,473721,Winkelweg,10,8454 Buchberg,2933,SH,real,True,15.11.2024,2684371,1269785
100243142,10169258,473723,Winkelweg,7,8454 Buchberg,2933,SH,real,True,15.11.2024,2684340,1269781
100243143,10046605,473724,Dorfstrasse,66,8454 Buchberg,2933,SH,real,True,15.11.2024,2684365,1269745
100243144,10046605,473725,Dorfstrasse,72,8454 Buchberg,2933,SH,real,True,15.11.2024,2684306,1269737
100243145,10046605,473726,Dorfstrasse,76,8454 Buchberg,2933,SH,real,True,15.11.2024,2684289,1269734
100243146,10046605,473727,Dorfstrasse,78,8454 Buchberg,2933,SH,real,True,15.11.2024,2684271,1269729
100243147,10046605,473728,Dorfstrasse,80,8454 Buchberg,2933,SH,real,True,15.11.2024,2684263,1269715
100243148,10161510,473729,Gässliweg,4,8454 Buchberg,2933,SH,real,True,15.11.2024,2684246,1269716
100243149,10161510,473730,Gässliweg,8,8454 Buchberg,2933,SH,real,True,15.11.2024,2684232,1269717
100243150,10161510,473731,Gässliweg,6,8454 Buchberg,2933,SH,real,True,15.11.2024,2684231,1269709
100243151,10161510,473732,Gässliweg,3,8454 Buchberg,2933,SH,real,True,15.11.2024,2684241,1269705
100243152,10046605,473735,Dorfstrasse,86,8454 Buchberg,2933,SH,real,True,15.11.2024,2684250,1269662
100243153,10165178,473736,Bodenweg,2,8454 Buchberg,2933,SH,real,True,15.11.2024,2684200,1269669
100243154,10165178,473737,Bodenweg,6,8454 Buchberg,2933,SH,real,True,15.11.2024,2684199,1269680
100243155,10046605,473740,Dorfstrasse,98,8454 Buchberg,2933,SH,real,True,15.11.2024,2684120,1269665
100243156,10165735,473742,Obere Gründelstrasse,4,8454 Buchberg,2933,SH,real,True,15.11.2024,2684062,1269695
100243157,10165735,473743,Obere Gründelstrasse,2,8454 Buchberg,2933,SH,real,True,15.11.2024,2684064,1269671
100243158,10165735,473744,Obere Gründelstrasse,1,8454 Buchberg,2933,SH,real,True,15.11.2024,2684051,1269678
100243159,10165182,473745,Hardliweg,3,8454 Buchberg,2933,SH,real,True,15.11.2024,2684024,1269700
100243160,10046605,473747,Dorfstrasse,116,8454 Buchberg,2933,SH,real,True,15.11.2024,2683912,1269678
100243161,10073650,473748,Bettliackerstrasse,2,8454 Buchberg,2933,SH,real,True,15.11.2024,2683876,1269706
100243162,10019561,473751,Murkathof,2,8454 Buchberg,2933,SH,real,True,15.11.2024,2684287,1268104
100243163,10019561,473752,Murkathof,10,8454 Buchberg,2933,SH,real,True,15.11.2024,2684251,1268030
100243164,10122738,473755,Tannwald,165,8454 Buchberg,2933,SH,real,True,15.11.2024,2683126,1270341
100243165,10073653,473756,Risi,169,8454 Buchberg,2933,SH,real,True,15.11.2024,2682688,1269981
100243166,10165734,473758,Länggstrasse,27,8454 Buchberg,2933,SH,real,True,15.11.2024,2683928,1269369
100243167,10169248,473759,Kleinert,130,8455 Rüdlingen,2933,SH,real,True,15.11.2024,2683278,1270965
100243168,10165734,473763,Länggstrasse,1,8454 Buchberg,2933,SH,real,True,15.11.2024,2684150,1269632
100243169,10046605,473764,Dorfstrasse,97,8454 Buchberg,2933,SH,real,True,15.11.2024,2684177,1269649
100243170,10165180,473765,Gupfenweg,6,8454 Buchberg,2933,SH,real,True,15.11.2024,2684179,1269629
100243172,10165180,473767,Gupfenweg,1,8454 Buchberg,2933,SH,real,True,15.11.2024,2684200,1269637
100243173,10161511,473769,Gupfengasse,1,8454 Buchberg,2933,SH,real,True,15.11.2024,2684230,1269631
100243174,10046605,473770,Dorfstrasse,89,8454 Buchberg,2933,SH,real,True,15.11.2024,2684238,1269637
100243175,10165184,473772,Hüglerstrasse,6,8454 Buchberg,2933,SH,real,True,15.11.2024,2684256,1269633
100243177,10024932,471229,Bohl,11,8242 Bibern SH,2920,SH,real,True,15.11.2024,2692929,1291992
100243179,10086745,471230,Eggrüti,63,8242 Bibern SH,2920,SH,real,True,15.11.2024,2692628,1291629
100243180,10237819,471231,Schützenweg,1,8242 Bibern SH,2920,SH,real,True,15.11.2024,2692726,1292226
100243181,10237819,471232,Schützenweg,3,8242 Bibern SH,2920,SH,real,True,15.11.2024,2692677,1292276
100243182,10120403,471233,Hauptstrasse,9,8242 Bibern SH,2920,SH,real,True,15.11.2024,2692684,1292249
100243183,10120403,471234,Hauptstrasse,8,8242 Bibern SH,2920,SH,real,True,15.11.2024,2692669,1292218
100243184,10120403,471235,Hauptstrasse,4,8242 Bibern SH,2920,SH,real,True,15.11.2024,2692630,1292233
100243185,10120403,471236,Hauptstrasse,7,8242 Bibern SH,2920,SH,real,True,15.11.2024,2692640,1292264
100243186,10120403,471237,Hauptstrasse,5,8242 Bibern SH,2920,SH,real,True,15.11.2024,2692600,1292279
100243187,10120403,471238,Hauptstrasse,3,8242 Bibern SH,2920,SH,real,True,15.11.2024,2692577,1292287
100243188,10185474,471239,Thayngerstrasse,51,8242 Bibern SH,2920,SH,real,True,15.11.2024,2693233,1291732
100243189,10120403,471240,Hauptstrasse,45,8242 Bibern SH,2920,SH,real,True,15.11.2024,2693139,1291916
100243190,10086747,471241,Weinbergstrasse,2,8242 Bibern SH,2920,SH,real,True,15.11.2024,2692854,1292173
100243266,10046612,475613,Zollstrasse,84,8212 Neuhausen am Rheinfall,2937,SH,real,True,15.11.2024,2687402,1281475
100243267,10046612,475614,Zollstrasse,86,8212 Neuhausen am Rheinfall,2937,SH,real,True,15.11.2024,2687371,1281461
100243268,10046612,475615,Zollstrasse,90,8212 Neuhausen am Rheinfall,2937,SH,real,True,15.11.2024,2687293,1281412
100243269,10046612,475616,Zollstrasse,94,8212 Neuhausen am Rheinfall,2937,SH,real,True,15.11.2024,2687225,1281388
100243270,10017869,475617,Langrietstrasse,2,8212 Neuhausen am Rheinfall,2937,SH,real,True,15.11.2024,2687336,1281548
100243271,10017869,475618,Langrietstrasse,4,8212 Neuhausen am Rheinfall,2937,SH,real,True,15.11.2024,2687336,1281567
100243272,10017869,475619,Langrietstrasse,6,8212 Neuhausen am Rheinfall,2937,SH,real,True,15.11.2024,2687336,1281586
100243273,10018160,475620,Schützenstrasse,39,8212 Neuhausen am Rheinfall,2937,SH,real,True,15.11.2024,2687315,1281612
100243274,10018160,475622,Schützenstrasse,41,8212 Neuhausen am Rheinfall,2937,SH,real,True,15.11.2024,2687270,1281590
100243275,10018160,475623,Schützenstrasse,41a,8212 Neuhausen am Rheinfall,2937,SH,real,True,15.11.2024,2687270,1281571
100243336,10072982,471585,Schmittengasse,13,8235 Lohn SH,2917,SH,real,True,15.11.2024,2692283,1290358
100243337,10072982,471586,Schmittengasse,11,8235 Lohn SH,2917,SH,real,True,15.11.2024,2692314,1290324
100243338,10072982,471588,Schmittengasse,5,8235 Lohn SH,2917,SH,real,True,15.11.2024,2692353,1290295
100243339,10072982,471589,Schmittengasse,3,8235 Lohn SH,2917,SH,real,True,15.11.2024,2692360,1290290
100243340,10118353,471590,Ausserdorf,2,8235 Lohn SH,2917,SH,real,True,15.11.2024,2692371,1290271
100243341,10072982,471590,Schmittengasse,1,8235 Lohn SH,2917,SH,real,True,15.11.2024,2692368,1290281
100243342,10118353,471591,Ausserdorf,4,8235 Lohn SH,2917,SH,real,True,15.11.2024,2692365,1290265
100243343,10118353,471592,Ausserdorf,8,8235 Lohn SH,2917,SH,real,True,15.11.2024,2692358,1290258
100243344,10086756,471593,Gässli,4,8235 Lohn SH,2917,SH,real,True,15.11.2024,2692368,1290242
100243345,10118353,471594,Ausserdorf,12,8235 Lohn SH,2917,SH,real,True,15.11.2024,2692337,1290243
100243346,10118353,471596,Ausserdorf,16,8235 Lohn SH,2917,SH,real,True,15.11.2024,2692319,1290221
100243347,10118353,471597,Ausserdorf,7,8235 Lohn SH,2917,SH,real,True,15.11.2024,2692325,1290207
100243348,10118353,471598,Ausserdorf,18,8235 Lohn SH,2917,SH,real,True,15.11.2024,2692311,1290211
100243349,10118353,471599,Ausserdorf,9,8235 Lohn SH,2917,SH,real,True,15.11.2024,2692322,1290199
100243350,10118353,471599,Ausserdorf,11,8235 Lohn SH,2917,SH,real,True,15.11.2024,2692320,1290197
100243351,10024961,471601,In Gärten,4,8235 Lohn SH,2917,SH,real,True,15.11.2024,2692275,1290256
100243352,10118353,471602,Ausserdorf,20,8235 Lohn SH,2917,SH,real,True,15.11.2024,2692281,1290179
100243353,10118353,471603,Ausserdorf,19,8235 Lohn SH,2917,SH,real,True,15.11.2024,2692296,1290165
100243354,10118353,471604,Ausserdorf,23,8235 Lohn SH,2917,SH,real,True,15.11.2024,2692283,1290146
100243355,10118353,471605,Ausserdorf,25,8235 Lohn SH,2917,SH,real,True,15.11.2024,2692272,1290132
100243356,10024959,471609,Dettenwiesweg,5,8235 Lohn SH,2917,SH,real,True,15.11.2024,2692133,1290025
100243357,10024959,471610,Dettenwiesweg,3,8235 Lohn SH,2917,SH,real,True,15.11.2024,2692162,1290021
100243358,10031596,482616,Bibermühle,6,8262 Ramsen,2963,SH,real,True,15.11.2024,2702597,1281915
100243359,10031596,482617,Bibermühle,1,8262 Ramsen,2963,SH,real,True,15.11.2024,2702545,1281897
100243360,10062059,482618,Karollihof,8,8262 Ramsen,2963,SH,real,True,15.11.2024,2703185,1282945
100243361,10071979,482619,Wilen,16,8262 Ramsen,2963,SH,real,True,15.11.2024,2703252,1283812
100243362,10071979,482620,Wilen,11,8262 Ramsen,2963,SH,real,True,15.11.2024,2703254,1283758
100243363,10071979,482623,Wilen,19,8262 Ramsen,2963,SH,real,True,15.11.2024,2703243,1283862
100243364,10071979,482624,Wilen,19g,8262 Ramsen,2963,SH,real,True,15.11.2024,2703249,1283937
100243365,10071979,482625,Wilen,22,8262 Ramsen,2963,SH,real,True,15.11.2024,2703271,1283918
100243366,10071979,482626,Wilen,22e,8262 Ramsen,2963,SH,real,True,15.11.2024,2703288,1283982
100243367,10087226,482628,Wiesholz,37,8262 Ramsen,2963,SH,real,True,15.11.2024,2704820,1285360
100243368,10086747,471243,Weinbergstrasse,3,8242 Bibern SH,2920,SH,real,True,15.11.2024,2692880,1292182
100243369,10086747,471244,Weinbergstrasse,5,8242 Bibern SH,2920,SH,real,True,15.11.2024,2692903,1292176
100243370,10086747,471245,Weinbergstrasse,7,8242 Bibern SH,2920,SH,real,True,15.11.2024,2692917,1292178
100243371,10086747,471246,Weinbergstrasse,13,8242 Bibern SH,2920,SH,real,True,15.11.2024,2692967,1292155
100243372,10086747,471247,Weinbergstrasse,12,8242 Bibern SH,2920,SH,real,True,15.11.2024,2692985,1292134
100243374,10086747,471249,Weinbergstrasse,16,8242 Bibern SH,2920,SH,real,True,15.11.2024,2693010,1292120
100243375,10086747,471250,Weinbergstrasse,21,8242 Bibern SH,2920,SH,real,True,15.11.2024,2693086,1292123
100243376,10086747,471251,Weinbergstrasse,23,8242 Bibern SH,2920,SH,real,True,15.11.2024,2693130,1292118
100243377,10024933,471252,Himmetwislistrasse,1,8242 Bibern SH,2920,SH,real,True,15.11.2024,2693154,1292122
100243378,10086747,471253,Weinbergstrasse,30,8242 Bibern SH,2920,SH,real,True,15.11.2024,2693196,1292111
100243379,10072969,471254,Rosegghof,64,8242 Bibern SH,2920,SH,real,True,15.11.2024,2693431,1292240
100243380,10237817,471255,Rebbergstrasse,11,8242 Bibern SH,2920,SH,real,True,15.11.2024,2693201,1292165
100243381,10237817,471256,Rebbergstrasse,13,8242 Bibern SH,2920,SH,real,True,15.11.2024,2693186,1292175
100243382,10237817,471257,Rebbergstrasse,19,8242 Bibern SH,2920,SH,real,True,15.11.2024,2693127,1292214
100243383,10237817,471258,Rebbergstrasse,21,8242 Bibern SH,2920,SH,real,True,15.11.2024,2693117,1292216
100243384,10237817,471259,Rebbergstrasse,23,8242 Bibern SH,2920,SH,real,True,15.11.2024,2693107,1292215
100243385,10237817,471260,Rebbergstrasse,25,8242 Bibern SH,2920,SH,real,True,15.11.2024,2693097,1292217
100243386,10237817,471261,Rebbergstrasse,27,8242 Bibern SH,2920,SH,real,True,15.11.2024,2693088,1292219
100243387,10024933,471262,Himmetwislistrasse,2,8242 Bibern SH,2920,SH,real,True,15.11.2024,2693172,1292149
100243388,10024933,471263,Himmetwislistrasse,4,8242 Bibern SH,2920,SH,real,True,15.11.2024,2693149,1292155
100243389,10024933,471264,Himmetwislistrasse,8,8242 Bibern SH,2920,SH,real,True,15.11.2024,2693113,1292184
100243390,10024933,471265,Himmetwislistrasse,10,8242 Bibern SH,2920,SH,real,True,15.11.2024,2693086,1292181
100243391,10024933,471266,Himmetwislistrasse,12,8242 Bibern SH,2920,SH,real,True,15.11.2024,2693072,1292191
100243392,10024933,471267,Himmetwislistrasse,3,8242 Bibern SH,2920,SH,real,True,15.11.2024,2693104,1292149
100243393,10024933,471268,Himmetwislistrasse,5,8242 Bibern SH,2920,SH,real,True,15.11.2024,2693078,1292155
100243394,10024933,471269,Himmetwislistrasse,7,8242 Bibern SH,2920,SH,real,True,15.11.2024,2693055,1292161
100243395,10086744,471270,Am Rahn,8,8242 Bibern SH,2920,SH,real,True,15.11.2024,2692895,1292212
100243396,10086744,471271,Am Rahn,6,8242 Bibern SH,2920,SH,real,True,15.11.2024,2692882,1292218
100243397,10086744,471272,Am Rahn,3,8242 Bibern SH,2920,SH,real,True,15.11.2024,2692866,1292216
100243398,10086744,471273,Am Rahn,1,8242 Bibern SH,2920,SH,real,True,15.11.2024,2692856,1292205
100243400,10086747,471275,Weinbergstrasse,1,8242 Bibern SH,2920,SH,real,True,15.11.2024,2692825,1292190
100243401,10120403,471276,Hauptstrasse,13,8242 Bibern SH,2920,SH,real,True,15.11.2024,2692806,1292196
100243402,10072970,471277,Cholrüti,2,8236 Büttenhardt,2914,SH,real,True,15.11.2024,2691063,1289731
100243403,10072970,471278,Cholrüti,4,8236 Büttenhardt,2914,SH,real,True,15.11.2024,2691077,1289753
100243404,10072970,471279,Cholrüti,10,8236 Büttenhardt,2914,SH,real,True,15.11.2024,2691120,1289833
100243405,10072970,471280,Cholrüti,12,8236 Büttenhardt,2914,SH,real,True,15.11.2024,2691125,1289866
100243406,10072970,471281,Cholrüti,14,8236 Büttenhardt,2914,SH,real,True,15.11.2024,2691146,1289862
100243407,10072970,471282,Cholrüti,16,8236 Büttenhardt,2914,SH,real,True,15.11.2024,2691127,1289897
100243408,10072970,471283,Cholrüti,18,8236 Büttenhardt,2914,SH,real,True,15.11.2024,2691159,1289892
100243409,10072970,471285,Cholrüti,3,8236 Büttenhardt,2914,SH,real,True,15.11.2024,2691076,1289792
100243410,10072970,471286,Cholrüti,5,8236 Büttenhardt,2914,SH,real,True,15.11.2024,2691088,1289815
100243411,10072970,471287,Cholrüti,7,8236 Büttenhardt,2914,SH,real,True,15.11.2024,2691077,1289829
100243412,10072970,471288,Cholrüti,9,8236 Büttenhardt,2914,SH,real,True,15.11.2024,2691103,1289846
100243413,10024937,471290,Dorfstrasse,2,8236 Büttenhardt,2914,SH,real,True,15.11.2024,2691077,1289860
100243414,10024937,471293,Dorfstrasse,10,8236 Büttenhardt,2914,SH,real,True,15.11.2024,2691014,1290009
100243415,10054973,471296,Büelacker,2,8236 Büttenhardt,2914,SH,real,True,15.11.2024,2690938,1289928
100243416,10185475,471297,Zelgliweg,1,8236 Büttenhardt,2914,SH,real,True,15.11.2024,2690985,1290002
100243417,10185475,471299,Zelgliweg,5,8236 Büttenhardt,2914,SH,real,True,15.11.2024,2690940,1289979
100243418,10185475,471300,Zelgliweg,7,8236 Büttenhardt,2914,SH,real,True,15.11.2024,2690919,1289971
100243420,10024937,471303,Dorfstrasse,3,8236 Büttenhardt,2914,SH,real,True,15.11.2024,2691015,1290086
100243421,10024937,471306,Dorfstrasse,18,8236 Büttenhardt,2914,SH,real,True,15.11.2024,2691040,1290087
100243422,10086748,471307,Wilerstrasse,2,8236 Büttenhardt,2914,SH,real,True,15.11.2024,2691067,1290165
100243423,10111807,471309,Braatistrasse,5,8236 Büttenhardt,2914,SH,real,True,15.11.2024,2690980,1290164
100243424,10111807,471311,Braatistrasse,4,8236 Büttenhardt,2914,SH,real,True,15.11.2024,2691012,1290181
100243425,10024937,471312,Dorfstrasse,7,8236 Büttenhardt,2914,SH,real,True,15.11.2024,2691046,1290194
100243426,10024937,471314,Dorfstrasse,13,8236 Büttenhardt,2914,SH,real,True,15.11.2024,2691061,1290217
100243427,10024937,471315,Dorfstrasse,15,8236 Büttenhardt,2914,SH,real,True,15.11.2024,2691066,1290238
100243428,10024937,471317,Dorfstrasse,24,8236 Büttenhardt,2914,SH,real,True,15.11.2024,2691082,1290269
100243429,10024937,471318,Dorfstrasse,30,8236 Büttenhardt,2914,SH,real,True,15.11.2024,2691102,1290322
100243430,10024937,471320,Dorfstrasse,34,8236 Büttenhardt,2914,SH,real,True,15.11.2024,2691137,1290385
100243431,10024937,471321,Dorfstrasse,36,8236 Büttenhardt,2914,SH,real,True,15.11.2024,2691159,1290414
100243432,10024937,471325,Dorfstrasse,50,8236 Büttenhardt,2914,SH,real,True,15.11.2024,2691156,1290532
100243433,10024937,471326,Dorfstrasse,21,8236 Büttenhardt,2914,SH,real,True,15.11.2024,2691107,1290369
100243434,10024937,471327,Dorfstrasse,25,8236 Büttenhardt,2914,SH,real,True,15.11.2024,2691140,1290439
100243435,10024939,471328,Oberdorf,1,8236 Büttenhardt,2914,SH,real,True,15.11.2024,2691016,1290311
100243436,10024939,471329,Oberdorf,3,8236 Büttenhardt,2914,SH,real,True,15.11.2024,2691011,1290330
100243437,10024940,471332,Verenahof,102,8236 Büttenhardt,2914,SH,real,True,15.11.2024,2690934,1290348
100243438,10054974,471333,Ömiligarten,2,8236 Büttenhardt,2914,SH,real,True,15.11.2024,2690895,1290327
100243439,10024936,471335,Buckstrasse,3,8236 Büttenhardt,2914,SH,real,True,15.11.2024,2690903,1290437
100243440,10024939,471336,Oberdorf,5,8236 Büttenhardt,2914,SH,real,True,15.11.2024,2690932,1290476
100243441,10024939,471337,Oberdorf,7,8236 Büttenhardt,2914,SH,real,True,15.11.2024,2690934,1290487
100243442,10024939,471339,Oberdorf,2,8236 Büttenhardt,2914,SH,real,True,15.11.2024,2691005,1290353
100243443,10024939,471340,Oberdorf,6,8236 Büttenhardt,2914,SH,real,True,15.11.2024,2690950,1290411
100243458,10018160,475627,Schützenstrasse,78,8212 Neuhausen am Rheinfall,2937,SH,real,True,15.11.2024,2687212,1281626
100243459,10018160,475628,Schützenstrasse,80,8212 Neuhausen am Rheinfall,2937,SH,real,True,15.11.2024,2687188,1281627
100243460,10018160,475630,Schützenstrasse,84,8212 Neuhausen am Rheinfall,2937,SH,real,True,15.11.2024,2687148,1281628
100243461,10018160,475632,Schützenstrasse,47,8212 Neuhausen am Rheinfall,2937,SH,real,True,15.11.2024,2687160,1281597
100243462,10017855,475633,Birchstrasse,1,8212 Neuhausen am Rheinfall,2937,SH,real,True,15.11.2024,2687230,1281565
100243463,10017855,475636,Birchstrasse,4,8212 Neuhausen am Rheinfall,2937,SH,real,True,15.11.2024,2687124,1281556
100243464,10018160,475640,Schützenstrasse,62,8212 Neuhausen am Rheinfall,2937,SH,real,True,15.11.2024,2687282,1281644
100243465,10018160,475641,Schützenstrasse,64,8212 Neuhausen am Rheinfall,2937,SH,real,True,15.11.2024,2687277,1281643
100243466,10018160,475643,Schützenstrasse,68,8212 Neuhausen am Rheinfall,2937,SH,real,True,15.11.2024,2687266,1281639
100243467,10018160,475644,Schützenstrasse,70,8212 Neuhausen am Rheinfall,2937,SH,real,True,15.11.2024,2687254,1281633
100243468,10018160,475645,Schützenstrasse,72,8212 Neuhausen am Rheinfall,2937,SH,real,True,15.11.2024,2687249,1281632
100243469,10018160,475646,Schützenstrasse,74,8212 Neuhausen am Rheinfall,2937,SH,real,True,15.11.2024,2687243,1281630
100243470,10018160,475647,Schützenstrasse,76,8212 Neuhausen am Rheinfall,2937,SH,real,True,15.11.2024,2687237,1281629
100243471,10117544,475648,Waldparkstrasse,45,8212 Neuhausen am Rheinfall,2937,SH,real,True,15.11.2024,2687221,1281698
100243472,10117544,475650,Waldparkstrasse,49,8212 Neuhausen am Rheinfall,2937,SH,real,True,15.11.2024,2687220,1281656
100243473,10017867,475651,Hofstettenstrasse,2,8212 Neuhausen am Rheinfall,2937,SH,real,True,15.11.2024,2687330,1281667
100243474,10017867,475652,Hofstettenstrasse,4,8212 Neuhausen am Rheinfall,2937,SH,real,True,15.11.2024,2687354,1281674
100243475,10017867,475653,Hofstettenstrasse,31,8212 Neuhausen am Rheinfall,2937,SH,real,True,15.11.2024,2687333,1281701
100243476,10017867,475656,Hofstettenstrasse,8,8212 Neuhausen am Rheinfall,2937,SH,real,True,15.11.2024,2687391,1281701
100243477,10017867,475658,Hofstettenstrasse,7,8212 Neuhausen am Rheinfall,2937,SH,real,True,15.11.2024,2687390,1281744
100243478,10017867,475660,Hofstettenstrasse,12,8212 Neuhausen am Rheinfall,2937,SH,real,True,15.11.2024,2687426,1281731
100243479,10017867,475661,Hofstettenstrasse,14,8212 Neuhausen am Rheinfall,2937,SH,real,True,15.11.2024,2687445,1281746
100243480,10017867,475663,Hofstettenstrasse,11,8212 Neuhausen am Rheinfall,2937,SH,real,True,15.11.2024,2687434,1281773
100243481,10017867,475665,Hofstettenstrasse,18,8212 Neuhausen am Rheinfall,2937,SH,real,True,15.11.2024,2687478,1281770
100243482,10017867,475666,Hofstettenstrasse,20,8212 Neuhausen am Rheinfall,2937,SH,real,True,15.11.2024,2687495,1281779
100243483,10017867,475667,Hofstettenstrasse,15,8212 Neuhausen am Rheinfall,2937,SH,real,True,15.11.2024,2687479,1281803
100243484,10017867,475669,Hofstettenstrasse,22,8212 Neuhausen am Rheinfall,2937,SH,real,True,15.11.2024,2687457,1281854
100243485,10017867,475671,Hofstettenstrasse,19,8212 Neuhausen am Rheinfall,2937,SH,real,True,15.11.2024,2687433,1281812
100243486,10017867,475674,Hofstettenstrasse,28,8212 Neuhausen am Rheinfall,2937,SH,real,True,15.11.2024,2687360,1281798
100243488,10017867,475676,Hofstettenstrasse,23,8212 Neuhausen am Rheinfall,2937,SH,real,True,15.11.2024,2687381,1281775
100243489,10017867,475677,Hofstettenstrasse,25,8212 Neuhausen am Rheinfall,2937,SH,real,True,15.11.2024,2687364,1281763
100243490,10017867,475678,Hofstettenstrasse,27,8212 Neuhausen am Rheinfall,2937,SH,real,True,15.11.2024,2687345,1281744
100243491,10017867,475679,Hofstettenstrasse,30,8212 Neuhausen am Rheinfall,2937,SH,real,True,15.11.2024,2687344,1281781
100243494,10018160,475681,Schützenstrasse,56,8212 Neuhausen am Rheinfall,2937,SH,real,True,15.11.2024,2687343,1281640
100243495,10018160,475683,Schützenstrasse,52,8212 Neuhausen am Rheinfall,2937,SH,real,True,15.11.2024,2687396,1281611
100243496,10178594,475684,Irchelstrasse,1,8212 Neuhausen am Rheinfall,2937,SH,real,True,15.11.2024,2687622,1281623
100243497,10178594,475686,Irchelstrasse,3,8212 Neuhausen am Rheinfall,2937,SH,real,True,15.11.2024,2687619,1281619
100243498,10178594,475687,Irchelstrasse,4,8212 Neuhausen am Rheinfall,2937,SH,real,True,15.11.2024,2687600,1281636
100243499,10178594,475689,Irchelstrasse,6,8212 Neuhausen am Rheinfall,2937,SH,real,True,15.11.2024,2687588,1281626
100243500,10178594,475690,Irchelstrasse,7,8212 Neuhausen am Rheinfall,2937,SH,real,True,15.11.2024,2687609,1281611
100243501,10178594,475694,Irchelstrasse,11,8212 Neuhausen am Rheinfall,2937,SH,real,True,15.11.2024,2687593,1281598
100243502,10178594,475695,Irchelstrasse,12,8212 Neuhausen am Rheinfall,2937,SH,real,True,15.11.2024,2687568,1281610
100243503,10178594,475696,Irchelstrasse,13,8212 Neuhausen am Rheinfall,2937,SH,real,True,15.11.2024,2687586,1281593
100243504,10178594,475697,Irchelstrasse,14,8212 Neuhausen am Rheinfall,2937,SH,real,True,15.11.2024,2687559,1281601
100243527,10120416,474171,Kerrstrasse,19,8232 Merishausen,2936,SH,real,True,15.11.2024,2687660,1290099
100243528,10120416,474172,Kerrstrasse,17,8232 Merishausen,2936,SH,real,True,15.11.2024,2687691,1290104
100243529,10135012,474173,Staanackerweg,2,8232 Merishausen,2936,SH,real,True,15.11.2024,2687721,1290062
100243530,10120416,474175,Kerrstrasse,15,8232 Merishausen,2936,SH,real,True,15.11.2024,2687723,1290131
100243531,10120416,474176,Kerrstrasse,6,8232 Merishausen,2936,SH,real,True,15.11.2024,2687745,1290181
100243532,10108015,474180,Hauptstrasse,11,8232 Merishausen,2936,SH,real,True,15.11.2024,2687844,1290170
100243533,10108015,474182,Hauptstrasse,7,8232 Merishausen,2936,SH,real,True,15.11.2024,2687893,1290182
100243534,10108015,474183,Hauptstrasse,1,8232 Merishausen,2936,SH,real,True,15.11.2024,2687926,1290133
100243535,10108015,474184,Hauptstrasse,19,8232 Merishausen,2936,SH,real,True,15.11.2024,2687836,1290262
100243536,10087226,482631,Wiesholz,39,8262 Ramsen,2963,SH,real,True,15.11.2024,2704747,1285361
100243537,10031611,482632,Wiesholzerstrasse,42,8262 Ramsen,2963,SH,real,True,15.11.2024,2704714,1285334
100243538,10087226,482633,Wiesholz,44,8262 Ramsen,2963,SH,real,True,15.11.2024,2704682,1285342
100243539,10087226,482634,Wiesholz,43,8262 Ramsen,2963,SH,real,True,15.11.2024,2704669,1285312
100243540,10087226,482636,Wiesholz,47,8262 Ramsen,2963,SH,real,True,15.11.2024,2704655,1285243
100243541,10031611,482637,Wiesholzerstrasse,45,8262 Ramsen,2963,SH,real,True,15.11.2024,2704641,1285325
100243542,10031611,482638,Wiesholzerstrasse,48,8262 Ramsen,2963,SH,real,True,15.11.2024,2704489,1285240
100243543,10087226,482641,Wiesholz,26,8262 Ramsen,2963,SH,real,True,15.11.2024,2704723,1285054
100243544,10087226,482642,Wiesholz,25,8262 Ramsen,2963,SH,real,True,15.11.2024,2704685,1285120
100243545,10087226,482643,Wiesholz,28,8262 Ramsen,2963,SH,real,True,15.11.2024,2704798,1285109
100243546,10087226,482644,Wiesholz,30,8262 Ramsen,2963,SH,real,True,15.11.2024,2704874,1285146
100243547,10180890,482647,Vor der Brugg,320,8262 Ramsen,2963,SH,real,True,15.11.2024,2702530,1284677
100243548,10180890,482648,Vor der Brugg,375,8262 Ramsen,2963,SH,real,True,15.11.2024,2702529,1284731
100243549,10180890,482650,Vor der Brugg,148,8262 Ramsen,2963,SH,real,True,15.11.2024,2702626,1284856
100243550,10087225,482651,Steigblickstrasse,389,8262 Ramsen,2963,SH,real,True,15.11.2024,2702663,1284696
100243551,10031608,482652,Strählmacherstrasse,475,8262 Ramsen,2963,SH,real,True,15.11.2024,2702677,1284619
100243552,10087218,482653,Betteltalstrasse,438,8262 Ramsen,2963,SH,real,True,15.11.2024,2702736,1284721
100243553,10087223,482655,Rebenweg,430,8262 Ramsen,2963,SH,real,True,15.11.2024,2702762,1284753
100243554,10087223,482657,Rebenweg,436,8262 Ramsen,2963,SH,real,True,15.11.2024,2702717,1284746
100243555,10180890,482659,Vor der Brugg,152,8262 Ramsen,2963,SH,real,True,15.11.2024,2702684,1284959
100243556,10187865,482660,Schützenstrasse,153,8262 Ramsen,2963,SH,real,True,15.11.2024,2702583,1284939
100243557,10180890,482662,Vor der Brugg,151,8262 Ramsen,2963,SH,real,True,15.11.2024,2702663,1284908
100243558,10180890,482664,Vor der Brugg,149,8262 Ramsen,2963,SH,real,True,15.11.2024,2702633,1284890
100243559,10180890,482665,Vor der Brugg,150,8262 Ramsen,2963,SH,real,True,15.11.2024,2702632,1284883
100243560,10087219,482666,Fortenbach,210,8262 Ramsen,2963,SH,real,True,15.11.2024,2702838,1285384
100243561,10087219,482671,Fortenbach,208,8262 Ramsen,2963,SH,real,True,15.11.2024,2702841,1285295
100243562,10087219,482672,Fortenbach,212,8262 Ramsen,2963,SH,real,True,15.11.2024,2702859,1285290
100243563,10087219,482673,Fortenbach,213,8262 Ramsen,2963,SH,real,True,15.11.2024,2702875,1285285
100243564,10087219,482674,Fortenbach,213a,8262 Ramsen,2963,SH,real,True,15.11.2024,2702876,1285278
100243565,10087219,482676,Fortenbach,214,8262 Ramsen,2963,SH,real,True,15.11.2024,2702867,1285263
100243566,10087219,482677,Fortenbach,215,8262 Ramsen,2963,SH,real,True,15.11.2024,2702886,1285249
100243567,10087219,482678,Fortenbach,194,8262 Ramsen,2963,SH,real,True,15.11.2024,2702939,1285244
100243569,10087219,482680,Fortenbach,206,8262 Ramsen,2963,SH,real,True,15.11.2024,2702868,1285217
100243570,10087219,482681,Fortenbach,217,8262 Ramsen,2963,SH,real,True,15.11.2024,2702895,1285201
100243571,10087219,482682,Fortenbach,205,8262 Ramsen,2963,SH,real,True,15.11.2024,2702882,1285184
100243572,10087219,482685,Fortenbach,203,8262 Ramsen,2963,SH,real,True,15.11.2024,2702888,1285143
100243573,10087219,482687,Fortenbach,237,8262 Ramsen,2963,SH,real,True,15.11.2024,2702899,1285162
100243574,10087219,482689,Fortenbach,238,8262 Ramsen,2963,SH,real,True,15.11.2024,2702901,1285141
100243607,10178594,475702,Irchelstrasse,19,8212 Neuhausen am Rheinfall,2937,SH,real,True,15.11.2024,2687564,1281578
100243608,10178594,475703,Irchelstrasse,20,8212 Neuhausen am Rheinfall,2937,SH,real,True,15.11.2024,2687529,1281582
100243609,10178594,475704,Irchelstrasse,21,8212 Neuhausen am Rheinfall,2937,SH,real,True,15.11.2024,2687556,1281574
100243610,10178594,475705,Irchelstrasse,22,8212 Neuhausen am Rheinfall,2937,SH,real,True,15.11.2024,2687522,1281573
100243611,10178594,475709,Irchelstrasse,26,8212 Neuhausen am Rheinfall,2937,SH,real,True,15.11.2024,2687503,1281568
100243612,10178594,475710,Irchelstrasse,27,8212 Neuhausen am Rheinfall,2937,SH,real,True,15.11.2024,2687532,1281558
100243613,10178594,475712,Irchelstrasse,29,8212 Neuhausen am Rheinfall,2937,SH,real,True,15.11.2024,2687525,1281556
100243614,10178594,475713,Irchelstrasse,30,8212 Neuhausen am Rheinfall,2937,SH,real,True,15.11.2024,2687482,1281556
100243615,10178594,475714,Irchelstrasse,31,8212 Neuhausen am Rheinfall,2937,SH,real,True,15.11.2024,2687521,1281553
100243616,10178594,475715,Irchelstrasse,32,8212 Neuhausen am Rheinfall,2937,SH,real,True,15.11.2024,2687466,1281554
100243685,10031827,484895,Quellenweg,3,8217 Wilchingen,2974,SH,real,True,15.11.2024,2677299,1281165
100243686,10031816,484896,Dickistrasse,19,8217 Wilchingen,2974,SH,real,True,15.11.2024,2677331,1281234
100243690,10031816,484897,Dickistrasse,17,8217 Wilchingen,2974,SH,real,True,15.11.2024,2677364,1281208
100243691,10071694,482710,Oberdorf,180,8262 Ramsen,2963,SH,real,True,15.11.2024,2702816,1285133
100243692,10071694,482711,Oberdorf,178,8262 Ramsen,2963,SH,real,True,15.11.2024,2702805,1285131
100243693,10031600,482712,Im Gässli,177,8262 Ramsen,2963,SH,real,True,15.11.2024,2702821,1285089
100243694,10031600,482713,Im Gässli,176,8262 Ramsen,2963,SH,real,True,15.11.2024,2702795,1285078
100243695,10031600,482714,Im Gässli,175,8262 Ramsen,2963,SH,real,True,15.11.2024,2702781,1285083
100243696,10031600,482715,Im Gässli,174,8262 Ramsen,2963,SH,real,True,15.11.2024,2702773,1285079
100243697,10031600,482717,Im Gässli,170,8262 Ramsen,2963,SH,real,True,15.11.2024,2702808,1285077
100243698,10031600,482718,Im Gässli,168,8262 Ramsen,2963,SH,real,True,15.11.2024,2702829,1285082
100243699,10071694,482719,Oberdorf,167,8262 Ramsen,2963,SH,real,True,15.11.2024,2702853,1285091
100243700,10071691,482721,Hauptstrasse,162,8262 Ramsen,2963,SH,real,True,15.11.2024,2702883,1285060
100243701,10071690,482723,Brunnengasse,160,8262 Ramsen,2963,SH,real,True,15.11.2024,2702886,1285019
100243702,10108015,474185,Hauptstrasse,21,8232 Merishausen,2936,SH,real,True,15.11.2024,2687829,1290279
100243703,10108015,474188,Hauptstrasse,37,8232 Merishausen,2936,SH,real,True,15.11.2024,2687814,1290469
100243704,10108015,474189,Hauptstrasse,41,8232 Merishausen,2936,SH,real,True,15.11.2024,2687816,1290509
100243705,10019580,474190,Brunngasse,1,8232 Merishausen,2936,SH,real,True,15.11.2024,2687799,1290509
100243706,10108015,474191,Hauptstrasse,39,8232 Merishausen,2936,SH,real,True,15.11.2024,2687816,1290496
100243707,10091240,474193,Rietstrasse,8,8232 Merishausen,2936,SH,real,True,15.11.2024,2687753,1290477
100243708,10091240,474195,Rietstrasse,14,8232 Merishausen,2936,SH,real,True,15.11.2024,2687764,1290398
100243709,10091240,474197,Rietstrasse,20,8232 Merishausen,2936,SH,real,True,15.11.2024,2687773,1290299
100243710,10091240,474199,Rietstrasse,13,8232 Merishausen,2936,SH,real,True,15.11.2024,2687804,1290235
100243711,10074392,474200,Aeugstleracker,4,8232 Merishausen,2936,SH,real,True,15.11.2024,2687717,1290202
100243712,10074392,474201,Aeugstleracker,6,8232 Merishausen,2936,SH,real,True,15.11.2024,2687728,1290224
100243713,10074392,474202,Aeugstleracker,8,8232 Merishausen,2936,SH,real,True,15.11.2024,2687739,1290262
100243714,10019584,474204,Kirchackerstrasse,9,8232 Merishausen,2936,SH,real,True,15.11.2024,2687721,1290471
100243715,10019584,474205,Kirchackerstrasse,7,8232 Merishausen,2936,SH,real,True,15.11.2024,2687724,1290513
100243716,10091242,474206,Täuferweg,4,8232 Merishausen,2936,SH,real,True,15.11.2024,2687692,1290319
100243717,10091242,474207,Täuferweg,1,8232 Merishausen,2936,SH,real,True,15.11.2024,2687715,1290290
100243718,10091242,474208,Täuferweg,6,8232 Merishausen,2936,SH,real,True,15.11.2024,2687690,1290289
100243719,10091242,474209,Täuferweg,3,8232 Merishausen,2936,SH,real,True,15.11.2024,2687710,1290262
100243720,10091242,474211,Täuferweg,10,8232 Merishausen,2936,SH,real,True,15.11.2024,2687681,1290244
100243721,10091242,474212,Täuferweg,5,8232 Merishausen,2936,SH,real,True,15.11.2024,2687697,1290231
100243722,10091242,474215,Täuferweg,14,8232 Merishausen,2936,SH,real,True,15.11.2024,2687633,1290195
100243723,10091242,474217,Täuferweg,16,8232 Merishausen,2936,SH,real,True,15.11.2024,2687613,1290180
100243724,10120416,474220,Kerrstrasse,21,8232 Merishausen,2936,SH,real,True,15.11.2024,2687617,1290088
100243725,10017849,474221,Ätzisloo,157,8232 Merishausen,2936,SH,real,True,15.11.2024,2684586,1291828
100243726,10017849,474222,Ätzisloo,178,8232 Merishausen,2936,SH,real,True,15.11.2024,2684896,1291669
100243727,10017849,474223,Ätzisloo,221,8232 Merishausen,2936,SH,real,True,15.11.2024,2684950,1291779
100243728,10017849,474224,Ätzisloo,251,8232 Merishausen,2936,SH,real,True,15.11.2024,2684698,1291552
100243729,10019578,474225,Blassen,174,8232 Merishausen,2936,SH,real,True,15.11.2024,2688748,1289955
100243730,10091236,474227,Ettweg,191,8232 Merishausen,2936,SH,real,True,15.11.2024,2685195,1291513
100243731,10091236,474228,Ettweg,214,8232 Merishausen,2936,SH,real,True,15.11.2024,2685342,1291645
100243732,10091236,474229,Ettweg,220,8232 Merishausen,2936,SH,real,True,15.11.2024,2685218,1291554
100243733,10091236,474230,Ettweg,228,8232 Merishausen,2936,SH,real,True,15.11.2024,2685338,1291337
100243734,10091236,474231,Ettweg,243,8232 Merishausen,2936,SH,real,True,15.11.2024,2685322,1291369
100243735,10178321,474233,Haslenacker,194,8232 Merishausen,2936,SH,real,True,15.11.2024,2685201,1291839
100243736,10178321,474234,Haslenacker,223,8232 Merishausen,2936,SH,real,True,15.11.2024,2685292,1291834
100243737,10178321,474235,Haslenacker,233,8232 Merishausen,2936,SH,real,True,15.11.2024,2685326,1291860
100243738,10112904,474236,Im Cheisental,201,8232 Merishausen,2936,SH,real,True,15.11.2024,2684968,1292086
100243739,10054989,474237,Leuengründli,242,8232 Merishausen,2936,SH,real,True,15.11.2024,2685765,1290938
100243740,10054989,474238,Leuengründli,249,8232 Merishausen,2936,SH,real,True,15.11.2024,2685810,1290948
100243741,10019585,474239,Luussemerhalde,196,8232 Merishausen,2936,SH,real,True,15.11.2024,2685390,1291709
100243742,10110812,474240,Lyten,175,8232 Merishausen,2936,SH,real,True,15.11.2024,2685139,1292261
100243743,10110812,474241,Lyten,184,8232 Merishausen,2936,SH,real,True,15.11.2024,2685184,1292182
100243744,10110812,474242,Lyten,219,8232 Merishausen,2936,SH,real,True,15.11.2024,2685440,1292289
100243745,10121170,474243,Ob Cheisental,167,8232 Merishausen,2936,SH,real,True,15.11.2024,2684867,1292092
100243746,10058935,481486,Dorfstrasse,56,8228 Beggingen,2951,SH,real,True,15.11.2024,2681946,1291122
100243747,10058935,481487,Dorfstrasse,58,8228 Beggingen,2951,SH,real,True,15.11.2024,2681931,1291120
100243748,10058935,481488,Dorfstrasse,60,8228 Beggingen,2951,SH,real,True,15.11.2024,2681911,1291124
100243749,10058935,481489,Dorfstrasse,68,8228 Beggingen,2951,SH,real,True,15.11.2024,2681837,1291148
100243750,10058935,481492,Dorfstrasse,76,8228 Beggingen,2951,SH,real,True,15.11.2024,2681672,1291134
100243751,10058935,481494,Dorfstrasse,81,8228 Beggingen,2951,SH,real,True,15.11.2024,2681601,1291050
100243752,10085762,481495,Rebhalde,1,8228 Beggingen,2951,SH,real,True,15.11.2024,2681756,1291152
100243753,10085762,481497,Rebhalde,2,8228 Beggingen,2951,SH,real,True,15.11.2024,2681753,1291181
100243754,10058935,481498,Dorfstrasse,69,8228 Beggingen,2951,SH,real,True,15.11.2024,2681780,1291136
100243755,10053246,481500,Wiesental,20,8228 Beggingen,2951,SH,real,True,15.11.2024,2682015,1290561
100243756,10053246,481501,Wiesental,17,8228 Beggingen,2951,SH,real,True,15.11.2024,2682056,1290844
100243757,10053246,481503,Wiesental,11,8228 Beggingen,2951,SH,real,True,15.11.2024,2682054,1290913
100243758,10053246,481505,Wiesental,5,8228 Beggingen,2951,SH,real,True,15.11.2024,2682082,1290964
100243759,10053246,481506,Wiesental,8,8228 Beggingen,2951,SH,real,True,15.11.2024,2682035,1290973
100243760,10053246,481507,Wiesental,1,8228 Beggingen,2951,SH,real,True,15.11.2024,2682038,1291042
100243761,10058935,481508,Dorfstrasse,53,8228 Beggingen,2951,SH,real,True,15.11.2024,2681994,1291121
100243762,10085764,481511,Löbere,7,8228 Beggingen,2951,SH,real,True,15.11.2024,2682101,1291148
100243763,10058935,481512,Dorfstrasse,19,8228 Beggingen,2951,SH,real,True,15.11.2024,2682140,1291207
100243764,10058935,481515,Dorfstrasse,11,8228 Beggingen,2951,SH,real,True,15.11.2024,2682217,1291236
100243765,10104505,481518,Radweg,6,8228 Beggingen,2951,SH,real,True,15.11.2024,2681642,1291004
100243766,10104505,481519,Radweg,3,8228 Beggingen,2951,SH,real,True,15.11.2024,2681770,1291031
100243767,10053246,481520,Wiesental,2,8228 Beggingen,2951,SH,real,True,15.11.2024,2681987,1291075
100243768,10053242,481521,Rüedistalhof,192,8228 Beggingen,2951,SH,real,True,15.11.2024,2681046,1290310
100243769,10187915,481523,Chobewis,6,8228 Beggingen,2951,SH,real,True,15.11.2024,2681957,1291339
100243770,10187915,481524,Chobewis,3,8228 Beggingen,2951,SH,real,True,15.11.2024,2681999,1291311
100243771,10187915,481525,Chobewis,5,8228 Beggingen,2951,SH,real,True,15.11.2024,2681971,1291309
100243774,10026000,481529,Zollstrasse,2,8228 Beggingen,2951,SH,real,True,15.11.2024,2682348,1291295
100243775,10026000,481530,Zollstrasse,1,8228 Beggingen,2951,SH,real,True,15.11.2024,2682332,1291278
100243776,10026000,481531,Zollstrasse,3,8228 Beggingen,2951,SH,real,True,15.11.2024,2682331,1291298
100243777,10123288,471526,Büsingerstrasse,17,8239 Dörflingen,2915,SH,real,True,15.11.2024,2695948,1284771
100243778,10072975,471530,Im Chloster,9,8239 Dörflingen,2915,SH,real,True,15.11.2024,2696147,1284719
100243779,10072975,471532,Im Chloster,1,8239 Dörflingen,2915,SH,real,True,15.11.2024,2696184,1284737
100243780,10072975,471533,Im Chloster,3,8239 Dörflingen,2915,SH,real,True,15.11.2024,2696200,1284719
100243781,10118352,471534,Dorfstrasse,14,8239 Dörflingen,2915,SH,real,True,15.11.2024,2696223,1284750
100243782,10118352,471535,Dorfstrasse,20,8239 Dörflingen,2915,SH,real,True,15.11.2024,2696250,1284746
100243783,10118352,471536,Dorfstrasse,26,8239 Dörflingen,2915,SH,real,True,15.11.2024,2696293,1284739
100243784,10118352,471537,Dorfstrasse,22,8239 Dörflingen,2915,SH,real,True,15.11.2024,2696284,1284726
100273123,10121179,484052,Blumenstrasse,11,8215 Hallau,2971,SH,real,True,15.11.2024,2676022,1282972
100273124,10121179,484053,Blumenstrasse,19,8215 Hallau,2971,SH,real,True,15.11.2024,2676095,1282939
100273125,10091391,484055,Rohrackerstrasse,4,8215 Hallau,2971,SH,real,True,15.11.2024,2676164,1283023
100273126,10091391,484056,Rohrackerstrasse,3,8215 Hallau,2971,SH,real,True,15.11.2024,2676177,1283007
100273127,10091391,484057,Rohrackerstrasse,7,8215 Hallau,2971,SH,real,True,15.11.2024,2676165,1282988
100273128,10091391,484058,Rohrackerstrasse,9,8215 Hallau,2971,SH,real,True,15.11.2024,2676151,1282967
100273129,10121179,484060,Blumenstrasse,23,8215 Hallau,2971,SH,real,True,15.11.2024,2676115,1282922
100273130,10121179,484061,Blumenstrasse,25,8215 Hallau,2971,SH,real,True,15.11.2024,2676143,1282906
100273131,10121179,484062,Blumenstrasse,31,8215 Hallau,2971,SH,real,True,15.11.2024,2676170,1282892
100273132,10031504,484063,Lärchenstrasse,11,8215 Hallau,2971,SH,real,True,15.11.2024,2676188,1282912
100273134,10031504,484066,Lärchenstrasse,9,8215 Hallau,2971,SH,real,True,15.11.2024,2676204,1282938
100273135,10031504,484067,Lärchenstrasse,8,8215 Hallau,2971,SH,real,True,15.11.2024,2676182,1282947
100273136,10031504,484068,Lärchenstrasse,6,8215 Hallau,2971,SH,real,True,15.11.2024,2676202,1282965
100273137,10073105,484070,Selmattenstrasse,30,8215 Hallau,2971,SH,real,True,15.11.2024,2676242,1282887
100273138,10073105,484071,Selmattenstrasse,26,8215 Hallau,2971,SH,real,True,15.11.2024,2676264,1282916
100274061,10118358,190112600,Im vorderen Chapf,18,8455 Rüdlingen,2938,SH,real,True,15.11.2024,2684769,1270452
100283631,10031499,483872,Hauptstrasse,40,8215 Hallau,2971,SH,real,True,15.11.2024,2676623,1283485
100283633,10031499,483874,Hauptstrasse,36,8215 Hallau,2971,SH,real,True,15.11.2024,2676607,1283477
100283634,10091392,483875,Schöneckstrasse,5,8215 Hallau,2971,SH,real,True,15.11.2024,2676613,1283454
100283635,10091392,483876,Schöneckstrasse,9,8215 Hallau,2971,SH,real,True,15.11.2024,2676619,1283438
100283636,10091392,483877,Schöneckstrasse,11,8215 Hallau,2971,SH,real,True,15.11.2024,2676625,1283419
100283637,10091392,483880,Schöneckstrasse,17,8215 Hallau,2971,SH,real,True,15.11.2024,2676629,1283401
100283638,10091392,483881,Schöneckstrasse,19,8215 Hallau,2971,SH,real,True,15.11.2024,2676634,1283389
100283639,10091392,483882,Schöneckstrasse,23,8215 Hallau,2971,SH,real,True,15.11.2024,2676641,1283370
100283640,10091392,483883,Schöneckstrasse,20,8215 Hallau,2971,SH,real,True,15.11.2024,2676604,1283368
100283641,10091392,483885,Schöneckstrasse,28,8215 Hallau,2971,SH,real,True,15.11.2024,2676598,1283329
100283642,10091392,483886,Schöneckstrasse,30,8215 Hallau,2971,SH,real,True,15.11.2024,2676624,1283333
100283643,10186576,483889,Wiesentalstrasse,10,8215 Hallau,2971,SH,real,True,15.11.2024,2677096,1283410
100283644,10133047,483891,Ackerstrasse,12,8215 Hallau,2971,SH,real,True,15.11.2024,2677149,1283376
100283645,10133047,483892,Ackerstrasse,10,8215 Hallau,2971,SH,real,True,15.11.2024,2677154,1283371
100283646,10133047,483893,Ackerstrasse,8,8215 Hallau,2971,SH,real,True,15.11.2024,2677159,1283367
100283647,10133047,483894,Ackerstrasse,6,8215 Hallau,2971,SH,real,True,15.11.2024,2677163,1283363
100283648,10133046,483896,Atlingerstrasse,29,8215 Hallau,2971,SH,real,True,15.11.2024,2677169,1283408
100283649,10133046,483897,Atlingerstrasse,27,8215 Hallau,2971,SH,real,True,15.11.2024,2677192,1283384
100283650,10133046,483898,Atlingerstrasse,23,8215 Hallau,2971,SH,real,True,15.11.2024,2677214,1283366
100283651,10133046,483899,Atlingerstrasse,17,8215 Hallau,2971,SH,real,True,15.11.2024,2677194,1283337
100283652,10133046,483900,Atlingerstrasse,9,8215 Hallau,2971,SH,real,True,15.11.2024,2677142,1283266
100283653,10073103,483901,Neunkircherstrasse,44,8215 Hallau,2971,SH,real,True,15.11.2024,2677162,1283021
100283654,10127705,483902,Gewerbestrasse,10,8215 Hallau,2971,SH,real,True,15.11.2024,2677040,1283068
100283655,10190666,483905,Konservenstrasse,60,8215 Hallau,2971,SH,real,True,15.11.2024,2677048,1283233
100283656,10073103,483907,Neunkircherstrasse,14,8215 Hallau,2971,SH,real,True,15.11.2024,2677014,1283358
100283657,10031502,483908,Leebenstrasse,1,8215 Hallau,2971,SH,real,True,15.11.2024,2677000,1283392
100283658,10073103,483909,Neunkircherstrasse,2,8215 Hallau,2971,SH,real,True,15.11.2024,2676995,1283468
100283659,10133041,483910,Eigenweg,7,8215 Hallau,2971,SH,real,True,15.11.2024,2676965,1283438
100283660,10091110,483912,Fotschengasse,8,8215 Hallau,2971,SH,real,True,15.11.2024,2676849,1283460
100283661,10091110,483914,Fotschengasse,14,8215 Hallau,2971,SH,real,True,15.11.2024,2676875,1283410
100283662,10091110,483915,Fotschengasse,15,8215 Hallau,2971,SH,real,True,15.11.2024,2676902,1283408
100283663,10091110,483916,Fotschengasse,17,8215 Hallau,2971,SH,real,True,15.11.2024,2676905,1283390
100283664,10117916,483918,Grüntalstrasse,4,8215 Hallau,2971,SH,real,True,15.11.2024,2676917,1283333
100283665,10031502,483920,Leebenstrasse,20,8215 Hallau,2971,SH,real,True,15.11.2024,2676816,1283360
100283666,10031502,483921,Leebenstrasse,22,8215 Hallau,2971,SH,real,True,15.11.2024,2676804,1283354
100283667,10031502,483922,Leebenstrasse,24,8215 Hallau,2971,SH,real,True,15.11.2024,2676786,1283356
100283668,10031506,483923,Nässistrasse,6,8215 Hallau,2971,SH,real,True,15.11.2024,2676822,1283288
100283669,10190666,483925,Konservenstrasse,47,8215 Hallau,2971,SH,real,True,15.11.2024,2676911,1283228
100283670,10031506,483926,Nässistrasse,15,8215 Hallau,2971,SH,real,True,15.11.2024,2676891,1283222
100283671,10031502,483928,Leebenstrasse,30,8215 Hallau,2971,SH,real,True,15.11.2024,2676731,1283327
100283672,10031502,483929,Leebenstrasse,28,8215 Hallau,2971,SH,real,True,15.11.2024,2676742,1283345
100283673,10031502,483930,Leebenstrasse,32,8215 Hallau,2971,SH,real,True,15.11.2024,2676710,1283321
100283892,10129037,483775,Hammerwinkel,4,8215 Hallau,2971,SH,real,True,15.11.2024,2676825,1283540
100283893,10031499,483777,Hauptstrasse,83,8215 Hallau,2971,SH,real,True,15.11.2024,2676821,1283531
100283894,10031499,483780,Hauptstrasse,89,8215 Hallau,2971,SH,real,True,15.11.2024,2676858,1283528
100283895,10031499,483781,Hauptstrasse,91,8215 Hallau,2971,SH,real,True,15.11.2024,2676870,1283519
100283896,10031499,483782,Hauptstrasse,93,8215 Hallau,2971,SH,real,True,15.11.2024,2676872,1283528
100283897,10031499,483783,Hauptstrasse,95,8215 Hallau,2971,SH,real,True,15.11.2024,2676885,1283533
100283898,10031499,483784,Hauptstrasse,97,8215 Hallau,2971,SH,real,True,15.11.2024,2676896,1283533
100283899,10031499,483785,Hauptstrasse,99,8215 Hallau,2971,SH,real,True,15.11.2024,2676904,1283531
100283900,10031499,483788,Hauptstrasse,101,8215 Hallau,2971,SH,real,True,15.11.2024,2676911,1283534
100283901,10031499,483789,Hauptstrasse,103,8215 Hallau,2971,SH,real,True,15.11.2024,2676918,1283536
100283902,10031499,483792,Hauptstrasse,111,8215 Hallau,2971,SH,real,True,15.11.2024,2676957,1283558
100283903,10031499,483795,Hauptstrasse,117,8215 Hallau,2971,SH,real,True,15.11.2024,2676971,1283546
100283904,10031499,483798,Hauptstrasse,123,8215 Hallau,2971,SH,real,True,15.11.2024,2677001,1283523
100283905,10127713,483799,Usserhofgraben,1,8215 Hallau,2971,SH,real,True,15.11.2024,2677025,1283522
100283908,10073103,483803,Neunkircherstrasse,9,8215 Hallau,2971,SH,real,True,15.11.2024,2677019,1283452
100284875,10071691,482812,Hauptstrasse,120,8262 Ramsen,2963,SH,real,True,15.11.2024,2702977,1284956
100284876,10031602,482814,Lindenplatz,115,8262 Ramsen,2963,SH,real,True,15.11.2024,2702940,1284935
100284877,10179751,482815,Püntweg,116,8262 Ramsen,2963,SH,real,True,15.11.2024,2703109,1284755
100284878,10031602,482817,Lindenplatz,141,8262 Ramsen,2963,SH,real,True,15.11.2024,2702921,1284947
100284879,10031602,482818,Lindenplatz,140,8262 Ramsen,2963,SH,real,True,15.11.2024,2702918,1284954
100284880,10071691,482819,Hauptstrasse,139,8262 Ramsen,2963,SH,real,True,15.11.2024,2702904,1284988
100284881,10071691,482820,Hauptstrasse,138,8262 Ramsen,2963,SH,real,True,15.11.2024,2702897,1285003
100284883,10071690,482822,Brunnengasse,135,8262 Ramsen,2963,SH,real,True,15.11.2024,2702818,1284982
100284993,10073103,483805,Neunkircherstrasse,17,8215 Hallau,2971,SH,real,True,15.11.2024,2677034,1283375
100284994,10186576,483806,Wiesentalstrasse,3,8215 Hallau,2971,SH,real,True,15.11.2024,2677049,1283359
100284995,10031499,483807,Hauptstrasse,122,8215 Hallau,2971,SH,real,True,15.11.2024,2676999,1283501
100284996,10133041,483810,Eigenweg,8,8215 Hallau,2971,SH,real,True,15.11.2024,2676971,1283476
100284997,10133041,483811,Eigenweg,10,8215 Hallau,2971,SH,real,True,15.11.2024,2676963,1283474
100284998,10031499,483813,Hauptstrasse,116,8215 Hallau,2971,SH,real,True,15.11.2024,2676968,1283529
100284999,10031499,483814,Hauptstrasse,110,8215 Hallau,2971,SH,real,True,15.11.2024,2676952,1283528
100285000,10031499,483817,Hauptstrasse,104,8215 Hallau,2971,SH,real,True,15.11.2024,2676926,1283525
100285001,10031499,483818,Hauptstrasse,102,8215 Hallau,2971,SH,real,True,15.11.2024,2676920,1283523
100285002,10031499,483821,Hauptstrasse,92,8215 Hallau,2971,SH,real,True,15.11.2024,2676872,1283506
100285003,10031499,483822,Hauptstrasse,90,8215 Hallau,2971,SH,real,True,15.11.2024,2676862,1283503
100285004,10091110,483823,Fotschengasse,3,8215 Hallau,2971,SH,real,True,15.11.2024,2676864,1283488
100285005,10091110,483824,Fotschengasse,5,8215 Hallau,2971,SH,real,True,15.11.2024,2676863,1283479
100285006,10091390,483826,Oberhallauerstrasse,4,8215 Hallau,2971,SH,planned,False,15.11.2024,2677046,1283501
100285007,10091390,483827,Oberhallauerstrasse,9,8215 Hallau,2971,SH,real,True,15.11.2024,2677093,1283502
100285008,10091390,483828,Oberhallauerstrasse,15,8215 Hallau,2971,SH,real,True,15.11.2024,2677129,1283490
100285009,10091390,483829,Oberhallauerstrasse,27,8215 Hallau,2971,SH,real,True,15.11.2024,2677226,1283577
100285010,10091390,483831,Oberhallauerstrasse,24,8215 Hallau,2971,SH,real,True,15.11.2024,2677232,1283530
100285011,10091390,483832,Oberhallauerstrasse,22,8215 Hallau,2971,SH,real,True,15.11.2024,2677210,1283511
100285012,10031499,483835,Hauptstrasse,44,8215 Hallau,2971,SH,real,True,15.11.2024,2676650,1283498
100285013,10031499,483836,Hauptstrasse,48,8215 Hallau,2971,SH,real,True,15.11.2024,2676672,1283507
100285014,10031499,483837,Hauptstrasse,50,8215 Hallau,2971,SH,real,True,15.11.2024,2676685,1283513
100285015,10031499,483838,Hauptstrasse,56,8215 Hallau,2971,SH,real,True,15.11.2024,2676705,1283528
100285016,10031499,483839,Hauptstrasse,62,8215 Hallau,2971,SH,real,True,15.11.2024,2676733,1283541
100285017,10031499,483840,Hauptstrasse,66,8215 Hallau,2971,SH,real,True,15.11.2024,2676753,1283554
100285018,10031499,483842,Hauptstrasse,70,8215 Hallau,2971,SH,real,True,15.11.2024,2676773,1283544
100285019,10031509,483843,Waaggässli,4,8215 Hallau,2971,SH,real,True,15.11.2024,2676783,1283536
100285020,10031509,483844,Waaggässli,8,8215 Hallau,2971,SH,real,True,15.11.2024,2676777,1283522
100285021,10031509,483845,Waaggässli,3,8215 Hallau,2971,SH,real,True,15.11.2024,2676789,1283533
100285022,10031499,483847,Hauptstrasse,80,8215 Hallau,2971,SH,real,True,15.11.2024,2676806,1283534
100285023,10133045,483850,Schweizerbundweg,11,8215 Hallau,2971,SH,real,True,15.11.2024,2676787,1283482
100285027,10133045,483852,Schweizerbundweg,1,8215 Hallau,2971,SH,real,True,15.11.2024,2676810,1283521
100285028,10133045,483853,Schweizerbundweg,3,8215 Hallau,2971,SH,real,True,15.11.2024,2676800,1283514
100285029,10031499,483854,Hauptstrasse,86,8215 Hallau,2971,SH,real,True,15.11.2024,2676818,1283502
100285030,10091110,483856,Fotschengasse,4,8215 Hallau,2971,SH,real,True,15.11.2024,2676835,1283480
100285031,10179762,483857,Ottengasse,2,8215 Hallau,2971,SH,real,True,15.11.2024,2676830,1283463
100285032,10179762,483858,Ottengasse,3,8215 Hallau,2971,SH,real,True,15.11.2024,2676836,1283439
100285039,10091394,484087,Wunderklingerstrasse,31,8215 Hallau,2971,SH,real,True,15.11.2024,2676312,1283352
100285040,10091394,484090,Wunderklingerstrasse,11,8215 Hallau,2971,SH,real,True,15.11.2024,2676405,1283377
100285041,10091394,484091,Wunderklingerstrasse,7,8215 Hallau,2971,SH,real,True,15.11.2024,2676424,1283384
100285042,10091394,484092,Wunderklingerstrasse,1,8215 Hallau,2971,SH,real,True,15.11.2024,2676449,1283384
100285043,10033110,484093,Fronhofweg,4,8215 Hallau,2971,SH,real,True,15.11.2024,2676431,1283366
100285044,10033110,484094,Fronhofweg,9,8215 Hallau,2971,SH,real,True,15.11.2024,2676419,1283350
100285045,10033110,484095,Fronhofweg,3,8215 Hallau,2971,SH,real,True,15.11.2024,2676448,1283362
100285046,10031941,484096,Bahnhofstrasse,2,8215 Hallau,2971,SH,real,True,15.11.2024,2676461,1283365
100285047,10031941,484097,Bahnhofstrasse,4,8215 Hallau,2971,SH,real,True,15.11.2024,2676464,1283355
100285048,10031508,484102,Schmalzgasse,4,8215 Hallau,2971,SH,real,True,15.11.2024,2676444,1283259
100285049,10031508,484103,Schmalzgasse,6,8215 Hallau,2971,SH,real,True,15.11.2024,2676432,1283251
100285050,10031508,484104,Schmalzgasse,8,8215 Hallau,2971,SH,real,True,15.11.2024,2676426,1283244
100285051,10031508,484105,Schmalzgasse,10,8215 Hallau,2971,SH,real,True,15.11.2024,2676415,1283235
100285052,10031508,484109,Schmalzgasse,18,8215 Hallau,2971,SH,real,True,15.11.2024,2676386,1283220
100285053,10031508,484110,Schmalzgasse,20,8215 Hallau,2971,SH,real,True,15.11.2024,2676381,1283218
100285054,10031508,484111,Schmalzgasse,22,8215 Hallau,2971,SH,real,True,15.11.2024,2676374,1283215
100285056,10031508,484113,Schmalzgasse,24,8215 Hallau,2971,SH,real,True,15.11.2024,2676362,1283211
100285057,10031508,484115,Schmalzgasse,28,8215 Hallau,2971,SH,real,True,15.11.2024,2676346,1283206
100285058,10031508,484116,Schmalzgasse,30,8215 Hallau,2971,SH,real,True,15.11.2024,2676334,1283203
100285059,10107219,484117,Selhofstrasse,28,8215 Hallau,2971,SH,real,True,15.11.2024,2676218,1283223
100285060,10107219,484119,Selhofstrasse,24,8215 Hallau,2971,SH,real,True,15.11.2024,2676261,1283232
100285061,10127709,484120,Baumgartenstrasse,6,8215 Hallau,2971,SH,real,True,15.11.2024,2676209,1283260
100285062,10127709,484121,Baumgartenstrasse,8,8215 Hallau,2971,SH,real,True,15.11.2024,2676224,1283278
100285063,10187869,484123,Küferstrasse,25,8215 Hallau,2971,SH,real,True,15.11.2024,2676060,1283157
100285064,10187869,484124,Küferstrasse,31,8215 Hallau,2971,SH,real,True,15.11.2024,2676008,1283120
100285065,10187869,484126,Küferstrasse,44,8215 Hallau,2971,SH,real,True,15.11.2024,2675904,1283104
100285066,10187869,484127,Küferstrasse,38,8215 Hallau,2971,SH,real,True,15.11.2024,2675951,1283126
100285067,10187869,484128,Küferstrasse,36,8215 Hallau,2971,SH,real,True,15.11.2024,2675970,1283135
100285068,10128815,484129,Neuwiesenstrasse,15,8215 Hallau,2971,SH,real,True,15.11.2024,2675992,1283152
100285069,10128815,484130,Neuwiesenstrasse,12,8215 Hallau,2971,SH,real,True,15.11.2024,2676010,1283166
100285070,10128815,484131,Neuwiesenstrasse,19,8215 Hallau,2971,SH,real,True,15.11.2024,2675944,1283160
100285071,10073101,484132,Laamenstrasse,21,8215 Hallau,2971,SH,planned,False,06.12.2024,2675965,1283192
100285074,10073101,484134,Laamenstrasse,7,8215 Hallau,2971,SH,real,True,15.11.2024,2676052,1283299
100285075,10136791,484135,Teissenstrasse,1,8215 Hallau,2971,SH,real,True,15.11.2024,2676160,1283381
100285076,10136791,484136,Teissenstrasse,3,8215 Hallau,2971,SH,real,True,15.11.2024,2676151,1283381
100285077,10136791,484137,Teissenstrasse,5,8215 Hallau,2971,SH,real,True,15.11.2024,2676149,1283401
100285078,10179760,484138,Festistrasse,26,8215 Hallau,2971,SH,real,True,15.11.2024,2676199,1283396
100285079,10179760,484143,Festistrasse,14,8215 Hallau,2971,SH,real,True,15.11.2024,2676263,1283411
100285080,10179760,484145,Festistrasse,15,8215 Hallau,2971,SH,real,True,15.11.2024,2676260,1283401
100285081,10091394,484148,Wunderklingerstrasse,34,8215 Hallau,2971,SH,real,True,15.11.2024,2676281,1283377
100285082,10091394,484149,Wunderklingerstrasse,32,8215 Hallau,2971,SH,real,True,15.11.2024,2676294,1283375
100285083,10091394,484151,Wunderklingerstrasse,26,8215 Hallau,2971,SH,real,True,15.11.2024,2676325,1283381
100285084,10091394,484152,Wunderklingerstrasse,20,8215 Hallau,2971,SH,real,True,15.11.2024,2676345,1283382
100285085,10091394,484153,Wunderklingerstrasse,16,8215 Hallau,2971,SH,real,True,15.11.2024,2676373,1283385
100285086,10091394,484154,Wunderklingerstrasse,14,8215 Hallau,2971,SH,real,True,15.11.2024,2676390,1283391
100285087,10091114,484155,Mühlegasse,3,8215 Hallau,2971,SH,real,True,15.11.2024,2676385,1283412
100285088,10091114,484156,Mühlegasse,5,8215 Hallau,2971,SH,real,True,15.11.2024,2676382,1283427
100285089,10091114,484157,Mühlegasse,7,8215 Hallau,2971,SH,real,True,15.11.2024,2676382,1283435
100285090,10091114,484160,Mühlegasse,13,8215 Hallau,2971,SH,real,True,15.11.2024,2676361,1283460
100285091,10091114,484162,Mühlegasse,16,8215 Hallau,2971,SH,real,True,15.11.2024,2676349,1283499
100285092,10091114,484163,Mühlegasse,20,8215 Hallau,2971,SH,real,True,15.11.2024,2676315,1283538
100285093,10124089,484164,Auffahrtstrasse,17,8215 Hallau,2971,SH,real,True,15.11.2024,2676279,1283529
100285094,10091114,484165,Mühlegasse,14,8215 Hallau,2971,SH,real,True,15.11.2024,2676358,1283503
100285095,10127703,484168,Neumühleweg,4,8215 Hallau,2971,SH,real,True,15.11.2024,2676390,1283510
100285096,10127703,484169,Neumühleweg,2,8215 Hallau,2971,SH,real,True,15.11.2024,2676383,1283478
100285097,10091114,484171,Mühlegasse,8,8215 Hallau,2971,SH,real,True,15.11.2024,2676403,1283451
100285098,10091114,484172,Mühlegasse,6,8215 Hallau,2971,SH,real,True,15.11.2024,2676397,1283428
100285099,10091394,484175,Wunderklingerstrasse,6,8215 Hallau,2971,SH,real,True,15.11.2024,2676432,1283403
100285115,10179752,482824,Unterdorf,145,8262 Ramsen,2963,SH,real,True,15.11.2024,2702867,1284931
100285116,10179752,482825,Unterdorf,144,8262 Ramsen,2963,SH,real,True,15.11.2024,2702897,1284940
100285117,10179752,482826,Unterdorf,132,8262 Ramsen,2963,SH,real,True,15.11.2024,2702857,1284919
100285121,10179752,482827,Unterdorf,129,8262 Ramsen,2963,SH,real,True,15.11.2024,2702879,1284914
100285122,10179752,482829,Unterdorf,130,8262 Ramsen,2963,SH,real,True,15.11.2024,2702884,1284889
100285123,10179752,482830,Unterdorf,122,8262 Ramsen,2963,SH,real,True,15.11.2024,2702927,1284886
100285124,10179752,482831,Unterdorf,127,8262 Ramsen,2963,SH,real,True,15.11.2024,2702922,1284901
100285125,10031602,482833,Lindenplatz,114,8262 Ramsen,2963,SH,real,True,15.11.2024,2702944,1284916
100285126,10179752,482835,Unterdorf,113,8262 Ramsen,2963,SH,real,True,15.11.2024,2702955,1284907
100285127,10179752,482836,Unterdorf,111,8262 Ramsen,2963,SH,real,True,15.11.2024,2702942,1284892
100285128,10179752,482840,Unterdorf,658,8262 Ramsen,2963,SH,real,True,15.11.2024,2702991,1284878
100285129,10179749,482842,Biberweg,101,8262 Ramsen,2963,SH,real,True,15.11.2024,2703004,1284868
100285130,10179749,482843,Biberweg,102,8262 Ramsen,2963,SH,real,True,15.11.2024,2702999,1284846
100285131,10179749,482844,Biberweg,103,8262 Ramsen,2963,SH,real,True,15.11.2024,2702995,1284828
100285132,10179749,482845,Biberweg,489,8262 Ramsen,2963,SH,real,True,15.11.2024,2702967,1284802
100285133,10187864,482846,Hanfgartenstrasse,405,8262 Ramsen,2963,SH,real,True,15.11.2024,2702915,1284823
100285134,10179752,482848,Unterdorf,93,8262 Ramsen,2963,SH,real,True,15.11.2024,2703040,1284888
100285135,10179752,482849,Unterdorf,94,8262 Ramsen,2963,SH,real,True,15.11.2024,2703044,1284876
100285136,10179752,482851,Unterdorf,95,8262 Ramsen,2963,SH,real,True,15.11.2024,2703057,1284873
100285137,10179752,482853,Unterdorf,97,8262 Ramsen,2963,SH,real,True,15.11.2024,2703095,1284834
100285138,10118149,482856,Hüslerweg,348,8262 Ramsen,2963,SH,real,True,15.11.2024,2703465,1284889
100285139,10118149,482858,Hüslerweg,379,8262 Ramsen,2963,SH,real,True,15.11.2024,2703490,1284810
100285140,10118149,482859,Hüslerweg,397,8262 Ramsen,2963,SH,real,True,15.11.2024,2703499,1284776
100285141,10031607,482861,Schwedenweg,409,8262 Ramsen,2963,SH,real,True,15.11.2024,2703476,1284936
100285142,10031607,482862,Schwedenweg,411,8262 Ramsen,2963,SH,real,True,15.11.2024,2703494,1284935
100285143,10031607,482863,Schwedenweg,412,8262 Ramsen,2963,SH,real,True,15.11.2024,2703498,1284933
100285144,10031607,482864,Schwedenweg,413,8262 Ramsen,2963,SH,real,True,15.11.2024,2703520,1284939
100285145,10031607,482865,Schwedenweg,433,8262 Ramsen,2963,SH,real,True,15.11.2024,2703539,1284939
100285146,10071689,482867,Bahnhofstrasse,473,8262 Ramsen,2963,SH,real,True,15.11.2024,2703483,1284974
100285147,10071689,482868,Bahnhofstrasse,288,8262 Ramsen,2963,SH,real,True,15.11.2024,2703425,1284991
100285148,10071689,482869,Bahnhofstrasse,399,8262 Ramsen,2963,SH,real,True,15.11.2024,2703506,1285003
100285149,10071689,482870,Bahnhofstrasse,326,8262 Ramsen,2963,SH,real,True,15.11.2024,2703530,1285001
100285150,10071693,482872,Judebömmlistrasse,384,8262 Ramsen,2963,SH,real,True,15.11.2024,2703552,1285078
100285151,10071693,482873,Judebömmlistrasse,340,8262 Ramsen,2963,SH,real,True,15.11.2024,2703542,1285054
100285152,10071693,482874,Judebömmlistrasse,380,8262 Ramsen,2963,SH,real,True,15.11.2024,2703518,1285051
100285153,10071693,482875,Judebömmlistrasse,371,8262 Ramsen,2963,SH,real,True,15.11.2024,2703495,1285051
100285154,10179750,482878,Im Baumgarten,485,8262 Ramsen,2963,SH,real,True,15.11.2024,2703597,1284960
100285155,10179750,482879,Im Baumgarten,483,8262 Ramsen,2963,SH,real,True,15.11.2024,2703598,1284932
100285156,10071689,482882,Bahnhofstrasse,57,8262 Ramsen,2963,SH,real,True,15.11.2024,2703668,1284996
100285157,10113215,482885,Petersburg,310,8262 Ramsen,2963,SH,real,True,15.11.2024,2703710,1284856
100285158,10113215,482886,Petersburg,343,8262 Ramsen,2963,SH,real,True,15.11.2024,2703729,1284711
100285159,10071689,482888,Bahnhofstrasse,55a,8262 Ramsen,2963,SH,real,True,15.11.2024,2703694,1284995
100285160,10071689,482889,Bahnhofstrasse,55,8262 Ramsen,2963,SH,real,True,15.11.2024,2703713,1285005
100285161,10031593,482890,Alemannenweg,425,8262 Ramsen,2963,SH,real,True,15.11.2024,2703449,1284802
100285162,10031593,482891,Alemannenweg,406,8262 Ramsen,2963,SH,real,True,15.11.2024,2703457,1284841
100285163,10031593,482892,Alemannenweg,402,8262 Ramsen,2963,SH,real,True,15.11.2024,2703424,1284840
100285164,10031593,482893,Alemannenweg,414,8262 Ramsen,2963,SH,real,True,15.11.2024,2703399,1284842
100285165,10031598,482894,Hinder Hüsler,357,8262 Ramsen,2963,SH,real,True,15.11.2024,2703384,1284817
100285168,10031598,482896,Hinder Hüsler,478,8262 Ramsen,2963,SH,real,True,15.11.2024,2703416,1284780
100285169,10071695,482898,Poststrasse,298,8262 Ramsen,2963,SH,real,True,15.11.2024,2703360,1284894
100285170,10071695,482899,Poststrasse,79,8262 Ramsen,2963,SH,real,True,15.11.2024,2703326,1284884
100285171,10071689,482901,Bahnhofstrasse,291,8262 Ramsen,2963,SH,real,True,15.11.2024,2703417,1284968
100285172,10071689,482903,Bahnhofstrasse,72,8262 Ramsen,2963,SH,real,True,15.11.2024,2703332,1284951
100285173,10071689,482905,Bahnhofstrasse,74,8262 Ramsen,2963,SH,real,True,15.11.2024,2703251,1284956
100285174,10071689,482907,Bahnhofstrasse,76,8262 Ramsen,2963,SH,real,True,15.11.2024,2703204,1284929
100285175,10071689,482908,Bahnhofstrasse,77,8262 Ramsen,2963,SH,real,True,15.11.2024,2703191,1284932
100285176,10071689,482909,Bahnhofstrasse,283,8262 Ramsen,2963,SH,real,True,15.11.2024,2703156,1284918
100285177,10031593,482910,Alemannenweg,382,8262 Ramsen,2963,SH,real,True,15.11.2024,2703226,1284874
100285178,10071689,482911,Bahnhofstrasse,301,8262 Ramsen,2963,SH,real,True,15.11.2024,2703388,1284993
100285180,10071689,482913,Bahnhofstrasse,281,8262 Ramsen,2963,SH,real,True,15.11.2024,2703304,1284976
100285181,10071689,482914,Bahnhofstrasse,280,8262 Ramsen,2963,SH,real,True,15.11.2024,2703282,1284972
100285182,10071689,482916,Bahnhofstrasse,278,8262 Ramsen,2963,SH,real,True,15.11.2024,2703241,1284964
100285183,10071689,482918,Bahnhofstrasse,317,8262 Ramsen,2963,SH,real,True,15.11.2024,2703211,1284957
100285191,10031502,483931,Leebenstrasse,34,8215 Hallau,2971,SH,real,True,15.11.2024,2676694,1283315
100285192,10031502,483932,Leebenstrasse,36,8215 Hallau,2971,SH,real,True,15.11.2024,2676679,1283308
100285193,10031502,483933,Leebenstrasse,35,8215 Hallau,2971,SH,planned,False,15.11.2024,2676693,1283280
100285206,10113214,482931,Faselroo,428,8262 Ramsen,2963,SH,real,True,15.11.2024,2703345,1284714
100285207,10087224,482932,Rychenstrasse,429,8262 Ramsen,2963,SH,real,True,15.11.2024,2703355,1284714
100285208,10071689,482934,Bahnhofstrasse,274,8262 Ramsen,2963,SH,real,True,15.11.2024,2703141,1284936
100285209,10113214,482935,Faselroo,346,8262 Ramsen,2963,SH,real,True,15.11.2024,2703335,1284766
100285210,10113214,482936,Faselroo,459,8262 Ramsen,2963,SH,real,True,15.11.2024,2703325,1284736
100285211,10087219,482937,Fortenbach,211,8262 Ramsen,2963,SH,real,True,15.11.2024,2702856,1285304
100285212,10113214,482938,Faselroo,83,8262 Ramsen,2963,SH,real,True,15.11.2024,2703152,1284829
100285213,10087227,482939,Wilerstrasse,319,8262 Ramsen,2963,SH,real,True,15.11.2024,2703204,1284742
100285216,10087227,482940,Wilerstrasse,369,8262 Ramsen,2963,SH,real,True,15.11.2024,2703242,1284722
100285217,10087220,482941,Hinterdorf,81,8262 Ramsen,2963,SH,real,True,15.11.2024,2703121,1284870
100285218,10071689,482942,Bahnhofstrasse,78,8262 Ramsen,2963,SH,real,True,15.11.2024,2703128,1284903
100285219,10129038,483691,Berghof,2,8215 Hallau,2971,SH,real,True,15.11.2024,2676397,1284529
100285220,10031505,483692,Neuhof,1,8215 Hallau,2971,SH,real,True,15.11.2024,2676467,1284890
100285221,10180865,483693,Lindenhof,1,8215 Hallau,2971,SH,real,True,15.11.2024,2676418,1284870
100285222,10031511,483694,Zollamt Hausen,1,8215 Hallau,2971,SH,real,True,23.07.2024,2675874,1285509
100285223,10187870,483695,Schorenhof,1,8215 Hallau,2971,SH,real,True,15.11.2024,2675863,1285666
100285224,10187870,483696,Schorenhof,2,8215 Hallau,2971,SH,real,True,15.11.2024,2675897,1285709
100285225,10122741,483697,Hauserhof,1,8215 Hallau,2971,SH,real,True,15.11.2024,2675849,1285825
100285226,10053533,483699,Floregg,1,8215 Hallau,2971,SH,real,True,15.11.2024,2675219,1284010
100285227,10031503,483700,Litihof,1,8215 Hallau,2971,SH,real,True,15.11.2024,2674779,1284026
100285228,10113221,483702,Wunderklingen,18,8215 Hallau,2971,SH,real,True,15.11.2024,2672618,1283399
100285229,10113221,483703,Wunderklingen,13,8215 Hallau,2971,SH,real,True,15.11.2024,2672648,1283435
100285230,10113221,483704,Wunderklingen,8,8215 Hallau,2971,SH,real,True,15.11.2024,2672646,1283499
100285231,10091113,483706,Lisiloostrasse,608.1,8215 Hallau,2971,SH,real,True,23.07.2024,2675894,1282660
100285232,10151922,483707,Mattenstöckli,1,8215 Hallau,2971,SH,real,True,15.11.2024,2675805,1282533
100285233,10127706,483708,Mattenhof,1,8215 Hallau,2971,SH,real,True,15.11.2024,2675986,1282473
100285234,10031941,483710,Bahnhofstrasse,110,8215 Hallau,2971,SH,real,True,15.11.2024,2676560,1282611
100285235,10031941,483711,Bahnhofstrasse,126,8215 Hallau,2971,SH,real,True,15.11.2024,2676652,1282332
100285236,10031941,483713,Bahnhofstrasse,136,8215 Hallau,2971,SH,real,True,15.11.2024,2676772,1282061
100285237,10031941,483714,Bahnhofstrasse,140,8215 Hallau,2971,SH,real,True,15.11.2024,2676789,1282012
100285238,10031941,483715,Bahnhofstrasse,139,8215 Hallau,2971,SH,real,True,15.11.2024,2676832,1282016
100285239,10031941,483716,Bahnhofstrasse,133,8215 Hallau,2971,SH,real,True,15.11.2024,2676776,1282158
100285240,10031941,483717,Bahnhofstrasse,111,8215 Hallau,2971,SH,real,True,15.11.2024,2676625,1282606
100285241,10031941,483718,Bahnhofstrasse,109,8215 Hallau,2971,SH,real,True,15.11.2024,2676613,1282635
100285242,10073099,483719,Bettenbuck,1,8215 Hallau,2971,SH,real,True,15.11.2024,2677066,1282191
100285243,10117742,483724,Untere Buckstrasse,11,8215 Hallau,2971,SH,real,True,15.11.2024,2677008,1283641
100285244,10179759,483726,Bergstrasse,9,8215 Hallau,2971,SH,real,True,15.11.2024,2676728,1283619
100285245,10091112,483729,Hohlengasse,1,8215 Hallau,2971,SH,real,True,15.11.2024,2676732,1283644
100285246,10091112,483730,Hohlengasse,3,8215 Hallau,2971,SH,real,True,15.11.2024,2676732,1283650
100285247,10091112,483731,Hohlengasse,5,8215 Hallau,2971,SH,real,True,15.11.2024,2676733,1283653
100285248,10091112,483732,Hohlengasse,7,8215 Hallau,2971,SH,real,True,15.11.2024,2676733,1283660
100285249,10091112,483733,Hohlengasse,9,8215 Hallau,2971,SH,real,True,15.11.2024,2676734,1283667
100285250,10031500,483735,Höhenweg,14,8215 Hallau,2971,SH,real,True,15.11.2024,2676715,1283725
100285251,10179759,483739,Bergstrasse,21,8215 Hallau,2971,SH,real,True,15.11.2024,2676762,1283644
100285252,10187868,483740,Chilcheweg,5,8215 Hallau,2971,SH,real,True,15.11.2024,2676808,1283675
100285253,10179759,483741,Bergstrasse,39,8215 Hallau,2971,SH,real,True,15.11.2024,2676889,1283732
100285254,10136793,483742,Bei der Bergkirche,,8215 Hallau,2971,SH,real,True,23.07.2024,2676776,1284050
100285255,10073100,483743,Hohwehri,3,8215 Hallau,2971,SH,real,True,15.11.2024,2676811,1283619
100285256,10179759,483745,Bergstrasse,22,8215 Hallau,2971,SH,real,True,15.11.2024,2676779,1283624
100285257,10179759,483746,Bergstrasse,20,8215 Hallau,2971,SH,real,True,15.11.2024,2676771,1283625
100285258,10179759,483749,Bergstrasse,16,8215 Hallau,2971,SH,real,True,15.11.2024,2676749,1283629
100285259,10179759,483750,Bergstrasse,8,8215 Hallau,2971,SH,real,True,15.11.2024,2676742,1283601
100285260,10033111,483751,Gartenstrasse,7,8215 Hallau,2971,SH,real,True,15.11.2024,2676897,1283599
100285262,10031507,483753,Obere Buckstrasse,20,8215 Hallau,2971,SH,real,True,15.11.2024,2677062,1283714
100285263,10031507,483755,Obere Buckstrasse,34,8215 Hallau,2971,SH,real,True,15.11.2024,2677156,1283787
100285264,10117742,483756,Untere Buckstrasse,29,8215 Hallau,2971,SH,real,True,15.11.2024,2677162,1283720
100285265,10117742,483758,Untere Buckstrasse,21,8215 Hallau,2971,SH,real,True,15.11.2024,2677090,1283679
100285266,10133044,483761,Statthofgasse,13,8215 Hallau,2971,SH,real,True,15.11.2024,2676857,1283562
100285312,10031500,484299,Höhenweg,10,8215 Hallau,2971,SH,real,True,15.11.2024,2676709,1283681
100285313,10136520,484301,Höörackerstrasse,6,8215 Hallau,2971,SH,real,True,15.11.2024,2676580,1283770
100285314,10046638,484304,Rosenstrasse,13,8215 Hallau,2971,SH,real,True,15.11.2024,2676485,1283969
100285315,10107066,484306,Rebbergstrasse,6,8215 Hallau,2971,SH,real,True,15.11.2024,2676417,1283997
100285316,10107066,484308,Rebbergstrasse,10,8215 Hallau,2971,SH,real,True,15.11.2024,2676441,1284006
100285317,10121180,484311,Oberwiesenstrasse,47,8215 Hallau,2971,SH,real,True,15.11.2024,2676337,1284044
100285318,10164493,484313,Dorfstrasse,33,8216 Oberhallau,2972,SH,real,True,15.11.2024,2677770,1284062
100285319,10103233,484315,Trottengasse,12,8216 Oberhallau,2972,SH,real,True,15.11.2024,2678051,1284228
100285320,10162282,484316,Brudergasse,1,8216 Oberhallau,2972,SH,real,True,15.11.2024,2677904,1284251
100285321,10164493,484317,Dorfstrasse,21,8216 Oberhallau,2972,SH,real,True,15.11.2024,2677947,1284232
100285322,10164493,484318,Dorfstrasse,23,8216 Oberhallau,2972,SH,real,True,15.11.2024,2677940,1284209
100285323,10164493,484319,Dorfstrasse,29.1,8216 Oberhallau,2972,SH,real,True,23.07.2024,2677814,1284067
100285324,10053536,484320,Wiesengrundstrasse,2,8216 Oberhallau,2972,SH,real,True,15.11.2024,2677891,1284080
100285325,10031514,484321,Wasseristrasse,4,8216 Oberhallau,2972,SH,real,True,15.11.2024,2677894,1284045
100285326,10053536,484322,Wiesengrundstrasse,4,8216 Oberhallau,2972,SH,real,True,15.11.2024,2677925,1284071
100285327,10164493,484324,Dorfstrasse,28,8216 Oberhallau,2972,SH,real,True,15.11.2024,2677882,1284204
100285328,10164493,484325,Dorfstrasse,24,8216 Oberhallau,2972,SH,real,True,15.11.2024,2677933,1284282
100285329,10164493,484327,Dorfstrasse,34,8216 Oberhallau,2972,SH,real,True,15.11.2024,2677756,1284106
100285330,10053536,484328,Wiesengrundstrasse,3,8216 Oberhallau,2972,SH,real,True,15.11.2024,2677933,1284089
100285332,10158880,484330,Neunkircherstrasse,2,8216 Oberhallau,2972,SH,real,True,15.11.2024,2678079,1284192
100285333,10164493,484331,Dorfstrasse,18,8216 Oberhallau,2972,SH,real,True,15.11.2024,2677938,1284314
100285334,10164493,484333,Dorfstrasse,10,8216 Oberhallau,2972,SH,real,True,15.11.2024,2677947,1284385
100285335,10158883,484334,Bergstrasse,1,8216 Oberhallau,2972,SH,real,True,15.11.2024,2677913,1284415
100285336,10158883,484335,Bergstrasse,3,8216 Oberhallau,2972,SH,real,True,15.11.2024,2677881,1284453
100285337,10153985,484336,Rohrstrasse,4,8216 Oberhallau,2972,SH,real,True,15.11.2024,2677860,1284417
100285338,10031512,484337,Hinterer Berghof,143,8216 Oberhallau,2972,SH,real,True,15.11.2024,2677534,1285963
100285339,10031513,484341,Vorderer Berghof,121,8216 Oberhallau,2972,SH,real,True,15.11.2024,2677088,1285446
100285340,10031513,484342,Vorderer Berghof,152,8216 Oberhallau,2972,SH,real,True,15.11.2024,2677166,1285407
100285341,10153985,484345,Rohrstrasse,18,8216 Oberhallau,2972,SH,real,True,15.11.2024,2677833,1284303
100285342,10104512,484346,Vögelistrasse,260,8216 Oberhallau,2972,SH,real,True,15.11.2024,2677538,1284511
100285343,10162282,484348,Brudergasse,2,8216 Oberhallau,2972,SH,real,True,15.11.2024,2677914,1284272
100285429,10133042,484073,Empützistrasse,22,8215 Hallau,2971,SH,real,True,15.11.2024,2676287,1282947
100285430,10073105,484074,Selmattenstrasse,21,8215 Hallau,2971,SH,real,True,15.11.2024,2676318,1282936
100285431,10073105,484075,Selmattenstrasse,18,8215 Hallau,2971,SH,real,True,15.11.2024,2676309,1282973
100285432,10073105,484077,Selmattenstrasse,14,8215 Hallau,2971,SH,real,True,15.11.2024,2676349,1283001
100285433,10073105,484081,Selmattenstrasse,5,8215 Hallau,2971,SH,real,True,15.11.2024,2676443,1283006
100285434,10091394,484082,Wunderklingerstrasse,65,8215 Hallau,2971,SH,real,True,15.11.2024,2676059,1283342
100285435,10091394,484083,Wunderklingerstrasse,57,8215 Hallau,2971,SH,real,True,15.11.2024,2676140,1283340
100285436,10031499,483939,Hauptstrasse,30,8215 Hallau,2971,SH,real,True,15.11.2024,2676565,1283459
100285437,10031499,483940,Hauptstrasse,28,8215 Hallau,2971,SH,real,True,15.11.2024,2676566,1283439
100285438,10031499,483941,Hauptstrasse,26,8215 Hallau,2971,SH,real,True,15.11.2024,2676551,1283452
100285439,10127690,483944,Im Winkel,16,8215 Hallau,2971,SH,real,True,15.11.2024,2676551,1283428
100285440,10031499,483946,Hauptstrasse,22,8215 Hallau,2971,SH,real,True,15.11.2024,2676537,1283445
100285441,10031499,483947,Hauptstrasse,20,8215 Hallau,2971,SH,real,True,15.11.2024,2676530,1283441
100285442,10031499,483948,Hauptstrasse,18,8215 Hallau,2971,SH,real,True,15.11.2024,2676525,1283437
100285443,10031499,483950,Hauptstrasse,16,8215 Hallau,2971,SH,real,True,15.11.2024,2676525,1283431
100285444,10031499,483951,Hauptstrasse,14,8215 Hallau,2971,SH,real,True,15.11.2024,2676518,1283428
100285445,10031499,483952,Hauptstrasse,12,8215 Hallau,2971,SH,real,True,15.11.2024,2676509,1283422
100285446,10031499,483953,Hauptstrasse,10,8215 Hallau,2971,SH,real,True,15.11.2024,2676502,1283418
100285447,10031499,483954,Hauptstrasse,8,8215 Hallau,2971,SH,real,True,15.11.2024,2676495,1283408
100285448,10031499,483956,Hauptstrasse,2,8215 Hallau,2971,SH,real,True,15.11.2024,2676478,1283377
100285449,10031941,483957,Bahnhofstrasse,1,8215 Hallau,2971,SH,real,True,15.11.2024,2676473,1283366
100285450,10031941,483958,Bahnhofstrasse,5,8215 Hallau,2971,SH,real,True,15.11.2024,2676486,1283348
100285451,10133043,483960,Haingartenweg,3,8215 Hallau,2971,SH,real,True,15.11.2024,2676511,1283345
100285452,10031941,483961,Bahnhofstrasse,9,8215 Hallau,2971,SH,real,True,15.11.2024,2676490,1283331
100285453,10033112,483962,Haingartenstrasse,1,8215 Hallau,2971,SH,real,True,15.11.2024,2676499,1283318
100285454,10033112,483963,Haingartenstrasse,3,8215 Hallau,2971,SH,real,True,15.11.2024,2676509,1283318
100285458,10033112,483964,Haingartenstrasse,2,8215 Hallau,2971,SH,real,True,15.11.2024,2676504,1283299
100285459,10133043,483965,Haingartenweg,5,8215 Hallau,2971,SH,real,True,15.11.2024,2676518,1283333
100285460,10033112,483966,Haingartenstrasse,7,8215 Hallau,2971,SH,real,True,15.11.2024,2676535,1283309
100285461,10033112,483967,Haingartenstrasse,6,8215 Hallau,2971,SH,real,True,15.11.2024,2676521,1283291
100285462,10033112,483968,Haingartenstrasse,8,8215 Hallau,2971,SH,real,True,15.11.2024,2676529,1283295
100285463,10033112,483969,Haingartenstrasse,13,8215 Hallau,2971,SH,real,True,15.11.2024,2676560,1283294
100285464,10031941,483971,Bahnhofstrasse,15,8215 Hallau,2971,SH,real,True,15.11.2024,2676485,1283280
100285465,10033112,483972,Haingartenstrasse,16,8215 Hallau,2971,SH,real,True,15.11.2024,2676561,1283268
100285466,10033112,483974,Haingartenstrasse,22,8215 Hallau,2971,SH,real,True,15.11.2024,2676565,1283243
100285467,10033112,483975,Haingartenstrasse,24,8215 Hallau,2971,SH,real,True,15.11.2024,2676569,1283237
100285468,10129035,483979,Am Gässli,3,8215 Hallau,2971,SH,real,True,15.11.2024,2676497,1283224
100285469,10031941,483980,Bahnhofstrasse,25,8215 Hallau,2971,SH,real,True,15.11.2024,2676482,1283236
100285470,10031941,483981,Bahnhofstrasse,23,8215 Hallau,2971,SH,real,True,15.11.2024,2676481,1283247
100285471,10031941,483982,Bahnhofstrasse,21,8215 Hallau,2971,SH,real,True,15.11.2024,2676481,1283254
100285472,10031941,483983,Bahnhofstrasse,19,8215 Hallau,2971,SH,real,True,15.11.2024,2676479,1283268
100285473,10031941,483984,Bahnhofstrasse,13,8215 Hallau,2971,SH,real,True,15.11.2024,2676492,1283286
100285474,10031942,483985,Bettenstrasse,6,8215 Hallau,2971,SH,real,True,15.11.2024,2676625,1283019
100285475,10190666,483986,Konservenstrasse,14,8215 Hallau,2971,SH,real,True,15.11.2024,2676614,1283064
100285476,10190666,483987,Konservenstrasse,12,8215 Hallau,2971,SH,real,True,15.11.2024,2676598,1283055
100285477,10190666,483988,Konservenstrasse,7,8215 Hallau,2971,SH,real,True,15.11.2024,2676552,1283067
100285478,10031941,483991,Bahnhofstrasse,55,8215 Hallau,2971,SH,real,True,15.11.2024,2676506,1283091
100285479,10031941,483995,Bahnhofstrasse,45,8215 Hallau,2971,SH,real,True,15.11.2024,2676500,1283134
100285480,10031941,483998,Bahnhofstrasse,37,8215 Hallau,2971,SH,real,True,15.11.2024,2676483,1283182
100285481,10031941,483999,Bahnhofstrasse,31,8215 Hallau,2971,SH,real,True,15.11.2024,2676475,1283211
100285482,10031508,484001,Schmalzgasse,25,8215 Hallau,2971,SH,real,True,15.11.2024,2676369,1283199
100285483,10031508,484003,Schmalzgasse,21,8215 Hallau,2971,SH,real,True,15.11.2024,2676383,1283187
100285484,10031508,484005,Schmalzgasse,15,8215 Hallau,2971,SH,real,True,15.11.2024,2676400,1283197
100285485,10031508,484007,Schmalzgasse,11,8215 Hallau,2971,SH,real,True,15.11.2024,2676414,1283215
100285486,10031508,484009,Schmalzgasse,7,8215 Hallau,2971,SH,real,True,15.11.2024,2676431,1283226
100285487,10031941,484010,Bahnhofstrasse,30,8215 Hallau,2971,SH,real,True,15.11.2024,2676449,1283212
100285488,10031941,484011,Bahnhofstrasse,46,8215 Hallau,2971,SH,real,True,15.11.2024,2676469,1283124
100285489,10031941,484012,Bahnhofstrasse,50,8215 Hallau,2971,SH,real,True,15.11.2024,2676465,1283105
100285490,10031941,484013,Bahnhofstrasse,52,8215 Hallau,2971,SH,real,True,15.11.2024,2676467,1283097
100285492,10031941,484017,Bahnhofstrasse,66,8215 Hallau,2971,SH,real,True,15.11.2024,2676475,1283031
100285493,10031941,484018,Bahnhofstrasse,72,8215 Hallau,2971,SH,real,True,15.11.2024,2676482,1282978
100285494,10031941,484019,Bahnhofstrasse,74,8215 Hallau,2971,SH,real,True,15.11.2024,2676488,1282954
100285495,10031941,484020,Bahnhofstrasse,78,8215 Hallau,2971,SH,real,True,15.11.2024,2676492,1282935
100285496,10031941,484021,Bahnhofstrasse,82,8215 Hallau,2971,SH,real,True,15.11.2024,2676498,1282908
100285497,10031941,484022,Bahnhofstrasse,90,8215 Hallau,2971,SH,real,True,15.11.2024,2676507,1282839
100285498,10031941,484023,Bahnhofstrasse,100,8215 Hallau,2971,SH,real,True,15.11.2024,2676543,1282721
100285499,10127711,484024,Trasadingerweg,8,8215 Hallau,2971,SH,real,True,15.11.2024,2676483,1282702
100285500,10031941,484027,Bahnhofstrasse,85,8215 Hallau,2971,SH,real,True,15.11.2024,2676528,1282886
100285501,10031941,484028,Bahnhofstrasse,83,8215 Hallau,2971,SH,real,True,15.11.2024,2676522,1282904
100285502,10031941,484029,Bahnhofstrasse,73,8215 Hallau,2971,SH,real,True,15.11.2024,2676519,1282976
100285505,10110820,484031,Gehringerstrasse,12,8215 Hallau,2971,SH,real,True,15.11.2024,2676345,1283073
100285530,10091394,484176,Wunderklingerstrasse,2,8215 Hallau,2971,SH,real,True,15.11.2024,2676443,1283406
100285531,10031499,484177,Hauptstrasse,3,8215 Hallau,2971,SH,real,True,15.11.2024,2676453,1283406
100285532,10031499,484178,Hauptstrasse,5,8215 Hallau,2971,SH,real,True,15.11.2024,2676459,1283408
100285533,10031499,484179,Hauptstrasse,7,8215 Hallau,2971,SH,real,True,15.11.2024,2676468,1283408
100285534,10031499,484180,Hauptstrasse,9,8215 Hallau,2971,SH,real,True,15.11.2024,2676477,1283413
100285535,10031499,484182,Hauptstrasse,13,8215 Hallau,2971,SH,real,True,15.11.2024,2676491,1283431
100285536,10129036,484183,Ameisenbuck,3,8215 Hallau,2971,SH,real,True,15.11.2024,2676459,1283437
100285537,10129036,484184,Ameisenbuck,5,8215 Hallau,2971,SH,real,True,15.11.2024,2676467,1283441
100285538,10031498,484187,Hauengasse,11,8215 Hallau,2971,SH,real,True,15.11.2024,2676476,1283463
100285539,10031498,484190,Hauengasse,21,8215 Hallau,2971,SH,real,True,15.11.2024,2676443,1283529
100285540,10031498,484191,Hauengasse,23,8215 Hallau,2971,SH,real,True,15.11.2024,2676449,1283532
100285541,10031498,484192,Hauengasse,25,8215 Hallau,2971,SH,real,True,15.11.2024,2676454,1283541
100285542,10031510,484193,Weiherschulstrasse,10,8215 Hallau,2971,SH,real,True,15.11.2024,2676412,1283621
100285543,10031498,484196,Hauengasse,6,8215 Hallau,2971,SH,real,True,15.11.2024,2676481,1283473
100285544,10031498,484197,Hauengasse,8,8215 Hallau,2971,SH,real,True,15.11.2024,2676476,1283481
100285545,10031501,484198,Lahngasse,9,8215 Hallau,2971,SH,real,True,15.11.2024,2676467,1283525
100285546,10031498,484199,Hauengasse,14,8215 Hallau,2971,SH,real,True,15.11.2024,2676455,1283527
100285547,10031498,484200,Hauengasse,16,8215 Hallau,2971,SH,real,True,15.11.2024,2676458,1283530
100285548,10031498,484201,Hauengasse,18,8215 Hallau,2971,SH,real,True,15.11.2024,2676459,1283550
100285549,10127694,484203,Lindengartenweg,5,8215 Hallau,2971,SH,real,True,15.11.2024,2676510,1283556
100285553,10073104,484204,Schulgasse,33,8215 Hallau,2971,SH,real,True,15.11.2024,2676508,1283597
100285554,10031501,484205,Lahngasse,18,8215 Hallau,2971,SH,real,True,15.11.2024,2676469,1283551
100285555,10031501,484206,Lahngasse,16,8215 Hallau,2971,SH,real,True,15.11.2024,2676474,1283536
100285556,10031501,484207,Lahngasse,14,8215 Hallau,2971,SH,real,True,15.11.2024,2676479,1283526
100285557,10031501,484211,Lahngasse,8,8215 Hallau,2971,SH,real,True,15.11.2024,2676486,1283507
100285558,10031501,484213,Lahngasse,1,8215 Hallau,2971,SH,real,True,15.11.2024,2676500,1283461
100285559,10031499,484214,Hauptstrasse,21,8215 Hallau,2971,SH,real,True,15.11.2024,2676526,1283453
100285560,10031499,484215,Hauptstrasse,23,8215 Hallau,2971,SH,real,True,15.11.2024,2676535,1283461
100285561,10031499,484216,Hauptstrasse,27,8215 Hallau,2971,SH,real,True,15.11.2024,2676547,1283466
100285562,10031499,484219,Hauptstrasse,29,8215 Hallau,2971,SH,real,True,15.11.2024,2676566,1283474
100285563,10073102,484220,Lopengraben,7,8215 Hallau,2971,SH,real,True,15.11.2024,2676551,1283481
100285564,10031499,484222,Hauptstrasse,35,8215 Hallau,2971,SH,real,True,15.11.2024,2676592,1283491
100285565,10031499,484223,Hauptstrasse,39,8215 Hallau,2971,SH,real,True,15.11.2024,2676609,1283530
100285566,10031499,484224,Hauptstrasse,41,8215 Hallau,2971,SH,real,True,15.11.2024,2676621,1283509
100285567,10031499,484225,Hauptstrasse,43,8215 Hallau,2971,SH,real,True,15.11.2024,2676639,1283514
100285568,10031499,484227,Hauptstrasse,47,8215 Hallau,2971,SH,real,True,15.11.2024,2676663,1283522
100285569,10031499,484230,Hauptstrasse,53,8215 Hallau,2971,SH,real,True,15.11.2024,2676679,1283537
100285570,10031499,484231,Hauptstrasse,55,8215 Hallau,2971,SH,real,True,15.11.2024,2676686,1283536
100285571,10031499,484232,Hauptstrasse,59,8215 Hallau,2971,SH,real,True,15.11.2024,2676701,1283544
100285572,10031499,484233,Hauptstrasse,61,8215 Hallau,2971,SH,real,True,15.11.2024,2676716,1283555
100285573,10073104,484234,Schulgasse,2,8215 Hallau,2971,SH,real,True,15.11.2024,2676717,1283594
100285574,10073104,484235,Schulgasse,4,8215 Hallau,2971,SH,real,True,15.11.2024,2676713,1283596
100285575,10073104,484238,Schulgasse,10,8215 Hallau,2971,SH,real,True,15.11.2024,2676693,1283591
100285576,10073104,484241,Schulgasse,20,8215 Hallau,2971,SH,real,True,15.11.2024,2676657,1283601
100285577,10073104,484242,Schulgasse,18,8215 Hallau,2971,SH,real,True,15.11.2024,2676674,1283611
100285578,10073104,484244,Schulgasse,21,8215 Hallau,2971,SH,real,True,15.11.2024,2676626,1283596
100285579,10073104,484245,Schulgasse,23,8215 Hallau,2971,SH,real,True,15.11.2024,2676611,1283588
100285580,10073104,484246,Schulgasse,24,8215 Hallau,2971,SH,real,True,15.11.2024,2676633,1283623
100285581,10073104,484247,Schulgasse,22,8215 Hallau,2971,SH,real,True,15.11.2024,2676647,1283624
100285582,10031945,484248,Fernsichtstrasse,23,8215 Hallau,2971,SH,real,True,15.11.2024,2676230,1283474
100285583,10031945,484249,Fernsichtstrasse,21,8215 Hallau,2971,SH,real,True,15.11.2024,2676243,1283495
100285721,10103234,484537,Pfyffergässli,1,8219 Trasadingen,2973,SH,real,True,15.11.2024,2674590,1280110
100285722,10103234,484539,Pfyffergässli,16,8219 Trasadingen,2973,SH,real,True,15.11.2024,2674431,1279837
100285723,10103234,484540,Pfyffergässli,18,8219 Trasadingen,2973,SH,real,True,15.11.2024,2674389,1279828
100285724,10180895,484541,Sonnenhof,1,8217 Wilchingen,2973,SH,real,True,15.11.2024,2675768,1279069
100285725,10031517,484543,Dorfstrasse,4,8219 Trasadingen,2973,SH,real,True,15.11.2024,2674601,1280160
100285726,10031517,484544,Dorfstrasse,6,8219 Trasadingen,2973,SH,real,True,15.11.2024,2674611,1280168
100285727,10031517,484545,Dorfstrasse,8,8219 Trasadingen,2973,SH,real,True,15.11.2024,2674612,1280188
100285728,10031517,484546,Dorfstrasse,10,8219 Trasadingen,2973,SH,real,True,15.11.2024,2674614,1280219
100285729,10031517,484547,Dorfstrasse,3,8219 Trasadingen,2973,SH,real,True,15.11.2024,2674581,1280202
100285730,10031517,484549,Dorfstrasse,9,8219 Trasadingen,2973,SH,real,True,15.11.2024,2674533,1280201
100285731,10031517,484550,Dorfstrasse,11,8219 Trasadingen,2973,SH,real,True,15.11.2024,2674522,1280207
100285732,10031517,484551,Dorfstrasse,13,8219 Trasadingen,2973,SH,real,True,15.11.2024,2674523,1280220
100285733,10031517,484552,Dorfstrasse,15,8219 Trasadingen,2973,SH,real,True,15.11.2024,2674506,1280202
100285734,10031517,484553,Dorfstrasse,25,8219 Trasadingen,2973,SH,real,True,15.11.2024,2674478,1280247
100285735,10031517,484555,Dorfstrasse,29,8219 Trasadingen,2973,SH,real,True,15.11.2024,2674464,1280204
100285736,10031517,484558,Dorfstrasse,42,8219 Trasadingen,2973,SH,real,True,15.11.2024,2674550,1280136
100285737,10031517,484559,Dorfstrasse,39,8219 Trasadingen,2973,SH,real,True,15.11.2024,2674565,1280159
100285738,10031517,484562,Dorfstrasse,38,8219 Trasadingen,2973,SH,real,True,15.11.2024,2674515,1280132
100285739,10031517,484563,Dorfstrasse,40,8219 Trasadingen,2973,SH,real,True,15.11.2024,2674512,1280128
100285742,10031517,484565,Dorfstrasse,18,8219 Trasadingen,2973,SH,real,True,15.11.2024,2674446,1280228
100285743,10031517,484566,Dorfstrasse,20,8219 Trasadingen,2973,SH,real,True,15.11.2024,2674446,1280223
100285744,10073110,484567,Gässli,2,8219 Trasadingen,2973,SH,real,True,15.11.2024,2674432,1280216
100285820,10091396,484418,Hinterdorfstrasse,25,8216 Oberhallau,2972,SH,real,True,15.11.2024,2678048,1284586
100285821,10091396,484419,Hinterdorfstrasse,16,8216 Oberhallau,2972,SH,real,True,15.11.2024,2678063,1284620
100285822,10091396,484420,Hinterdorfstrasse,27,8216 Oberhallau,2972,SH,real,True,15.11.2024,2678026,1284625
100285823,10091396,484421,Hinterdorfstrasse,29,8216 Oberhallau,2972,SH,real,True,15.11.2024,2678019,1284634
100286302,10164493,484350,Dorfstrasse,26,8216 Oberhallau,2972,SH,real,True,15.11.2024,2677917,1284209
100286303,10162276,484351,Mitteldorfstrasse,8,8216 Oberhallau,2972,SH,real,True,15.11.2024,2678011,1284376
100286304,10162276,484352,Mitteldorfstrasse,4,8216 Oberhallau,2972,SH,real,True,15.11.2024,2678021,1284397
100286305,10162276,484353,Mitteldorfstrasse,6,8216 Oberhallau,2972,SH,real,True,15.11.2024,2678002,1284407
100286306,10164493,484355,Dorfstrasse,3,8216 Oberhallau,2972,SH,real,True,15.11.2024,2677999,1284436
100286307,10164493,484357,Dorfstrasse,9,8216 Oberhallau,2972,SH,real,True,15.11.2024,2677970,1284399
100286308,10162276,484358,Mitteldorfstrasse,10,8216 Oberhallau,2972,SH,real,True,15.11.2024,2678005,1284363
100286309,10103233,484360,Trottengasse,7,8216 Oberhallau,2972,SH,real,True,15.11.2024,2678036,1284264
100286310,10103233,484361,Trottengasse,1,8216 Oberhallau,2972,SH,real,True,15.11.2024,2677971,1284254
100286381,10031517,484568,Dorfstrasse,30,8219 Trasadingen,2973,SH,real,True,15.11.2024,2674488,1280128
100286382,10031517,484569,Dorfstrasse,32,8219 Trasadingen,2973,SH,real,True,15.11.2024,2674480,1280120
100286383,10031517,484570,Dorfstrasse,26,8219 Trasadingen,2973,SH,real,True,15.11.2024,2674488,1280152
100286384,10031517,484571,Dorfstrasse,12,8219 Trasadingen,2973,SH,real,True,15.11.2024,2674563,1280225
100286385,10091400,484572,Hirschgass,2,8219 Trasadingen,2973,SH,real,True,15.11.2024,2674600,1280236
100286386,10195242,484573,Obergass,2,8219 Trasadingen,2973,SH,real,True,15.11.2024,2674668,1280286
100286387,10091400,484574,Hirschgass,1,8219 Trasadingen,2973,SH,real,True,15.11.2024,2674579,1280241
100286388,10091400,484575,Hirschgass,3,8219 Trasadingen,2973,SH,real,True,15.11.2024,2674595,1280263
100286389,10145750,484578,Bruedergass,4,8219 Trasadingen,2973,SH,real,True,15.11.2024,2674539,1280258
100286390,10145750,484579,Bruedergass,1,8219 Trasadingen,2973,SH,real,True,15.11.2024,2674504,1280261
100286391,10145750,484580,Bruedergass,5,8219 Trasadingen,2973,SH,real,True,15.11.2024,2674520,1280277
100286392,10145750,484581,Bruedergass,7,8219 Trasadingen,2973,SH,real,True,15.11.2024,2674526,1280282
100286465,10031508,484035,Schmalzgasse,43,8215 Hallau,2971,SH,real,True,15.11.2024,2676221,1283127
100286466,10031508,484036,Schmalzgasse,45,8215 Hallau,2971,SH,real,True,15.11.2024,2676216,1283125
100286467,10031508,484037,Schmalzgasse,49,8215 Hallau,2971,SH,real,True,15.11.2024,2676182,1283110
100286468,10133042,484039,Empützistrasse,18,8215 Hallau,2971,SH,real,True,15.11.2024,2676251,1282981
100286469,10133042,484042,Empützistrasse,6,8215 Hallau,2971,SH,real,True,15.11.2024,2676174,1283052
100286470,10133042,484043,Empützistrasse,4,8215 Hallau,2971,SH,real,True,15.11.2024,2676151,1283074
100286471,10091113,484044,Lisiloostrasse,3,8215 Hallau,2971,SH,real,True,15.11.2024,2676137,1283076
100286472,10091113,484045,Lisiloostrasse,5,8215 Hallau,2971,SH,real,True,15.11.2024,2676128,1283051
100286473,10091113,484046,Lisiloostrasse,9,8215 Hallau,2971,SH,real,True,15.11.2024,2676109,1283027
100286547,10179763,484254,Tacherstrasse,3,8215 Hallau,2971,SH,real,True,15.11.2024,2676259,1283622
100286548,10031945,484255,Fernsichtstrasse,10,8215 Hallau,2971,SH,real,True,15.11.2024,2676200,1283611
100286549,10179763,484256,Tacherstrasse,23,8215 Hallau,2971,SH,real,True,15.11.2024,2676169,1283614
100286550,10179763,484257,Tacherstrasse,25,8215 Hallau,2971,SH,real,True,15.11.2024,2676171,1283589
100286551,10127689,484259,Untere Ifangstrasse,7,8215 Hallau,2971,SH,real,True,15.11.2024,2676362,1283657
100286552,10121180,484261,Oberwiesenstrasse,3,8215 Hallau,2971,SH,real,True,15.11.2024,2676425,1283669
100286553,10127688,484263,Obere Ifangstrasse,8,8215 Hallau,2971,SH,real,True,15.11.2024,2676375,1283684
100286554,10127688,484264,Obere Ifangstrasse,4,8215 Hallau,2971,SH,real,True,15.11.2024,2676337,1283674
100286555,10127688,484265,Obere Ifangstrasse,9,8215 Hallau,2971,SH,real,True,15.11.2024,2676376,1283705
100286556,10164493,484363,Dorfstrasse,17,8216 Oberhallau,2972,SH,real,True,15.11.2024,2677945,1284288
100286557,10091398,484364,Schulstrasse,2,8216 Oberhallau,2972,SH,real,True,15.11.2024,2677960,1284317
100286558,10091398,484365,Schulstrasse,1,8216 Oberhallau,2972,SH,real,True,15.11.2024,2677966,1284334
100286559,10162276,484366,Mitteldorfstrasse,11,8216 Oberhallau,2972,SH,real,True,15.11.2024,2678047,1284299
100286560,10073106,484367,Heerengasse,10,8216 Oberhallau,2972,SH,real,True,15.11.2024,2678073,1284356
100286561,10162276,484370,Mitteldorfstrasse,1,8216 Oberhallau,2972,SH,real,True,15.11.2024,2678045,1284425
100286562,10073106,484371,Heerengasse,2,8216 Oberhallau,2972,SH,real,True,15.11.2024,2678072,1284425
100286563,10073106,484372,Heerengasse,19,8216 Oberhallau,2972,SH,real,True,15.11.2024,2678080,1284285
100286564,10073106,484373,Heerengasse,13,8216 Oberhallau,2972,SH,real,True,15.11.2024,2678090,1284335
100286565,10073106,484377,Heerengasse,7,8216 Oberhallau,2972,SH,real,True,15.11.2024,2678100,1284386
100286566,10073106,484379,Heerengasse,5,8216 Oberhallau,2972,SH,real,True,15.11.2024,2678111,1284427
100286567,10091397,484381,Krongasse,4,8216 Oberhallau,2972,SH,real,True,15.11.2024,2678122,1284480
100286568,10091397,484382,Krongasse,6,8216 Oberhallau,2972,SH,real,True,15.11.2024,2678135,1284513
100286569,10163252,484384,Lugmerstrasse,1,8216 Oberhallau,2972,SH,real,True,15.11.2024,2678141,1284564
100286570,10091397,484385,Krongasse,14,8216 Oberhallau,2972,SH,real,True,15.11.2024,2678164,1284721
100286571,10073106,484387,Heerengasse,3,8216 Oberhallau,2972,SH,real,True,15.11.2024,2678108,1284447
100286572,10162015,484394,Im Winkel,4,8216 Oberhallau,2972,SH,real,True,15.11.2024,2678020,1284479
100286573,10162015,484395,Im Winkel,5,8216 Oberhallau,2972,SH,real,True,15.11.2024,2678006,1284515
100286574,10162015,484396,Im Winkel,7,8216 Oberhallau,2972,SH,real,True,15.11.2024,2678014,1284527
100286575,10164493,484397,Dorfstrasse,2,8216 Oberhallau,2972,SH,real,True,15.11.2024,2678018,1284448
100286576,10091396,484398,Hinterdorfstrasse,1,8216 Oberhallau,2972,SH,real,True,15.11.2024,2678034,1284449
100286577,10091396,484400,Hinterdorfstrasse,5,8216 Oberhallau,2972,SH,real,True,15.11.2024,2678053,1284467
100286578,10091396,484401,Hinterdorfstrasse,7,8216 Oberhallau,2972,SH,real,True,15.11.2024,2678064,1284458
100286579,10091397,484402,Krongasse,1,8216 Oberhallau,2972,SH,real,True,15.11.2024,2678096,1284482
100286580,10091397,484403,Krongasse,3,8216 Oberhallau,2972,SH,real,True,15.11.2024,2678121,1284504
100286581,10091397,484405,Krongasse,9,8216 Oberhallau,2972,SH,real,True,15.11.2024,2678126,1284583
100286582,10091396,484407,Hinterdorfstrasse,11,8216 Oberhallau,2972,SH,real,True,15.11.2024,2678080,1284490
100286583,10091396,484408,Hinterdorfstrasse,13,8216 Oberhallau,2972,SH,real,True,15.11.2024,2678076,1284503
100286584,10091396,484409,Hinterdorfstrasse,6,8216 Oberhallau,2972,SH,real,True,15.11.2024,2678090,1284510
100286585,10091396,484410,Hinterdorfstrasse,8,8216 Oberhallau,2972,SH,real,True,15.11.2024,2678095,1284529
100286586,10091396,484411,Hinterdorfstrasse,17,8216 Oberhallau,2972,SH,real,True,15.11.2024,2678061,1284559
100286587,10091396,484412,Hinterdorfstrasse,10,8216 Oberhallau,2972,SH,real,True,15.11.2024,2678088,1284547
100286588,10091396,484413,Hinterdorfstrasse,14,8216 Oberhallau,2972,SH,real,True,15.11.2024,2678082,1284573
100286589,10091396,484414,Hinterdorfstrasse,21,8216 Oberhallau,2972,SH,real,True,15.11.2024,2678060,1284594
100286590,10091396,484417,Hinterdorfstrasse,19,8216 Oberhallau,2972,SH,real,True,15.11.2024,2678052,1284563
100286716,10091113,484048,Lisiloostrasse,10,8215 Hallau,2971,SH,real,True,15.11.2024,2676081,1283037
100286717,10091113,484049,Lisiloostrasse,12,8215 Hallau,2971,SH,real,True,15.11.2024,2676060,1283014
100286718,10091113,484051,Lisiloostrasse,19,8215 Hallau,2971,SH,real,True,15.11.2024,2676052,1282958
100286785,10091396,484424,Hinterdorfstrasse,39,8216 Oberhallau,2972,SH,real,True,15.11.2024,2677954,1284723
100286786,10187871,484425,Püntstrasse,10,8216 Oberhallau,2972,SH,real,True,15.11.2024,2677930,1284713
100286787,10187871,484426,Püntstrasse,8,8216 Oberhallau,2972,SH,real,True,15.11.2024,2677903,1284701
100286788,10162284,484427,Püntweg,7,8216 Oberhallau,2972,SH,real,True,15.11.2024,2677926,1284654
100286789,10187871,484428,Püntstrasse,2,8216 Oberhallau,2972,SH,real,True,15.11.2024,2677956,1284592
100286790,10162014,484429,Wettistrasse,5,8216 Oberhallau,2972,SH,real,True,15.11.2024,2677974,1284565
100286791,10162014,484431,Wettistrasse,7,8216 Oberhallau,2972,SH,real,True,15.11.2024,2678002,1284595
100286793,10187872,484433,Chilstig,23,8219 Trasadingen,2973,SH,real,True,15.11.2024,2674315,1279796
100286794,10187872,484435,Chilstig,18,8219 Trasadingen,2973,SH,real,True,15.11.2024,2674317,1279855
100286795,10187872,484436,Chilstig,17,8219 Trasadingen,2973,SH,real,True,15.11.2024,2674352,1279900
100286796,10187872,484437,Chilstig,14,8219 Trasadingen,2973,SH,real,True,15.11.2024,2674331,1279900
100286797,10121180,484266,Oberwiesenstrasse,9,8215 Hallau,2971,SH,real,True,15.11.2024,2676415,1283725
100286799,10124089,484268,Auffahrtstrasse,43,8215 Hallau,2971,SH,real,True,15.11.2024,2676298,1283787
100286800,10124089,484269,Auffahrtstrasse,44,8215 Hallau,2971,SH,real,True,15.11.2024,2676343,1283806
100286801,10046639,484271,Trottenstrasse,3,8215 Hallau,2971,SH,real,True,15.11.2024,2676328,1283870
100286802,10031943,484273,Bienengartenstrasse,3,8215 Hallau,2971,SH,real,True,15.11.2024,2676432,1283774
100286803,10121180,484274,Oberwiesenstrasse,25,8215 Hallau,2971,SH,real,True,15.11.2024,2676363,1283829
100286804,10121180,484275,Oberwiesenstrasse,22,8215 Hallau,2971,SH,real,True,15.11.2024,2676388,1283835
100286805,10121180,484277,Oberwiesenstrasse,8,8215 Hallau,2971,SH,real,True,15.11.2024,2676439,1283740
100286806,10121180,484278,Oberwiesenstrasse,10,8215 Hallau,2971,SH,real,True,15.11.2024,2676449,1283740
100286807,10121180,484279,Oberwiesenstrasse,12,8215 Hallau,2971,SH,real,True,15.11.2024,2676458,1283740
100286808,10031943,484280,Bienengartenstrasse,8,8215 Hallau,2971,SH,real,True,15.11.2024,2676460,1283831
100286809,10031943,484281,Bienengartenstrasse,10,8215 Hallau,2971,SH,real,True,15.11.2024,2676496,1283820
100286810,10031943,484283,Bienengartenstrasse,2,8215 Hallau,2971,SH,real,True,15.11.2024,2676439,1283801
100286811,10031943,484284,Bienengartenstrasse,6,8215 Hallau,2971,SH,real,True,15.11.2024,2676466,1283811
100286813,10091393,484287,Weiherhofstrasse,4,8215 Hallau,2971,SH,real,True,15.11.2024,2676419,1283860
100286814,10091393,484288,Weiherhofstrasse,6,8215 Hallau,2971,SH,real,True,15.11.2024,2676428,1283849
100286815,10046639,484292,Trottenstrasse,16,8215 Hallau,2971,SH,real,True,15.11.2024,2676217,1283852
100286816,10073104,484293,Schulgasse,32,8215 Hallau,2971,SH,real,True,15.11.2024,2676475,1283652
100286817,10031500,484294,Höhenweg,3,8215 Hallau,2971,SH,real,True,15.11.2024,2676612,1283660
100286818,10031944,484295,Chatzenbergstrasse,4,8215 Hallau,2971,SH,real,True,15.11.2024,2676601,1283689
100286819,10031500,484296,Höhenweg,15,8215 Hallau,2971,SH,real,True,15.11.2024,2676692,1283734
100286904,10031829,484777,Schulgasse,1,8217 Wilchingen,2974,SH,real,True,15.11.2024,2677422,1280184
100286905,10148816,484778,Hauptstrasse,32,8217 Wilchingen,2974,SH,real,True,15.11.2024,2677334,1280179
100286906,10031819,484779,Hofackerstrasse,10,8217 Wilchingen,2974,SH,real,True,15.11.2024,2677188,1280230
100286907,10152449,484780,Haslachergasse,5,8217 Wilchingen,2974,SH,real,True,15.11.2024,2677367,1280338
100286908,10031818,484781,Grossgasse,15,8217 Wilchingen,2974,SH,real,True,15.11.2024,2677321,1280245
100286909,10152449,484783,Haslachergasse,3,8217 Wilchingen,2974,SH,real,True,15.11.2024,2677373,1280331
100286910,10148816,484784,Hauptstrasse,42,8217 Wilchingen,2974,SH,real,True,15.11.2024,2677232,1280215
100286911,10031818,484785,Grossgasse,3,8217 Wilchingen,2974,SH,real,True,15.11.2024,2677320,1280199
100286912,10031819,484786,Hofackerstrasse,12,8217 Wilchingen,2974,SH,real,True,15.11.2024,2677183,1280234
100286914,10031827,484788,Quellenweg,1,8217 Wilchingen,2974,SH,real,True,15.11.2024,2677319,1281192
100286915,10148816,484789,Hauptstrasse,52,8217 Wilchingen,2974,SH,real,True,15.11.2024,2677149,1280177
100286916,10148816,484791,Hauptstrasse,56,8217 Wilchingen,2974,SH,real,True,15.11.2024,2677121,1280185
100286917,10148816,484792,Hauptstrasse,68,8217 Wilchingen,2974,SH,real,True,15.11.2024,2677111,1280174
100286918,10148816,484793,Hauptstrasse,70,8217 Wilchingen,2974,SH,real,True,15.11.2024,2677091,1280181
100286919,10148816,484795,Hauptstrasse,76,8217 Wilchingen,2974,SH,real,True,15.11.2024,2677048,1280182
100286920,10148816,484796,Hauptstrasse,78,8217 Wilchingen,2974,SH,real,True,15.11.2024,2677042,1280195
100286921,10148816,484797,Hauptstrasse,80,8217 Wilchingen,2974,SH,real,True,15.11.2024,2677011,1280188
100286922,10031830,484798,Sägereistrasse,2,8217 Wilchingen,2974,SH,real,True,15.11.2024,2676951,1280189
100286923,10148816,484799,Hauptstrasse,79,8217 Wilchingen,2974,SH,real,True,15.11.2024,2676977,1280207
100286924,10148816,484803,Hauptstrasse,84,8217 Wilchingen,2974,SH,real,True,15.11.2024,2677038,1280234
100286926,10091410,484806,Schelmengasse,1,8217 Wilchingen,2974,SH,real,True,15.11.2024,2676984,1280291
100286927,10031819,484808,Hofackerstrasse,9,8217 Wilchingen,2974,SH,real,True,15.11.2024,2677152,1280278
100286928,10031819,484809,Hofackerstrasse,3,8217 Wilchingen,2974,SH,real,True,15.11.2024,2677166,1280226
100286929,10031819,484810,Hofackerstrasse,5,8217 Wilchingen,2974,SH,real,True,15.11.2024,2677163,1280243
100286930,10148816,484811,Hauptstrasse,66,8217 Wilchingen,2974,SH,real,True,15.11.2024,2677088,1280215
100286931,10148816,484813,Hauptstrasse,62,8217 Wilchingen,2974,SH,real,True,15.11.2024,2677089,1280233
100286932,10148816,484814,Hauptstrasse,60,8217 Wilchingen,2974,SH,real,True,15.11.2024,2677094,1280269
100286933,10091410,484816,Schelmengasse,2,8217 Wilchingen,2974,SH,real,True,15.11.2024,2676925,1280313
100286934,10152450,484817,Hinterlangenstallstrasse,1,8217 Wilchingen,2974,SH,real,True,15.11.2024,2676966,1280328
100286935,10152450,484818,Hinterlangenstallstrasse,2,8217 Wilchingen,2974,SH,real,True,15.11.2024,2676990,1280346
100286936,10148816,484819,Hauptstrasse,91,8217 Wilchingen,2974,SH,real,True,15.11.2024,2676985,1280456
100286937,10148816,484820,Hauptstrasse,97,8217 Wilchingen,2974,SH,real,True,15.11.2024,2677041,1280621
100286938,10091406,484821,Haslacherstrasse,2,8217 Wilchingen,2974,SH,real,True,15.11.2024,2677099,1280603
100286939,10091404,484823,Blumenweg,3,8217 Wilchingen,2974,SH,real,True,15.11.2024,2677126,1280519
100286940,10091403,484825,Abendstrasse,6,8217 Wilchingen,2974,SH,real,True,15.11.2024,2677105,1280464
100286941,10091403,484826,Abendstrasse,9,8217 Wilchingen,2974,SH,real,True,15.11.2024,2677103,1280427
100286942,10091403,484827,Abendstrasse,11,8217 Wilchingen,2974,SH,real,True,15.11.2024,2677102,1280421
100286943,10091403,484828,Abendstrasse,13,8217 Wilchingen,2974,SH,real,True,15.11.2024,2677097,1280394
100286944,10091403,484829,Abendstrasse,15,8217 Wilchingen,2974,SH,real,True,15.11.2024,2677096,1280386
100286945,10091403,484830,Abendstrasse,17,8217 Wilchingen,2974,SH,real,True,15.11.2024,2677096,1280379
100286946,10179768,484831,Kapellenweg,10,8217 Wilchingen,2974,SH,real,True,15.11.2024,2677098,1280355
100286947,10179768,484832,Kapellenweg,8,8217 Wilchingen,2974,SH,real,True,15.11.2024,2677099,1280349
100286948,10179768,484833,Kapellenweg,2,8217 Wilchingen,2974,SH,real,True,15.11.2024,2677128,1280349
100286949,10179768,484835,Kapellenweg,6,8217 Wilchingen,2974,SH,real,True,15.11.2024,2677128,1280365
100286950,10091403,484836,Abendstrasse,4,8217 Wilchingen,2974,SH,real,True,15.11.2024,2677137,1280455
100286951,10031834,484839,Wiesenweg,8,8217 Wilchingen,2974,SH,real,True,15.11.2024,2677248,1280501
100286952,10031834,484840,Wiesenweg,6,8217 Wilchingen,2974,SH,real,True,15.11.2024,2677231,1280487
100286953,10031834,484841,Wiesenweg,2,8217 Wilchingen,2974,SH,real,True,15.11.2024,2677200,1280462
100286954,10091403,484842,Abendstrasse,2,8217 Wilchingen,2974,SH,real,True,15.11.2024,2677169,1280431
100286955,10031819,484843,Hofackerstrasse,23,8217 Wilchingen,2974,SH,real,True,15.11.2024,2677204,1280422
100286967,10145750,484582,Bruedergass,9,8219 Trasadingen,2973,SH,real,True,15.11.2024,2674527,1280297
100286968,10195242,484585,Obergass,1,8219 Trasadingen,2973,SH,real,True,15.11.2024,2674677,1280304
100286969,10179765,484586,Vortag,5,8219 Trasadingen,2973,SH,real,True,15.11.2024,2674699,1280392
100286970,10179765,484587,Vortag,6,8219 Trasadingen,2973,SH,real,True,15.11.2024,2674784,1280405
100286971,10121181,484588,Gass,2,8219 Trasadingen,2973,SH,real,True,15.11.2024,2674450,1280289
100286972,10073108,484589,Am Buck,1,8219 Trasadingen,2973,SH,real,True,15.11.2024,2674472,1280305
100286973,10073108,484590,Am Buck,5,8219 Trasadingen,2973,SH,real,True,15.11.2024,2674479,1280318
100286974,10073108,484591,Am Buck,7,8219 Trasadingen,2973,SH,real,True,15.11.2024,2674485,1280331
100286975,10073108,484592,Am Buck,9,8219 Trasadingen,2973,SH,real,True,15.11.2024,2674492,1280347
100286976,10031518,484593,Rebweg,1,8219 Trasadingen,2973,SH,real,True,15.11.2024,2674500,1280393
100286977,10031518,484594,Rebweg,3,8219 Trasadingen,2973,SH,real,True,15.11.2024,2674512,1280434
100286978,10031518,484595,Rebweg,2,8219 Trasadingen,2973,SH,real,True,15.11.2024,2674531,1280425
100286979,10073108,484596,Am Buck,10,8219 Trasadingen,2973,SH,real,True,15.11.2024,2674495,1280306
100286980,10073108,484597,Am Buck,8,8219 Trasadingen,2973,SH,real,True,15.11.2024,2674481,1280295
100286981,10031518,484598,Rebweg,7,8219 Trasadingen,2973,SH,real,True,15.11.2024,2674462,1280401
100286982,10031518,484599,Rebweg,9,8219 Trasadingen,2973,SH,real,True,15.11.2024,2674442,1280383
100286983,10031517,484600,Dorfstrasse,23,8219 Trasadingen,2973,SH,real,True,15.11.2024,2674489,1280241
100286984,10148816,484604,Hauptstrasse,35,8217 Wilchingen,2974,SH,real,True,15.11.2024,2677312,1280154
100286985,10148816,484605,Hauptstrasse,39,8217 Wilchingen,2974,SH,real,True,15.11.2024,2677293,1280153
100286986,10148816,484606,Hauptstrasse,41,8217 Wilchingen,2974,SH,real,True,15.11.2024,2677285,1280152
100286987,10148816,484608,Hauptstrasse,47,8217 Wilchingen,2974,SH,real,True,15.11.2024,2677223,1280128
100286988,10148816,484610,Hauptstrasse,51,8217 Wilchingen,2974,SH,real,True,15.11.2024,2677205,1280138
100286989,10148816,484611,Hauptstrasse,53,8217 Wilchingen,2974,SH,real,True,15.11.2024,2677192,1280137
100286990,10148816,484612,Hauptstrasse,57,8217 Wilchingen,2974,SH,real,True,15.11.2024,2677177,1280156
100286991,10148816,484614,Hauptstrasse,61,8217 Wilchingen,2974,SH,real,True,15.11.2024,2677140,1280150
100286992,10148816,484615,Hauptstrasse,63,8217 Wilchingen,2974,SH,real,True,15.11.2024,2677110,1280148
100286993,10148816,484616,Hauptstrasse,65,8217 Wilchingen,2974,SH,real,True,15.11.2024,2677086,1280153
100286994,10148816,484617,Hauptstrasse,67,8217 Wilchingen,2974,SH,real,True,15.11.2024,2677064,1280151
100286996,10031830,484620,Sägereistrasse,8,8217 Wilchingen,2974,SH,real,True,15.11.2024,2676951,1280125
100286997,10031830,484621,Sägereistrasse,10,8217 Wilchingen,2974,SH,real,True,15.11.2024,2676943,1280073
100286998,10031830,484623,Sägereistrasse,13,8217 Wilchingen,2974,SH,real,True,15.11.2024,2676843,1279917
100286999,10031830,484624,Sägereistrasse,11,8217 Wilchingen,2974,SH,real,True,15.11.2024,2676884,1279945
100287000,10103236,484626,Mettlenstrasse,33,8217 Wilchingen,2974,SH,real,True,15.11.2024,2677017,1280058
100287001,10152436,484627,Brüelstrasse,10,8217 Wilchingen,2974,SH,real,True,15.11.2024,2677116,1279961
100287002,10031823,484628,Mettlenweg,6,8217 Wilchingen,2974,SH,real,True,15.11.2024,2677110,1279997
100287004,10103236,484632,Mettlenstrasse,29,8217 Wilchingen,2974,SH,real,True,15.11.2024,2677116,1280054
100287005,10103236,484633,Mettlenstrasse,27,8217 Wilchingen,2974,SH,real,True,15.11.2024,2677148,1280045
100287006,10031823,484634,Mettlenweg,8,8217 Wilchingen,2974,SH,real,True,15.11.2024,2677128,1279996
100287007,10031823,484635,Mettlenweg,10,8217 Wilchingen,2974,SH,real,True,15.11.2024,2677165,1279988
100287008,10103236,484637,Mettlenstrasse,26,8217 Wilchingen,2974,SH,real,True,15.11.2024,2677169,1280078
100287009,10148816,484639,Hauptstrasse,29,8217 Wilchingen,2974,SH,real,True,15.11.2024,2677341,1280152
100287010,10149930,484640,Winkelstrasse,4,8217 Wilchingen,2974,SH,real,True,15.11.2024,2677396,1280138
100287011,10149930,484641,Winkelstrasse,2,8217 Wilchingen,2974,SH,real,True,15.11.2024,2677408,1280132
100287012,10148815,484642,In der Gasse,2,8217 Wilchingen,2974,SH,real,True,15.11.2024,2677424,1280104
100287013,10149930,484645,Winkelstrasse,12,8217 Wilchingen,2974,SH,real,True,15.11.2024,2677363,1280100
100287015,10148816,484646,Hauptstrasse,25,8217 Wilchingen,2974,SH,real,True,15.11.2024,2677347,1280121
100287016,10149930,484647,Winkelstrasse,22,8217 Wilchingen,2974,SH,real,True,15.11.2024,2677323,1280132
100287017,10149930,484648,Winkelstrasse,20,8217 Wilchingen,2974,SH,real,True,15.11.2024,2677323,1280118
100287018,10149930,484649,Winkelstrasse,18,8217 Wilchingen,2974,SH,real,True,15.11.2024,2677342,1280108
100287019,10149930,484651,Winkelstrasse,7,8217 Wilchingen,2974,SH,real,True,15.11.2024,2677357,1280089
100287020,10149930,484652,Winkelstrasse,9,8217 Wilchingen,2974,SH,real,True,15.11.2024,2677329,1280100
100287021,10103236,484653,Mettlenstrasse,18,8217 Wilchingen,2974,SH,real,True,15.11.2024,2677312,1280086
100287022,10103236,484654,Mettlenstrasse,10,8217 Wilchingen,2974,SH,real,True,15.11.2024,2677326,1280059
100287023,10103236,484655,Mettlenstrasse,12,8217 Wilchingen,2974,SH,real,True,15.11.2024,2677333,1280058
100287024,10103236,484657,Mettlenstrasse,16,8217 Wilchingen,2974,SH,real,True,15.11.2024,2677355,1280058
100287025,10103236,484658,Mettlenstrasse,6,8217 Wilchingen,2974,SH,real,True,15.11.2024,2677340,1280023
100287052,10187872,484439,Chilstig,7,8219 Trasadingen,2973,SH,real,True,15.11.2024,2674389,1280006
100287053,10187872,484440,Chilstig,2,8219 Trasadingen,2973,SH,real,True,15.11.2024,2674374,1280036
100287054,10031522,484442,Zinggen,1,8219 Trasadingen,2973,SH,real,True,15.11.2024,2674439,1280141
100287055,10031522,484443,Zinggen,5,8219 Trasadingen,2973,SH,real,True,15.11.2024,2674399,1280116
100287056,10031522,484444,Zinggen,9,8219 Trasadingen,2973,SH,real,True,15.11.2024,2674326,1280091
100287057,10031522,484445,Zinggen,4,8219 Trasadingen,2973,SH,real,True,15.11.2024,2674377,1280120
100287058,10031522,484448,Zinggen,8,8219 Trasadingen,2973,SH,real,True,15.11.2024,2674314,1280110
100287059,10031522,484449,Zinggen,7,8219 Trasadingen,2973,SH,real,True,15.11.2024,2674351,1280103
100287060,10110821,484450,Chäpfli,11,8219 Trasadingen,2973,SH,real,True,15.11.2024,2674265,1280056
100287061,10110821,484451,Chäpfli,30,8219 Trasadingen,2973,SH,real,True,15.11.2024,2674255,1280032
100287062,10110821,484453,Chäpfli,26,8219 Trasadingen,2973,SH,real,True,15.11.2024,2674227,1280072
100287063,10110821,484454,Chäpfli,24,8219 Trasadingen,2973,SH,real,True,15.11.2024,2674211,1280092
100287064,10110821,484455,Chäpfli,22,8219 Trasadingen,2973,SH,real,True,15.11.2024,2674192,1280112
100287065,10110821,484456,Chäpfli,9,8219 Trasadingen,2973,SH,real,True,15.11.2024,2674239,1280109
100287066,10110821,484458,Chäpfli,3,8219 Trasadingen,2973,SH,real,True,15.11.2024,2674131,1280235
100287067,10110821,484459,Chäpfli,1,8219 Trasadingen,2973,SH,real,True,15.11.2024,2674117,1280248
100287068,10179764,484460,Ifang,3,8219 Trasadingen,2973,SH,real,True,15.11.2024,2674269,1280127
100287069,10179764,484462,Ifang,7,8219 Trasadingen,2973,SH,real,True,15.11.2024,2674236,1280141
100287070,10179764,484463,Ifang,11,8219 Trasadingen,2973,SH,real,True,15.11.2024,2674253,1280200
100287071,10179764,484464,Ifang,8,8219 Trasadingen,2973,SH,real,True,15.11.2024,2674276,1280203
100287072,10179764,484465,Ifang,10,8219 Trasadingen,2973,SH,real,True,15.11.2024,2674266,1280234
100287073,10073110,484466,Gässli,1,8219 Trasadingen,2973,SH,real,True,15.11.2024,2674417,1280184
100287074,10073110,484468,Gässli,5,8219 Trasadingen,2973,SH,real,True,15.11.2024,2674365,1280213
100287075,10031521,484470,Talstrasse,1,8219 Trasadingen,2973,SH,real,True,15.11.2024,2674172,1280271
100287076,10031521,484471,Talstrasse,3,8219 Trasadingen,2973,SH,real,True,15.11.2024,2674152,1280259
100287077,10073111,484474,Wassergass,3,8219 Trasadingen,2973,SH,real,True,15.11.2024,2674276,1280324
100287078,10073111,484475,Wassergass,4,8219 Trasadingen,2973,SH,real,True,15.11.2024,2674262,1280352
100287079,10073111,484477,Wassergass,8,8219 Trasadingen,2973,SH,real,True,15.11.2024,2674213,1280376
100287080,10073111,484478,Wassergass,10,8219 Trasadingen,2973,SH,real,True,15.11.2024,2674190,1280406
100287081,10091402,484479,Schleipfistrasse,3,8219 Trasadingen,2973,SH,real,True,15.11.2024,2674288,1280369
100287082,10031517,484481,Dorfstrasse,16,8219 Trasadingen,2973,SH,real,True,15.11.2024,2674424,1280242
100287083,10121181,484482,Gass,1,8219 Trasadingen,2973,SH,real,True,15.11.2024,2674427,1280282
100287084,10121181,484483,Gass,3,8219 Trasadingen,2973,SH,real,True,15.11.2024,2674418,1280272
100287085,10121181,484485,Gass,6,8219 Trasadingen,2973,SH,real,True,15.11.2024,2674375,1280311
100287086,10121181,484486,Gass,8,8219 Trasadingen,2973,SH,real,True,15.11.2024,2674363,1280324
100287087,10073109,484489,Berghof,1,8219 Trasadingen,2973,SH,real,True,15.11.2024,2672977,1280737
100287088,10187872,484491,Chilstig,8,8219 Trasadingen,2973,SH,real,True,15.11.2024,2674351,1279962
100287089,10031523,484493,Zollstrasse,27,8219 Trasadingen,2973,SH,real,True,15.11.2024,2674640,1279524
100287090,10031523,484494,Zollstrasse,38,8219 Trasadingen,2973,SH,real,True,15.11.2024,2674616,1279553
100287091,10031523,484495,Zollstrasse,23,8219 Trasadingen,2973,SH,real,True,15.11.2024,2674672,1279580
100287092,10031523,484497,Zollstrasse,36,8219 Trasadingen,2973,SH,real,True,15.11.2024,2674624,1279579
100287093,10031523,484498,Zollstrasse,21,8219 Trasadingen,2973,SH,real,True,15.11.2024,2674686,1279592
100287094,10031523,484499,Zollstrasse,19,8219 Trasadingen,2973,SH,real,True,15.11.2024,2674684,1279599
100287095,10031523,484502,Zollstrasse,13,8219 Trasadingen,2973,SH,real,True,15.11.2024,2674694,1279615
100287096,10031523,484503,Zollstrasse,11,8219 Trasadingen,2973,SH,real,True,15.11.2024,2674701,1279608
100287098,10031523,484506,Zollstrasse,28,8219 Trasadingen,2973,SH,real,True,15.11.2024,2674698,1279654
100287099,10031523,484507,Zollstrasse,26,8219 Trasadingen,2973,SH,real,True,15.11.2024,2674712,1279680
100287100,10031523,484508,Zollstrasse,16,8219 Trasadingen,2973,SH,real,True,15.11.2024,2674741,1279722
100287101,10031523,484509,Zollstrasse,24,8219 Trasadingen,2973,SH,real,True,15.11.2024,2674725,1279707
100287102,10031523,484513,Zollstrasse,12,8219 Trasadingen,2973,SH,real,True,15.11.2024,2674763,1279760
100287103,10031523,484514,Zollstrasse,8,8219 Trasadingen,2973,SH,real,True,15.11.2024,2674824,1279886
100287104,10031523,484516,Zollstrasse,1,8219 Trasadingen,2973,SH,real,True,15.11.2024,2674924,1279953
100287105,10031519,484517,Schiltenbach,4,8219 Trasadingen,2973,SH,real,True,15.11.2024,2674665,1279645
100287106,10031519,484518,Schiltenbach,2.1,8219 Trasadingen,2973,SH,real,True,23.07.2024,2674599,1279682
100287107,10031519,484519,Schiltenbach,3,8219 Trasadingen,2973,SH,real,True,15.11.2024,2674687,1279683
100287108,10091399,484520,Ackerweg,1,8219 Trasadingen,2973,SH,real,True,15.11.2024,2674454,1280081
100287109,10053538,484521,Lindenhof,1,8219 Trasadingen,2973,SH,real,True,15.11.2024,2674948,1279781
100287110,10031519,484522,Schiltenbach,1,8219 Trasadingen,2973,SH,real,True,15.11.2024,2674639,1279712
100287111,10031516,484524,Bettenstrasse,15,8219 Trasadingen,2973,SH,real,True,15.11.2024,2674805,1279835
100287113,10031516,484525,Bettenstrasse,13,8219 Trasadingen,2973,SH,real,True,15.11.2024,2674759,1279866
100287114,10031516,484526,Bettenstrasse,2,8219 Trasadingen,2973,SH,real,True,15.11.2024,2674566,1279965
100287115,10195244,484528,Undergass,20,8219 Trasadingen,2973,SH,real,True,15.11.2024,2674800,1279919
100287116,10195244,484529,Undergass,11,8219 Trasadingen,2973,SH,real,True,15.11.2024,2674731,1280019
100287117,10195244,484530,Undergass,12,8219 Trasadingen,2973,SH,real,True,15.11.2024,2674702,1280002
100287118,10195244,484532,Undergass,2,8219 Trasadingen,2973,SH,real,True,15.11.2024,2674625,1280085
100287119,10195244,484533,Undergass,7,8219 Trasadingen,2973,SH,real,True,15.11.2024,2674697,1280053
100287120,10195244,484534,Undergass,5,8219 Trasadingen,2973,SH,real,True,15.11.2024,2674655,1280091
100287121,10195244,484535,Undergass,1,8219 Trasadingen,2973,SH,real,True,15.11.2024,2674617,1280126
100287122,10195244,484536,Undergass,3,8219 Trasadingen,2973,SH,real,True,15.11.2024,2674633,1280112
100287136,10148815,484660,In der Gasse,14,8217 Wilchingen,2974,SH,real,True,15.11.2024,2677371,1280012
100287137,10148815,484662,In der Gasse,6,8217 Wilchingen,2974,SH,real,True,15.11.2024,2677398,1280052
100287138,10148815,484663,In der Gasse,4,8217 Wilchingen,2974,SH,real,True,15.11.2024,2677411,1280076
100287139,10148815,484664,In der Gasse,20,8217 Wilchingen,2974,SH,real,True,15.11.2024,2677364,1279912
100287140,10148815,484665,In der Gasse,8,8217 Wilchingen,2974,SH,real,True,15.11.2024,2677390,1280056
100287141,10103236,484666,Mettlenstrasse,3,8217 Wilchingen,2974,SH,real,True,15.11.2024,2677293,1280009
100287142,10103236,484667,Mettlenstrasse,9,8217 Wilchingen,2974,SH,real,True,15.11.2024,2677270,1280058
100287143,10103236,484668,Mettlenstrasse,11,8217 Wilchingen,2974,SH,real,True,15.11.2024,2677251,1280058
100287144,10103236,484669,Mettlenstrasse,13,8217 Wilchingen,2974,SH,real,True,15.11.2024,2677250,1280032
100287145,10103236,484670,Mettlenstrasse,17,8217 Wilchingen,2974,SH,real,True,15.11.2024,2677227,1280008
100287146,10103236,484672,Mettlenstrasse,21,8217 Wilchingen,2974,SH,real,True,15.11.2024,2677220,1280056
100287147,10103236,484673,Mettlenstrasse,23,8217 Wilchingen,2974,SH,real,True,15.11.2024,2677210,1280056
100287148,10031823,484674,Mettlenweg,3,8217 Wilchingen,2974,SH,real,True,15.11.2024,2677191,1280007
100287149,10149930,484677,Winkelstrasse,6,8217 Wilchingen,2974,SH,real,True,15.11.2024,2677381,1280138
100287150,10148815,484678,In der Gasse,9,8217 Wilchingen,2974,SH,real,True,15.11.2024,2677406,1280037
100287151,10148815,484679,In der Gasse,1,8217 Wilchingen,2974,SH,real,True,15.11.2024,2677442,1280096
100287152,10148816,484680,Hauptstrasse,21,8217 Wilchingen,2974,SH,real,True,15.11.2024,2677458,1280133
100287153,10179766,484681,Bettengasse,2,8217 Wilchingen,2974,SH,real,True,15.11.2024,2677462,1280107
100287154,10179766,484682,Bettengasse,6,8217 Wilchingen,2974,SH,real,True,15.11.2024,2677491,1280105
100287155,10179766,484684,Bettengasse,12,8217 Wilchingen,2974,SH,real,True,15.11.2024,2677513,1280098
100287156,10179766,484685,Bettengasse,7,8217 Wilchingen,2974,SH,real,True,15.11.2024,2677562,1280103
100287157,10179766,484686,Bettengasse,18,8217 Wilchingen,2974,SH,real,True,15.11.2024,2677560,1280074
100287158,10031833,484687,Weiherweg,1,8217 Wilchingen,2974,SH,real,True,15.11.2024,2677716,1280101
100287159,10031833,484688,Weiherweg,7,8217 Wilchingen,2974,SH,real,True,15.11.2024,2677735,1280097
100287160,10031833,484689,Weiherweg,5,8217 Wilchingen,2974,SH,real,True,15.11.2024,2677744,1280120
100287161,10031833,484691,Weiherweg,19,8217 Wilchingen,2974,SH,real,True,15.11.2024,2677863,1280083
100287162,10031833,484692,Weiherweg,23,8217 Wilchingen,2974,SH,real,True,15.11.2024,2677890,1280064
100287163,10149928,484695,Haartelstrasse,24,8217 Wilchingen,2974,SH,real,True,15.11.2024,2677754,1280145
100287165,10149928,484698,Haartelstrasse,10,8217 Wilchingen,2974,SH,real,True,15.11.2024,2677652,1280212
100287166,10149928,484699,Haartelstrasse,2,8217 Wilchingen,2974,SH,real,True,15.11.2024,2677591,1280204
100287167,10148816,484700,Hauptstrasse,1,8217 Wilchingen,2974,SH,real,True,15.11.2024,2677572,1280185
100287168,10148816,484702,Hauptstrasse,5,8217 Wilchingen,2974,SH,real,True,15.11.2024,2677568,1280168
100287169,10148816,484703,Hauptstrasse,11,8217 Wilchingen,2974,SH,real,True,15.11.2024,2677559,1280142
100287170,10149928,484706,Haartelstrasse,20,8217 Wilchingen,2974,SH,real,True,15.11.2024,2677731,1280196
100287171,10179766,484707,Bettengasse,14,8217 Wilchingen,2974,SH,real,True,15.11.2024,2677523,1280095
100287172,10031833,484708,Weiherweg,9,8217 Wilchingen,2974,SH,real,True,15.11.2024,2677768,1280087
100287173,10148816,484709,Hauptstrasse,7,8217 Wilchingen,2974,SH,real,True,15.11.2024,2677565,1280158
100287174,10031833,484710,Weiherweg,3,8217 Wilchingen,2974,SH,real,True,15.11.2024,2677731,1280122
100287175,10179766,484711,Bettengasse,20,8217 Wilchingen,2974,SH,real,True,15.11.2024,2677571,1280043
100287176,10148815,484712,In der Gasse,13,8217 Wilchingen,2974,SH,real,True,15.11.2024,2677393,1280015
100287177,10148815,484713,In der Gasse,5,8217 Wilchingen,2974,SH,real,True,15.11.2024,2677410,1280043
100287178,10149928,484714,Haartelstrasse,18,8217 Wilchingen,2974,SH,real,True,15.11.2024,2677723,1280190
100287179,10031525,484715,Bettenstrasse,1,8217 Wilchingen,2974,SH,real,True,15.11.2024,2677397,1280002
100287180,10031833,484716,Weiherweg,21,8217 Wilchingen,2974,SH,real,True,21.11.2024,2677862,1280066
100287181,10179766,484718,Bettengasse,10,8217 Wilchingen,2974,SH,real,True,15.11.2024,2677510,1280102
100287182,10149928,484719,Haartelstrasse,4,8217 Wilchingen,2974,SH,real,True,15.11.2024,2677620,1280205
100287183,10152455,484720,Zinggenstrasse,28,8217 Wilchingen,2974,SH,real,True,15.11.2024,2677463,1280339
100287184,10152455,484721,Zinggenstrasse,24,8217 Wilchingen,2974,SH,real,True,15.11.2024,2677440,1280342
100287185,10152455,484723,Zinggenstrasse,22,8217 Wilchingen,2974,SH,real,True,15.11.2024,2677416,1280333
100287186,10031814,484724,Breitestrasse,1,8217 Wilchingen,2974,SH,real,True,15.11.2024,2677367,1280389
100287187,10031814,484725,Breitestrasse,2,8217 Wilchingen,2974,SH,real,True,15.11.2024,2677400,1280388
100287188,10152455,484726,Zinggenstrasse,18,8217 Wilchingen,2974,SH,real,True,15.11.2024,2677432,1280305
100287189,10152455,484727,Zinggenstrasse,13,8217 Wilchingen,2974,SH,real,True,15.11.2024,2677457,1280244
100287190,10152455,484728,Zinggenstrasse,15,8217 Wilchingen,2974,SH,real,True,15.11.2024,2677449,1280265
100287191,10152455,484730,Zinggenstrasse,8,8217 Wilchingen,2974,SH,real,True,15.11.2024,2677532,1280231
100287192,10152455,484731,Zinggenstrasse,6,8217 Wilchingen,2974,SH,real,True,15.11.2024,2677536,1280225
100287193,10152455,484732,Zinggenstrasse,4,8217 Wilchingen,2974,SH,real,True,15.11.2024,2677541,1280217
100287194,10152455,484733,Zinggenstrasse,2,8217 Wilchingen,2974,SH,real,True,15.11.2024,2677545,1280208
100287195,10152455,484735,Zinggenstrasse,3,8217 Wilchingen,2974,SH,real,True,15.11.2024,2677521,1280214
100287196,10152455,484736,Zinggenstrasse,5,8217 Wilchingen,2974,SH,real,True,15.11.2024,2677495,1280204
100287197,10148816,484739,Hauptstrasse,8,8217 Wilchingen,2974,SH,real,True,15.11.2024,2677473,1280164
100287198,10148816,484740,Hauptstrasse,12,8217 Wilchingen,2974,SH,real,True,15.11.2024,2677460,1280162
100287199,10148816,484741,Hauptstrasse,14,8217 Wilchingen,2974,SH,real,True,15.11.2024,2677449,1280160
100287200,10149928,484743,Haartelstrasse,7,8217 Wilchingen,2974,SH,real,True,15.11.2024,2677649,1280235
100287201,10149928,484745,Haartelstrasse,3,8217 Wilchingen,2974,SH,real,True,15.11.2024,2677627,1280230
100287202,10149928,484746,Haartelstrasse,1,8217 Wilchingen,2974,SH,real,True,15.11.2024,2677599,1280218
100287204,10152453,484748,Talackerstrasse,8,8217 Wilchingen,2974,SH,real,True,15.11.2024,2677632,1280251
100287205,10152453,484749,Talackerstrasse,10,8217 Wilchingen,2974,SH,real,True,15.11.2024,2677638,1280253
100287206,10152453,484750,Talackerstrasse,13,8217 Wilchingen,2974,SH,real,True,15.11.2024,2677651,1280266
100287207,10152453,484751,Talackerstrasse,3,8217 Wilchingen,2974,SH,real,True,15.11.2024,2677570,1280219
100287208,10152453,484752,Talackerstrasse,1,8217 Wilchingen,2974,SH,real,True,15.11.2024,2677560,1280206
100287956,10031819,484844,Hofackerstrasse,25,8217 Wilchingen,2974,SH,real,True,15.11.2024,2677220,1280434
100287957,10031819,484845,Hofackerstrasse,27,8217 Wilchingen,2974,SH,real,True,15.11.2024,2677250,1280455
100287958,10031834,484846,Wiesenweg,10,8217 Wilchingen,2974,SH,real,True,15.11.2024,2677280,1280488
100287959,10031819,484847,Hofackerstrasse,28,8217 Wilchingen,2974,SH,real,True,15.11.2024,2677241,1280420
100287960,10031819,484848,Hofackerstrasse,22,8217 Wilchingen,2974,SH,real,True,15.11.2024,2677193,1280344
100287961,10073115,484849,Hofackergarten,3,8217 Wilchingen,2974,SH,real,True,15.11.2024,2677243,1280367
100287962,10073115,484850,Hofackergarten,7,8217 Wilchingen,2974,SH,real,True,15.11.2024,2677265,1280403
100287963,10073115,484852,Hofackergarten,2,8217 Wilchingen,2974,SH,real,True,15.11.2024,2677236,1280328
100287964,10073114,484853,Gartenweg,4,8217 Wilchingen,2974,SH,real,True,15.11.2024,2677282,1280313
100287965,10073114,484854,Gartenweg,2,8217 Wilchingen,2974,SH,real,True,15.11.2024,2677309,1280314
100287966,10031818,484855,Grossgasse,19,8217 Wilchingen,2974,SH,real,True,15.11.2024,2677307,1280330
100288222,10152455,484754,Zinggenstrasse,576.1,8217 Wilchingen,2974,SH,real,True,23.07.2024,2675865,1281100
100288223,10031819,484755,Hofackerstrasse,20,8217 Wilchingen,2974,SH,real,True,15.11.2024,2677170,1280281
100288224,10031819,484756,Hofackerstrasse,18,8217 Wilchingen,2974,SH,real,True,15.11.2024,2677181,1280271
100288225,10031819,484757,Hofackerstrasse,8,8217 Wilchingen,2974,SH,real,True,15.11.2024,2677198,1280231
100288226,10031819,484758,Hofackerstrasse,14,8217 Wilchingen,2974,SH,real,True,15.11.2024,2677175,1280235
100288227,10031819,484759,Hofackerstrasse,16,8217 Wilchingen,2974,SH,real,True,15.11.2024,2677186,1280268
100288228,10031818,484761,Grossgasse,7,8217 Wilchingen,2974,SH,real,True,15.11.2024,2677284,1280213
100288229,10031818,484762,Grossgasse,13,8217 Wilchingen,2974,SH,real,True,15.11.2024,2677315,1280213
100288230,10031818,484763,Grossgasse,5,8217 Wilchingen,2974,SH,real,True,15.11.2024,2677307,1280203
100288232,10148816,484765,Hauptstrasse,40,8217 Wilchingen,2974,SH,real,True,15.11.2024,2677251,1280245
100288233,10148816,484766,Hauptstrasse,46,8217 Wilchingen,2974,SH,real,True,15.11.2024,2677222,1280183
100288235,10148816,484858,Hauptstrasse,92,8217 Wilchingen,2974,SH,real,True,15.11.2024,2677061,1280394
100288236,10031834,484859,Wiesenweg,9,8217 Wilchingen,2974,SH,real,True,15.11.2024,2677224,1280519
100288237,10031816,484861,Dickistrasse,6,8217 Wilchingen,2974,SH,real,True,15.11.2024,2677359,1281014
100288238,10031816,484862,Dickistrasse,8,8217 Wilchingen,2974,SH,real,True,15.11.2024,2677358,1281038
100288239,10031816,484864,Dickistrasse,12,8217 Wilchingen,2974,SH,real,True,15.11.2024,2677355,1281086
100288240,10031816,484865,Dickistrasse,16,8217 Wilchingen,2974,SH,real,True,15.11.2024,2677379,1281147
100288241,10031816,484866,Dickistrasse,13,8217 Wilchingen,2974,SH,real,True,15.11.2024,2677346,1281153
100288242,10031816,484867,Dickistrasse,11,8217 Wilchingen,2974,SH,real,True,15.11.2024,2677334,1281114
100288243,10031816,484868,Dickistrasse,9,8217 Wilchingen,2974,SH,real,True,15.11.2024,2677332,1281085
100288244,10031816,484869,Dickistrasse,7,8217 Wilchingen,2974,SH,real,True,15.11.2024,2677331,1281055
100288245,10031816,484870,Dickistrasse,5,8217 Wilchingen,2974,SH,real,True,15.11.2024,2677332,1281035
100288246,10031824,484871,Mühlenstrasse,11,8217 Wilchingen,2974,SH,real,True,15.11.2024,2677300,1280940
100288247,10073116,484872,Seldwylastrasse,25,8217 Wilchingen,2974,SH,real,True,15.11.2024,2677199,1280793
100288248,10073116,484874,Seldwylastrasse,23,8217 Wilchingen,2974,SH,real,True,15.11.2024,2677224,1280800
100288249,10073116,484875,Seldwylastrasse,27,8217 Wilchingen,2974,SH,real,True,15.11.2024,2677206,1280835
100288250,10073116,484876,Seldwylastrasse,29,8217 Wilchingen,2974,SH,real,True,15.11.2024,2677196,1280856
100288251,10073116,484877,Seldwylastrasse,30,8217 Wilchingen,2974,SH,real,True,15.11.2024,2677215,1280896
100288252,10031824,484878,Mühlenstrasse,13,8217 Wilchingen,2974,SH,real,True,15.11.2024,2677315,1280976
100288253,10031824,484879,Mühlenstrasse,22,8217 Wilchingen,2974,SH,real,True,15.11.2024,2677278,1281062
100288254,10031824,484881,Mühlenstrasse,36,8217 Wilchingen,2974,SH,real,True,15.11.2024,2677242,1281176
100288255,10031824,484882,Mühlenstrasse,32,8217 Wilchingen,2974,SH,real,True,15.11.2024,2677242,1281109
100288256,10031824,484883,Mühlenstrasse,30,8217 Wilchingen,2974,SH,real,True,15.11.2024,2677231,1281128
100288257,10031824,484885,Mühlenstrasse,34,8217 Wilchingen,2974,SH,real,True,15.11.2024,2677251,1281102
100288258,10073112,484886,Am Bächli,1,8217 Wilchingen,2974,SH,real,True,15.11.2024,2677228,1281225
100288259,10031816,484887,Dickistrasse,25,8217 Wilchingen,2974,SH,real,True,15.11.2024,2677271,1281217
100288260,10031816,484888,Dickistrasse,23,8217 Wilchingen,2974,SH,real,True,15.11.2024,2677268,1281226
100288261,10031816,484889,Dickistrasse,21,8217 Wilchingen,2974,SH,real,True,15.11.2024,2677266,1281235
100288262,10031827,484891,Quellenweg,2,8217 Wilchingen,2974,SH,real,True,15.11.2024,2677283,1281196
100288263,10031827,484892,Quellenweg,4,8217 Wilchingen,2974,SH,real,True,15.11.2024,2677274,1281198
100288264,10031827,484894,Quellenweg,5,8217 Wilchingen,2974,SH,real,True,15.11.2024,2677294,1281120
100288480,10073114,484769,Gartenweg,13,8217 Wilchingen,2974,SH,real,True,15.11.2024,2677208,1280295
100288481,10148816,484772,Hauptstrasse,28,8217 Wilchingen,2974,SH,real,True,15.11.2024,2677356,1280175
100288482,10148816,484773,Hauptstrasse,26,8217 Wilchingen,2974,SH,real,True,15.11.2024,2677363,1280171
100288483,10148816,484774,Hauptstrasse,22,8217 Wilchingen,2974,SH,real,True,15.11.2024,2677387,1280167
100288484,10148816,484775,Hauptstrasse,20,8217 Wilchingen,2974,SH,real,True,15.11.2024,2677398,1280166
100288723,10071691,482920,Hauptstrasse,272,8262 Ramsen,2963,SH,real,True,15.11.2024,2703113,1284929
100288726,10031612,482921,Wisliweg,277,8262 Ramsen,2963,SH,real,True,15.11.2024,2703203,1285014
100288727,10071978,482922,Sonnenstrasse,472,8262 Ramsen,2963,SH,real,True,15.11.2024,2703258,1285073
100288728,10113214,482923,Faselroo,471,8262 Ramsen,2963,SH,real,True,15.11.2024,2703483,1284736
100288729,10113214,482925,Faselroo,394,8262 Ramsen,2963,SH,real,True,15.11.2024,2703412,1284722
100288730,10113214,482926,Faselroo,377,8262 Ramsen,2963,SH,real,True,15.11.2024,2703388,1284732
100288731,10113214,482927,Faselroo,377a,8262 Ramsen,2963,SH,real,True,15.11.2024,2703370,1284714
100288732,10113214,482928,Faselroo,426,8262 Ramsen,2963,SH,real,True,15.11.2024,2703359,1284751
100288733,10113214,482929,Faselroo,427,8262 Ramsen,2963,SH,real,True,15.11.2024,2703374,1284743
100288808,10133044,483763,Statthofgasse,14,8215 Hallau,2971,SH,real,True,15.11.2024,2676844,1283564
100288809,10133044,483765,Statthofgasse,19,8215 Hallau,2971,SH,real,True,15.11.2024,2676821,1283558
100288810,10031497,483769,Hammermauer,9,8215 Hallau,2971,SH,real,True,15.11.2024,2676784,1283578
100288811,10031497,483770,Hammermauer,7,8215 Hallau,2971,SH,real,True,15.11.2024,2676771,1283576
100288812,10179759,483773,Bergstrasse,2,8215 Hallau,2971,SH,real,True,15.11.2024,2676737,1283572
100288813,10031499,483774,Hauptstrasse,77,8215 Hallau,2971,SH,real,True,15.11.2024,2676811,1283545
100288882,10179762,483860,Ottengasse,20,8215 Hallau,2971,SH,real,True,15.11.2024,2676817,1283397
100288883,10179762,483861,Ottengasse,16,8215 Hallau,2971,SH,real,True,15.11.2024,2676796,1283400
100288884,10179762,483863,Ottengasse,10,8215 Hallau,2971,SH,real,True,15.11.2024,2676804,1283425
100288885,10179762,483864,Ottengasse,8,8215 Hallau,2971,SH,real,True,15.11.2024,2676812,1283430
100288886,10133045,483865,Schweizerbundweg,17,8215 Hallau,2971,SH,real,True,15.11.2024,2676738,1283447
100288887,10180893,483867,Heerengarten,16,8215 Hallau,2971,SH,real,True,15.11.2024,2676720,1283472
100288888,10180893,483868,Heerengarten,10,8215 Hallau,2971,SH,real,True,15.11.2024,2676668,1283453
100288889,10180893,483869,Heerengarten,8,8215 Hallau,2971,SH,real,True,15.11.2024,2676656,1283470
100288890,10180893,483870,Heerengarten,6,8215 Hallau,2971,SH,real,True,15.11.2024,2676647,1283467
100288891,10031499,483871,Hauptstrasse,42,8215 Hallau,2971,SH,real,True,15.11.2024,2676630,1283488
100300136,10206076,190112595,Hinterdorfstrasse,11,8455 Rüdlingen,2938,SH,real,True,15.11.2024,2685277,1270332
100336093,10106946,475013,Trubegüetlistrasse,22,8212 Neuhausen am Rheinfall,2937,SH,real,True,15.11.2024,2688702,1283277
100336094,10106946,475014,Trubegüetlistrasse,24,8212 Neuhausen am Rheinfall,2937,SH,real,True,15.11.2024,2688704,1283278
100336095,10106946,475015,Trubegüetlistrasse,26,8212 Neuhausen am Rheinfall,2937,SH,real,True,15.11.2024,2688717,1283300
100336096,10106946,475017,Trubegüetlistrasse,30,8212 Neuhausen am Rheinfall,2937,SH,real,True,15.11.2024,2688733,1283331
100336097,10106946,475018,Trubegüetlistrasse,31,8212 Neuhausen am Rheinfall,2937,SH,real,True,15.11.2024,2688706,1283346
100336099,10017880,475022,Schleipfgässchen,15,8212 Neuhausen am Rheinfall,2937,SH,real,True,15.11.2024,2688677,1283369
100336100,10017880,475023,Schleipfgässchen,17,8212 Neuhausen am Rheinfall,2937,SH,real,True,15.11.2024,2688649,1283377
100336192,10122554,475114,Zelgstrasse,32,8212 Neuhausen am Rheinfall,2937,SH,planned,False,15.11.2024,2688508,1282253
100336193,10122554,475115,Zelgstrasse,34,8212 Neuhausen am Rheinfall,2937,SH,real,True,15.11.2024,2688527,1282270
100336194,10122554,475116,Zelgstrasse,36,8212 Neuhausen am Rheinfall,2937,SH,real,True,15.11.2024,2688506,1282272
100336195,10106945,475117,Rosenbergstrasse,2,8212 Neuhausen am Rheinfall,2937,SH,real,True,15.11.2024,2688207,1282126
100336196,10106945,475119,Rosenbergstrasse,14,8212 Neuhausen am Rheinfall,2937,SH,real,True,15.11.2024,2688252,1282140
100336197,10106945,475120,Rosenbergstrasse,16,8212 Neuhausen am Rheinfall,2937,SH,real,True,15.11.2024,2688267,1282144
100336198,10106945,475122,Rosenbergstrasse,18,8212 Neuhausen am Rheinfall,2937,SH,real,True,15.11.2024,2688301,1282153
100336199,10106945,475123,Rosenbergstrasse,18a,8212 Neuhausen am Rheinfall,2937,SH,real,True,15.11.2024,2688313,1282160
100336200,10106945,475124,Rosenbergstrasse,20,8212 Neuhausen am Rheinfall,2937,SH,real,True,15.11.2024,2688329,1282164
100336418,10108019,475031,Löwenstein,37,8212 Neuhausen am Rheinfall,2937,SH,real,True,15.11.2024,2688690,1283022
100336420,10153451,475037,Mühlenstrasse,96,8200 Schaffhausen,2937,SH,real,True,15.11.2024,2688971,1283142
100336421,10046607,475039,Rheinweg,29,8200 Schaffhausen,2937,SH,real,True,15.11.2024,2688902,1282857
100336422,10046607,475041,Rheinweg,33,8200 Schaffhausen,2937,SH,real,True,15.11.2024,2688910,1282822
100336423,10046607,475043,Rheinweg,33a,8200 Schaffhausen,2937,SH,real,True,15.11.2024,2688911,1282815
100336424,10074401,475044,Höhenweg,2,8212 Neuhausen am Rheinfall,2937,SH,real,True,15.11.2024,2688507,1282018
100336425,10074401,475045,Höhenweg,4,8212 Neuhausen am Rheinfall,2937,SH,real,True,15.11.2024,2688524,1282027
100336426,10122554,475046,Zelgstrasse,2,8212 Neuhausen am Rheinfall,2937,SH,real,True,15.11.2024,2688500,1282008
100336427,10122554,475047,Zelgstrasse,3,8212 Neuhausen am Rheinfall,2937,SH,real,True,15.11.2024,2688468,1282013
100336428,10122554,475048,Zelgstrasse,5,8212 Neuhausen am Rheinfall,2937,SH,real,True,15.11.2024,2688460,1282040
100336429,10074401,475050,Höhenweg,5,8212 Neuhausen am Rheinfall,2937,SH,real,True,15.11.2024,2688509,1282075
100336430,10074401,475051,Höhenweg,7,8212 Neuhausen am Rheinfall,2937,SH,real,True,15.11.2024,2688519,1282091
100336431,10074401,475052,Höhenweg,9,8212 Neuhausen am Rheinfall,2937,SH,real,True,15.11.2024,2688537,1282115
100336432,10074401,475054,Höhenweg,13,8212 Neuhausen am Rheinfall,2937,SH,real,True,15.11.2024,2688568,1282167
100336433,10091248,475056,Einschlagstrasse,1,8212 Neuhausen am Rheinfall,2937,SH,real,True,15.11.2024,2688602,1282213
100336434,10091248,475057,Einschlagstrasse,3,8212 Neuhausen am Rheinfall,2937,SH,real,True,15.11.2024,2688602,1282230
100336435,10017851,475058,Alpenstrasse,18,8212 Neuhausen am Rheinfall,2937,SH,real,True,15.11.2024,2688583,1282252
100336436,10017851,475059,Alpenstrasse,16,8212 Neuhausen am Rheinfall,2937,SH,real,True,15.11.2024,2688567,1282232
100336437,10017851,475062,Alpenstrasse,10,8212 Neuhausen am Rheinfall,2937,SH,real,True,15.11.2024,2688523,1282170
100336438,10122554,475067,Zelgstrasse,11,8212 Neuhausen am Rheinfall,2937,SH,real,True,15.11.2024,2688442,1282071
100336439,10122554,475069,Zelgstrasse,13,8212 Neuhausen am Rheinfall,2937,SH,real,True,15.11.2024,2688444,1282090
100336440,10122554,475070,Zelgstrasse,14,8212 Neuhausen am Rheinfall,2937,SH,real,True,15.11.2024,2688470,1282100
100336441,10122554,475071,Zelgstrasse,15,8212 Neuhausen am Rheinfall,2937,SH,real,True,15.11.2024,2688446,1282118
100336442,10122554,475072,Zelgstrasse,16,8212 Neuhausen am Rheinfall,2937,SH,real,True,15.11.2024,2688480,1282103
100336443,10122554,475073,Zelgstrasse,18,8212 Neuhausen am Rheinfall,2937,SH,real,True,15.11.2024,2688492,1282116
100336444,10122554,475074,Zelgstrasse,20,8212 Neuhausen am Rheinfall,2937,SH,real,True,15.11.2024,2688468,1282119
100336445,10017853,475075,Beckenburgstrasse,10,8212 Neuhausen am Rheinfall,2937,SH,real,True,15.11.2024,2688400,1282081
100336446,10017868,475076,Klettgauerstrasse,10,8212 Neuhausen am Rheinfall,2937,SH,real,True,15.11.2024,2688389,1282039
100336447,10017868,475077,Klettgauerstrasse,18,8212 Neuhausen am Rheinfall,2937,SH,real,True,15.11.2024,2688358,1282053
100336448,10017868,475079,Klettgauerstrasse,16,8212 Neuhausen am Rheinfall,2937,SH,real,True,15.11.2024,2688343,1282043
100336449,10017868,475080,Klettgauerstrasse,20,8212 Neuhausen am Rheinfall,2937,SH,real,True,15.11.2024,2688320,1282048
100336450,10017868,475081,Klettgauerstrasse,6,8212 Neuhausen am Rheinfall,2937,SH,real,True,15.11.2024,2688409,1282010
100336451,10017868,475083,Klettgauerstrasse,8,8212 Neuhausen am Rheinfall,2937,SH,real,True,15.11.2024,2688393,1282028
100336452,10017853,475088,Beckenburgstrasse,11,8212 Neuhausen am Rheinfall,2937,SH,real,True,15.11.2024,2688414,1282119
100336453,10074405,475092,Sägereistrasse,10,8212 Neuhausen am Rheinfall,2937,SH,real,True,15.11.2024,2688366,1282129
100336454,10103231,482455,Unterdorfstrasse,4,8263 Buch SH,2961,SH,real,True,15.11.2024,2700949,1286131
100336455,10103231,482457,Unterdorfstrasse,5,8263 Buch SH,2961,SH,real,True,15.11.2024,2700907,1286123
100336456,10103231,482458,Unterdorfstrasse,10,8263 Buch SH,2961,SH,real,True,15.11.2024,2700893,1286097
100336457,10103231,482460,Unterdorfstrasse,14,8263 Buch SH,2961,SH,real,True,15.11.2024,2700895,1286072
100336458,10103231,482461,Unterdorfstrasse,16,8263 Buch SH,2961,SH,real,True,15.11.2024,2700915,1286059
100336459,10103231,482462,Unterdorfstrasse,11,8263 Buch SH,2961,SH,real,True,15.11.2024,2700912,1286079
100336460,10103231,482463,Unterdorfstrasse,13,8263 Buch SH,2961,SH,real,True,15.11.2024,2700934,1286067
100336461,10071685,482464,Dorfstrasse,6,8263 Buch SH,2961,SH,real,True,15.11.2024,2700953,1286077
100336462,10071685,482465,Dorfstrasse,2,8263 Buch SH,2961,SH,real,True,15.11.2024,2700949,1286105
100336463,10103231,482467,Unterdorfstrasse,9,8263 Buch SH,2961,SH,real,True,15.11.2024,2700911,1286085
100336464,10165913,482468,Hardstrasse,3,8263 Buch SH,2961,SH,real,True,15.11.2024,2701103,1286281
100336465,10165913,482469,Hardstrasse,5,8263 Buch SH,2961,SH,real,True,15.11.2024,2701139,1286272
100336466,10165913,482470,Hardstrasse,9,8263 Buch SH,2961,SH,real,True,15.11.2024,2701125,1286307
100336467,10165913,482471,Hardstrasse,13,8263 Buch SH,2961,SH,real,True,15.11.2024,2701167,1286344
100336468,10165913,482472,Hardstrasse,8,8263 Buch SH,2961,SH,real,True,15.11.2024,2701189,1286357
100336469,10165913,482473,Hardstrasse,10,8263 Buch SH,2961,SH,real,True,15.11.2024,2701192,1286366
100336470,10165913,482474,Hardstrasse,17,8263 Buch SH,2961,SH,real,True,15.11.2024,2701180,1286403
100336471,10164384,482475,Schüppelstrasse,2,8263 Buch SH,2961,SH,real,True,15.11.2024,2701160,1286257
100336472,10164384,482477,Schüppelstrasse,5,8263 Buch SH,2961,SH,real,True,15.11.2024,2701220,1286269
100336473,10164384,482480,Schüppelstrasse,18,8263 Buch SH,2961,SH,real,True,15.11.2024,2701330,1286268
100336474,10060698,482481,Rudolf-Tappolet-Weg,3,8263 Buch SH,2961,SH,real,True,15.11.2024,2701298,1286249
100336475,10164384,482482,Schüppelstrasse,8,8263 Buch SH,2961,SH,real,True,15.11.2024,2701268,1286260
100336478,10187863,482484,Steinerstrasse,13,8263 Buch SH,2961,SH,real,True,15.11.2024,2700996,1287152
100336479,10187863,482487,Steinerstrasse,11,8263 Buch SH,2961,SH,real,True,15.11.2024,2701046,1287103
100336480,10187863,482488,Steinerstrasse,9,8263 Buch SH,2961,SH,real,True,15.11.2024,2701065,1287065
100336482,10091223,473372,Schützeweg,43,8222 Beringen,2932,SH,real,True,15.11.2024,2685231,1284257
100336483,10091223,473373,Schützeweg,41,8222 Beringen,2932,SH,real,True,15.11.2024,2685251,1284260
100336484,10091223,473374,Schützeweg,27,8222 Beringen,2932,SH,real,True,15.11.2024,2685352,1284142
100336485,10091223,473375,Schützeweg,29,8222 Beringen,2932,SH,real,True,15.11.2024,2685344,1284171
100336486,10091223,473376,Schützeweg,32,8222 Beringen,2932,SH,real,True,15.11.2024,2685359,1284198
100336487,10091223,473377,Schützeweg,34,8222 Beringen,2932,SH,real,True,15.11.2024,2685354,1284216
100336488,10091225,473378,Unter Egg,7,8222 Beringen,2932,SH,real,True,15.11.2024,2685403,1284209
100336489,10091225,473379,Unter Egg,9,8222 Beringen,2932,SH,real,True,15.11.2024,2685391,1284233
100336490,10091225,473380,Unter Egg,13,8222 Beringen,2932,SH,real,True,15.11.2024,2685372,1284274
100336491,10019557,473381,Zimmerberg,24,8222 Beringen,2932,SH,real,True,15.11.2024,2685249,1284183
100336492,10106945,475125,Rosenbergstrasse,24,8212 Neuhausen am Rheinfall,2937,SH,real,True,15.11.2024,2688416,1282184
100336493,10106945,475126,Rosenbergstrasse,26,8212 Neuhausen am Rheinfall,2937,SH,real,True,15.11.2024,2688428,1282211
100336494,10106945,475127,Rosenbergstrasse,28,8212 Neuhausen am Rheinfall,2937,SH,real,True,15.11.2024,2688455,1282222
100336495,10106945,475128,Rosenbergstrasse,28a,8212 Neuhausen am Rheinfall,2937,SH,real,True,15.11.2024,2688450,1282220
100336496,10122554,475130,Zelgstrasse,23,8212 Neuhausen am Rheinfall,2937,SH,real,True,15.11.2024,2688437,1282180
100336497,10074405,475132,Sägereistrasse,3,8212 Neuhausen am Rheinfall,2937,SH,real,True,15.11.2024,2688268,1282101
100336498,10074405,475134,Sägereistrasse,7,8212 Neuhausen am Rheinfall,2937,SH,real,True,15.11.2024,2688294,1282118
100336499,10074405,475136,Sägereistrasse,11,8212 Neuhausen am Rheinfall,2937,SH,real,True,15.11.2024,2688332,1282131
100336500,10017868,475138,Klettgauerstrasse,36,8212 Neuhausen am Rheinfall,2937,SH,real,True,15.11.2024,2688174,1282112
100336501,10106945,475139,Rosenbergstrasse,5,8212 Neuhausen am Rheinfall,2937,SH,real,True,15.11.2024,2688227,1282151
100336502,10106945,475141,Rosenbergstrasse,1a,8212 Neuhausen am Rheinfall,2937,SH,real,True,15.11.2024,2688166,1282149
100336503,10106945,475142,Rosenbergstrasse,3,8212 Neuhausen am Rheinfall,2937,SH,real,True,15.11.2024,2688199,1282139
100336504,10106945,475144,Rosenbergstrasse,9,8212 Neuhausen am Rheinfall,2937,SH,real,True,15.11.2024,2688234,1282184
100336505,10106945,475146,Rosenbergstrasse,15,8212 Neuhausen am Rheinfall,2937,SH,real,True,15.11.2024,2688274,1282186
100336506,10106945,475147,Rosenbergstrasse,17,8212 Neuhausen am Rheinfall,2937,SH,real,True,15.11.2024,2688296,1282190
100336507,10106945,475148,Rosenbergstrasse,19,8212 Neuhausen am Rheinfall,2937,SH,real,True,15.11.2024,2688339,1282198
100336508,10017868,475152,Klettgauerstrasse,44a,8212 Neuhausen am Rheinfall,2937,SH,real,True,15.11.2024,2688144,1282153
100336509,10091249,475153,Felsstrasse,4,8212 Neuhausen am Rheinfall,2937,SH,real,True,15.11.2024,2688165,1282195
100336510,10091249,475154,Felsstrasse,6,8212 Neuhausen am Rheinfall,2937,SH,real,True,15.11.2024,2688171,1282197
100336511,10091249,475156,Felsstrasse,10,8212 Neuhausen am Rheinfall,2937,SH,real,True,15.11.2024,2688189,1282201
100336512,10091249,475157,Felsstrasse,12,8212 Neuhausen am Rheinfall,2937,SH,real,True,15.11.2024,2688202,1282204
100336513,10017868,475159,Klettgauerstrasse,48,8212 Neuhausen am Rheinfall,2937,SH,real,True,15.11.2024,2688134,1282174
100336514,10017860,475160,Engestrasse,3,8212 Neuhausen am Rheinfall,2937,SH,real,True,15.11.2024,2688411,1282245
100336515,10017860,475161,Engestrasse,5,8212 Neuhausen am Rheinfall,2937,SH,real,True,15.11.2024,2688403,1282244
100336516,10017860,475162,Engestrasse,9,8212 Neuhausen am Rheinfall,2937,SH,real,True,15.11.2024,2688365,1282240
100336517,10017860,475163,Engestrasse,11,8212 Neuhausen am Rheinfall,2937,SH,real,True,15.11.2024,2688339,1282245
100336518,10017860,475164,Engestrasse,13,8212 Neuhausen am Rheinfall,2937,SH,real,True,15.11.2024,2688313,1282249
100336519,10017860,475165,Engestrasse,15,8212 Neuhausen am Rheinfall,2937,SH,real,True,15.11.2024,2688287,1282255
100336520,10017860,475166,Engestrasse,19,8212 Neuhausen am Rheinfall,2937,SH,real,True,15.11.2024,2688262,1282223
100336521,10017860,475167,Engestrasse,21,8212 Neuhausen am Rheinfall,2937,SH,real,True,15.11.2024,2688255,1282241
100336522,10091254,475168,Lerchenstrasse,30,8212 Neuhausen am Rheinfall,2937,SH,real,True,15.11.2024,2688246,1282273
100336523,10091249,475169,Felsstrasse,3,8212 Neuhausen am Rheinfall,2937,SH,real,True,15.11.2024,2688155,1282212
100336524,10091249,475170,Felsstrasse,7,8212 Neuhausen am Rheinfall,2937,SH,real,True,15.11.2024,2688185,1282220
100336525,10091254,475175,Lerchenstrasse,6,8212 Neuhausen am Rheinfall,2937,SH,real,True,15.11.2024,2688146,1282242
100336526,10091254,475177,Lerchenstrasse,10,8212 Neuhausen am Rheinfall,2937,SH,real,True,15.11.2024,2688160,1282244
100336527,10091254,475178,Lerchenstrasse,12,8212 Neuhausen am Rheinfall,2937,SH,real,True,15.11.2024,2688164,1282246
100336528,10091254,475179,Lerchenstrasse,14,8212 Neuhausen am Rheinfall,2937,SH,real,True,15.11.2024,2688172,1282252
100336529,10091254,475182,Lerchenstrasse,20,8212 Neuhausen am Rheinfall,2937,SH,real,True,15.11.2024,2688200,1282260
100336530,10091254,475184,Lerchenstrasse,24,8212 Neuhausen am Rheinfall,2937,SH,real,True,15.11.2024,2688215,1282269
100336531,10091254,475185,Lerchenstrasse,26,8212 Neuhausen am Rheinfall,2937,SH,real,True,15.11.2024,2688221,1282268
100336532,10091254,475186,Lerchenstrasse,28,8212 Neuhausen am Rheinfall,2937,SH,real,True,15.11.2024,2688233,1282272
100336533,10091254,475187,Lerchenstrasse,13,8212 Neuhausen am Rheinfall,2937,SH,real,True,15.11.2024,2688179,1282273
100336534,10091254,475188,Lerchenstrasse,11,8212 Neuhausen am Rheinfall,2937,SH,real,True,15.11.2024,2688163,1282267
100336535,10091254,475189,Lerchenstrasse,9,8212 Neuhausen am Rheinfall,2937,SH,real,True,15.11.2024,2688146,1282260
100336536,10091254,475190,Lerchenstrasse,7,8212 Neuhausen am Rheinfall,2937,SH,real,True,15.11.2024,2688135,1282258
100336537,10018161,475194,Strassackerstrasse,2,8212 Neuhausen am Rheinfall,2937,SH,real,True,15.11.2024,2688119,1282282
100336538,10018161,475196,Strassackerstrasse,6,8212 Neuhausen am Rheinfall,2937,SH,real,True,15.11.2024,2688166,1282304
100336539,10017868,475201,Klettgauerstrasse,41,8212 Neuhausen am Rheinfall,2937,SH,real,True,15.11.2024,2688124,1282122
100336540,10046612,475202,Zollstrasse,4,8212 Neuhausen am Rheinfall,2937,SH,real,True,15.11.2024,2688100,1282134
100336541,10017868,475203,Klettgauerstrasse,45,8212 Neuhausen am Rheinfall,2937,SH,real,True,15.11.2024,2688081,1282173
100336542,10017868,475205,Klettgauerstrasse,55,8212 Neuhausen am Rheinfall,2937,SH,real,True,15.11.2024,2688015,1282226
100336543,10017868,475206,Klettgauerstrasse,59,8212 Neuhausen am Rheinfall,2937,SH,real,True,15.11.2024,2688030,1282246
100336544,10017868,475208,Klettgauerstrasse,65,8212 Neuhausen am Rheinfall,2937,SH,real,True,15.11.2024,2688046,1282259
100336545,10017868,475209,Klettgauerstrasse,63,8212 Neuhausen am Rheinfall,2937,SH,real,True,15.11.2024,2688057,1282253
100336546,10017868,475210,Klettgauerstrasse,61,8212 Neuhausen am Rheinfall,2937,SH,real,True,15.11.2024,2688063,1282254
100336547,10017868,475211,Klettgauerstrasse,69,8212 Neuhausen am Rheinfall,2937,SH,real,True,15.11.2024,2688048,1282295
100336548,10018161,475212,Strassackerstrasse,1,8212 Neuhausen am Rheinfall,2937,SH,real,True,15.11.2024,2688098,1282311
100336777,10018463,473382,Oberdorf,76,8222 Beringen,2932,SH,real,True,15.11.2024,2685179,1284235
100336778,10018463,473383,Oberdorf,74,8222 Beringen,2932,SH,real,True,15.11.2024,2685191,1284200
100336779,10018463,473384,Oberdorf,72,8222 Beringen,2932,SH,real,True,15.11.2024,2685173,1284193
100336780,10018463,473385,Oberdorf,70,8222 Beringen,2932,SH,real,True,15.11.2024,2685198,1284160
100336781,10018463,473386,Oberdorf,68,8222 Beringen,2932,SH,real,True,15.11.2024,2685179,1284153
100336783,10087067,473388,Gipsmühlewegli,2,8222 Beringen,2932,SH,real,True,15.11.2024,2685142,1284107
100336784,10087067,473390,Gipsmühlewegli,6,8222 Beringen,2932,SH,real,True,15.11.2024,2685187,1284123
100336785,10087067,473391,Gipsmühlewegli,8,8222 Beringen,2932,SH,real,True,15.11.2024,2685210,1284130
100336786,10018463,473393,Oberdorf,56,8222 Beringen,2932,SH,real,True,15.11.2024,2685153,1284073
100336787,10018463,473395,Oberdorf,48,8222 Beringen,2932,SH,real,True,15.11.2024,2685201,1284015
100336788,10018463,473396,Oberdorf,50,8222 Beringen,2932,SH,real,True,15.11.2024,2685196,1284036
100336789,10018463,473397,Oberdorf,42,8222 Beringen,2932,SH,real,True,15.11.2024,2685200,1283966
100336790,10019557,473401,Zimmerberg,5,8222 Beringen,2932,SH,real,True,15.11.2024,2685248,1283968
100336791,10019557,473402,Zimmerberg,13,8222 Beringen,2932,SH,real,True,15.11.2024,2685237,1284048
100336792,10019557,473403,Zimmerberg,15,8222 Beringen,2932,SH,real,True,15.11.2024,2685227,1284092
100336794,10073640,473406,Höhenweg,34,8222 Beringen,2932,SH,real,True,15.11.2024,2685000,1284001
100336795,10073640,473407,Höhenweg,32,8222 Beringen,2932,SH,real,True,15.11.2024,2685007,1283974
100336796,10073640,473408,Höhenweg,30,8222 Beringen,2932,SH,real,True,15.11.2024,2685015,1283946
100336797,10073640,473409,Höhenweg,30a,8222 Beringen,2932,SH,real,True,15.11.2024,2685023,1283947
100336798,10073640,473410,Höhenweg,28,8222 Beringen,2932,SH,real,True,15.11.2024,2685021,1283929
100336799,10073640,473411,Höhenweg,24,8222 Beringen,2932,SH,real,True,15.11.2024,2685020,1283861
100336800,10185491,473413,Mühleweg,75.1,8222 Beringen,2932,SH,real,True,23.07.2024,2685122,1283873
100336801,10018467,473415,Schulberg,8,8222 Beringen,2932,SH,real,True,15.11.2024,2685153,1283851
100336802,10019555,473417,Vogelhof,2,8222 Beringen,2932,SH,real,True,15.11.2024,2685233,1283882
100336803,10019555,473418,Vogelhof,4,8222 Beringen,2932,SH,real,True,15.11.2024,2685225,1283883
100336804,10019555,473420,Vogelhof,8,8222 Beringen,2932,SH,real,True,15.11.2024,2685208,1283882
100336805,10019555,473423,Vogelhof,10,8222 Beringen,2932,SH,real,True,15.11.2024,2685201,1283882
100336806,10019555,473423,Vogelhof,12,8222 Beringen,2932,SH,real,True,15.11.2024,2685194,1283882
100336807,10118355,473426,Paradieserhof,9,8222 Beringen,2932,SH,real,True,15.11.2024,2685212,1283916
100336809,10118355,473428,Paradieserhof,5,8222 Beringen,2932,SH,real,True,15.11.2024,2685189,1283910
100336810,10018463,473429,Oberdorf,41,8222 Beringen,2932,SH,real,True,15.11.2024,2685191,1283951
100336811,10073644,473430,Prinzenhof,13,8222 Beringen,2932,SH,real,True,15.11.2024,2685169,1283963
100336812,10106944,475454,Oberbergweg,6,8212 Neuhausen am Rheinfall,2937,SH,real,True,15.11.2024,2688435,1281861
100336813,10046606,475455,Rheinfallstrasse,2,8212 Neuhausen am Rheinfall,2937,SH,real,True,15.11.2024,2688500,1281929
100336814,10046606,475456,Rheinfallstrasse,2a,8212 Neuhausen am Rheinfall,2937,SH,real,True,15.11.2024,2688452,1281910
100336815,10046606,475457,Rheinfallstrasse,6,8212 Neuhausen am Rheinfall,2937,SH,real,True,15.11.2024,2688506,1281873
100336816,10046606,475458,Rheinfallstrasse,8,8212 Neuhausen am Rheinfall,2937,SH,real,True,15.11.2024,2688485,1281850
100336817,10091252,475459,Industriestrasse,49,8212 Neuhausen am Rheinfall,2937,SH,real,True,15.11.2024,2688504,1281778
100336819,10046606,475462,Rheinfallstrasse,13,8212 Neuhausen am Rheinfall,2937,SH,real,True,15.11.2024,2688426,1281777
100336821,10091252,475468,Industriestrasse,23,8212 Neuhausen am Rheinfall,2937,SH,real,True,15.11.2024,2688566,1281711
100336822,10091252,475469,Industriestrasse,27,8212 Neuhausen am Rheinfall,2937,SH,real,True,15.11.2024,2688528,1281687
100336823,10091252,475470,Industriestrasse,29,8212 Neuhausen am Rheinfall,2937,SH,real,True,15.11.2024,2688521,1281700
100336824,10091252,475472,Industriestrasse,33,8212 Neuhausen am Rheinfall,2937,SH,real,True,15.11.2024,2688530,1281735
100336825,10091252,475473,Industriestrasse,39,8212 Neuhausen am Rheinfall,2937,SH,real,True,15.11.2024,2688541,1281746
100336826,10091252,475474,Industriestrasse,43,8212 Neuhausen am Rheinfall,2937,SH,real,True,15.11.2024,2688526,1281759
100336830,10091252,475478,Industriestrasse,12,8212 Neuhausen am Rheinfall,2937,SH,real,True,15.11.2024,2688599,1281714
100336831,10091252,475480,Industriestrasse,38,8212 Neuhausen am Rheinfall,2937,SH,real,True,15.11.2024,2688548,1281764
100336832,10018164,475485,Weinbergstrasse,6,8212 Neuhausen am Rheinfall,2937,SH,real,True,15.11.2024,2688626,1281717
100336836,10018164,475493,Weinbergstrasse,2,8212 Neuhausen am Rheinfall,2937,SH,real,True,15.11.2024,2688628,1281737
100336837,10180863,475494,Wildenhof,3,8212 Neuhausen am Rheinfall,2937,SH,real,True,15.11.2024,2688575,1281759
100336838,10018165,475496,Wildenstrasse,3,8212 Neuhausen am Rheinfall,2937,SH,real,True,15.11.2024,2688595,1281803
100336839,10046606,475499,Rheinfallstrasse,7,8212 Neuhausen am Rheinfall,2937,SH,real,True,15.11.2024,2688508,1281825
100336840,10046606,475500,Rheinfallstrasse,1,8212 Neuhausen am Rheinfall,2937,SH,real,True,15.11.2024,2688562,1281886
100336841,10017875,475501,Poststrasse,43,8212 Neuhausen am Rheinfall,2937,SH,real,True,15.11.2024,2688574,1281897
100336842,10074403,475502,Schulstieg,3,8212 Neuhausen am Rheinfall,2937,SH,real,True,15.11.2024,2688626,1281886
100336843,10018166,475503,Zentralstrasse,31a,8212 Neuhausen am Rheinfall,2937,SH,real,True,15.11.2024,2688651,1281865
100336844,10018166,475504,Zentralstrasse,31,8212 Neuhausen am Rheinfall,2937,SH,real,True,15.11.2024,2688647,1281859
100336845,10018165,475507,Wildenstrasse,6,8212 Neuhausen am Rheinfall,2937,SH,real,True,15.11.2024,2688598,1281834
100336846,10017875,475508,Poststrasse,41,8212 Neuhausen am Rheinfall,2937,SH,real,True,15.11.2024,2688598,1281903
100336847,10018164,475509,Weinbergstrasse,7,8212 Neuhausen am Rheinfall,2937,SH,real,True,15.11.2024,2688668,1281713
100336848,10018164,475510,Weinbergstrasse,5,8212 Neuhausen am Rheinfall,2937,SH,real,True,15.11.2024,2688663,1281720
100336849,10018164,475511,Weinbergstrasse,3,8212 Neuhausen am Rheinfall,2937,SH,real,True,15.11.2024,2688641,1281735
100336850,10018166,475512,Zentralstrasse,14,8212 Neuhausen am Rheinfall,2937,SH,real,True,15.11.2024,2688628,1281759
100337678,10171306,482489,Tulpenweg,2,8263 Buch SH,2961,SH,real,True,15.11.2024,2701105,1287030
100337679,10171063,482492,Winkelweg,2,8263 Buch SH,2961,SH,real,True,15.11.2024,2701114,1286979
100337680,10031591,482494,Hegaustrasse,6,8263 Buch SH,2961,SH,real,True,15.11.2024,2701120,1286945
100337681,10031591,482495,Hegaustrasse,1,8263 Buch SH,2961,SH,real,True,15.11.2024,2701148,1286914
100337682,10171063,482496,Winkelweg,6,8263 Buch SH,2961,SH,real,True,15.11.2024,2701146,1287001
100337683,10071688,482497,Unterwald,1,8261 Hemishofen,2962,SH,real,True,15.11.2024,2707442,1283965
100337684,10103232,482498,Oberwald,3,8261 Hemishofen,2962,SH,real,True,15.11.2024,2706533,1284210
100337685,10103232,482499,Oberwald,1,8261 Hemishofen,2962,SH,real,True,15.11.2024,2706480,1284069
100337994,10187916,482500,Oberwalderstrasse,3,8261 Hemishofen,2962,SH,real,True,15.11.2024,2704589,1282169
100337996,10031586,482506,Hauptstrasse,28,8261 Hemishofen,2962,SH,real,True,15.11.2024,2704537,1282010
100337997,10031586,482507,Hauptstrasse,22,8261 Hemishofen,2962,SH,real,True,15.11.2024,2704565,1281927
100337998,10031586,482508,Hauptstrasse,18,8261 Hemishofen,2962,SH,real,True,15.11.2024,2704562,1281863
100337999,10031586,482509,Hauptstrasse,16,8261 Hemishofen,2962,SH,real,True,15.11.2024,2704570,1281816
100338000,10113213,482510,Bahnhofstrasse,1,8261 Hemishofen,2962,SH,real,True,15.11.2024,2704655,1281802
100338001,10113213,482511,Bahnhofstrasse,5,8261 Hemishofen,2962,SH,real,True,15.11.2024,2704705,1281752
100338002,10164639,482512,Bahnstieg,4,8261 Hemishofen,2962,SH,real,True,15.11.2024,2704709,1281693
100338003,10164639,482513,Bahnstieg,2,8261 Hemishofen,2962,SH,real,True,15.11.2024,2704681,1281672
100338004,10087215,482514,Oberdorfstrasse,2,8261 Hemishofen,2962,SH,real,True,15.11.2024,2704703,1281653
100338005,10087215,482515,Oberdorfstrasse,4,8261 Hemishofen,2962,SH,real,True,15.11.2024,2704710,1281641
100338006,10031585,482516,Bürglerstrasse,7,8261 Hemishofen,2962,SH,real,True,15.11.2024,2704754,1281548
100338007,10031585,482517,Bürglerstrasse,6,8261 Hemishofen,2962,SH,real,True,15.11.2024,2704830,1281528
100338008,10031585,482521,Bürglerstrasse,8,8261 Hemishofen,2962,SH,real,True,15.11.2024,2704929,1281495
100338009,10031585,482522,Bürglerstrasse,10,8261 Hemishofen,2962,SH,real,True,15.11.2024,2704958,1281449
100338010,10031585,482523,Bürglerstrasse,12,8261 Hemishofen,2962,SH,real,True,15.11.2024,2705001,1281324
100338011,10031585,482524,Bürglerstrasse,14,8261 Hemishofen,2962,SH,real,True,15.11.2024,2705016,1281298
100338012,10031585,482530,Bürglerstrasse,18,8261 Hemishofen,2962,SH,real,True,15.11.2024,2705061,1281230
100338013,10031585,482531,Bürglerstrasse,20,8261 Hemishofen,2962,SH,real,True,15.11.2024,2705080,1281214
100338014,10031585,482532,Bürglerstrasse,15,8261 Hemishofen,2962,SH,real,True,15.11.2024,2705096,1281237
100338015,10031585,482533,Bürglerstrasse,17,8261 Hemishofen,2962,SH,real,True,15.11.2024,2705122,1281229
100338016,10031585,482534,Bürglerstrasse,22,8261 Hemishofen,2962,SH,real,True,15.11.2024,2705098,1281198
100338017,10031585,482537,Bürglerstrasse,1,8261 Hemishofen,2962,SH,real,True,15.11.2024,2704731,1281526
100338019,10031586,482541,Hauptstrasse,4,8261 Hemishofen,2962,SH,real,True,15.11.2024,2704663,1281583
100338020,10031586,482542,Hauptstrasse,23,8261 Hemishofen,2962,SH,real,True,15.11.2024,2704636,1281589
100338021,10031586,482544,Hauptstrasse,6,8261 Hemishofen,2962,SH,real,True,15.11.2024,2704641,1281622
100338022,10031586,482545,Hauptstrasse,8,8261 Hemishofen,2962,SH,real,True,15.11.2024,2704626,1281645
100338023,10031586,482546,Hauptstrasse,25,8261 Hemishofen,2962,SH,real,True,15.11.2024,2704612,1281636
100338024,10031586,482547,Hauptstrasse,12,8261 Hemishofen,2962,SH,real,True,15.11.2024,2704602,1281693
100338025,10031586,482548,Hauptstrasse,14,8261 Hemishofen,2962,SH,real,True,15.11.2024,2704589,1281740
100338026,10179747,482549,Im Hafacker,2,8261 Hemishofen,2962,SH,real,True,15.11.2024,2704543,1281771
100338027,10071686,482550,Dorfstrasse,4,8261 Hemishofen,2962,SH,real,True,15.11.2024,2704606,1281592
100338028,10071686,482551,Dorfstrasse,6,8261 Hemishofen,2962,SH,real,True,15.11.2024,2704606,1281581
100338029,10071686,482552,Dorfstrasse,1,8261 Hemishofen,2962,SH,real,True,15.11.2024,2704612,1281561
100338030,10135340,482554,In Pratle,3,8261 Hemishofen,2962,SH,real,True,15.11.2024,2704613,1281503
100338031,10135340,482557,In Pratle,7,8261 Hemishofen,2962,SH,real,True,15.11.2024,2704645,1281476
100338034,10071686,482561,Dorfstrasse,12,8261 Hemishofen,2962,SH,real,True,15.11.2024,2704555,1281570
100338035,10071686,482562,Dorfstrasse,9,8261 Hemishofen,2962,SH,real,True,15.11.2024,2704548,1281558
100338036,10071686,482563,Dorfstrasse,14,8261 Hemishofen,2962,SH,real,True,15.11.2024,2704540,1281574
100338037,10071686,482564,Dorfstrasse,15,8261 Hemishofen,2962,SH,real,True,15.11.2024,2704515,1281565
100338039,10071686,482565,Dorfstrasse,18,8261 Hemishofen,2962,SH,real,True,15.11.2024,2704497,1281576
100338040,10071686,482566,Dorfstrasse,20,8261 Hemishofen,2962,SH,real,True,15.11.2024,2704474,1281585
100338041,10164640,482567,Hansegässli,2,8261 Hemishofen,2962,SH,real,True,15.11.2024,2704477,1281528
100338042,10071686,482568,Dorfstrasse,19,8261 Hemishofen,2962,SH,real,True,15.11.2024,2704466,1281561
100338043,10114701,470013,Im Chapf,1,8214 Gächlingen,2901,SH,real,True,15.11.2024,2679801,1284631
100338044,10026324,470014,Obere Hanenbüelstrasse,2,8214 Gächlingen,2901,SH,real,True,15.11.2024,2679879,1284518
100338045,10026324,470016,Obere Hanenbüelstrasse,6,8214 Gächlingen,2901,SH,real,True,15.11.2024,2679902,1284536
100338046,10026324,470017,Obere Hanenbüelstrasse,10,8214 Gächlingen,2901,SH,real,True,15.11.2024,2679926,1284559
100338047,10026324,470018,Obere Hanenbüelstrasse,12,8214 Gächlingen,2901,SH,real,True,15.11.2024,2679940,1284544
100338048,10026324,470021,Obere Hanenbüelstrasse,26,8214 Gächlingen,2901,SH,real,True,15.11.2024,2680018,1284651
100338049,10026324,470022,Obere Hanenbüelstrasse,28,8214 Gächlingen,2901,SH,real,True,15.11.2024,2680038,1284667
100338050,10106940,470024,Hanenbüelstrasse,19,8214 Gächlingen,2901,SH,real,True,15.11.2024,2680032,1284599
100338051,10106940,470025,Hanenbüelstrasse,17,8214 Gächlingen,2901,SH,real,True,15.11.2024,2680010,1284593
100338052,10106940,470026,Hanenbüelstrasse,15,8214 Gächlingen,2901,SH,real,True,15.11.2024,2679976,1284579
100338053,10106940,470027,Hanenbüelstrasse,5,8214 Gächlingen,2901,SH,real,True,15.11.2024,2679951,1284530
100338054,10106940,470029,Hanenbüelstrasse,1,8214 Gächlingen,2901,SH,real,True,15.11.2024,2679890,1284502
100338055,10106940,470030,Hanenbüelstrasse,2,8214 Gächlingen,2901,SH,real,True,15.11.2024,2679887,1284468
100338056,10106940,470031,Hanenbüelstrasse,4,8214 Gächlingen,2901,SH,real,True,15.11.2024,2679916,1284481
100338057,10106940,470032,Hanenbüelstrasse,6,8214 Gächlingen,2901,SH,real,True,15.11.2024,2679940,1284496
100338058,10106940,470033,Hanenbüelstrasse,8,8214 Gächlingen,2901,SH,real,True,15.11.2024,2679966,1284509
100338059,10106940,470035,Hanenbüelstrasse,12,8214 Gächlingen,2901,SH,real,True,15.11.2024,2680029,1284558
100338060,10111800,470036,Hanenbüelstieg,4,8214 Gächlingen,2901,SH,real,True,15.11.2024,2680060,1284586
100338061,10111800,470039,Hanenbüelstieg,1,8214 Gächlingen,2901,SH,real,True,15.11.2024,2680073,1284514
100338062,10087012,470040,Isengartenstrasse,13,8214 Gächlingen,2901,SH,real,True,15.11.2024,2680092,1284541
100338063,10087012,470042,Isengartenstrasse,16,8214 Gächlingen,2901,SH,real,True,15.11.2024,2680057,1284474
100338064,10087012,470044,Isengartenstrasse,10,8214 Gächlingen,2901,SH,real,True,15.11.2024,2680013,1284442
100338065,10018166,475515,Zentralstrasse,38,8212 Neuhausen am Rheinfall,2937,SH,real,True,15.11.2024,2688683,1281859
100338067,10186343,475520,Rheingoldstrasse,2,8212 Neuhausen am Rheinfall,2937,SH,real,True,15.11.2024,2688683,1281688
100338068,10186343,475521,Rheingoldstrasse,6,8212 Neuhausen am Rheinfall,2937,SH,real,True,15.11.2024,2688704,1281705
100338069,10186343,475523,Rheingoldstrasse,10,8212 Neuhausen am Rheinfall,2937,SH,real,True,15.11.2024,2688730,1281724
100338070,10074398,475524,Felsengrundstrasse,4,8212 Neuhausen am Rheinfall,2937,SH,real,True,15.11.2024,2688749,1281701
100338071,10074398,475525,Felsengrundstrasse,6,8212 Neuhausen am Rheinfall,2937,SH,real,True,15.11.2024,2688758,1281685
100338383,10017857,475526,Chlaffentalstrasse,76,8212 Neuhausen am Rheinfall,2937,SH,real,True,15.11.2024,2686891,1281086
100338384,10017857,475527,Chlaffentalstrasse,74,8212 Neuhausen am Rheinfall,2937,SH,real,True,15.11.2024,2686901,1281080
100338385,10017857,475528,Chlaffentalstrasse,72,8212 Neuhausen am Rheinfall,2937,SH,real,True,15.11.2024,2686916,1281070
100338386,10017857,475529,Chlaffentalstrasse,70,8212 Neuhausen am Rheinfall,2937,SH,real,True,15.11.2024,2686923,1281064
100338387,10017857,475530,Chlaffentalstrasse,68,8212 Neuhausen am Rheinfall,2937,SH,real,True,15.11.2024,2686911,1281112
100338388,10017857,475532,Chlaffentalstrasse,64,8212 Neuhausen am Rheinfall,2937,SH,real,True,15.11.2024,2686935,1281095
100338389,10017857,475533,Chlaffentalstrasse,62,8212 Neuhausen am Rheinfall,2937,SH,real,True,15.11.2024,2686942,1281091
100338390,10017857,475534,Chlaffentalstrasse,60,8212 Neuhausen am Rheinfall,2937,SH,real,True,15.11.2024,2686937,1281143
100338391,10017857,475537,Chlaffentalstrasse,54,8212 Neuhausen am Rheinfall,2937,SH,real,True,15.11.2024,2686949,1281165
100338392,10017857,475538,Chlaffentalstrasse,52,8212 Neuhausen am Rheinfall,2937,SH,real,True,15.11.2024,2686956,1281160
100338393,10017857,475540,Chlaffentalstrasse,46,8212 Neuhausen am Rheinfall,2937,SH,real,True,15.11.2024,2686962,1281186
100338394,10017857,475542,Chlaffentalstrasse,42,8212 Neuhausen am Rheinfall,2937,SH,real,True,15.11.2024,2686973,1281176
100338395,10017857,475543,Chlaffentalstrasse,40,8212 Neuhausen am Rheinfall,2937,SH,real,True,15.11.2024,2686975,1281204
100338396,10017857,475547,Chlaffentalstrasse,32,8212 Neuhausen am Rheinfall,2937,SH,real,True,15.11.2024,2686997,1281189
100338397,10017857,475548,Chlaffentalstrasse,30,8212 Neuhausen am Rheinfall,2937,SH,real,True,15.11.2024,2687002,1281193
100338398,10017857,475549,Chlaffentalstrasse,28,8212 Neuhausen am Rheinfall,2937,SH,real,True,15.11.2024,2687001,1281226
100338399,10017857,475551,Chlaffentalstrasse,24,8212 Neuhausen am Rheinfall,2937,SH,real,True,15.11.2024,2687017,1281208
100338400,10017857,475552,Chlaffentalstrasse,22,8212 Neuhausen am Rheinfall,2937,SH,real,True,15.11.2024,2687021,1281211
100338401,10017857,475553,Chlaffentalstrasse,20,8212 Neuhausen am Rheinfall,2937,SH,real,True,15.11.2024,2687022,1281245
100338402,10017857,475556,Chlaffentalstrasse,14,8212 Neuhausen am Rheinfall,2937,SH,real,True,15.11.2024,2687043,1281230
100338403,10017857,475559,Chlaffentalstrasse,8,8212 Neuhausen am Rheinfall,2937,SH,real,True,15.11.2024,2687074,1281277
100338404,10017857,475560,Chlaffentalstrasse,6,8212 Neuhausen am Rheinfall,2937,SH,real,True,15.11.2024,2687084,1281258
100338405,10017857,475562,Chlaffentalstrasse,98,8212 Neuhausen am Rheinfall,2937,SH,real,True,15.11.2024,2686869,1280989
100338406,10017857,475563,Chlaffentalstrasse,101,8212 Neuhausen am Rheinfall,2937,SH,real,True,15.11.2024,2686458,1280453
100338407,10046612,475565,Zollstrasse,200,8212 Neuhausen am Rheinfall,2937,SH,real,True,15.11.2024,2686880,1280549
100338408,10046612,475566,Zollstrasse,105.1,8212 Neuhausen am Rheinfall,2937,SH,real,True,23.07.2024,2687143,1280936
100338409,10046612,475567,Zollstrasse,99,8212 Neuhausen am Rheinfall,2937,SH,real,True,15.11.2024,2687124,1280996
100338410,10017855,475568,Birchstrasse,21,8212 Neuhausen am Rheinfall,2937,SH,real,True,15.11.2024,2687154,1281484
100338411,10017855,475571,Birchstrasse,27,8212 Neuhausen am Rheinfall,2937,SH,real,True,15.11.2024,2687110,1281445
100338412,10017855,475572,Birchstrasse,29,8212 Neuhausen am Rheinfall,2937,SH,real,True,15.11.2024,2687110,1281463
100338413,10017855,475574,Birchstrasse,35,8212 Neuhausen am Rheinfall,2937,SH,real,True,15.11.2024,2687057,1281433
100338414,10017869,475575,Langrietstrasse,26,8212 Neuhausen am Rheinfall,2937,SH,real,True,15.11.2024,2687141,1281393
100338415,10017869,475576,Langrietstrasse,28,8212 Neuhausen am Rheinfall,2937,SH,real,True,15.11.2024,2687141,1281406
100338416,10017869,475577,Langrietstrasse,40,8212 Neuhausen am Rheinfall,2937,SH,real,True,15.11.2024,2687081,1281413
100339296,10087012,470045,Isengartenstrasse,8,8214 Gächlingen,2901,SH,real,True,15.11.2024,2679992,1284426
100339297,10087012,470046,Isengartenstrasse,6,8214 Gächlingen,2901,SH,real,True,15.11.2024,2679965,1284411
100339298,10103865,470047,Bergstrasse,4,8214 Gächlingen,2901,SH,real,True,15.11.2024,2679926,1284373
100339299,10103865,470048,Bergstrasse,2,8214 Gächlingen,2901,SH,real,True,15.11.2024,2679905,1284344
100339300,10026320,470049,Dorfstrasse,51,8214 Gächlingen,2901,SH,real,True,15.11.2024,2679718,1284315
100339301,10136262,470051,Müliweg,5,8214 Gächlingen,2901,SH,real,True,15.11.2024,2679798,1284380
100339302,10136262,470052,Müliweg,9,8214 Gächlingen,2901,SH,real,True,15.11.2024,2679818,1284437
100339303,10103865,470054,Bergstrasse,6,8214 Gächlingen,2901,SH,real,True,15.11.2024,2679957,1284434
100339617,10087012,470057,Isengartenstrasse,1,8214 Gächlingen,2901,SH,real,True,15.11.2024,2679945,1284463
100339618,10087012,470058,Isengartenstrasse,7,8214 Gächlingen,2901,SH,real,True,15.11.2024,2680016,1284476
100339619,10087012,470059,Isengartenstrasse,9,8214 Gächlingen,2901,SH,real,True,15.11.2024,2680014,1284526
100339620,10103866,470060,Steinhof,195,8214 Gächlingen,2901,SH,real,True,15.11.2024,2680320,1284500
100339621,10103865,470061,Bergstrasse,181,8214 Gächlingen,2901,SH,real,True,15.11.2024,2679487,1285514
100339622,10103865,470062,Bergstrasse,169,8214 Gächlingen,2901,SH,real,True,15.11.2024,2679499,1285524
100339623,10103865,470063,Bergstrasse,186,8214 Gächlingen,2901,SH,real,True,15.11.2024,2679544,1285543
100339624,10117913,470065,Vorderer Huebhof,172,8214 Gächlingen,2901,SH,real,True,15.11.2024,2678924,1286217
100339625,10026321,470067,Hürstenhof,213,8225 Siblingen,2901,SH,real,True,15.11.2024,2679108,1286651
100339626,10026321,470068,Hürstenhof,213e,8225 Siblingen,2901,SH,real,True,15.11.2024,2679159,1286611
100339628,10026318,470069,Brunnenhof,214,8225 Siblingen,2901,SH,real,True,15.11.2024,2679342,1286892
100339629,10026318,470070,Brunnenhof,214a,8225 Siblingen,2901,SH,real,True,15.11.2024,2679331,1286857
100339630,10068426,470072,Vorderer Wetzenhof,176,8226 Schleitheim,2901,SH,real,True,15.11.2024,2679783,1287811
100339631,10026319,470075,Brüelstrasse,37,8214 Gächlingen,2901,SH,real,True,15.11.2024,2679618,1284335
100339632,10026322,470077,Ischlagstrasse,3,8214 Gächlingen,2901,SH,real,True,15.11.2024,2679653,1284313
100339633,10026320,470079,Dorfstrasse,45,8214 Gächlingen,2901,SH,real,True,15.11.2024,2679671,1284291
100339634,10026319,470080,Brüelstrasse,30,8214 Gächlingen,2901,SH,real,True,15.11.2024,2679637,1284291
100339635,10026320,470081,Dorfstrasse,41,8214 Gächlingen,2901,SH,real,True,15.11.2024,2679652,1284259
100339636,10026320,470083,Dorfstrasse,37,8214 Gächlingen,2901,SH,real,True,15.11.2024,2679632,1284262
100339637,10026320,470085,Dorfstrasse,33,8214 Gächlingen,2901,SH,real,True,15.11.2024,2679641,1284242
100339638,10026320,470086,Dorfstrasse,31,8214 Gächlingen,2901,SH,real,True,15.11.2024,2679633,1284230
100339639,10026320,470087,Dorfstrasse,25,8214 Gächlingen,2901,SH,real,True,15.11.2024,2679625,1284204
100339640,10026320,470088,Dorfstrasse,23,8214 Gächlingen,2901,SH,real,True,15.11.2024,2679624,1284203
100339641,10026320,470090,Dorfstrasse,17,8214 Gächlingen,2901,SH,real,True,15.11.2024,2679594,1284181
100339642,10026320,470091,Dorfstrasse,15,8214 Gächlingen,2901,SH,real,True,15.11.2024,2679596,1284188
100339643,10026320,470093,Dorfstrasse,9,8214 Gächlingen,2901,SH,real,True,15.11.2024,2679585,1284155
100339644,10186927,470094,Brüelgässli,4,8214 Gächlingen,2901,SH,real,True,15.11.2024,2679561,1284164
100339645,10186927,470095,Brüelgässli,5,8214 Gächlingen,2901,SH,real,True,15.11.2024,2679549,1284188
100339646,10026320,470096,Dorfstrasse,7,8214 Gächlingen,2901,SH,real,True,15.11.2024,2679557,1284136
100339647,10186927,470098,Brüelgässli,7,8214 Gächlingen,2901,SH,real,True,15.11.2024,2679539,1284169
100339648,10186927,470099,Brüelgässli,2,8214 Gächlingen,2901,SH,real,True,15.11.2024,2679531,1284140
100339649,10048893,470102,Schulstrasse,8,8214 Gächlingen,2901,SH,real,True,15.11.2024,2679490,1284136
100339650,10026327,470104,Unterer Hof,6,8214 Gächlingen,2901,SH,real,True,15.11.2024,2679491,1284150
100339651,10026327,470105,Unterer Hof,5,8214 Gächlingen,2901,SH,real,True,15.11.2024,2679493,1284166
100339652,10026327,470106,Unterer Hof,4,8214 Gächlingen,2901,SH,real,True,15.11.2024,2679486,1284177
100339653,10026327,470107,Unterer Hof,3,8214 Gächlingen,2901,SH,real,True,15.11.2024,2679470,1284170
100339654,10026326,470109,Talstrasse,2,8214 Gächlingen,2901,SH,real,True,15.11.2024,2679354,1284212
100339655,10026326,470110,Talstrasse,6,8214 Gächlingen,2901,SH,real,True,15.11.2024,2679310,1284291
100339656,10048892,470114,Niederwiesenstrasse,5,8214 Gächlingen,2901,SH,real,True,15.11.2024,2679254,1284128
100339657,10048892,470115,Niederwiesenstrasse,4,8214 Gächlingen,2901,SH,real,True,15.11.2024,2679298,1284162
100339658,10048892,470116,Niederwiesenstrasse,6,8214 Gächlingen,2901,SH,real,True,15.11.2024,2679283,1284188
100339659,10026326,470119,Talstrasse,5,8214 Gächlingen,2901,SH,real,True,15.11.2024,2679297,1284221
100339660,10026326,470120,Talstrasse,1,8214 Gächlingen,2901,SH,real,True,15.11.2024,2679341,1284187
100339661,10048893,470121,Schulstrasse,9,8214 Gächlingen,2901,SH,real,True,15.11.2024,2679387,1284136
100339662,10087013,470122,Schulgasse,2,8214 Gächlingen,2901,SH,real,True,15.11.2024,2679355,1284098
100339663,10087013,470123,Schulgasse,4.1,8214 Gächlingen,2901,SH,real,True,23.07.2024,2679337,1284093
100339664,10087013,470124,Schulgasse,9,8214 Gächlingen,2901,SH,real,True,15.11.2024,2679352,1284046
100339665,10087013,470125,Schulgasse,7,8214 Gächlingen,2901,SH,real,True,15.11.2024,2679334,1284073
100339666,10087013,470127,Schulgasse,1,8214 Gächlingen,2901,SH,real,True,15.11.2024,2679393,1284105
100339667,10048893,470128,Schulstrasse,7,8214 Gächlingen,2901,SH,real,True,15.11.2024,2679426,1284122
100339668,10185487,472945,Am Stägli,15,8233 Bargen SH,2931,SH,real,True,15.11.2024,2687951,1294006
100339669,10019552,472946,Steinacker,4,8222 Beringen,2932,SH,real,True,15.11.2024,2686710,1283451
100339672,10091224,472954,Sonnhalde,17,8222 Beringen,2932,SH,real,True,15.11.2024,2687103,1283432
100339673,10018470,472955,Sonnenblickweg,7,8222 Beringen,2932,SH,real,True,15.11.2024,2687136,1283429
100339674,10018470,472956,Sonnenblickweg,9,8222 Beringen,2932,SH,real,True,15.11.2024,2687139,1283458
100339675,10185488,472957,Allerrietstrasse,1,8222 Beringen,2932,SH,real,True,15.11.2024,2687171,1283445
100339676,10185488,472958,Allerrietstrasse,2,8222 Beringen,2932,SH,real,True,15.11.2024,2687162,1283424
100339677,10185488,472959,Allerrietstrasse,3,8222 Beringen,2932,SH,real,True,15.11.2024,2687183,1283445
100339678,10185488,472960,Allerrietstrasse,4,8222 Beringen,2932,SH,real,True,15.11.2024,2687173,1283423
100339679,10185488,472961,Allerrietstrasse,5,8222 Beringen,2932,SH,real,True,15.11.2024,2687212,1283444
100339680,10185488,472963,Allerrietstrasse,7,8222 Beringen,2932,SH,real,True,15.11.2024,2687219,1283443
100339681,10185488,472964,Allerrietstrasse,8,8222 Beringen,2932,SH,real,True,15.11.2024,2687213,1283420
100339682,10185488,472966,Allerrietstrasse,12,8222 Beringen,2932,SH,real,True,15.11.2024,2687252,1283412
100339683,10185488,472967,Allerrietstrasse,13,8222 Beringen,2932,SH,real,True,15.11.2024,2687271,1283433
100339684,10185488,472969,Allerrietstrasse,15,8222 Beringen,2932,SH,real,True,15.11.2024,2687280,1283430
100339685,10185488,472970,Allerrietstrasse,16,8222 Beringen,2932,SH,real,True,15.11.2024,2687290,1283403
100339686,10185488,472971,Allerrietstrasse,17,8222 Beringen,2932,SH,real,True,15.11.2024,2687308,1283424
100339687,10185488,472972,Allerrietstrasse,18,8222 Beringen,2932,SH,real,True,15.11.2024,2687322,1283397
100340928,10185488,472974,Allerrietstrasse,20,8222 Beringen,2932,SH,real,True,15.11.2024,2687329,1283396
100340929,10185488,472975,Allerrietstrasse,21,8222 Beringen,2932,SH,real,True,15.11.2024,2687348,1283416
100340930,10185488,472976,Allerrietstrasse,22,8222 Beringen,2932,SH,real,True,15.11.2024,2687358,1283390
100340931,10185488,472977,Allerrietstrasse,23,8222 Beringen,2932,SH,real,True,15.11.2024,2687357,1283415
100340932,10185488,472978,Allerrietstrasse,24,8222 Beringen,2932,SH,real,True,15.11.2024,2687387,1283384
100340933,10185488,472979,Allerrietstrasse,25,8222 Beringen,2932,SH,real,True,15.11.2024,2687383,1283408
100340934,10185488,472980,Allerrietstrasse,26,8222 Beringen,2932,SH,real,True,15.11.2024,2687413,1283380
100340935,10185488,472982,Allerrietstrasse,28,8222 Beringen,2932,SH,real,True,15.11.2024,2687432,1283375
100340936,10185488,472983,Allerrietstrasse,29,8222 Beringen,2932,SH,real,True,15.11.2024,2687426,1283397
100341239,10025642,471983,Vogelherd,60.1,8234 Stetten SH,2919,SH,real,True,23.07.2024,2691591,1287662
100341240,10024977,472000,Schloss Herblingen,56,8234 Stetten SH,2919,SH,real,True,23.07.2024,2691754,1287744
100341241,10087039,472026,Erlenwisenstrasse,23,8234 Stetten SH,2919,SH,real,True,15.11.2024,2691312,1287809
100341242,10087038,472034,Brämlenstrasse,2.1,8234 Stetten SH,2919,SH,real,True,23.07.2024,2691451,1288230
100341243,10180862,472877,Schinderwies,1,8233 Bargen SH,2931,SH,real,True,15.11.2024,2688044,1294115
100341244,10180862,472878,Schinderwies,2,8233 Bargen SH,2931,SH,real,True,15.11.2024,2688045,1294148
100341245,10073633,472879,Haafpüntstrasse,5,8233 Bargen SH,2931,SH,real,True,15.11.2024,2687982,1294177
100341246,10073633,472880,Haafpüntstrasse,3,8233 Bargen SH,2931,SH,real,True,15.11.2024,2687960,1294196
100341247,10073633,472881,Haafpüntstrasse,1,8233 Bargen SH,2931,SH,real,True,15.11.2024,2687924,1294206
100341248,10018443,472882,Steigstrasse,2,8233 Bargen SH,2931,SH,real,True,15.11.2024,2687847,1294237
100341249,10018443,472883,Steigstrasse,4,8233 Bargen SH,2931,SH,real,True,15.11.2024,2687829,1294240
100341250,10018443,472884,Steigstrasse,8,8233 Bargen SH,2931,SH,real,True,15.11.2024,2687805,1294238
100341251,10185488,472984,Allerrietstrasse,30,8222 Beringen,2932,SH,real,True,15.11.2024,2687452,1283365
100341252,10185488,472985,Allerrietstrasse,31,8222 Beringen,2932,SH,real,True,15.11.2024,2687439,1283440
100341253,10185488,472986,Allerrietstrasse,39,8222 Beringen,2932,SH,real,True,15.11.2024,2687467,1283428
100341254,10185488,472987,Allerrietstrasse,37,8222 Beringen,2932,SH,real,True,15.11.2024,2687461,1283432
100341255,10087066,472989,Engehofweg,2,8222 Beringen,2932,SH,real,True,15.11.2024,2687483,1283315
100341256,10087066,472990,Engehofweg,3,8222 Beringen,2932,SH,real,True,15.11.2024,2687469,1283328
100341257,10087066,472991,Engehofweg,8,8222 Beringen,2932,SH,real,True,15.11.2024,2687499,1283373
100341258,10087066,472992,Engehofweg,9,8222 Beringen,2932,SH,real,True,15.11.2024,2687487,1283390
100341259,10087066,472994,Engehofweg,12,8222 Beringen,2932,SH,real,True,15.11.2024,2687511,1283410
100341260,10087066,472995,Engehofweg,13,8222 Beringen,2932,SH,real,True,15.11.2024,2687500,1283440
100341261,10018451,472996,Engeweg,2,8222 Beringen,2932,SH,real,True,15.11.2024,2687154,1283387
100341262,10018451,472997,Engeweg,4,8222 Beringen,2932,SH,real,True,15.11.2024,2687166,1283386
100341263,10018451,472998,Engeweg,6,8222 Beringen,2932,SH,real,True,15.11.2024,2687192,1283383
100341264,10018451,473000,Engeweg,10,8222 Beringen,2932,SH,real,True,15.11.2024,2687228,1283376
100341265,10018451,473001,Engeweg,12,8222 Beringen,2932,SH,real,True,15.11.2024,2687238,1283373
100341266,10018451,473003,Engeweg,16,8222 Beringen,2932,SH,real,True,15.11.2024,2687274,1283361
100341267,10087065,473006,Allerrietstieg,2,8222 Beringen,2932,SH,real,True,15.11.2024,2687334,1283326
100341268,10087065,473007,Allerrietstieg,4,8222 Beringen,2932,SH,real,True,15.11.2024,2687364,1283317
100341269,10087065,473008,Allerrietstieg,6,8222 Beringen,2932,SH,real,True,15.11.2024,2687354,1283354
100341270,10087065,473009,Allerrietstieg,8,8222 Beringen,2932,SH,real,True,15.11.2024,2687359,1283352
100341271,10087065,473010,Allerrietstieg,10,8222 Beringen,2932,SH,real,True,15.11.2024,2687376,1283355
100341272,10087065,473012,Allerrietstieg,14,8222 Beringen,2932,SH,real,True,15.11.2024,2687396,1283347
100341273,10186340,473014,Schaffhauserstrasse,245,8222 Beringen,2932,SH,real,True,15.11.2024,2687626,1283238
100341274,10186340,473015,Schaffhauserstrasse,227,8222 Beringen,2932,SH,real,True,15.11.2024,2687425,1283295
100341275,10087072,473017,Neugrüthalde,41,8222 Beringen,2932,SH,real,True,15.11.2024,2686421,1283679
100341276,10087072,473019,Neugrüthalde,37,8222 Beringen,2932,SH,real,True,15.11.2024,2686380,1283683
100341278,10087072,473023,Neugrüthalde,11,8222 Beringen,2932,SH,real,True,15.11.2024,2686230,1283705
100341279,10087072,473024,Neugrüthalde,2,8222 Beringen,2932,SH,real,True,15.11.2024,2686183,1283672
100341280,10087072,473025,Neugrüthalde,6,8222 Beringen,2932,SH,real,True,15.11.2024,2686202,1283670
100341281,10087072,473027,Neugrüthalde,14,8222 Beringen,2932,SH,real,True,15.11.2024,2686234,1283664
100341282,10087072,473029,Neugrüthalde,34,8222 Beringen,2932,SH,real,True,15.11.2024,2686357,1283659
100341283,10087072,473031,Neugrüthalde,38,8222 Beringen,2932,SH,real,True,15.11.2024,2686411,1283659
100341284,10087072,473032,Neugrüthalde,44,8222 Beringen,2932,SH,real,True,15.11.2024,2686480,1283656
100341285,10087072,473034,Neugrüthalde,56,8222 Beringen,2932,SH,real,True,15.11.2024,2686630,1283662
100341287,10018447,473037,Benzeweg,21,8222 Beringen,2932,SH,real,True,15.11.2024,2686346,1283591
100341288,10018447,473038,Benzeweg,15,8222 Beringen,2932,SH,real,True,15.11.2024,2686316,1283591
100341289,10018447,473039,Benzeweg,13a,8222 Beringen,2932,SH,real,True,15.11.2024,2686291,1283595
100341290,10018447,473040,Benzeweg,11,8222 Beringen,2932,SH,real,True,15.11.2024,2686258,1283624
100341291,10018447,473042,Benzeweg,19,8222 Beringen,2932,SH,real,True,15.11.2024,2686316,1283617
100341292,10018447,473043,Benzeweg,9,8222 Beringen,2932,SH,real,True,15.11.2024,2686257,1283598
100341293,10018447,473046,Benzeweg,3,8222 Beringen,2932,SH,real,True,15.11.2024,2686179,1283597
100341294,10120411,473048,Gässlistieg,6,8222 Beringen,2932,SH,real,True,15.11.2024,2686149,1283552
100341295,10018447,473049,Benzeweg,4,8222 Beringen,2932,SH,real,True,15.11.2024,2686189,1283573
100341296,10018447,473050,Benzeweg,6,8222 Beringen,2932,SH,real,True,15.11.2024,2686223,1283573
100341297,10120411,473051,Gässlistieg,4,8222 Beringen,2932,SH,real,True,15.11.2024,2686202,1283527
100341298,10111817,473054,Usserberg,4,8222 Beringen,2932,SH,real,True,15.11.2024,2686196,1283632
100341299,10111817,473055,Usserberg,6,8222 Beringen,2932,SH,real,True,15.11.2024,2686214,1283629
100341300,10018447,473056,Benzeweg,13,8222 Beringen,2932,SH,real,True,15.11.2024,2686283,1283594
100341301,10087072,473057,Neugrüthalde,13,8222 Beringen,2932,SH,real,True,15.11.2024,2686256,1283698
100341305,10186340,473063,Schaffhauserstrasse,87,8222 Beringen,2932,SH,real,True,15.11.2024,2686042,1283527
100341306,10186340,473064,Schaffhauserstrasse,85,8222 Beringen,2932,SH,real,True,15.11.2024,2686023,1283521
100341307,10074405,475093,Sägereistrasse,8,8212 Neuhausen am Rheinfall,2937,SH,real,True,15.11.2024,2688335,1282117
100341308,10074405,475095,Sägereistrasse,4,8212 Neuhausen am Rheinfall,2937,SH,real,True,15.11.2024,2688303,1282095
100341309,10074405,475096,Sägereistrasse,2,8212 Neuhausen am Rheinfall,2937,SH,real,True,15.11.2024,2688280,1282096
100341310,10017868,475097,Klettgauerstrasse,26,8212 Neuhausen am Rheinfall,2937,SH,real,True,15.11.2024,2688263,1282073
100341311,10017868,475099,Klettgauerstrasse,30,8212 Neuhausen am Rheinfall,2937,SH,real,True,15.11.2024,2688224,1282089
100341312,10017851,475100,Alpenstrasse,3,8212 Neuhausen am Rheinfall,2937,SH,real,True,15.11.2024,2688495,1282176
100341313,10017851,475101,Alpenstrasse,5,8212 Neuhausen am Rheinfall,2937,SH,real,True,15.11.2024,2688507,1282190
100341314,10017851,475102,Alpenstrasse,7,8212 Neuhausen am Rheinfall,2937,SH,real,True,15.11.2024,2688508,1282191
100341315,10017851,475104,Alpenstrasse,11,8212 Neuhausen am Rheinfall,2937,SH,real,True,15.11.2024,2688530,1282235
100341316,10017851,475105,Alpenstrasse,13,8212 Neuhausen am Rheinfall,2937,SH,real,True,15.11.2024,2688546,1282254
100341317,10091248,475107,Einschlagstrasse,7,8212 Neuhausen am Rheinfall,2937,SH,real,True,15.11.2024,2688561,1282277
100341318,10091248,475108,Einschlagstrasse,9,8212 Neuhausen am Rheinfall,2937,SH,real,True,15.11.2024,2688538,1282292
100341319,10122554,475109,Zelgstrasse,24,8212 Neuhausen am Rheinfall,2937,SH,real,True,15.11.2024,2688472,1282155
100341320,10122554,475110,Zelgstrasse,26,8212 Neuhausen am Rheinfall,2937,SH,real,True,15.11.2024,2688472,1282173
100341321,10122554,475111,Zelgstrasse,26a,8212 Neuhausen am Rheinfall,2937,SH,real,True,15.11.2024,2688476,1282193
100341322,10122554,475112,Zelgstrasse,28,8212 Neuhausen am Rheinfall,2937,SH,real,True,15.11.2024,2688488,1282215
100341538,10018443,472885,Steigstrasse,12,8233 Bargen SH,2931,SH,real,True,15.11.2024,2687681,1294313
100341540,10120410,472887,Hoftalstrasse,1,8233 Bargen SH,2931,SH,real,True,15.11.2024,2687592,1294341
100341541,10120410,472889,Hoftalstrasse,11,8233 Bargen SH,2931,SH,real,True,15.11.2024,2687491,1294366
100341542,10120410,472890,Hoftalstrasse,13,8233 Bargen SH,2931,SH,real,True,15.11.2024,2687463,1294357
100341543,10120050,472891,Oberbargen,1,8233 Bargen SH,2931,SH,real,True,15.11.2024,2685662,1294485
100341544,10120050,472892,Oberbargen,2,8233 Bargen SH,2931,SH,real,True,15.11.2024,2685665,1294501
100341545,10120050,472893,Oberbargen,3,8233 Bargen SH,2931,SH,real,True,15.11.2024,2685652,1294484
100341546,10018443,472894,Steigstrasse,14,8233 Bargen SH,2931,SH,real,True,15.11.2024,2686556,1294800
100341547,10073634,472897,Schulstrasse,5,8233 Bargen SH,2931,SH,real,True,15.11.2024,2687904,1294263
100341548,10073634,472898,Schulstrasse,4,8233 Bargen SH,2931,SH,real,True,15.11.2024,2687911,1294240
100341549,10073634,472901,Schulstrasse,12,8233 Bargen SH,2931,SH,real,True,15.11.2024,2688050,1294182
100341550,10018442,472902,Hepsackerstrasse,2,8233 Bargen SH,2931,SH,real,True,15.11.2024,2688103,1294178
100341551,10018442,472903,Hepsackerstrasse,3,8233 Bargen SH,2931,SH,real,True,15.11.2024,2688133,1294203
100341552,10018442,472904,Hepsackerstrasse,9,8233 Bargen SH,2931,SH,real,True,15.11.2024,2688194,1293973
100341553,10018441,472906,Heerengarten,7,8233 Bargen SH,2931,SH,real,True,15.11.2024,2687948,1294123
100341554,10087063,472907,Dorfstrasse,1,8233 Bargen SH,2931,SH,real,True,15.11.2024,2687849,1294118
100341555,10087063,472909,Dorfstrasse,5,8233 Bargen SH,2931,SH,real,True,15.11.2024,2687821,1294134
100341556,10087063,472910,Dorfstrasse,6,8233 Bargen SH,2931,SH,real,True,15.11.2024,2687792,1294144
100341557,10087064,472912,Mandacherstrasse,6,8233 Bargen SH,2931,SH,real,True,15.11.2024,2687736,1294186
100341558,10087064,472913,Mandacherstrasse,11,8233 Bargen SH,2931,SH,real,True,15.11.2024,2687658,1294193
100341559,10087064,472914,Mandacherstrasse,9,8233 Bargen SH,2931,SH,real,True,15.11.2024,2687684,1294183
100341560,10087064,472916,Mandacherstrasse,1,8233 Bargen SH,2931,SH,real,True,15.11.2024,2687769,1294145
100341561,10087063,472918,Dorfstrasse,10,8233 Bargen SH,2931,SH,real,True,15.11.2024,2687726,1294136
100341562,10087062,472921,Am Bohl,3,8233 Bargen SH,2931,SH,real,True,15.11.2024,2687679,1294119
100341563,10087062,472922,Am Bohl,5,8233 Bargen SH,2931,SH,real,True,15.11.2024,2687655,1294130
100341564,10111814,472923,Im Tal,2,8233 Bargen SH,2931,SH,real,True,15.11.2024,2687698,1294071
100341565,10146948,472924,Hengstackerstrasse,6,8233 Bargen SH,2931,SH,real,True,15.11.2024,2687619,1294097
100341566,10146948,472925,Hengstackerstrasse,1a,8233 Bargen SH,2931,SH,real,True,15.11.2024,2687545,1293967
100341567,10146948,472926,Hengstackerstrasse,1,8233 Bargen SH,2931,SH,real,True,15.11.2024,2687553,1293996
100341568,10111814,472927,Im Tal,21,8233 Bargen SH,2931,SH,real,True,15.11.2024,2687426,1293880
100341569,10111814,472929,Im Tal,13,8233 Bargen SH,2931,SH,real,True,15.11.2024,2687574,1293952
100341570,10111814,472931,Im Tal,7,8233 Bargen SH,2931,SH,real,True,15.11.2024,2687703,1294023
100341571,10111814,472932,Im Tal,5a,8233 Bargen SH,2931,SH,real,True,15.11.2024,2687724,1294043
100341572,10111814,472933,Im Tal,1,8233 Bargen SH,2931,SH,real,True,15.11.2024,2687746,1294055
100341573,10185487,472935,Am Stägli,4,8233 Bargen SH,2931,SH,real,True,15.11.2024,2687783,1294108
100341574,10185487,472936,Am Stägli,1,8233 Bargen SH,2931,SH,real,True,15.11.2024,2687800,1294132
100341575,10185487,472937,Am Stägli,6,8233 Bargen SH,2931,SH,real,True,15.11.2024,2687801,1294084
100341576,10185487,472938,Am Stägli,8,8233 Bargen SH,2931,SH,real,True,15.11.2024,2687777,1294067
100341577,10185487,472941,Am Stägli,5,8233 Bargen SH,2931,SH,real,True,15.11.2024,2687863,1294079
100341578,10185487,472942,Am Stägli,7,8233 Bargen SH,2931,SH,real,True,15.11.2024,2687888,1294066
100341579,10185487,472944,Am Stägli,11,8233 Bargen SH,2931,SH,real,True,15.11.2024,2687920,1294041
100341580,10132131,474972,Buchenstrasse,82,8212 Neuhausen am Rheinfall,2937,SH,real,True,15.11.2024,2688541,1283324
100341581,10132131,474973,Buchenstrasse,83,8212 Neuhausen am Rheinfall,2937,SH,real,True,15.11.2024,2688527,1283350
100341582,10132131,474974,Buchenstrasse,84,8212 Neuhausen am Rheinfall,2937,SH,real,True,15.11.2024,2688549,1283342
100341583,10132131,474976,Buchenstrasse,86,8212 Neuhausen am Rheinfall,2937,SH,real,True,15.11.2024,2688549,1283343
100341584,10132131,474977,Buchenstrasse,87,8212 Neuhausen am Rheinfall,2937,SH,real,True,15.11.2024,2688527,1283373
100341585,10132131,474979,Buchenstrasse,89,8212 Neuhausen am Rheinfall,2937,SH,real,True,15.11.2024,2688527,1283374
100341586,10132131,474982,Buchenstrasse,96,8212 Neuhausen am Rheinfall,2937,SH,real,True,15.11.2024,2688577,1283311
100341587,10132131,474984,Buchenstrasse,102,8212 Neuhausen am Rheinfall,2937,SH,real,True,15.11.2024,2688579,1283331
100341588,10132131,474985,Buchenstrasse,104,8212 Neuhausen am Rheinfall,2937,SH,real,True,15.11.2024,2688583,1283354
100341589,10132131,474987,Buchenstrasse,108,8212 Neuhausen am Rheinfall,2937,SH,real,True,15.11.2024,2688582,1283374
100341590,10132131,474988,Buchenstrasse,110,8212 Neuhausen am Rheinfall,2937,SH,real,True,15.11.2024,2688582,1283375
100341592,10106945,474991,Rosenbergstrasse,92,8212 Neuhausen am Rheinfall,2937,SH,real,True,15.11.2024,2688615,1283182
100341593,10106945,474992,Rosenbergstrasse,94,8212 Neuhausen am Rheinfall,2937,SH,real,True,15.11.2024,2688615,1283212
100341594,10106945,474993,Rosenbergstrasse,98,8212 Neuhausen am Rheinfall,2937,SH,real,True,15.11.2024,2688600,1283238
100341595,10106945,474996,Rosenbergstrasse,104,8212 Neuhausen am Rheinfall,2937,SH,real,True,15.11.2024,2688616,1283295
100341596,10106945,474997,Rosenbergstrasse,106,8212 Neuhausen am Rheinfall,2937,SH,real,True,15.11.2024,2688621,1283338
100341597,10106945,474998,Rosenbergstrasse,108,8212 Neuhausen am Rheinfall,2937,SH,real,True,15.11.2024,2688653,1283331
100341598,10106945,475000,Rosenbergstrasse,114,8212 Neuhausen am Rheinfall,2937,SH,real,True,15.11.2024,2688624,1283376
100341599,10091261,475001,Trubegüetliweg,2,8212 Neuhausen am Rheinfall,2937,SH,real,True,15.11.2024,2688632,1283249
100341600,10091261,475002,Trubegüetliweg,4,8212 Neuhausen am Rheinfall,2937,SH,real,True,15.11.2024,2688641,1283271
100341601,10091261,475004,Trubegüetliweg,8,8212 Neuhausen am Rheinfall,2937,SH,real,True,15.11.2024,2688668,1283291
100341602,10091261,475006,Trubegüetliweg,12,8212 Neuhausen am Rheinfall,2937,SH,real,True,15.11.2024,2688680,1283307
100341603,10091261,475007,Trubegüetliweg,14,8212 Neuhausen am Rheinfall,2937,SH,real,True,15.11.2024,2688683,1283314
100341604,10106946,475008,Trubegüetlistrasse,10,8212 Neuhausen am Rheinfall,2937,SH,real,True,15.11.2024,2688679,1283225
100341605,10106946,475009,Trubegüetlistrasse,11,8212 Neuhausen am Rheinfall,2937,SH,real,True,15.11.2024,2688637,1283223
100341606,10106946,475012,Trubegüetlistrasse,20,8212 Neuhausen am Rheinfall,2937,SH,real,True,15.11.2024,2688691,1283254
100341607,10026342,470442,Hauptstrasse,61,8224 Löhningen,2903,SH,real,True,15.11.2024,2683504,1283966
100341608,10026342,470443,Hauptstrasse,69,8224 Löhningen,2903,SH,real,True,15.11.2024,2683471,1283971
100341609,10026342,470444,Hauptstrasse,73,8224 Löhningen,2903,SH,real,True,15.11.2024,2683454,1283971
100341610,10026342,470445,Hauptstrasse,77,8224 Löhningen,2903,SH,real,True,15.11.2024,2683439,1283970
100341611,10026342,470446,Hauptstrasse,83,8224 Löhningen,2903,SH,real,True,15.11.2024,2683380,1283968
100341612,10026342,470447,Hauptstrasse,85,8224 Löhningen,2903,SH,real,True,15.11.2024,2683367,1283945
100341613,10026342,470448,Hauptstrasse,91,8224 Löhningen,2903,SH,real,True,15.11.2024,2683330,1283978
100341614,10026342,470450,Hauptstrasse,95,8224 Löhningen,2903,SH,real,True,15.11.2024,2683289,1283986
100341922,10026344,470453,Industriestrasse,5,8224 Löhningen,2903,SH,real,True,15.11.2024,2683267,1283927
100341924,10068429,470456,Goldackerweg,7,8224 Löhningen,2903,SH,real,True,15.11.2024,2683562,1283811
100341925,10068429,470459,Goldackerweg,15,8224 Löhningen,2903,SH,real,True,15.11.2024,2683469,1283793
100341926,10068429,470461,Goldackerweg,19,8224 Löhningen,2903,SH,real,True,15.11.2024,2683446,1283787
100341927,10068429,470462,Goldackerweg,21,8224 Löhningen,2903,SH,real,True,15.11.2024,2683460,1283769
100341928,10068429,470463,Goldackerweg,23,8224 Löhningen,2903,SH,real,True,15.11.2024,2683416,1283781
100341929,10068429,470464,Goldackerweg,25,8224 Löhningen,2903,SH,real,True,15.11.2024,2683426,1283760
100341930,10058716,470468,Winkel,11,8224 Löhningen,2903,SH,real,True,15.11.2024,2683528,1283926
100341931,10058716,470469,Winkel,17,8224 Löhningen,2903,SH,real,True,15.11.2024,2683512,1283930
100341932,10058716,470470,Winkel,15,8224 Löhningen,2903,SH,real,True,15.11.2024,2683519,1283928
100341933,10058716,470471,Winkel,21,8224 Löhningen,2903,SH,real,True,15.11.2024,2683492,1283929
100341934,10026342,470472,Hauptstrasse,43,8224 Löhningen,2903,SH,real,True,15.11.2024,2683587,1283978
100341935,10068429,470473,Goldackerweg,6.1,8224 Löhningen,2903,SH,real,True,23.07.2024,2683531,1283859
100341936,10091171,470474,Rössligasse,5,8224 Löhningen,2903,SH,real,True,15.11.2024,2683648,1284049
100341937,10091171,470475,Rössligasse,9,8224 Löhningen,2903,SH,real,True,15.11.2024,2683649,1284075
100341938,10091171,470477,Rössligasse,17,8224 Löhningen,2903,SH,real,True,15.11.2024,2683647,1284106
100341939,10091171,470479,Rössligasse,23,8224 Löhningen,2903,SH,real,True,15.11.2024,2683606,1284100
100341940,10091171,470482,Rössligasse,31,8224 Löhningen,2903,SH,real,True,15.11.2024,2683620,1284153
100341941,10091171,470483,Rössligasse,33,8224 Löhningen,2903,SH,real,True,15.11.2024,2683642,1284160
100341942,10068434,470485,Schützengasse,2,8224 Löhningen,2903,SH,real,True,15.11.2024,2683576,1284035
100341943,10068434,470486,Schützengasse,8,8224 Löhningen,2903,SH,real,True,15.11.2024,2683572,1284053
100341944,10068434,470489,Schützengasse,26,8224 Löhningen,2903,SH,real,True,15.11.2024,2683543,1284130
100341945,10091172,470490,Schulgasse,2,8224 Löhningen,2903,SH,real,True,15.11.2024,2683658,1283988
100341946,10091172,470491,Schulgasse,12,8224 Löhningen,2903,SH,real,True,15.11.2024,2683659,1283948
100341947,10091172,470493,Schulgasse,28,8224 Löhningen,2903,SH,real,True,15.11.2024,2683658,1283835
100341948,10073645,473304,Schützehüsliweg,9a,8222 Beringen,2932,SH,real,True,15.11.2024,2685389,1283714
100341949,10073645,473305,Schützehüsliweg,9c,8222 Beringen,2932,SH,real,True,15.11.2024,2685373,1283710
100341950,10073645,473306,Schützehüsliweg,9b,8222 Beringen,2932,SH,real,True,15.11.2024,2685381,1283712
100341951,10073645,473308,Schützehüsliweg,21,8222 Beringen,2932,SH,real,True,15.11.2024,2685397,1283769
100341952,10186339,473310,Gellerstrasse,3,8222 Beringen,2932,SH,real,True,15.11.2024,2685219,1283677
100341953,10186339,473311,Gellerstrasse,5,8222 Beringen,2932,SH,real,True,15.11.2024,2685224,1283677
100341954,10186339,473312,Gellerstrasse,7,8222 Beringen,2932,SH,real,True,15.11.2024,2685243,1283684
100341955,10186339,473313,Gellerstrasse,9,8222 Beringen,2932,SH,real,True,15.11.2024,2685257,1283685
100341956,10186339,473314,Gellerstrasse,17,8222 Beringen,2932,SH,real,True,15.11.2024,2685342,1283688
100341957,10186339,473316,Gellerstrasse,37,8222 Beringen,2932,SH,real,True,15.11.2024,2685461,1283632
100341958,10186339,473317,Gellerstrasse,39,8222 Beringen,2932,SH,real,True,15.11.2024,2685479,1283634
100341959,10186339,473320,Gellerstrasse,51,8222 Beringen,2932,SH,real,True,15.11.2024,2685581,1283656
100341960,10110810,473321,Neuweg,34,8222 Beringen,2932,SH,real,True,15.11.2024,2685627,1283697
100341961,10186339,473322,Gellerstrasse,67,8222 Beringen,2932,SH,real,True,15.11.2024,2685684,1283677
100341964,10018450,473327,Eggeweg,15,8222 Beringen,2932,SH,real,True,15.11.2024,2685513,1283885
100341965,10018450,473328,Eggeweg,17,8222 Beringen,2932,SH,real,True,15.11.2024,2685499,1283913
100341966,10018450,473329,Eggeweg,21,8222 Beringen,2932,SH,planned,False,16.08.2024,2685488,1283946
100341967,10018450,473331,Eggeweg,33,8222 Beringen,2932,SH,real,True,15.11.2024,2685448,1284069
100341968,10018450,473332,Eggeweg,35,8222 Beringen,2932,SH,real,True,15.11.2024,2685440,1284099
100341969,10018450,473333,Eggeweg,37,8222 Beringen,2932,SH,real,True,15.11.2024,2685434,1284131
100341970,10091223,473336,Schützeweg,18,8222 Beringen,2932,SH,real,True,15.11.2024,2685417,1284036
100341971,10091223,473337,Schützeweg,16,8222 Beringen,2932,SH,real,True,15.11.2024,2685425,1284007
100341972,10091223,473339,Schützeweg,10,8222 Beringen,2932,SH,real,True,15.11.2024,2685442,1283940
100341973,10091223,473340,Schützeweg,8,8222 Beringen,2932,SH,real,True,15.11.2024,2685447,1283922
100341974,10120413,473342,Steig,31,8222 Beringen,2932,SH,real,True,15.11.2024,2685482,1283853
100341975,10120413,473343,Steig,27,8222 Beringen,2932,SH,real,True,15.11.2024,2685433,1283848
100341976,10120413,473344,Steig,25,8222 Beringen,2932,SH,real,True,15.11.2024,2685418,1283845
100341977,10120413,473345,Steig,23,8222 Beringen,2932,SH,real,True,15.11.2024,2685384,1283829
100341978,10120413,473346,Steig,17,8222 Beringen,2932,SH,real,True,15.11.2024,2685343,1283813
100341979,10120413,473347,Steig,15,8222 Beringen,2932,SH,real,True,15.11.2024,2685334,1283811
100341981,10018457,473351,Herrengasse,5,8222 Beringen,2932,SH,real,True,15.11.2024,2685279,1283820
100341982,10018457,473353,Herrengasse,9,8222 Beringen,2932,SH,real,True,15.11.2024,2685263,1283854
100341983,10018457,473354,Herrengasse,12,8222 Beringen,2932,SH,real,True,15.11.2024,2685287,1283895
100341984,10018457,473355,Herrengasse,14,8222 Beringen,2932,SH,real,True,15.11.2024,2685257,1283895
100341986,10018463,473358,Oberdorf,26,8222 Beringen,2932,SH,real,True,15.11.2024,2685255,1283837
100341987,10018463,473359,Oberdorf,24,8222 Beringen,2932,SH,real,True,15.11.2024,2685237,1283821
100341990,10018453,473363,Haargasse,8,8222 Beringen,2932,SH,real,True,15.11.2024,2685321,1283853
100341991,10018453,473364,Haargasse,10,8222 Beringen,2932,SH,real,True,15.11.2024,2685361,1283878
100341992,10018453,473366,Haargasse,14,8222 Beringen,2932,SH,real,True,15.11.2024,2685422,1283890
100341993,10091223,473367,Schützeweg,12,8222 Beringen,2932,SH,real,True,15.11.2024,2685437,1283965
100341994,10018463,473368,Oberdorf,20,8222 Beringen,2932,SH,real,True,15.11.2024,2685246,1283786
100341996,10019557,473370,Zimmerberg,18,8222 Beringen,2932,SH,real,True,15.11.2024,2685259,1284126
100342308,10185480,471796,Im Büel,8,8234 Stetten SH,2919,SH,real,True,15.11.2024,2691736,1288800
100342309,10185480,471797,Im Büel,10,8234 Stetten SH,2919,SH,real,True,15.11.2024,2691725,1288826
100342310,10185480,471798,Im Büel,12,8234 Stetten SH,2919,SH,real,True,15.11.2024,2691722,1288855
100342311,10185480,471799,Im Büel,14,8234 Stetten SH,2919,SH,real,True,15.11.2024,2691719,1288885
100342312,10120405,471800,Birchstrasse,8,8234 Stetten SH,2919,SH,real,True,15.11.2024,2691695,1288924
100342313,10185480,471803,Im Büel,27,8234 Stetten SH,2919,SH,real,True,15.11.2024,2691705,1288791
100342405,10104921,471893,Staanackerstrasse,9,8234 Stetten SH,2919,SH,real,True,15.11.2024,2691699,1288235
100342406,10104921,471894,Staanackerstrasse,11,8234 Stetten SH,2919,SH,real,True,15.11.2024,2691676,1288230
100342407,10104921,471895,Staanackerstrasse,10,8234 Stetten SH,2919,SH,real,True,15.11.2024,2691665,1288264
100342408,10104921,471896,Staanackerstrasse,12,8234 Stetten SH,2919,SH,real,True,15.11.2024,2691629,1288256
100342409,10104921,471897,Staanackerstrasse,13,8234 Stetten SH,2919,SH,real,True,15.11.2024,2691646,1288224
100342410,10104921,471898,Staanackerstrasse,15,8234 Stetten SH,2919,SH,real,True,15.11.2024,2691617,1288219
100342411,10104921,471900,Staanackerstrasse,16,8234 Stetten SH,2919,SH,real,True,15.11.2024,2691576,1288235
100342622,10185480,471804,Im Büel,29,8234 Stetten SH,2919,SH,real,True,15.11.2024,2691669,1288808
100342623,10185480,471805,Im Büel,31,8234 Stetten SH,2919,SH,real,True,15.11.2024,2691664,1288811
100342624,10185480,471806,Im Büel,33,8234 Stetten SH,2919,SH,real,True,15.11.2024,2691683,1288831
100342625,10120405,471808,Birchstrasse,2,8234 Stetten SH,2919,SH,real,True,15.11.2024,2691639,1288819
100342626,10120405,471809,Birchstrasse,4,8234 Stetten SH,2919,SH,real,True,15.11.2024,2691651,1288842
100342627,10120405,471810,Birchstrasse,6,8234 Stetten SH,2919,SH,real,True,15.11.2024,2691663,1288867
100342628,10091257,474732,Randenstrasse,4,8212 Neuhausen am Rheinfall,2937,SH,real,True,15.11.2024,2688540,1282598
100342629,10178595,474733,Nelkenstrasse,5,8212 Neuhausen am Rheinfall,2937,SH,real,True,15.11.2024,2688538,1282659
100342630,10178595,474735,Nelkenstrasse,9,8212 Neuhausen am Rheinfall,2937,SH,real,True,15.11.2024,2688546,1282675
100342631,10178595,474736,Nelkenstrasse,11,8212 Neuhausen am Rheinfall,2937,SH,real,True,15.11.2024,2688548,1282685
100342632,10178595,474737,Nelkenstrasse,13,8212 Neuhausen am Rheinfall,2937,SH,real,True,15.11.2024,2688548,1282687
100342633,10178595,474738,Nelkenstrasse,15,8212 Neuhausen am Rheinfall,2937,SH,real,True,15.11.2024,2688551,1282706
100342634,10178595,474739,Nelkenstrasse,17,8212 Neuhausen am Rheinfall,2937,SH,real,True,15.11.2024,2688551,1282707
100342635,10091247,474741,Charlottenweg,45,8212 Neuhausen am Rheinfall,2937,SH,real,True,15.11.2024,2688532,1282746
100342636,10106945,474743,Rosenbergstrasse,54,8212 Neuhausen am Rheinfall,2937,SH,real,True,15.11.2024,2688526,1282562
100342637,10106945,474745,Rosenbergstrasse,58,8212 Neuhausen am Rheinfall,2937,SH,real,True,15.11.2024,2688528,1282577
100342638,10106945,474746,Rosenbergstrasse,60,8212 Neuhausen am Rheinfall,2937,SH,real,True,15.11.2024,2688529,1282584
100342639,10106945,474748,Rosenbergstrasse,68,8212 Neuhausen am Rheinfall,2937,SH,real,True,15.11.2024,2688513,1282640
100342640,10106945,474749,Rosenbergstrasse,70,8212 Neuhausen am Rheinfall,2937,SH,real,True,15.11.2024,2688513,1282642
100342641,10106945,474751,Rosenbergstrasse,74,8212 Neuhausen am Rheinfall,2937,SH,real,True,15.11.2024,2688517,1282664
100342642,10106945,474752,Rosenbergstrasse,76,8212 Neuhausen am Rheinfall,2937,SH,real,True,15.11.2024,2688519,1282680
100342643,10106945,474755,Rosenbergstrasse,82,8212 Neuhausen am Rheinfall,2937,SH,real,True,15.11.2024,2688522,1282706
100342644,10106945,474756,Rosenbergstrasse,84,8212 Neuhausen am Rheinfall,2937,SH,real,True,15.11.2024,2688522,1282710
100342645,10106945,474758,Rosenbergstrasse,88,8212 Neuhausen am Rheinfall,2937,SH,real,True,15.11.2024,2688523,1282721
100342646,10106945,474759,Rosenbergstrasse,90,8212 Neuhausen am Rheinfall,2937,SH,real,True,15.11.2024,2688525,1282728
100342647,10091247,474760,Charlottenweg,33,8212 Neuhausen am Rheinfall,2937,SH,real,True,15.11.2024,2688606,1282696
100342648,10046608,474762,Schwanenfelsstrasse,19,8212 Neuhausen am Rheinfall,2937,SH,real,True,15.11.2024,2688596,1282660
100342649,10046608,474763,Schwanenfelsstrasse,17,8212 Neuhausen am Rheinfall,2937,SH,real,True,15.11.2024,2688611,1282656
100342650,10046608,474764,Schwanenfelsstrasse,15,8212 Neuhausen am Rheinfall,2937,SH,real,True,15.11.2024,2688589,1282627
100342651,10178595,474765,Nelkenstrasse,26,8212 Neuhausen am Rheinfall,2937,SH,real,True,15.11.2024,2688572,1282719
100342652,10178595,474766,Nelkenstrasse,24,8212 Neuhausen am Rheinfall,2937,SH,real,True,15.11.2024,2688568,1282690
100342653,10178595,474768,Nelkenstrasse,20,8212 Neuhausen am Rheinfall,2937,SH,real,True,15.11.2024,2688566,1282679
100342654,10178595,474770,Nelkenstrasse,16,8212 Neuhausen am Rheinfall,2937,SH,real,True,15.11.2024,2688564,1282667
100342655,10178595,474772,Nelkenstrasse,12,8212 Neuhausen am Rheinfall,2937,SH,real,True,15.11.2024,2688560,1282646
100342656,10178595,474774,Nelkenstrasse,8,8212 Neuhausen am Rheinfall,2937,SH,real,True,15.11.2024,2688558,1282634
100342657,10178595,474775,Nelkenstrasse,6,8212 Neuhausen am Rheinfall,2937,SH,real,True,15.11.2024,2688558,1282633
100342658,10178595,474777,Nelkenstrasse,2,8212 Neuhausen am Rheinfall,2937,SH,real,True,15.11.2024,2688555,1282621
100342659,10121171,474778,Hegaustrasse,2,8212 Neuhausen am Rheinfall,2937,SH,real,True,15.11.2024,2688435,1282635
100342660,10121171,474779,Hegaustrasse,4,8212 Neuhausen am Rheinfall,2937,SH,real,True,15.11.2024,2688435,1282635
100342661,10121171,474780,Hegaustrasse,6,8212 Neuhausen am Rheinfall,2937,SH,real,True,15.11.2024,2688439,1282659
100342662,10121171,474781,Hegaustrasse,8,8212 Neuhausen am Rheinfall,2937,SH,real,True,15.11.2024,2688440,1282660
100342663,10121171,474782,Hegaustrasse,10,8212 Neuhausen am Rheinfall,2937,SH,real,True,15.11.2024,2688444,1282684
100342664,10121171,474783,Hegaustrasse,12,8212 Neuhausen am Rheinfall,2937,SH,real,True,15.11.2024,2688444,1282685
100342665,10121171,474784,Hegaustrasse,14,8212 Neuhausen am Rheinfall,2937,SH,real,True,15.11.2024,2688448,1282709
100342666,10121171,474785,Hegaustrasse,16,8212 Neuhausen am Rheinfall,2937,SH,real,True,15.11.2024,2688448,1282710
100342667,10121171,474786,Hegaustrasse,18,8212 Neuhausen am Rheinfall,2937,SH,real,True,15.11.2024,2688453,1282736
100342668,10121171,474787,Hegaustrasse,20,8212 Neuhausen am Rheinfall,2937,SH,real,True,15.11.2024,2688457,1282752
100342669,10106945,474795,Rosenbergstrasse,71,8212 Neuhausen am Rheinfall,2937,SH,real,True,15.11.2024,2688498,1282690
100342670,10106945,474796,Rosenbergstrasse,73,8212 Neuhausen am Rheinfall,2937,SH,real,True,15.11.2024,2688491,1282707
100342671,10106945,474797,Rosenbergstrasse,75,8212 Neuhausen am Rheinfall,2937,SH,real,True,15.11.2024,2688500,1282727
100342672,10106945,474798,Rosenbergstrasse,77,8212 Neuhausen am Rheinfall,2937,SH,real,True,15.11.2024,2688504,1282744
100342673,10121171,474802,Hegaustrasse,3,8212 Neuhausen am Rheinfall,2937,SH,real,True,15.11.2024,2688399,1282634
100342674,10121171,474804,Hegaustrasse,7,8212 Neuhausen am Rheinfall,2937,SH,real,True,15.11.2024,2688404,1282656
100342675,10121171,474805,Hegaustrasse,9,8212 Neuhausen am Rheinfall,2937,SH,real,True,15.11.2024,2688407,1282677
100342676,10121171,474807,Hegaustrasse,15,8212 Neuhausen am Rheinfall,2937,SH,real,True,15.11.2024,2688410,1282698
100342677,10121171,474809,Hegaustrasse,19,8212 Neuhausen am Rheinfall,2937,SH,real,True,15.11.2024,2688414,1282719
100342678,10121171,474810,Hegaustrasse,21,8212 Neuhausen am Rheinfall,2937,SH,real,True,15.11.2024,2688414,1282720
100342679,10121171,474812,Hegaustrasse,25,8212 Neuhausen am Rheinfall,2937,SH,real,True,15.11.2024,2688416,1282743
100342680,10121171,474813,Hegaustrasse,27,8212 Neuhausen am Rheinfall,2937,SH,real,True,15.11.2024,2688422,1282761
100342681,10121171,474814,Hegaustrasse,29,8212 Neuhausen am Rheinfall,2937,SH,real,True,15.11.2024,2688422,1282762
100342682,10128949,474815,Hohfluhstrasse,9,8212 Neuhausen am Rheinfall,2937,SH,real,True,15.11.2024,2688439,1282790
100342683,10128949,474818,Hohfluhstrasse,11b,8212 Neuhausen am Rheinfall,2937,SH,real,True,15.11.2024,2688356,1282785
100342687,10128949,474820,Hohfluhstrasse,15,8212 Neuhausen am Rheinfall,2937,SH,real,True,15.11.2024,2688337,1282786
100342688,10128949,474822,Hohfluhstrasse,27,8212 Neuhausen am Rheinfall,2937,SH,real,True,15.11.2024,2688283,1282715
100342689,10178592,474823,Bohnenbergstrasse,1,8212 Neuhausen am Rheinfall,2937,SH,real,True,15.11.2024,2688401,1282781
100342690,10019554,473186,Unterstieg,19,8222 Beringen,2932,SH,real,True,15.11.2024,2685777,1283786
100342691,10017868,475214,Klettgauerstrasse,62,8212 Neuhausen am Rheinfall,2937,SH,real,True,15.11.2024,2688090,1282286
100342694,10104921,471901,Staanackerstrasse,17,8234 Stetten SH,2919,SH,real,True,15.11.2024,2691594,1288212
100342695,10104921,471902,Staanackerstrasse,19,8234 Stetten SH,2919,SH,real,True,15.11.2024,2691571,1288199
100342696,10104921,471904,Staanackerstrasse,21,8234 Stetten SH,2919,SH,real,True,15.11.2024,2691552,1288183
100342697,10104921,471906,Staanackerstrasse,23,8234 Stetten SH,2919,SH,real,True,15.11.2024,2691535,1288161
100342698,10104921,471908,Staanackerstrasse,24,8234 Stetten SH,2919,SH,real,True,15.11.2024,2691500,1288146
100342699,10104920,471909,Im Landguet,2,8234 Stetten SH,2919,SH,real,True,15.11.2024,2691471,1288111
100342700,10104920,471910,Im Landguet,9,8234 Stetten SH,2919,SH,real,True,15.11.2024,2691433,1288018
100342701,10104920,471911,Im Landguet,6,8234 Stetten SH,2919,SH,real,True,15.11.2024,2691437,1288060
100342702,10104920,471912,Im Landguet,8,8234 Stetten SH,2919,SH,real,True,15.11.2024,2691426,1288043
100342703,10104920,471913,Im Landguet,7,8234 Stetten SH,2919,SH,real,True,15.11.2024,2691445,1288034
100342704,10104920,471915,Im Landguet,12,8234 Stetten SH,2919,SH,real,True,15.11.2024,2691404,1288013
100342705,10087038,471917,Brämlenstrasse,15,8234 Stetten SH,2919,SH,real,True,15.11.2024,2691411,1288081
100342706,10087038,471918,Brämlenstrasse,17,8234 Stetten SH,2919,SH,real,True,15.11.2024,2691400,1288062
100342707,10087038,471919,Brämlenstrasse,11,8234 Stetten SH,2919,SH,real,True,15.11.2024,2691447,1288126
100342708,10087038,471920,Brämlenstrasse,9,8234 Stetten SH,2919,SH,real,True,15.11.2024,2691474,1288167
100342709,10087038,471921,Brämlenstrasse,7,8234 Stetten SH,2919,SH,real,True,15.11.2024,2691492,1288198
100342710,10025641,471924,Untere Wassergasse,3,8234 Stetten SH,2919,SH,real,True,15.11.2024,2691790,1288343
100342711,10025641,471925,Untere Wassergasse,14,8234 Stetten SH,2919,SH,real,True,15.11.2024,2691808,1288367
100342712,10025641,471928,Untere Wassergasse,8,8234 Stetten SH,2919,SH,real,True,15.11.2024,2691827,1288381
100342713,10025641,471930,Untere Wassergasse,4,8234 Stetten SH,2919,SH,real,True,15.11.2024,2691834,1288389
100342714,10025641,471931,Untere Wassergasse,2,8234 Stetten SH,2919,SH,real,True,15.11.2024,2691838,1288393
100342715,10024974,471932,Im Staanacker,2,8234 Stetten SH,2919,SH,real,True,15.11.2024,2691764,1288188
100342716,10072986,471933,Braatistrasse,1,8234 Stetten SH,2919,SH,real,True,15.11.2024,2691718,1288162
100342717,10072986,471934,Braatistrasse,2,8234 Stetten SH,2919,SH,real,True,15.11.2024,2691714,1288197
100342718,10121171,474853,Hegaustrasse,40,8212 Neuhausen am Rheinfall,2937,SH,real,True,15.11.2024,2688502,1282942
100342719,10121171,474854,Hegaustrasse,38,8212 Neuhausen am Rheinfall,2937,SH,real,True,15.11.2024,2688505,1282916
100342720,10121171,474855,Hegaustrasse,36,8212 Neuhausen am Rheinfall,2937,SH,real,True,15.11.2024,2688496,1282894
100342721,10121171,474856,Hegaustrasse,34,8212 Neuhausen am Rheinfall,2937,SH,real,True,15.11.2024,2688489,1282872
100342722,10121171,474859,Hegaustrasse,33,8212 Neuhausen am Rheinfall,2937,SH,real,True,15.11.2024,2688437,1282822
100342723,10121171,474860,Hegaustrasse,35,8212 Neuhausen am Rheinfall,2937,SH,real,True,15.11.2024,2688428,1282827
100342724,10121171,474861,Hegaustrasse,37,8212 Neuhausen am Rheinfall,2937,SH,real,True,15.11.2024,2688440,1282849
100342725,10121171,474863,Hegaustrasse,41,8212 Neuhausen am Rheinfall,2937,SH,real,True,15.11.2024,2688448,1282874
100342726,10121171,474864,Hegaustrasse,43,8212 Neuhausen am Rheinfall,2937,SH,real,True,15.11.2024,2688439,1282879
100342727,10121171,474866,Hegaustrasse,47,8212 Neuhausen am Rheinfall,2937,SH,real,True,15.11.2024,2688445,1282905
100342728,10121171,474867,Hegaustrasse,49,8212 Neuhausen am Rheinfall,2937,SH,real,True,15.11.2024,2688466,1282923
100342729,10121171,474868,Hegaustrasse,51,8212 Neuhausen am Rheinfall,2937,SH,real,True,15.11.2024,2688457,1282928
100342730,10178592,474869,Bohnenbergstrasse,28,8212 Neuhausen am Rheinfall,2937,SH,real,True,15.11.2024,2688438,1282926
100342731,10178592,474870,Bohnenbergstrasse,26,8212 Neuhausen am Rheinfall,2937,SH,real,True,15.11.2024,2688424,1282900
100342734,10178592,474871,Bohnenbergstrasse,24,8212 Neuhausen am Rheinfall,2937,SH,real,True,15.11.2024,2688417,1282876
100342735,10178592,474872,Bohnenbergstrasse,22,8212 Neuhausen am Rheinfall,2937,SH,real,True,15.11.2024,2688410,1282849
100342736,10178592,474873,Bohnenbergstrasse,20,8212 Neuhausen am Rheinfall,2937,SH,real,True,15.11.2024,2688407,1282826
100342737,10178592,474874,Bohnenbergstrasse,21,8212 Neuhausen am Rheinfall,2937,SH,real,True,15.11.2024,2688382,1282825
100342738,10178592,474879,Bohnenbergstrasse,31,8212 Neuhausen am Rheinfall,2937,SH,real,True,15.11.2024,2688383,1282875
100342739,10017865,474881,Goldbergstrasse,17,8212 Neuhausen am Rheinfall,2937,SH,real,True,15.11.2024,2688383,1282900
100342740,10132131,474882,Buchenstrasse,8,8212 Neuhausen am Rheinfall,2937,SH,real,True,15.11.2024,2688364,1282887
100342741,10132131,474883,Buchenstrasse,6,8212 Neuhausen am Rheinfall,2937,SH,real,True,15.11.2024,2688355,1282868
100342742,10132131,474884,Buchenstrasse,4,8212 Neuhausen am Rheinfall,2937,SH,real,True,15.11.2024,2688350,1282849
100342743,10132131,474888,Buchenstrasse,3,8212 Neuhausen am Rheinfall,2937,SH,real,True,15.11.2024,2688326,1282852
100342744,10132131,474889,Buchenstrasse,9,8212 Neuhausen am Rheinfall,2937,SH,real,True,15.11.2024,2688347,1282906
100342745,10132131,474890,Buchenstrasse,11,8212 Neuhausen am Rheinfall,2937,SH,real,True,15.11.2024,2688354,1282933
100342746,10132131,474891,Buchenstrasse,13,8212 Neuhausen am Rheinfall,2937,SH,real,True,15.11.2024,2688359,1282957
100342747,10132131,474892,Buchenstrasse,22,8212 Neuhausen am Rheinfall,2937,SH,real,True,15.11.2024,2688370,1282923
100342748,10132131,474893,Buchenstrasse,24,8212 Neuhausen am Rheinfall,2937,SH,real,True,15.11.2024,2688376,1282944
100342749,10132131,474895,Buchenstrasse,40,8212 Neuhausen am Rheinfall,2937,SH,real,True,15.11.2024,2688438,1283012
100342750,10132131,474896,Buchenstrasse,42,8212 Neuhausen am Rheinfall,2937,SH,real,True,15.11.2024,2688453,1283025
100342751,10132131,474897,Buchenstrasse,38,8212 Neuhausen am Rheinfall,2937,SH,real,True,15.11.2024,2688416,1282992
100342752,10132131,474898,Buchenstrasse,36,8212 Neuhausen am Rheinfall,2937,SH,real,True,15.11.2024,2688388,1282970
100342753,10128949,474900,Hohfluhstrasse,20,8212 Neuhausen am Rheinfall,2937,SH,real,True,15.11.2024,2688304,1282851
100342754,10128949,474901,Hohfluhstrasse,22,8212 Neuhausen am Rheinfall,2937,SH,real,True,15.11.2024,2688286,1282838
100342755,10128949,474902,Hohfluhstrasse,24,8212 Neuhausen am Rheinfall,2937,SH,real,True,15.11.2024,2688250,1282852
100342756,10018162,474903,Tannenstrasse,2,8212 Neuhausen am Rheinfall,2937,SH,real,True,15.11.2024,2688305,1282888
100342757,10018162,474904,Tannenstrasse,3,8212 Neuhausen am Rheinfall,2937,SH,real,True,15.11.2024,2688271,1282859
100342758,10018162,474905,Tannenstrasse,4,8212 Neuhausen am Rheinfall,2937,SH,real,True,15.11.2024,2688318,1282916
100342759,10018162,474907,Tannenstrasse,6,8212 Neuhausen am Rheinfall,2937,SH,real,True,15.11.2024,2688330,1282947
100342760,10018162,474908,Tannenstrasse,7,8212 Neuhausen am Rheinfall,2937,SH,real,True,15.11.2024,2688277,1282911
100342761,10018162,474909,Tannenstrasse,8,8212 Neuhausen am Rheinfall,2937,SH,real,True,15.11.2024,2688341,1282976
100342762,10018162,474911,Tannenstrasse,10,8212 Neuhausen am Rheinfall,2937,SH,real,True,15.11.2024,2688355,1282997
100342763,10018162,474912,Tannenstrasse,11,8212 Neuhausen am Rheinfall,2937,SH,real,True,15.11.2024,2688311,1282958
100342764,10018162,474914,Tannenstrasse,13,8212 Neuhausen am Rheinfall,2937,SH,real,True,15.11.2024,2688325,1282996
100342765,10018162,474916,Tannenstrasse,17,8212 Neuhausen am Rheinfall,2937,SH,real,True,15.11.2024,2688365,1283047
100342766,10120413,473278,Steig,10,8222 Beringen,2932,SH,real,True,15.11.2024,2685307,1283749
100342767,10120413,473279,Steig,12,8222 Beringen,2932,SH,real,True,15.11.2024,2685303,1283756
100342768,10120413,473280,Steig,14,8222 Beringen,2932,SH,real,True,15.11.2024,2685300,1283770
100342769,10120413,473281,Steig,16,8222 Beringen,2932,SH,real,True,15.11.2024,2685316,1283771
100342770,10120413,473282,Steig,18,8222 Beringen,2932,SH,real,True,15.11.2024,2685324,1283774
100342771,10120413,473283,Steig,20,8222 Beringen,2932,SH,real,True,15.11.2024,2685341,1283782
100342772,10120413,473283,Steig,22,8222 Beringen,2932,SH,real,True,15.11.2024,2685349,1283785
100342773,10120413,473283,Steig,24,8222 Beringen,2932,SH,real,True,15.11.2024,2685355,1283781
100342774,10120413,473284,Steig,26,8222 Beringen,2932,SH,real,True,15.11.2024,2685367,1283775
100342775,10120413,473285,Steig,28,8222 Beringen,2932,SH,real,True,15.11.2024,2685414,1283817
100342985,10091253,475220,Krummstrasse,1,8212 Neuhausen am Rheinfall,2937,SH,real,True,15.11.2024,2688062,1282346
100342986,10091253,475221,Krummstrasse,2,8212 Neuhausen am Rheinfall,2937,SH,real,True,15.11.2024,2688100,1282328
100342987,10091253,475222,Krummstrasse,2a,8212 Neuhausen am Rheinfall,2937,SH,real,True,15.11.2024,2688120,1282345
100342988,10091253,475223,Krummstrasse,3,8212 Neuhausen am Rheinfall,2937,SH,real,True,15.11.2024,2688084,1282347
100342989,10091253,475224,Krummstrasse,4,8212 Neuhausen am Rheinfall,2937,SH,real,True,15.11.2024,2688107,1282358
100342990,10091253,475225,Krummstrasse,5,8212 Neuhausen am Rheinfall,2937,SH,real,True,15.11.2024,2688096,1282377
100342992,10091253,475229,Krummstrasse,11,8212 Neuhausen am Rheinfall,2937,SH,real,True,15.11.2024,2688111,1282402
100342993,10017860,475230,Engestrasse,27,8212 Neuhausen am Rheinfall,2937,SH,real,True,15.11.2024,2688166,1282324
100342995,10017860,475232,Engestrasse,35,8212 Neuhausen am Rheinfall,2937,SH,real,True,15.11.2024,2688110,1282433
100342997,10017856,475234,Büchelerstrasse,5,8212 Neuhausen am Rheinfall,2937,SH,real,True,15.11.2024,2688254,1282398
100342998,10017856,475237,Büchelerstrasse,11,8212 Neuhausen am Rheinfall,2937,SH,real,True,15.11.2024,2688210,1282475
100342999,10017860,475238,Engestrasse,22,8212 Neuhausen am Rheinfall,2937,SH,real,True,15.11.2024,2688209,1282329
100343000,10017860,475239,Engestrasse,24,8212 Neuhausen am Rheinfall,2937,SH,real,True,15.11.2024,2688184,1282354
100343001,10017860,475240,Engestrasse,26,8212 Neuhausen am Rheinfall,2937,SH,real,True,15.11.2024,2688164,1282377
100343002,10017860,475241,Engestrasse,28,8212 Neuhausen am Rheinfall,2937,SH,real,True,15.11.2024,2688156,1282404
100343003,10046609,475242,Sonnenbergstrasse,1,8212 Neuhausen am Rheinfall,2937,SH,real,True,15.11.2024,2688234,1282361
100343004,10046609,475244,Sonnenbergstrasse,3,8212 Neuhausen am Rheinfall,2937,SH,real,True,15.11.2024,2688221,1282372
100343005,10046609,475245,Sonnenbergstrasse,4,8212 Neuhausen am Rheinfall,2937,SH,real,True,15.11.2024,2688209,1282428
100343006,10046609,475247,Sonnenbergstrasse,6,8212 Neuhausen am Rheinfall,2937,SH,real,True,15.11.2024,2688203,1282436
100343007,10046609,475248,Sonnenbergstrasse,8,8212 Neuhausen am Rheinfall,2937,SH,real,True,15.11.2024,2688187,1282460
100343008,10046609,475253,Sonnenbergstrasse,15,8212 Neuhausen am Rheinfall,2937,SH,real,True,15.11.2024,2688167,1282475
100343009,10046609,475254,Sonnenbergstrasse,16,8212 Neuhausen am Rheinfall,2937,SH,real,True,15.11.2024,2688211,1282526
100343010,10046609,475256,Sonnenbergstrasse,18,8212 Neuhausen am Rheinfall,2937,SH,real,True,15.11.2024,2688204,1282538
100343011,10046609,475258,Sonnenbergstrasse,20,8212 Neuhausen am Rheinfall,2937,SH,real,True,15.11.2024,2688200,1282546
100343012,10046609,475259,Sonnenbergstrasse,21,8212 Neuhausen am Rheinfall,2937,SH,real,True,15.11.2024,2688172,1282516
100343013,10046609,475262,Sonnenbergstrasse,24,8212 Neuhausen am Rheinfall,2937,SH,real,True,15.11.2024,2688188,1282564
100343014,10046609,475263,Sonnenbergstrasse,26,8212 Neuhausen am Rheinfall,2937,SH,real,True,15.11.2024,2688180,1282574
100343015,10046609,475264,Sonnenbergstrasse,30,8212 Neuhausen am Rheinfall,2937,SH,real,True,15.11.2024,2688154,1282605
100343016,10017872,475265,Marienweg,1,8212 Neuhausen am Rheinfall,2937,SH,real,True,15.11.2024,2688140,1282426
100343017,10017860,475266,Engestrasse,34,8212 Neuhausen am Rheinfall,2937,SH,real,True,15.11.2024,2688134,1282439
100343018,10017860,475267,Engestrasse,36,8212 Neuhausen am Rheinfall,2937,SH,real,True,15.11.2024,2688133,1282449
100343019,10017860,475268,Engestrasse,38,8212 Neuhausen am Rheinfall,2937,SH,real,True,15.11.2024,2688125,1282461
100343020,10017860,475269,Engestrasse,40,8212 Neuhausen am Rheinfall,2937,SH,real,True,15.11.2024,2688124,1282468
100343021,10017860,475270,Engestrasse,42,8212 Neuhausen am Rheinfall,2937,SH,real,True,15.11.2024,2688119,1282478
100343022,10017860,475272,Engestrasse,48,8212 Neuhausen am Rheinfall,2937,SH,real,True,15.11.2024,2688105,1282510
100343023,10017860,475273,Engestrasse,50,8212 Neuhausen am Rheinfall,2937,SH,real,True,15.11.2024,2688102,1282517
100343024,10017860,475274,Engestrasse,52,8212 Neuhausen am Rheinfall,2937,SH,real,True,15.11.2024,2688102,1282519
100343025,10017860,475276,Engestrasse,56,8212 Neuhausen am Rheinfall,2937,SH,real,True,15.11.2024,2688095,1282534
100343026,10017860,475277,Engestrasse,58,8212 Neuhausen am Rheinfall,2937,SH,real,True,15.11.2024,2688092,1282541
100343027,10017860,475279,Engestrasse,62,8212 Neuhausen am Rheinfall,2937,SH,real,True,15.11.2024,2688122,1282540
100343028,10017860,475280,Engestrasse,62a,8212 Neuhausen am Rheinfall,2937,SH,real,True,15.11.2024,2688130,1282527
100343029,10017860,475281,Engestrasse,62b,8212 Neuhausen am Rheinfall,2937,SH,real,True,15.11.2024,2688135,1282516
100343030,10017860,475282,Engestrasse,64,8212 Neuhausen am Rheinfall,2937,SH,real,True,15.11.2024,2688122,1282541
100343031,10017860,475284,Engestrasse,68,8212 Neuhausen am Rheinfall,2937,SH,real,True,15.11.2024,2688115,1282558
100343032,10017860,475286,Engestrasse,72,8212 Neuhausen am Rheinfall,2937,SH,real,True,15.11.2024,2688100,1282570
100343033,10017860,475288,Engestrasse,76,8212 Neuhausen am Rheinfall,2937,SH,real,True,15.11.2024,2688093,1282585
100343034,10017860,475290,Engestrasse,80,8212 Neuhausen am Rheinfall,2937,SH,real,True,15.11.2024,2688082,1282562
100343035,10017860,475292,Engestrasse,84,8212 Neuhausen am Rheinfall,2937,SH,real,True,15.11.2024,2688076,1282577
100343036,10017868,475293,Klettgauerstrasse,86a,8212 Neuhausen am Rheinfall,2937,SH,real,True,15.11.2024,2688089,1282633
100343038,10017868,475294,Klettgauerstrasse,91,8212 Neuhausen am Rheinfall,2937,SH,real,True,15.11.2024,2687841,1282797
100343039,10017868,475296,Klettgauerstrasse,88,8212 Neuhausen am Rheinfall,2937,SH,real,True,15.11.2024,2688066,1282664
100343040,10018159,475298,Schöneggstrasse,7,8212 Neuhausen am Rheinfall,2937,SH,real,True,15.11.2024,2688326,1282386
100343041,10018159,475300,Schöneggstrasse,10,8212 Neuhausen am Rheinfall,2937,SH,real,True,15.11.2024,2688377,1282347
100343042,10018159,475301,Schöneggstrasse,11,8212 Neuhausen am Rheinfall,2937,SH,real,True,15.11.2024,2688387,1282400
100343043,10018159,475302,Schöneggstrasse,12,8212 Neuhausen am Rheinfall,2937,SH,real,True,15.11.2024,2688421,1282369
100343044,10018159,475303,Schöneggstrasse,13,8212 Neuhausen am Rheinfall,2937,SH,real,True,15.11.2024,2688413,1282412
100343045,10018159,475305,Schöneggstrasse,16,8212 Neuhausen am Rheinfall,2937,SH,real,True,15.11.2024,2688451,1282419
100343046,10018159,475308,Schöneggstrasse,20,8212 Neuhausen am Rheinfall,2937,SH,real,True,15.11.2024,2688445,1282478
100343047,10018159,475310,Schöneggstrasse,22,8212 Neuhausen am Rheinfall,2937,SH,real,True,15.11.2024,2688443,1282502
100343048,10018159,475311,Schöneggstrasse,23,8212 Neuhausen am Rheinfall,2937,SH,real,True,15.11.2024,2688396,1282581
100343049,10018159,475313,Schöneggstrasse,25,8212 Neuhausen am Rheinfall,2937,SH,real,True,15.11.2024,2688389,1282603
100343050,10018159,475314,Schöneggstrasse,26,8212 Neuhausen am Rheinfall,2937,SH,real,True,15.11.2024,2688429,1282547
100343051,10106945,475318,Rosenbergstrasse,37,8212 Neuhausen am Rheinfall,2937,SH,real,True,15.11.2024,2688485,1282425
100343052,10106945,475319,Rosenbergstrasse,45,8212 Neuhausen am Rheinfall,2937,SH,real,True,15.11.2024,2688501,1282456
100343053,10106945,475320,Rosenbergstrasse,47,8212 Neuhausen am Rheinfall,2937,SH,real,True,15.11.2024,2688506,1282484
100343054,10106945,475321,Rosenbergstrasse,49,8212 Neuhausen am Rheinfall,2937,SH,real,True,15.11.2024,2688501,1282504
100343055,10106945,475323,Rosenbergstrasse,53,8212 Neuhausen am Rheinfall,2937,SH,real,True,15.11.2024,2688490,1282530
100343063,10120413,473287,Steig,34,8222 Beringen,2932,SH,real,True,15.11.2024,2685499,1283824
100343064,10018450,473288,Eggeweg,11,8222 Beringen,2932,SH,real,True,15.11.2024,2685527,1283829
100343065,10018450,473289,Eggeweg,9,8222 Beringen,2932,SH,real,True,15.11.2024,2685527,1283807
100343066,10018450,473291,Eggeweg,1,8222 Beringen,2932,SH,real,True,15.11.2024,2685542,1283723
100343067,10018463,473293,Oberdorf,8,8222 Beringen,2932,SH,real,True,15.11.2024,2685243,1283712
100343068,10018463,473293,Oberdorf,10,8222 Beringen,2932,SH,real,True,15.11.2024,2685242,1283720
100343069,10018463,473294,Oberdorf,12,8222 Beringen,2932,SH,real,True,15.11.2024,2685236,1283731
100343070,10073645,473295,Schützehüsliweg,3,8222 Beringen,2932,SH,real,True,15.11.2024,2685413,1283631
100343071,10073645,473296,Schützehüsliweg,4,8222 Beringen,2932,SH,real,True,15.11.2024,2685429,1283632
100343072,10073645,473297,Schützehüsliweg,5,8222 Beringen,2932,SH,real,True,15.11.2024,2685405,1283665
100343073,10073645,473299,Schützehüsliweg,7,8222 Beringen,2932,SH,real,True,15.11.2024,2685401,1283687
100343074,10073645,473300,Schützehüsliweg,7a,8222 Beringen,2932,SH,real,True,15.11.2024,2685393,1283684
100343075,10073645,473301,Schützehüsliweg,7b,8222 Beringen,2932,SH,real,True,15.11.2024,2685385,1283682
100343076,10073645,473302,Schützehüsliweg,7c,8222 Beringen,2932,SH,real,True,15.11.2024,2685377,1283680
100343077,10073645,473303,Schützehüsliweg,9,8222 Beringen,2932,SH,real,True,15.11.2024,2685398,1283712
100343078,10091250,475332,Galgenbuckstieg,4,8212 Neuhausen am Rheinfall,2937,SH,real,True,15.11.2024,2688338,1282451
100343079,10091250,475333,Galgenbuckstieg,6,8212 Neuhausen am Rheinfall,2937,SH,real,True,15.11.2024,2688346,1282450
100343080,10091246,475334,Bergstrasse,3,8212 Neuhausen am Rheinfall,2937,SH,real,True,15.11.2024,2688314,1282443
100343081,10091246,475335,Bergstrasse,4,8212 Neuhausen am Rheinfall,2937,SH,real,True,15.11.2024,2688402,1282454
100343082,10091246,475337,Bergstrasse,5a,8212 Neuhausen am Rheinfall,2937,SH,real,True,15.11.2024,2688371,1282444
100343083,10091246,475338,Bergstrasse,5b,8212 Neuhausen am Rheinfall,2937,SH,real,True,15.11.2024,2688379,1282445
100343084,10091246,475340,Bergstrasse,7,8212 Neuhausen am Rheinfall,2937,SH,real,True,15.11.2024,2688368,1282504
100343085,10091246,475341,Bergstrasse,8,8212 Neuhausen am Rheinfall,2937,SH,real,True,15.11.2024,2688382,1282543
100343086,10091246,475342,Bergstrasse,9,8212 Neuhausen am Rheinfall,2937,SH,real,True,15.11.2024,2688348,1282545
100343087,10091246,475343,Bergstrasse,10,8212 Neuhausen am Rheinfall,2937,SH,real,True,15.11.2024,2688370,1282570
100343088,10091246,475344,Bergstrasse,11,8212 Neuhausen am Rheinfall,2937,SH,real,True,15.11.2024,2688328,1282570
100343089,10108018,475345,Galgenbuckstrasse,1,8212 Neuhausen am Rheinfall,2937,SH,real,True,15.11.2024,2688373,1282465
100343090,10108018,475346,Galgenbuckstrasse,1a,8212 Neuhausen am Rheinfall,2937,SH,real,True,15.11.2024,2688364,1282465
100343091,10108018,475347,Galgenbuckstrasse,3,8212 Neuhausen am Rheinfall,2937,SH,real,True,15.11.2024,2688342,1282472
100343092,10108018,475348,Galgenbuckstrasse,3a,8212 Neuhausen am Rheinfall,2937,SH,real,True,15.11.2024,2688333,1282472
100343093,10108018,475349,Galgenbuckstrasse,4,8212 Neuhausen am Rheinfall,2937,SH,real,True,15.11.2024,2688342,1282497
100343094,10108018,475350,Galgenbuckstrasse,6,8212 Neuhausen am Rheinfall,2937,SH,real,True,15.11.2024,2688309,1282510
100343095,10108018,475351,Galgenbuckstrasse,7,8212 Neuhausen am Rheinfall,2937,SH,real,True,15.11.2024,2688307,1282485
100343096,10108018,475355,Galgenbuckstrasse,16,8212 Neuhausen am Rheinfall,2937,SH,real,True,15.11.2024,2688196,1282581
100343097,10018159,475356,Schöneggstrasse,4a,8212 Neuhausen am Rheinfall,2937,SH,real,True,15.11.2024,2688346,1282339
100343098,10017879,475357,Rundbuckstrasse,2,8212 Neuhausen am Rheinfall,2937,SH,real,True,15.11.2024,2687586,1281193
100343099,10074396,475358,Brunnenwiesenstrasse,45,8212 Neuhausen am Rheinfall,2937,SH,real,True,15.11.2024,2687572,1281433
100343100,10074396,475359,Brunnenwiesenstrasse,47,8212 Neuhausen am Rheinfall,2937,SH,real,True,15.11.2024,2687580,1281413
100343101,10074396,475363,Brunnenwiesenstrasse,55,8212 Neuhausen am Rheinfall,2937,SH,real,True,15.11.2024,2687509,1281410
100343102,10123289,475364,Buchweg,11,8212 Neuhausen am Rheinfall,2937,SH,real,True,15.11.2024,2687588,1281352
100343103,10123289,475365,Buchweg,13,8212 Neuhausen am Rheinfall,2937,SH,real,True,15.11.2024,2687595,1281336
100343104,10074397,475367,Durstgrabenstrasse,10,8212 Neuhausen am Rheinfall,2937,SH,real,True,15.11.2024,2687628,1281479
100343105,10074397,475368,Durstgrabenstrasse,12,8212 Neuhausen am Rheinfall,2937,SH,real,True,15.11.2024,2687644,1281484
100343106,10074397,475369,Durstgrabenstrasse,14,8212 Neuhausen am Rheinfall,2937,SH,real,True,15.11.2024,2687662,1281477
100343107,10074397,475370,Durstgrabenstrasse,16,8212 Neuhausen am Rheinfall,2937,SH,real,True,15.11.2024,2687675,1281467
100343108,10074397,475371,Durstgrabenstrasse,18,8212 Neuhausen am Rheinfall,2937,SH,real,True,15.11.2024,2687660,1281438
100343109,10074396,475374,Brunnenwiesenstrasse,62,8212 Neuhausen am Rheinfall,2937,SH,real,True,15.11.2024,2687457,1281443
100343110,10074396,475375,Brunnenwiesenstrasse,58,8212 Neuhausen am Rheinfall,2937,SH,real,True,15.11.2024,2687468,1281425
100343111,10017878,475377,Rigiweg,1,8212 Neuhausen am Rheinfall,2937,SH,real,True,15.11.2024,2687520,1281456
100343112,10046612,475381,Zollstrasse,83,8212 Neuhausen am Rheinfall,2937,SH,real,True,15.11.2024,2687599,1281544
100343113,10046612,475382,Zollstrasse,87,8212 Neuhausen am Rheinfall,2937,SH,real,True,15.11.2024,2687527,1281519
100343114,10091259,475383,Schweizerhofweg,2,8212 Neuhausen am Rheinfall,2937,SH,real,True,15.11.2024,2687742,1281679
100343115,10046612,475385,Zollstrasse,61,8212 Neuhausen am Rheinfall,2937,SH,real,True,15.11.2024,2687711,1281664
100343116,10046612,475386,Zollstrasse,63,8212 Neuhausen am Rheinfall,2937,SH,real,True,15.11.2024,2687699,1281648
100343117,10046612,475387,Zollstrasse,65,8212 Neuhausen am Rheinfall,2937,SH,real,True,15.11.2024,2687701,1281617
100343118,10046612,475388,Zollstrasse,67,8212 Neuhausen am Rheinfall,2937,SH,real,True,15.11.2024,2687717,1281604
100343119,10046612,475391,Zollstrasse,73,8212 Neuhausen am Rheinfall,2937,SH,real,True,15.11.2024,2687624,1281561
100343120,10046612,475392,Zollstrasse,75,8212 Neuhausen am Rheinfall,2937,SH,real,True,15.11.2024,2687642,1281565
100343121,10046612,475393,Zollstrasse,77,8212 Neuhausen am Rheinfall,2937,SH,real,True,15.11.2024,2687656,1281554
100343122,10046612,475394,Zollstrasse,79,8212 Neuhausen am Rheinfall,2937,SH,real,True,15.11.2024,2687669,1281537
100343123,10046612,475396,Zollstrasse,47,8212 Neuhausen am Rheinfall,2937,SH,real,True,15.11.2024,2687812,1281777
100343124,10074396,475398,Brunnenwiesenstrasse,18,8212 Neuhausen am Rheinfall,2937,SH,real,True,15.11.2024,2687843,1281767
100343125,10074396,475399,Brunnenwiesenstrasse,20,8212 Neuhausen am Rheinfall,2937,SH,real,True,15.11.2024,2687823,1281748
100343126,10074396,475400,Brunnenwiesenstrasse,19,8212 Neuhausen am Rheinfall,2937,SH,real,True,15.11.2024,2687903,1281781
100343127,10017854,475404,Berbiceweg,20,8212 Neuhausen am Rheinfall,2937,SH,real,True,15.11.2024,2687931,1281757
100343128,10017854,475405,Berbiceweg,22,8212 Neuhausen am Rheinfall,2937,SH,real,True,15.11.2024,2687911,1281740
100343129,10017854,475406,Berbiceweg,24,8212 Neuhausen am Rheinfall,2937,SH,real,True,15.11.2024,2687895,1281719
100343130,10074396,475407,Brunnenwiesenstrasse,16,8212 Neuhausen am Rheinfall,2937,SH,real,True,15.11.2024,2687867,1281790
100343131,10118357,475409,Rhenaniastrasse,19,8212 Neuhausen am Rheinfall,2937,SH,real,True,15.11.2024,2687860,1281842
100343132,10074396,475411,Brunnenwiesenstrasse,5,8212 Neuhausen am Rheinfall,2937,SH,real,True,15.11.2024,2688051,1281951
100343133,10074396,475412,Brunnenwiesenstrasse,7,8212 Neuhausen am Rheinfall,2937,SH,real,True,15.11.2024,2688069,1281927
100343135,10074396,475413,Brunnenwiesenstrasse,9,8212 Neuhausen am Rheinfall,2937,SH,real,True,15.11.2024,2688029,1281930
100343136,10074396,475414,Brunnenwiesenstrasse,11,8212 Neuhausen am Rheinfall,2937,SH,real,True,15.11.2024,2687993,1281908
100343137,10074396,475415,Brunnenwiesenstrasse,13,8212 Neuhausen am Rheinfall,2937,SH,real,True,15.11.2024,2687968,1281878
100343858,10178592,474828,Bohnenbergstrasse,5,8212 Neuhausen am Rheinfall,2937,SH,real,True,15.11.2024,2688393,1282738
100343859,10178592,474829,Bohnenbergstrasse,6,8212 Neuhausen am Rheinfall,2937,SH,real,True,15.11.2024,2688380,1282745
100343860,10178592,474830,Bohnenbergstrasse,7,8212 Neuhausen am Rheinfall,2937,SH,real,True,15.11.2024,2688389,1282716
100343861,10178592,474831,Bohnenbergstrasse,8,8212 Neuhausen am Rheinfall,2937,SH,real,True,15.11.2024,2688379,1282725
100343862,10178592,474833,Bohnenbergstrasse,10,8212 Neuhausen am Rheinfall,2937,SH,real,True,15.11.2024,2688372,1282702
100343863,10178592,474834,Bohnenbergstrasse,11,8212 Neuhausen am Rheinfall,2937,SH,real,True,15.11.2024,2688382,1282664
100343955,10018162,474921,Tannenstrasse,25,8212 Neuhausen am Rheinfall,2937,SH,real,True,15.11.2024,2688410,1283087
100343956,10017865,474924,Goldbergstrasse,4,8212 Neuhausen am Rheinfall,2937,SH,real,True,15.11.2024,2688473,1282966
100343957,10017865,474925,Goldbergstrasse,6,8212 Neuhausen am Rheinfall,2937,SH,real,True,15.11.2024,2688447,1282959
100343958,10017865,474926,Goldbergstrasse,8,8212 Neuhausen am Rheinfall,2937,SH,real,True,15.11.2024,2688436,1282954
100343959,10017865,474928,Goldbergstrasse,10b,8212 Neuhausen am Rheinfall,2937,SH,real,True,15.11.2024,2688408,1282952
100343960,10017865,474929,Goldbergstrasse,12,8212 Neuhausen am Rheinfall,2937,SH,real,True,15.11.2024,2688395,1282927
100343961,10106945,474930,Rosenbergstrasse,115,8212 Neuhausen am Rheinfall,2937,SH,real,True,15.11.2024,2688515,1283044
100344168,10178592,474835,Bohnenbergstrasse,12a,8212 Neuhausen am Rheinfall,2937,SH,real,True,15.11.2024,2688369,1282690
100344169,10178592,474837,Bohnenbergstrasse,12c,8212 Neuhausen am Rheinfall,2937,SH,real,True,15.11.2024,2688357,1282691
100344170,10178592,474838,Bohnenbergstrasse,12d,8212 Neuhausen am Rheinfall,2937,SH,real,True,15.11.2024,2688349,1282692
100344171,10178592,474839,Bohnenbergstrasse,13,8212 Neuhausen am Rheinfall,2937,SH,real,True,15.11.2024,2688382,1282638
100344172,10178592,474841,Bohnenbergstrasse,14a,8212 Neuhausen am Rheinfall,2937,SH,real,True,15.11.2024,2688343,1282669
100344173,10091246,474844,Bergstrasse,15,8212 Neuhausen am Rheinfall,2937,SH,real,True,15.11.2024,2688313,1282629
100344174,10091246,474846,Bergstrasse,19,8212 Neuhausen am Rheinfall,2937,SH,real,True,15.11.2024,2688313,1282685
100344175,10106945,474847,Rosenbergstrasse,99,8212 Neuhausen am Rheinfall,2937,SH,real,True,15.11.2024,2688501,1282817
100344176,10106945,474848,Rosenbergstrasse,101,8212 Neuhausen am Rheinfall,2937,SH,real,True,15.11.2024,2688507,1282842
100344177,10106945,474849,Rosenbergstrasse,103,8212 Neuhausen am Rheinfall,2937,SH,real,True,15.11.2024,2688509,1282864
100344178,10031571,482205,Gewerbestrasse,16,8225 Siblingen,2953,SH,real,True,15.11.2024,2680857,1285362
100344179,10080408,482206,Hauptstrasse,75,8225 Siblingen,2953,SH,real,True,15.11.2024,2680871,1285399
100344180,10080408,482207,Hauptstrasse,70,8225 Siblingen,2953,SH,real,True,15.11.2024,2680947,1285471
100344181,10080408,482208,Hauptstrasse,66,8225 Siblingen,2953,SH,real,True,15.11.2024,2681020,1285463
100344182,10122646,482209,Schulstrasse,1,8225 Siblingen,2953,SH,real,True,15.11.2024,2681038,1285471
100344183,10122646,482210,Schulstrasse,3,8225 Siblingen,2953,SH,real,True,15.11.2024,2681020,1285499
100344184,10122646,482211,Schulstrasse,5,8225 Siblingen,2953,SH,real,True,15.11.2024,2681016,1285511
100344185,10122646,482212,Schulstrasse,7,8225 Siblingen,2953,SH,real,True,15.11.2024,2681026,1285543
100344186,10080408,482213,Hauptstrasse,67,8225 Siblingen,2953,SH,real,True,15.11.2024,2680946,1285396
100344187,10073370,482215,Im Winkel,7,8225 Siblingen,2953,SH,real,True,15.11.2024,2681137,1285361
100344188,10073370,482216,Im Winkel,5,8225 Siblingen,2953,SH,real,True,15.11.2024,2681154,1285353
100344189,10073370,482217,Im Winkel,3,8225 Siblingen,2953,SH,real,True,15.11.2024,2681159,1285375
100344190,10073370,482219,Im Winkel,2,8225 Siblingen,2953,SH,real,True,15.11.2024,2681148,1285398
100344191,10080408,482220,Hauptstrasse,53,8225 Siblingen,2953,SH,real,True,15.11.2024,2681188,1285379
100344192,10080408,482221,Hauptstrasse,51,8225 Siblingen,2953,SH,real,True,15.11.2024,2681192,1285366
100344193,10080408,482223,Hauptstrasse,43,8225 Siblingen,2953,SH,real,True,15.11.2024,2681254,1285362
100344194,10080408,482225,Hauptstrasse,37,8225 Siblingen,2953,SH,real,True,15.11.2024,2681300,1285358
100344195,10080408,482229,Hauptstrasse,25,8225 Siblingen,2953,SH,real,True,15.11.2024,2681391,1285328
100344196,10080408,482230,Hauptstrasse,23,8225 Siblingen,2953,SH,real,True,15.11.2024,2681400,1285322
100344197,10080408,482231,Hauptstrasse,21,8225 Siblingen,2953,SH,real,True,15.11.2024,2681420,1285304
100344198,10080408,482232,Hauptstrasse,19,8225 Siblingen,2953,SH,real,True,15.11.2024,2681422,1285282
100344199,10080408,482233,Hauptstrasse,17,8225 Siblingen,2953,SH,real,True,15.11.2024,2681422,1285268
100344200,10080408,482234,Hauptstrasse,15,8225 Siblingen,2953,SH,real,True,15.11.2024,2681427,1285256
100344201,10080408,482235,Hauptstrasse,13,8225 Siblingen,2953,SH,real,True,15.11.2024,2681406,1285245
100344202,10080410,482241,Raabuck,6,8225 Siblingen,2953,SH,real,True,15.11.2024,2681384,1285217
100344203,10080410,482242,Raabuck,8,8225 Siblingen,2953,SH,real,True,15.11.2024,2681372,1285215
100344204,10080408,482243,Hauptstrasse,5,8225 Siblingen,2953,SH,real,True,15.11.2024,2681429,1285182
100344205,10080411,482244,Rietstrasse,2a,8225 Siblingen,2953,SH,real,True,15.11.2024,2681441,1285131
100344207,10080411,482246,Rietstrasse,93,8225 Siblingen,2953,SH,real,True,15.11.2024,2681547,1284919
100344208,10080411,482247,Rietstrasse,92,8225 Siblingen,2953,SH,real,True,15.11.2024,2681555,1284815
100344209,10080408,482249,Hauptstrasse,1,8225 Siblingen,2953,SH,real,True,15.11.2024,2681535,1285118
100344210,10180889,482250,Lettengarten,10,8225 Siblingen,2953,SH,real,True,15.11.2024,2681596,1285195
100344211,10180889,482251,Lettengarten,11,8225 Siblingen,2953,SH,real,True,15.11.2024,2681611,1285263
100344212,10180889,482252,Lettengarten,13,8225 Siblingen,2953,SH,real,True,15.11.2024,2681650,1285250
100344213,10080408,482254,Hauptstrasse,2,8225 Siblingen,2953,SH,real,True,15.11.2024,2681461,1285180
100344214,10080408,482255,Hauptstrasse,6,8225 Siblingen,2953,SH,real,True,15.11.2024,2681454,1285203
100344215,10080408,482257,Hauptstrasse,12,8225 Siblingen,2953,SH,real,True,15.11.2024,2681446,1285218
100344216,10080408,482259,Hauptstrasse,22,8225 Siblingen,2953,SH,real,True,15.11.2024,2681441,1285287
100344217,10080408,482260,Hauptstrasse,24,8225 Siblingen,2953,SH,real,True,15.11.2024,2681441,1285308
100344218,10031580,482262,Tüelgasse,7,8225 Siblingen,2953,SH,real,True,15.11.2024,2681495,1285322
100344219,10031580,482263,Tüelgasse,5,8225 Siblingen,2953,SH,real,True,15.11.2024,2681475,1285325
100344220,10085777,482265,Auf der Breite,17,8225 Siblingen,2953,SH,real,True,15.11.2024,2681425,1285383
100344221,10031570,482266,Breitestrasse,3,8225 Siblingen,2953,SH,real,True,15.11.2024,2681444,1285339
100344223,10080408,482270,Hauptstrasse,34,8225 Siblingen,2953,SH,real,True,15.11.2024,2681337,1285368
100344224,10080408,482271,Hauptstrasse,36,8225 Siblingen,2953,SH,real,True,15.11.2024,2681320,1285374
100344225,10080408,482272,Hauptstrasse,38,8225 Siblingen,2953,SH,real,True,15.11.2024,2681312,1285378
100344226,10080408,482274,Hauptstrasse,42,8225 Siblingen,2953,SH,real,True,15.11.2024,2681285,1285398
100344227,10085777,482275,Auf der Breite,7,8225 Siblingen,2953,SH,real,True,15.11.2024,2681322,1285424
100344228,10080408,482279,Hauptstrasse,48,8225 Siblingen,2953,SH,real,True,15.11.2024,2681218,1285402
100344229,10122646,482280,Schulstrasse,2,8225 Siblingen,2953,SH,real,True,15.11.2024,2681068,1285498
100344230,10080408,482281,Hauptstrasse,58,8225 Siblingen,2953,SH,real,True,15.11.2024,2681117,1285435
100344231,10113212,482282,Grabenstrasse,3,8225 Siblingen,2953,SH,real,True,15.11.2024,2681118,1285463
100344232,10113212,482284,Grabenstrasse,11,8225 Siblingen,2953,SH,real,True,15.11.2024,2681117,1285522
100344233,10113212,482285,Grabenstrasse,13,8225 Siblingen,2953,SH,real,True,15.11.2024,2681131,1285523
100344234,10113212,482286,Grabenstrasse,17,8225 Siblingen,2953,SH,real,True,15.11.2024,2681133,1285560
100344235,10113212,482287,Grabenstrasse,21,8225 Siblingen,2953,SH,real,True,15.11.2024,2681159,1285553
100344236,10113212,482288,Grabenstrasse,23,8225 Siblingen,2953,SH,real,True,15.11.2024,2681161,1285576
100344237,10113212,482289,Grabenstrasse,29,8225 Siblingen,2953,SH,real,True,15.11.2024,2681171,1285593
100344238,10106945,475324,Rosenbergstrasse,55,8212 Neuhausen am Rheinfall,2937,SH,real,True,15.11.2024,2688489,1282550
100344239,10106945,475325,Rosenbergstrasse,57,8212 Neuhausen am Rheinfall,2937,SH,real,True,15.11.2024,2688483,1282568
100344240,10017860,475327,Engestrasse,6,8212 Neuhausen am Rheinfall,2937,SH,real,True,15.11.2024,2688415,1282290
100344241,10017860,475329,Engestrasse,20,8212 Neuhausen am Rheinfall,2937,SH,real,True,15.11.2024,2688248,1282318
100344242,10017856,475330,Büchelerstrasse,8,8212 Neuhausen am Rheinfall,2937,SH,real,True,15.11.2024,2688267,1282386
100344243,10091250,475331,Galgenbuckstieg,2,8212 Neuhausen am Rheinfall,2937,SH,real,True,15.11.2024,2688342,1282428
100344244,10106945,474933,Rosenbergstrasse,125,8212 Neuhausen am Rheinfall,2937,SH,real,True,15.11.2024,2688547,1283078
100344245,10106945,474934,Rosenbergstrasse,127,8212 Neuhausen am Rheinfall,2937,SH,real,True,15.11.2024,2688525,1283103
100344248,10106945,474939,Rosenbergstrasse,127a,8212 Neuhausen am Rheinfall,2937,SH,real,True,15.11.2024,2688519,1283102
100344249,10106945,474940,Rosenbergstrasse,111,8212 Neuhausen am Rheinfall,2937,SH,real,True,15.11.2024,2688511,1282988
100344250,10132131,474941,Buchenstrasse,41,8212 Neuhausen am Rheinfall,2937,SH,real,True,15.11.2024,2688513,1283222
100344251,10132131,474943,Buchenstrasse,45,8212 Neuhausen am Rheinfall,2937,SH,real,True,15.11.2024,2688504,1283254
100344252,10132131,474945,Buchenstrasse,49,8212 Neuhausen am Rheinfall,2937,SH,real,True,15.11.2024,2688508,1283282
100344253,10132131,474947,Buchenstrasse,53,8212 Neuhausen am Rheinfall,2937,SH,real,True,15.11.2024,2688496,1283292
100344254,10132131,474948,Buchenstrasse,55,8212 Neuhausen am Rheinfall,2937,SH,real,True,15.11.2024,2688498,1283316
100344255,10132131,474949,Buchenstrasse,57,8212 Neuhausen am Rheinfall,2937,SH,real,True,15.11.2024,2688498,1283326
100344256,10132131,474951,Buchenstrasse,60,8212 Neuhausen am Rheinfall,2937,SH,real,True,15.11.2024,2688529,1283186
100344257,10132131,474952,Buchenstrasse,61,8212 Neuhausen am Rheinfall,2937,SH,real,True,15.11.2024,2688492,1283343
100344258,10132131,474954,Buchenstrasse,64,8212 Neuhausen am Rheinfall,2937,SH,real,True,15.11.2024,2688535,1283253
100344259,10132131,474955,Buchenstrasse,65,8212 Neuhausen am Rheinfall,2937,SH,real,True,15.11.2024,2688498,1283372
100344260,10132131,474957,Buchenstrasse,67,8212 Neuhausen am Rheinfall,2937,SH,real,True,15.11.2024,2688493,1283379
100344261,10132131,474958,Buchenstrasse,68,8212 Neuhausen am Rheinfall,2937,SH,real,True,15.11.2024,2688560,1283253
100344262,10132131,474959,Buchenstrasse,69,8212 Neuhausen am Rheinfall,2937,SH,real,True,15.11.2024,2688493,1283390
100344263,10132131,474960,Buchenstrasse,70,8212 Neuhausen am Rheinfall,2937,SH,real,True,15.11.2024,2688561,1283280
100344264,10132131,474961,Buchenstrasse,71,8212 Neuhausen am Rheinfall,2937,SH,real,True,15.11.2024,2688529,1283314
100344265,10132131,474962,Buchenstrasse,72,8212 Neuhausen am Rheinfall,2937,SH,real,True,15.11.2024,2688554,1283269
100344266,10132131,474963,Buchenstrasse,73,8212 Neuhausen am Rheinfall,2937,SH,real,True,15.11.2024,2688530,1283318
100344267,10132131,474966,Buchenstrasse,76,8212 Neuhausen am Rheinfall,2937,SH,real,True,15.11.2024,2688546,1283312
100344268,10132131,474967,Buchenstrasse,77,8212 Neuhausen am Rheinfall,2937,SH,real,True,15.11.2024,2688531,1283327
100344269,10132131,474968,Buchenstrasse,78,8212 Neuhausen am Rheinfall,2937,SH,real,True,15.11.2024,2688546,1283313
100344270,10132131,474969,Buchenstrasse,79,8212 Neuhausen am Rheinfall,2937,SH,real,True,15.11.2024,2688526,1283340
100344271,10113212,482322,Grabenstrasse,24,8225 Siblingen,2953,SH,real,True,15.11.2024,2681194,1285546
100344272,10113212,482323,Grabenstrasse,18,8225 Siblingen,2953,SH,real,True,15.11.2024,2681187,1285527
100344273,10113212,482324,Grabenstrasse,16,8225 Siblingen,2953,SH,real,True,15.11.2024,2681184,1285513
100344274,10113212,482326,Grabenstrasse,10,8225 Siblingen,2953,SH,real,True,15.11.2024,2681155,1285485
100344275,10113212,482327,Grabenstrasse,8,8225 Siblingen,2953,SH,real,True,15.11.2024,2681148,1285466
100344276,10080408,482331,Hauptstrasse,52,8225 Siblingen,2953,SH,real,True,15.11.2024,2681186,1285410
100344277,10080408,482332,Hauptstrasse,50,8225 Siblingen,2953,SH,real,True,15.11.2024,2681201,1285407
100344278,10031573,482334,Heppenacker,1,8225 Siblingen,2953,SH,real,True,15.11.2024,2681308,1285599
100344279,10031573,482335,Heppenacker,3,8225 Siblingen,2953,SH,real,True,15.11.2024,2681340,1285593
100344280,10031573,482336,Heppenacker,6,8225 Siblingen,2953,SH,real,True,15.11.2024,2681330,1285558
100344281,10031577,482337,Randenstrasse,8,8225 Siblingen,2953,SH,real,True,15.11.2024,2681354,1285632
100344282,10113212,482338,Grabenstrasse,38,8225 Siblingen,2953,SH,real,True,15.11.2024,2681204,1285605
100344283,10031570,482339,Breitestrasse,19,8225 Siblingen,2953,SH,real,True,15.11.2024,2681497,1285510
100344284,10031570,482342,Breitestrasse,9,8225 Siblingen,2953,SH,real,True,15.11.2024,2681467,1285398
100344285,10031570,482343,Breitestrasse,10,8225 Siblingen,2953,SH,real,True,15.11.2024,2681485,1285388
100344286,10031570,482344,Breitestrasse,12,8225 Siblingen,2953,SH,real,True,15.11.2024,2681493,1285412
100344287,10031570,482346,Breitestrasse,16,8225 Siblingen,2953,SH,real,True,15.11.2024,2681506,1285460
100344288,10031570,482348,Breitestrasse,31,8225 Siblingen,2953,SH,real,True,15.11.2024,2681538,1285478
100344289,10031570,482350,Breitestrasse,27,8225 Siblingen,2953,SH,real,True,15.11.2024,2681524,1285429
100344290,10031570,482351,Breitestrasse,25,8225 Siblingen,2953,SH,real,True,15.11.2024,2681517,1285405
100344291,10031570,482352,Breitestrasse,23,8225 Siblingen,2953,SH,real,True,15.11.2024,2681510,1285381
100344295,10031578,482355,Schoopacker,7,8225 Siblingen,2953,SH,real,True,15.11.2024,2681294,1285967
100344296,10031578,482356,Schoopacker,5,8225 Siblingen,2953,SH,real,True,15.11.2024,2681315,1285957
100344297,10031578,482357,Schoopacker,2,8225 Siblingen,2953,SH,real,True,15.11.2024,2681354,1285974
100344298,10031578,482358,Schoopacker,4,8225 Siblingen,2953,SH,real,True,15.11.2024,2681332,1285984
100344299,10031578,482359,Schoopacker,6,8225 Siblingen,2953,SH,real,True,15.11.2024,2681311,1285992
100344300,10031578,482360,Schoopacker,8,8225 Siblingen,2953,SH,real,True,15.11.2024,2681290,1286001
100344301,10031578,482362,Schoopacker,19,8225 Siblingen,2953,SH,real,True,15.11.2024,2681280,1286044
100344302,10031578,482364,Schoopacker,15,8225 Siblingen,2953,SH,real,True,15.11.2024,2681327,1286029
100344303,10031578,482366,Schoopacker,11,8225 Siblingen,2953,SH,real,True,15.11.2024,2681380,1286021
100344304,10031578,482368,Schoopacker,14,8225 Siblingen,2953,SH,real,True,15.11.2024,2681363,1286053
100344305,10031578,482369,Schoopacker,16,8225 Siblingen,2953,SH,real,True,15.11.2024,2681335,1286058
100344306,10031578,482370,Schoopacker,18,8225 Siblingen,2953,SH,real,True,15.11.2024,2681307,1286064
100344307,10031578,482372,Schoopacker,25,8225 Siblingen,2953,SH,real,True,15.11.2024,2681339,1286098
100344308,10031578,482374,Schoopacker,21,8225 Siblingen,2953,SH,real,True,15.11.2024,2681398,1286092
100344309,10031578,482375,Schoopacker,31,8225 Siblingen,2953,SH,real,True,15.11.2024,2681406,1286125
100344310,10031578,482376,Schoopacker,22,8225 Siblingen,2953,SH,real,True,15.11.2024,2681376,1286118
100344311,10031578,482377,Schoopacker,24,8225 Siblingen,2953,SH,real,True,15.11.2024,2681350,1286125
100344312,10031578,482379,Schoopacker,32,8225 Siblingen,2953,SH,real,True,15.11.2024,2681344,1286198
100344313,10074396,475416,Brunnenwiesenstrasse,15,8212 Neuhausen am Rheinfall,2937,SH,real,True,15.11.2024,2687959,1281845
100344314,10017854,475417,Berbiceweg,4,8212 Neuhausen am Rheinfall,2937,SH,real,True,15.11.2024,2688054,1281905
100344315,10017854,475418,Berbiceweg,6,8212 Neuhausen am Rheinfall,2937,SH,real,True,15.11.2024,2688026,1281885
100344316,10017854,475419,Berbiceweg,8,8212 Neuhausen am Rheinfall,2937,SH,real,True,15.11.2024,2688015,1281870
100344317,10074396,475422,Brunnenwiesenstrasse,2,8212 Neuhausen am Rheinfall,2937,SH,real,True,15.11.2024,2688035,1281966
100344318,10074396,475423,Brunnenwiesenstrasse,4,8212 Neuhausen am Rheinfall,2937,SH,real,True,15.11.2024,2688006,1281944
100344319,10074396,475425,Brunnenwiesenstrasse,8,8212 Neuhausen am Rheinfall,2937,SH,real,True,15.11.2024,2687956,1281891
100344510,10048893,470130,Schulstrasse,3,8214 Gächlingen,2901,SH,real,True,15.11.2024,2679470,1284105
100344511,10026320,470132,Dorfstrasse,3,8214 Gächlingen,2901,SH,real,True,15.11.2024,2679518,1284035
100344512,10026320,470133,Dorfstrasse,1,8214 Gächlingen,2901,SH,real,True,15.11.2024,2679525,1284013
100344513,10058932,470135,Gemeindehausplatz,5,8214 Gächlingen,2901,SH,real,True,15.11.2024,2679462,1284019
100344514,10110808,470136,Im Chloster,4,8214 Gächlingen,2901,SH,real,True,15.11.2024,2679457,1283980
100344627,10074396,475426,Brunnenwiesenstrasse,10,8212 Neuhausen am Rheinfall,2937,SH,real,True,15.11.2024,2687936,1281863
100344628,10118357,475429,Rhenaniastrasse,1,8212 Neuhausen am Rheinfall,2937,SH,real,True,15.11.2024,2688021,1282014
100344629,10118357,475431,Rhenaniastrasse,5,8212 Neuhausen am Rheinfall,2937,SH,real,True,15.11.2024,2687982,1281981
100344630,10118357,475434,Rhenaniastrasse,11,8212 Neuhausen am Rheinfall,2937,SH,real,True,15.11.2024,2687933,1281932
100344631,10118357,475435,Rhenaniastrasse,13,8212 Neuhausen am Rheinfall,2937,SH,real,True,15.11.2024,2687913,1281906
100344632,10118357,475436,Rhenaniastrasse,15,8212 Neuhausen am Rheinfall,2937,SH,real,True,15.11.2024,2687900,1281893
100344633,10091244,475440,Badische Bahnhofstrasse,9a,8212 Neuhausen am Rheinfall,2937,SH,real,True,15.11.2024,2688349,1281946
100344634,10091244,475441,Badische Bahnhofstrasse,9b,8212 Neuhausen am Rheinfall,2937,SH,real,True,15.11.2024,2688370,1281959
100344635,10091244,475443,Badische Bahnhofstrasse,13,8212 Neuhausen am Rheinfall,2937,SH,real,True,15.11.2024,2688314,1281957
100344636,10091244,475444,Badische Bahnhofstrasse,15,8212 Neuhausen am Rheinfall,2937,SH,real,True,15.11.2024,2688302,1281953
100344637,10091244,475446,Badische Bahnhofstrasse,18,8212 Neuhausen am Rheinfall,2937,SH,real,True,15.11.2024,2688162,1281934
100344638,10091244,475448,Badische Bahnhofstrasse,23,8212 Neuhausen am Rheinfall,2937,SH,real,True,15.11.2024,2688106,1281949
100344639,10017854,475449,Berbiceweg,3,8212 Neuhausen am Rheinfall,2937,SH,real,True,15.11.2024,2688100,1281901
100344640,10017854,475450,Berbiceweg,5,8212 Neuhausen am Rheinfall,2937,SH,real,True,15.11.2024,2688068,1281873
100344641,10106944,475451,Oberbergweg,3,8212 Neuhausen am Rheinfall,2937,SH,real,True,15.11.2024,2688411,1281861
100344642,10106944,475452,Oberbergweg,2,8212 Neuhausen am Rheinfall,2937,SH,real,True,15.11.2024,2688466,1281830
100344643,10106944,475453,Oberbergweg,4,8212 Neuhausen am Rheinfall,2937,SH,real,True,15.11.2024,2688448,1281847
100345334,10110808,470137,Im Chloster,6,8214 Gächlingen,2901,SH,real,True,15.11.2024,2679444,1283977
100345335,10110808,470138,Im Chloster,8,8214 Gächlingen,2901,SH,real,True,15.11.2024,2679411,1283967
100345336,10087013,470140,Schulgasse,28,8214 Gächlingen,2901,SH,real,True,15.11.2024,2679173,1283999
100345337,10087013,470141,Schulgasse,26,8214 Gächlingen,2901,SH,real,True,15.11.2024,2679191,1284010
100345338,10087013,470142,Schulgasse,10,8214 Gächlingen,2901,SH,real,True,15.11.2024,2679295,1284073
100345339,10048893,470143,Schulstrasse,1,8214 Gächlingen,2901,SH,real,True,15.11.2024,2679496,1284107
100345340,10048892,470144,Niederwiesenstrasse,11,8214 Gächlingen,2901,SH,real,True,15.11.2024,2679162,1284126
100345341,10048892,470145,Niederwiesenstrasse,13,8214 Gächlingen,2901,SH,real,True,15.11.2024,2679198,1284110
100345436,10113212,482290,Grabenstrasse,31,8225 Siblingen,2953,SH,real,True,15.11.2024,2681175,1285598
100345437,10113212,482291,Grabenstrasse,33,8225 Siblingen,2953,SH,real,True,15.11.2024,2681179,1285605
100345438,10113212,482292,Grabenstrasse,35,8225 Siblingen,2953,SH,real,True,15.11.2024,2681181,1285610
100345439,10113212,482293,Grabenstrasse,39,8225 Siblingen,2953,SH,real,True,15.11.2024,2681192,1285627
100345440,10031572,482296,Gruberstrasse,5,8225 Siblingen,2953,SH,real,True,15.11.2024,2681193,1285668
100345441,10179745,482297,Wasenacker,2,8225 Siblingen,2953,SH,real,True,15.11.2024,2681157,1285754
100345537,10087212,482382,Waldhof,136,8225 Siblingen,2953,SH,real,True,15.11.2024,2680515,1286658
100345538,10187862,482383,Gruberhof,34,8225 Siblingen,2953,SH,real,True,15.11.2024,2680779,1285798
100345539,10031575,482384,Obere Mühle,139,8225 Siblingen,2953,SH,real,True,15.11.2024,2681549,1286228
100345540,10053254,482386,Nebental,134,8225 Siblingen,2953,SH,real,True,15.11.2024,2679692,1286808
100345541,10031579,482387,Siblingerhöhe,171,8225 Siblingen,2953,SH,real,True,15.11.2024,2679720,1286489
100345542,10031569,482388,Am Stei,122,8225 Siblingen,2953,SH,real,True,15.11.2024,2680827,1285136
100345543,10031577,482389,Randenstrasse,132,8225 Siblingen,2953,SH,real,True,15.11.2024,2682523,1287166
100345545,10073369,482391,Fohrenhof,142,8225 Siblingen,2953,SH,real,True,15.11.2024,2682101,1284927
100345752,10179745,482298,Wasenacker,4,8225 Siblingen,2953,SH,real,True,15.11.2024,2681185,1285739
100345753,10179745,482299,Wasenacker,5,8225 Siblingen,2953,SH,real,True,15.11.2024,2681197,1285780
100345754,10179745,482300,Wasenacker,7,8225 Siblingen,2953,SH,real,True,15.11.2024,2681210,1285758
100345755,10113212,482301,Grabenstrasse,45,8225 Siblingen,2953,SH,real,True,15.11.2024,2681213,1285660
100345756,10113212,482303,Grabenstrasse,49,8225 Siblingen,2953,SH,real,True,15.11.2024,2681234,1285690
100345757,10113212,482305,Grabenstrasse,53,8225 Siblingen,2953,SH,real,True,15.11.2024,2681240,1285723
100345758,10113212,482306,Grabenstrasse,59,8225 Siblingen,2953,SH,real,True,15.11.2024,2681256,1285762
100345759,10113212,482307,Grabenstrasse,60,8225 Siblingen,2953,SH,real,True,15.11.2024,2681283,1285764
100345760,10113212,482310,Grabenstrasse,56,8225 Siblingen,2953,SH,real,True,15.11.2024,2681287,1285743
100345761,10113212,482311,Grabenstrasse,54,8225 Siblingen,2953,SH,real,True,15.11.2024,2681274,1285724
100345762,10113212,482312,Grabenstrasse,52,8225 Siblingen,2953,SH,real,True,15.11.2024,2681260,1285699
100345763,10113212,482314,Grabenstrasse,48,8225 Siblingen,2953,SH,real,True,15.11.2024,2681236,1285655
100345764,10113212,482315,Grabenstrasse,46,8225 Siblingen,2953,SH,real,True,15.11.2024,2681226,1285644
100345765,10113212,482318,Grabenstrasse,36,8225 Siblingen,2953,SH,real,True,15.11.2024,2681201,1285598
100345766,10113212,482319,Grabenstrasse,34,8225 Siblingen,2953,SH,real,True,15.11.2024,2681194,1285591
100345847,10085778,482393,Burghaldenstrasse,220,8225 Siblingen,2953,SH,real,True,15.11.2024,2681657,1285621
100345848,10103230,482394,Halde,183,8225 Siblingen,2953,SH,real,True,15.11.2024,2681782,1285811
100345849,10080408,482395,Hauptstrasse,71,8225 Siblingen,2953,SH,real,True,15.11.2024,2680893,1285400
100345850,10080408,482397,Hauptstrasse,62,8225 Siblingen,2953,SH,real,True,15.11.2024,2681072,1285446
100345852,10071685,482404,Dorfstrasse,39,8263 Buch SH,2961,SH,real,True,15.11.2024,2700441,1286031
100345853,10071685,482405,Dorfstrasse,42,8263 Buch SH,2961,SH,real,True,15.11.2024,2700601,1286027
100345854,10071685,482406,Dorfstrasse,40,8263 Buch SH,2961,SH,real,True,15.11.2024,2700625,1286028
100345855,10071685,482407,Dorfstrasse,38,8263 Buch SH,2961,SH,real,True,15.11.2024,2700632,1286030
100345856,10071685,482409,Dorfstrasse,32,8263 Buch SH,2961,SH,real,True,15.11.2024,2700688,1286048
100345857,10071685,482410,Dorfstrasse,30,8263 Buch SH,2961,SH,real,True,15.11.2024,2700712,1286057
100345858,10071685,482412,Dorfstrasse,19,8263 Buch SH,2961,SH,real,True,15.11.2024,2700771,1286071
100345859,10087213,482414,Klosterweg,3,8263 Buch SH,2961,SH,real,True,15.11.2024,2700727,1286103
100345860,10087213,482415,Klosterweg,4,8263 Buch SH,2961,SH,real,True,15.11.2024,2700749,1286127
100345861,10170523,482416,Rainweg,1,8263 Buch SH,2961,SH,real,True,15.11.2024,2700770,1286096
100345862,10170523,482417,Rainweg,3,8263 Buch SH,2961,SH,real,True,15.11.2024,2700785,1286101
100345863,10170523,482418,Rainweg,5,8263 Buch SH,2961,SH,real,True,15.11.2024,2700797,1286111
100345864,10170523,482419,Rainweg,6,8263 Buch SH,2961,SH,real,True,15.11.2024,2700822,1286114
100345866,10179746,482424,Rosengartenstrasse,11,8263 Buch SH,2961,SH,real,True,15.11.2024,2700861,1285889
100345867,10179746,482425,Rosengartenstrasse,5,8263 Buch SH,2961,SH,real,True,15.11.2024,2700842,1285954
100345868,10179746,482426,Rosengartenstrasse,7,8263 Buch SH,2961,SH,real,True,15.11.2024,2700852,1285953
100345869,10031581,482431,Hofweg,1,8263 Buch SH,2961,SH,real,True,15.11.2024,2700841,1286049
100345870,10071685,482434,Dorfstrasse,7,8263 Buch SH,2961,SH,real,True,15.11.2024,2700886,1285994
100345871,10071685,482435,Dorfstrasse,14,8263 Buch SH,2961,SH,real,True,15.11.2024,2700900,1286001
100345872,10071685,482436,Dorfstrasse,10,8263 Buch SH,2961,SH,real,True,15.11.2024,2700919,1286035
100345873,10071685,482437,Dorfstrasse,3,8263 Buch SH,2961,SH,real,True,15.11.2024,2700905,1285976
100345874,10122740,482439,Lindenweg,4,8263 Buch SH,2961,SH,real,True,15.11.2024,2700940,1286003
100345875,10031583,482441,Oberdorfstrasse,1,8263 Buch SH,2961,SH,real,True,15.11.2024,2700944,1285965
100345876,10031583,482442,Oberdorfstrasse,3,8263 Buch SH,2961,SH,real,True,15.11.2024,2700943,1285951
100345877,10031583,482444,Oberdorfstrasse,6,8263 Buch SH,2961,SH,real,True,15.11.2024,2700917,1285922
100345878,10031583,482445,Oberdorfstrasse,14,8263 Buch SH,2961,SH,real,True,15.11.2024,2700942,1285879
100345879,10031583,482447,Oberdorfstrasse,5,8263 Buch SH,2961,SH,real,True,15.11.2024,2700936,1285926
100345880,10167348,482450,Bergwiesenstrasse,1,8263 Buch SH,2961,SH,real,True,15.11.2024,2700985,1285900
100346044,10026320,470147,Dorfstrasse,54,8214 Gächlingen,2901,SH,real,True,15.11.2024,2679754,1284313
100346045,10026320,470148,Dorfstrasse,52,8214 Gächlingen,2901,SH,real,True,15.11.2024,2679752,1284313
100346046,10026320,470149,Dorfstrasse,50,8214 Gächlingen,2901,SH,real,True,15.11.2024,2679740,1284306
100346047,10117537,470151,Oberer Hof,2,8214 Gächlingen,2901,SH,real,True,15.11.2024,2679723,1284269
100346048,10117537,470152,Oberer Hof,4,8214 Gächlingen,2901,SH,real,True,15.11.2024,2679752,1284284
100346049,10117537,470153,Oberer Hof,3,8214 Gächlingen,2901,SH,real,True,15.11.2024,2679744,1284267
100346050,10026320,470154,Dorfstrasse,46,8214 Gächlingen,2901,SH,real,True,15.11.2024,2679692,1284265
100346051,10161022,470155,Postweg,6,8214 Gächlingen,2901,SH,real,True,15.11.2024,2679718,1284259
100346052,10161022,470156,Postweg,3,8214 Gächlingen,2901,SH,real,True,15.11.2024,2679733,1284216
100346053,10026320,470158,Dorfstrasse,42,8214 Gächlingen,2901,SH,real,True,15.11.2024,2679669,1284235
100346054,10026320,470159,Dorfstrasse,40,8214 Gächlingen,2901,SH,real,True,15.11.2024,2679665,1284231
100346055,10026320,470162,Dorfstrasse,30,8214 Gächlingen,2901,SH,real,True,15.11.2024,2679620,1284158
100346056,10026320,470163,Dorfstrasse,26,8214 Gächlingen,2901,SH,real,True,15.11.2024,2679615,1284156
100346057,10026320,470164,Dorfstrasse,28,8214 Gächlingen,2901,SH,real,True,15.11.2024,2679629,1284140
100346058,10026323,470165,Kirchstrasse,9,8214 Gächlingen,2901,SH,real,True,15.11.2024,2679623,1284120
100346059,10026320,470169,Dorfstrasse,14,8214 Gächlingen,2901,SH,real,True,15.11.2024,2679554,1284110
100346060,10026320,470170,Dorfstrasse,12,8214 Gächlingen,2901,SH,real,True,15.11.2024,2679540,1284100
100346061,10026320,470171,Dorfstrasse,6,8214 Gächlingen,2901,SH,real,True,15.11.2024,2679555,1284069
100346062,10026320,470172,Dorfstrasse,8,8214 Gächlingen,2901,SH,real,True,15.11.2024,2679535,1284069
100346063,10026323,470174,Kirchstrasse,5,8214 Gächlingen,2901,SH,real,True,15.11.2024,2679607,1284064
100346064,10026323,470177,Kirchstrasse,19,8214 Gächlingen,2901,SH,real,True,15.11.2024,2679790,1284214
100346065,10026323,470178,Kirchstrasse,23,8214 Gächlingen,2901,SH,real,True,15.11.2024,2679819,1284243
100346066,10122076,470180,Chilchgasse,2,8214 Gächlingen,2901,SH,real,True,15.11.2024,2679654,1284181
100346067,10122076,470183,Chilchgasse,4,8214 Gächlingen,2901,SH,real,True,15.11.2024,2679661,1284168
100346068,10122076,470184,Chilchgasse,6,8214 Gächlingen,2901,SH,real,True,15.11.2024,2679670,1284156
100346069,10122076,470185,Chilchgasse,5,8214 Gächlingen,2901,SH,real,True,15.11.2024,2679672,1284175
100346070,10122076,470186,Chilchgasse,9,8214 Gächlingen,2901,SH,real,True,15.11.2024,2679692,1284147
100346071,10122076,470187,Chilchgasse,8,8214 Gächlingen,2901,SH,real,True,15.11.2024,2679684,1284144
100346072,10122076,470188,Chilchgasse,10,8214 Gächlingen,2901,SH,real,True,15.11.2024,2679684,1284138
100346073,10122076,470189,Chilchgasse,12,8214 Gächlingen,2901,SH,real,True,15.11.2024,2679690,1284128
100346074,10122076,470191,Chilchgasse,13,8214 Gächlingen,2901,SH,real,True,15.11.2024,2679701,1284133
100346075,10026323,470192,Kirchstrasse,17,8214 Gächlingen,2901,SH,real,True,15.11.2024,2679779,1284202
100346076,10026320,470194,Dorfstrasse,62,8214 Gächlingen,2901,SH,real,True,15.11.2024,2679849,1284303
100346077,10110808,470196,Im Chloster,35,8214 Gächlingen,2901,SH,real,True,15.11.2024,2679166,1283906
100346078,10110808,470197,Im Chloster,19,8214 Gächlingen,2901,SH,real,True,15.11.2024,2679339,1283912
100346079,10110808,470198,Im Chloster,17,8214 Gächlingen,2901,SH,real,True,15.11.2024,2679365,1283909
100346080,10110808,470201,Im Chloster,3,8214 Gächlingen,2901,SH,real,True,15.11.2024,2679494,1283973
100346081,10110808,470202,Im Chloster,1,8214 Gächlingen,2901,SH,real,True,15.11.2024,2679514,1283991
100346082,10026323,470204,Kirchstrasse,2,8214 Gächlingen,2901,SH,real,True,15.11.2024,2679581,1284022
100346083,10026323,470205,Kirchstrasse,4,8214 Gächlingen,2901,SH,real,True,15.11.2024,2679600,1284032
100346084,10026323,470207,Kirchstrasse,10,8214 Gächlingen,2901,SH,real,True,15.11.2024,2679681,1284086
100346085,10026323,470208,Kirchstrasse,18,8214 Gächlingen,2901,SH,real,True,15.11.2024,2679745,1284137
100346086,10026323,470209,Kirchstrasse,28,8214 Gächlingen,2901,SH,real,True,15.11.2024,2679825,1284220
100346088,10048891,470211,Mülistrasse,4,8214 Gächlingen,2901,SH,real,True,15.11.2024,2679929,1284231
100346089,10026325,470213,Römerstrasse,40,8214 Gächlingen,2901,SH,real,True,15.11.2024,2680033,1284187
100346090,10026325,470215,Römerstrasse,37,8214 Gächlingen,2901,SH,real,True,15.11.2024,2679973,1284154
100346091,10026325,470216,Römerstrasse,36,8214 Gächlingen,2901,SH,real,True,15.11.2024,2680000,1284153
100346092,10026325,470218,Römerstrasse,28,8214 Gächlingen,2901,SH,real,True,15.11.2024,2679919,1284089
100346093,10026325,470220,Römerstrasse,2,8214 Gächlingen,2901,SH,real,True,15.11.2024,2679572,1283871
100346094,10120396,470221,Neunkircherstrasse,6,8214 Gächlingen,2901,SH,real,True,15.11.2024,2679548,1283910
100346095,10120396,470222,Neunkircherstrasse,9,8214 Gächlingen,2901,SH,real,True,15.11.2024,2679583,1283915
100346096,10120396,470223,Neunkircherstrasse,11,8214 Gächlingen,2901,SH,real,True,15.11.2024,2679606,1283870
100346097,10120396,470226,Neunkircherstrasse,13,8214 Gächlingen,2901,SH,real,True,15.11.2024,2679679,1283665
100346098,10026334,470227,Trasadingerstrasse,7,8223 Guntmadingen,2932,SH,real,True,15.11.2024,2682998,1282450
100346100,10026334,470228,Trasadingerstrasse,5,8223 Guntmadingen,2932,SH,real,True,15.11.2024,2683717,1282650
100346101,10026334,470229,Trasadingerstrasse,1,8223 Guntmadingen,2932,SH,real,True,15.11.2024,2683765,1282610
100346102,10091161,470231,Dorfstrasse,2,8223 Guntmadingen,2932,SH,real,True,15.11.2024,2683974,1282446
100346103,10091161,470233,Dorfstrasse,10,8223 Guntmadingen,2932,SH,real,True,15.11.2024,2683981,1282355
100346104,10026332,470234,Niederhofenweg,5,8223 Guntmadingen,2932,SH,real,True,15.11.2024,2683898,1282385
100346105,10026332,470235,Niederhofenweg,3,8223 Guntmadingen,2932,SH,real,True,15.11.2024,2683926,1282359
100346106,10091164,470236,Wolfackerweg,2,8223 Guntmadingen,2932,SH,real,True,15.11.2024,2683964,1282308
100346107,10068428,470237,Neuengasse,2,8223 Guntmadingen,2932,SH,real,True,15.11.2024,2683945,1282285
100346108,10068428,470238,Neuengasse,1,8223 Guntmadingen,2932,SH,real,True,15.11.2024,2683966,1282262
100346109,10068428,470239,Neuengasse,4,8223 Guntmadingen,2932,SH,real,True,15.11.2024,2683906,1282270
100346110,10068428,470241,Neuengasse,6,8223 Guntmadingen,2932,SH,real,True,15.11.2024,2683934,1282236
100346111,10091161,470242,Dorfstrasse,12,8223 Guntmadingen,2932,SH,real,True,15.11.2024,2683979,1282216
100346112,10091161,470243,Dorfstrasse,14,8223 Guntmadingen,2932,SH,real,True,15.11.2024,2683989,1282189
100346113,10026333,470244,Püntweg,8,8223 Guntmadingen,2932,SH,real,True,15.11.2024,2683979,1282147
100346114,10026333,470245,Püntweg,6,8223 Guntmadingen,2932,SH,real,True,15.11.2024,2683980,1282126
100346115,10186340,473065,Schaffhauserstrasse,83,8222 Beringen,2932,SH,real,True,15.11.2024,2686004,1283524
100346116,10186340,473066,Schaffhauserstrasse,81,8222 Beringen,2932,SH,real,True,15.11.2024,2685980,1283531
100346117,10186340,473067,Schaffhauserstrasse,77,8222 Beringen,2932,SH,real,True,15.11.2024,2685957,1283511
100346118,10186340,473068,Schaffhauserstrasse,79,8222 Beringen,2932,SH,real,True,15.11.2024,2685958,1283534
100346119,10186340,473069,Schaffhauserstrasse,75,8222 Beringen,2932,SH,real,True,15.11.2024,2685927,1283504
100346120,10018458,473070,Hägliweg,4,8222 Beringen,2932,SH,real,True,15.11.2024,2685904,1283516
100346135,10103867,470248,Tigenweg,6,8223 Guntmadingen,2932,SH,real,True,15.11.2024,2684128,1282092
100346136,10103867,470249,Tigenweg,4,8223 Guntmadingen,2932,SH,real,True,15.11.2024,2684143,1282130
100346137,10103867,470250,Tigenweg,2,8223 Guntmadingen,2932,SH,real,True,15.11.2024,2684169,1282150
100346138,10091161,470251,Dorfstrasse,31,8223 Guntmadingen,2932,SH,real,True,15.11.2024,2684083,1282114
100346139,10091161,470253,Dorfstrasse,27,8223 Guntmadingen,2932,SH,real,True,15.11.2024,2684052,1282145
100346140,10026329,470254,Bettackerweg,4,8223 Guntmadingen,2932,SH,real,True,15.11.2024,2684088,1282161
100346141,10026329,470257,Bettackerweg,3,8223 Guntmadingen,2932,SH,real,True,15.11.2024,2684059,1282191
100346142,10091161,470259,Dorfstrasse,23,8223 Guntmadingen,2932,SH,real,True,15.11.2024,2684019,1282188
100346143,10091161,470260,Dorfstrasse,19,8223 Guntmadingen,2932,SH,real,True,15.11.2024,2683995,1282219
100346144,10068427,470262,Im Winkel,4,8223 Guntmadingen,2932,SH,real,True,15.11.2024,2684001,1282272
100346145,10068427,470263,Im Winkel,8,8223 Guntmadingen,2932,SH,real,True,15.11.2024,2684033,1282265
100346146,10026335,470265,Zelgliweg,4,8223 Guntmadingen,2932,SH,real,True,15.11.2024,2684060,1282300
100346147,10091161,470267,Dorfstrasse,15,8223 Guntmadingen,2932,SH,real,True,15.11.2024,2683989,1282333
100346148,10026335,470268,Zelgliweg,1,8223 Guntmadingen,2932,SH,real,True,15.11.2024,2683997,1282327
100346149,10091161,470269,Dorfstrasse,11,8223 Guntmadingen,2932,SH,real,True,15.11.2024,2684056,1282368
100346150,10091161,470271,Dorfstrasse,3,8223 Guntmadingen,2932,SH,real,True,15.11.2024,2684013,1282423
100346151,10111801,470273,Huebpüntweg,3,8223 Guntmadingen,2932,SH,real,True,15.11.2024,2684068,1282429
100346152,10091161,470274,Dorfstrasse,1,8223 Guntmadingen,2932,SH,real,True,15.11.2024,2684037,1282466
100346153,10091163,470275,Rütiweg,2,8223 Guntmadingen,2932,SH,real,True,15.11.2024,2684235,1282148
100346154,10091163,470276,Rütiweg,4,8223 Guntmadingen,2932,SH,real,True,15.11.2024,2684260,1282148
100346155,10091163,470277,Rütiweg,6,8223 Guntmadingen,2932,SH,real,True,15.11.2024,2684288,1282149
100346156,10091163,470278,Rütiweg,8,8223 Guntmadingen,2932,SH,real,True,15.11.2024,2684322,1282153
100346157,10185462,470279,Altenrain,2,8223 Guntmadingen,2932,SH,real,True,15.11.2024,2684265,1282111
100346158,10185462,470280,Altenrain,4,8223 Guntmadingen,2932,SH,real,True,15.11.2024,2684289,1282114
100346159,10185462,470281,Altenrain,1,8223 Guntmadingen,2932,SH,real,True,15.11.2024,2684320,1282124
100346160,10185462,470282,Altenrain,3,8223 Guntmadingen,2932,SH,real,True,15.11.2024,2684326,1282100
100346161,10185462,470283,Altenrain,6,8223 Guntmadingen,2932,SH,real,True,15.11.2024,2684297,1282090
100346162,10185462,470284,Altenrain,8,8223 Guntmadingen,2932,SH,real,True,15.11.2024,2684303,1282066
100346163,10026331,470285,Löhningerstrasse,1,8223 Guntmadingen,2932,SH,real,True,15.11.2024,2683946,1282684
100346164,10091171,470287,Rössligasse,4,8224 Löhningen,2903,SH,real,True,15.11.2024,2683711,1284059
100346165,10091171,470288,Rössligasse,6,8224 Löhningen,2903,SH,real,True,15.11.2024,2683677,1284066
100346166,10091171,470289,Rössligasse,10,8224 Löhningen,2903,SH,real,True,15.11.2024,2683669,1284096
100346167,10091171,470294,Rössligasse,32,8224 Löhningen,2903,SH,real,True,15.11.2024,2683683,1284181
100346168,10091171,470295,Rössligasse,34,8224 Löhningen,2903,SH,real,True,15.11.2024,2683693,1284181
100346169,10091171,470297,Rössligasse,38,8224 Löhningen,2903,SH,real,True,15.11.2024,2683654,1284196
100346170,10091171,470298,Rössligasse,42,8224 Löhningen,2903,SH,real,True,15.11.2024,2683655,1284223
100346171,10091171,470299,Rössligasse,44,8224 Löhningen,2903,SH,real,True,15.11.2024,2683674,1284225
100346172,10091171,470300,Rössligasse,46,8224 Löhningen,2903,SH,real,True,15.11.2024,2683683,1284226
100346173,10120397,470301,Haldenweg,8,8224 Löhningen,2903,SH,real,True,15.11.2024,2683722,1284289
100346174,10120397,470302,Haldenweg,10,8224 Löhningen,2903,SH,real,True,15.11.2024,2683747,1284289
100346175,10120397,470303,Haldenweg,14,8224 Löhningen,2903,SH,real,True,15.11.2024,2683831,1284270
100346176,10120397,470304,Haldenweg,16,8224 Löhningen,2903,SH,real,True,15.11.2024,2683856,1284259
100346177,10120397,470305,Haldenweg,18,8224 Löhningen,2903,SH,real,True,15.11.2024,2683905,1284216
100346178,10120397,470306,Haldenweg,20,8224 Löhningen,2903,SH,real,True,15.11.2024,2683928,1284197
100346179,10120397,470309,Haldenweg,26,8224 Löhningen,2903,SH,real,True,15.11.2024,2683983,1284157
100346180,10027493,470311,Rebhaldenweg,2,8224 Löhningen,2903,SH,real,True,15.11.2024,2683787,1284194
100346181,10027493,470312,Rebhaldenweg,4,8224 Löhningen,2903,SH,real,True,15.11.2024,2683810,1284194
100346183,10091169,470316,Kleintalstrasse,15,8224 Löhningen,2903,SH,real,True,15.11.2024,2683751,1284191
100346184,10027498,470319,Weinbergstrasse,5,8224 Löhningen,2903,SH,real,True,15.11.2024,2683873,1284105
100346185,10185465,470322,Hohlweg,1,8224 Löhningen,2903,SH,real,True,15.11.2024,2683935,1284152
100346186,10185465,470323,Hohlweg,3,8224 Löhningen,2903,SH,real,True,15.11.2024,2683947,1284128
100346187,10185465,470326,Hohlweg,8,8224 Löhningen,2903,SH,real,True,15.11.2024,2683971,1284087
100346188,10185465,470327,Hohlweg,10,8224 Löhningen,2903,SH,real,True,15.11.2024,2684008,1284066
100346189,10026342,470330,Hauptstrasse,12,8224 Löhningen,2903,SH,real,True,15.11.2024,2683832,1284042
100346190,10026342,470332,Hauptstrasse,20,8224 Löhningen,2903,SH,real,True,15.11.2024,2683735,1284029
100346191,10026342,470333,Hauptstrasse,22,8224 Löhningen,2903,SH,real,True,15.11.2024,2683707,1284025
100346192,10026342,470334,Hauptstrasse,24,8224 Löhningen,2903,SH,real,True,15.11.2024,2683696,1284024
100346193,10091171,470335,Rössligasse,43,8224 Löhningen,2903,SH,real,True,15.11.2024,2683626,1284235
100346194,10091171,470337,Rössligasse,52,8224 Löhningen,2903,SH,real,True,15.11.2024,2683665,1284338
100346195,10120397,470340,Haldenweg,9,8224 Löhningen,2903,SH,real,True,15.11.2024,2683765,1284331
100346196,10120397,470341,Haldenweg,11,8224 Löhningen,2903,SH,real,True,15.11.2024,2683790,1284336
100346197,10120397,470342,Haldenweg,17,8224 Löhningen,2903,SH,real,True,15.11.2024,2683846,1284306
100346198,10120397,470343,Haldenweg,19,8224 Löhningen,2903,SH,real,True,15.11.2024,2683874,1284274
100346199,10091165,470344,Biberichweg,4,8224 Löhningen,2903,SH,real,True,15.11.2024,2683719,1284375
100346200,10091165,470346,Biberichweg,10,8224 Löhningen,2903,SH,real,True,15.11.2024,2683779,1284398
100346237,10068432,470370,Lättenstrasse,16,8224 Löhningen,2903,SH,real,True,15.11.2024,2683448,1284342
100346238,10068432,470371,Lättenstrasse,17,8224 Löhningen,2903,SH,real,True,15.11.2024,2683437,1284298
100346239,10068432,470372,Lättenstrasse,19,8224 Löhningen,2903,SH,real,True,15.11.2024,2683411,1284299
100346240,10068433,470378,Oberwiesen,6,8224 Löhningen,2903,SH,real,True,15.11.2024,2683465,1284252
100346241,10068433,470380,Oberwiesen,10,8224 Löhningen,2903,SH,real,True,15.11.2024,2683411,1284261
100346242,10026345,470381,Lättenstieg,4,8224 Löhningen,2903,SH,real,True,15.11.2024,2683311,1284391
100346243,10111803,470383,Steimüri,1,8224 Löhningen,2903,SH,real,True,15.11.2024,2683262,1284151
100346244,10111803,470384,Steimüri,3,8224 Löhningen,2903,SH,real,True,15.11.2024,2683233,1284156
100346245,10111803,470385,Steimüri,5,8224 Löhningen,2903,SH,real,True,15.11.2024,2683207,1284164
100346246,10111803,470386,Steimüri,7,8224 Löhningen,2903,SH,real,True,15.11.2024,2683181,1284173
100346247,10111803,470387,Steimüri,8,8224 Löhningen,2903,SH,real,True,15.11.2024,2683209,1284208
100346248,10111803,470388,Steimüri,9,8224 Löhningen,2903,SH,real,True,15.11.2024,2683156,1284184
100346249,10111803,470389,Steimüri,10,8224 Löhningen,2903,SH,real,True,15.11.2024,2683169,1284202
100346250,10103869,470390,Rütistrasse,10,8224 Löhningen,2903,SH,real,True,15.11.2024,2683174,1284240
100346251,10103869,470391,Rütistrasse,4,8224 Löhningen,2903,SH,real,True,15.11.2024,2683139,1284162
100346252,10026348,470392,Neuweg,9,8224 Löhningen,2903,SH,real,True,15.11.2024,2683133,1284123
100346253,10026348,470393,Neuweg,8,8224 Löhningen,2903,SH,real,True,15.11.2024,2683173,1284146
100346254,10026348,470394,Neuweg,7,8224 Löhningen,2903,SH,real,True,15.11.2024,2683165,1284115
100346255,10026348,470396,Neuweg,5,8224 Löhningen,2903,SH,real,True,15.11.2024,2683187,1284106
100346256,10026348,470397,Neuweg,4,8224 Löhningen,2903,SH,real,True,15.11.2024,2683225,1284130
100346257,10026348,470398,Neuweg,3,8224 Löhningen,2903,SH,real,True,15.11.2024,2683215,1284098
100346258,10026348,470399,Neuweg,2,8224 Löhningen,2903,SH,real,True,15.11.2024,2683251,1284121
100346259,10026336,470401,Bachtelstrasse,17,8224 Löhningen,2903,SH,real,True,15.11.2024,2683290,1284214
100346260,10103868,470402,Hügelweg,5,8224 Löhningen,2903,SH,real,True,15.11.2024,2683248,1284238
100346261,10103868,470403,Hügelweg,7,8224 Löhningen,2903,SH,real,True,15.11.2024,2683223,1284248
100346262,10103868,470404,Hügelweg,4,8224 Löhningen,2903,SH,real,True,15.11.2024,2683273,1284289
100346263,10026336,470405,Bachtelstrasse,23,8224 Löhningen,2903,SH,real,True,15.11.2024,2683317,1284304
100346264,10068432,470406,Lättenstrasse,27,8224 Löhningen,2903,SH,real,True,15.11.2024,2683296,1284321
100346265,10068432,470408,Lättenstrasse,31,8224 Löhningen,2903,SH,real,True,15.11.2024,2683254,1284345
100346266,10026336,470410,Bachtelstrasse,22,8224 Löhningen,2903,SH,real,True,28.11.2024,2683340,1284256
100346267,10185467,470412,Töpferweg,10,8224 Löhningen,2903,SH,real,True,15.11.2024,2683460,1284106
100346268,10185467,470413,Töpferweg,8,8224 Löhningen,2903,SH,real,True,15.11.2024,2683446,1284079
100346269,10068434,470414,Schützengasse,25,8224 Löhningen,2903,SH,real,True,15.11.2024,2683506,1284128
100346270,10027496,470415,Sonnenblickweg,2,8224 Löhningen,2903,SH,real,True,15.11.2024,2683543,1284089
100346271,10068434,470420,Schützengasse,3,8224 Löhningen,2903,SH,real,True,15.11.2024,2683566,1284039
100346272,10026342,470421,Hauptstrasse,48,8224 Löhningen,2903,SH,real,True,15.11.2024,2683561,1284010
100346273,10091170,470423,Oberdorf,63.1,8224 Löhningen,2903,SH,real,True,23.07.2024,2683539,1284009
100346274,10026342,470427,Hauptstrasse,60,8224 Löhningen,2903,SH,real,True,15.11.2024,2683526,1283990
100346275,10026342,470428,Hauptstrasse,62,8224 Löhningen,2903,SH,real,True,15.11.2024,2683513,1283991
100346276,10026342,470429,Hauptstrasse,66,8224 Löhningen,2903,SH,real,True,15.11.2024,2683493,1283986
100346277,10026342,470431,Hauptstrasse,74,8224 Löhningen,2903,SH,real,True,15.11.2024,2683466,1283985
100346278,10026342,470434,Hauptstrasse,84,8224 Löhningen,2903,SH,real,True,15.11.2024,2683416,1283990
100346279,10026342,470435,Hauptstrasse,94,8224 Löhningen,2903,SH,real,True,15.11.2024,2683298,1284005
100346280,10068434,470436,Schützengasse,27,8224 Löhningen,2903,SH,real,True,15.11.2024,2683514,1284138
100346281,10068434,470437,Schützengasse,11,8224 Löhningen,2903,SH,real,True,15.11.2024,2683559,1284050
100346282,10026342,470439,Hauptstrasse,51,8224 Löhningen,2903,SH,real,True,15.11.2024,2683549,1283978
100346283,10026342,470441,Hauptstrasse,57,8224 Löhningen,2903,SH,real,True,15.11.2024,2683528,1283965
100346804,10086758,471691,Quellenstrasse,6,8235 Lohn SH,2917,SH,real,True,15.11.2024,2692647,1290188
100346805,10024965,471692,Thayngerstrasse,7,8235 Lohn SH,2917,SH,real,True,15.11.2024,2692599,1290125
100346806,10104919,471693,Wasserbrunnen,6,8235 Lohn SH,2917,SH,real,True,15.11.2024,2692648,1290079
100346807,10104919,471694,Wasserbrunnen,8,8235 Lohn SH,2917,SH,real,True,15.11.2024,2692661,1290097
100346808,10104919,471695,Wasserbrunnen,12,8235 Lohn SH,2917,SH,real,True,15.11.2024,2692694,1290144
100346809,10104919,471696,Wasserbrunnen,14,8235 Lohn SH,2917,SH,real,True,15.11.2024,2692713,1290168
100346810,10086755,471697,Brettlocher,16,8235 Lohn SH,2917,SH,real,True,15.11.2024,2692731,1290201
100346811,10086755,471698,Brettlocher,20,8235 Lohn SH,2917,SH,real,True,15.11.2024,2692747,1290232
100346814,10086755,471702,Brettlocher,19,8235 Lohn SH,2917,SH,real,True,15.11.2024,2692735,1290251
100346815,10086755,471703,Brettlocher,17,8235 Lohn SH,2917,SH,real,True,15.11.2024,2692717,1290237
100346816,10086755,471704,Brettlocher,15,8235 Lohn SH,2917,SH,real,True,15.11.2024,2692710,1290209
100346817,10104919,471705,Wasserbrunnen,13,8235 Lohn SH,2917,SH,real,True,15.11.2024,2692692,1290194
100346818,10104919,471706,Wasserbrunnen,11,8235 Lohn SH,2917,SH,real,True,15.11.2024,2692681,1290160
100346819,10185478,471708,Isenbühlweg,2,8235 Lohn SH,2917,SH,real,True,15.11.2024,2692392,1290066
100346820,10024957,471710,Blattenacker,9,8235 Lohn SH,2917,SH,real,True,15.11.2024,2692438,1289997
100346821,10024957,471711,Blattenacker,11,8235 Lohn SH,2917,SH,real,True,15.11.2024,2692410,1289991
100346822,10104918,471714,Rietli,1,8235 Lohn SH,2917,SH,real,True,15.11.2024,2692354,1289944
100346823,10104918,471715,Rietli,2,8235 Lohn SH,2917,SH,real,True,15.11.2024,2692342,1289926
100346824,10072983,471716,Unterdorf,73,8235 Lohn SH,2917,SH,real,True,23.07.2024,2692407,1290140
100346826,10086756,471719,Gässli,9,8235 Lohn SH,2917,SH,real,True,15.11.2024,2692419,1290227
100346827,10086756,471720,Gässli,3,8235 Lohn SH,2917,SH,real,True,15.11.2024,2692388,1290231
100346828,10024964,471721,Rosenhügel,178,8235 Lohn SH,2917,SH,real,True,15.11.2024,2692896,1289788
100346829,10111808,471722,Im Ifang,4,8235 Lohn SH,2917,SH,real,True,15.11.2024,2692381,1290347
100346830,10024960,471723,Heerebuck,159,8235 Lohn SH,2917,SH,real,True,15.11.2024,2692664,1289312
100346831,10024960,471724,Heerebuck,116,8235 Lohn SH,2917,SH,real,True,15.11.2024,2692727,1289331
100346832,10024960,471727,Heerebuck,125,8235 Lohn SH,2917,SH,real,True,15.11.2024,2692815,1289347
100346833,10024962,471732,Oberer Studsteig,133,8235 Lohn SH,2917,SH,real,True,15.11.2024,2692999,1289396
100346834,10024962,471733,Oberer Studsteig,137,8235 Lohn SH,2917,SH,real,True,15.11.2024,2693049,1289387
100346835,10024962,471734,Oberer Studsteig,143,8235 Lohn SH,2917,SH,real,True,15.11.2024,2693077,1289402
100346836,10024963,471735,Rebacker,155,8235 Lohn SH,2917,SH,real,True,15.11.2024,2693098,1289415
100346837,10122737,471736,Studesteig,138,8235 Lohn SH,2917,SH,real,True,15.11.2024,2693109,1289375
100346838,10087036,471738,Unterer Studsteig,131,8235 Lohn SH,2917,SH,real,True,15.11.2024,2693186,1289368
100346839,10024967,471740,Birkenstrasse,2,8236 Opfertshofen SH,2920,SH,real,True,15.11.2024,2691680,1292663
100346840,10024967,471741,Birkenstrasse,6,8236 Opfertshofen SH,2920,SH,real,True,15.11.2024,2691612,1292685
100346841,10024969,471742,Püntstrasse,15,8236 Opfertshofen SH,2920,SH,real,True,15.11.2024,2691632,1292662
100346842,10024969,471743,Püntstrasse,13,8236 Opfertshofen SH,2920,SH,real,True,15.11.2024,2691600,1292625
100346843,10024969,471745,Püntstrasse,9,8236 Opfertshofen SH,2920,SH,real,True,15.11.2024,2691587,1292562
100346845,10237810,471749,Dorfstrasse,10,8236 Opfertshofen SH,2920,SH,real,True,15.11.2024,2691698,1292597
100346846,10237810,471750,Dorfstrasse,12,8236 Opfertshofen SH,2920,SH,real,True,15.11.2024,2691701,1292572
100346847,10237810,471751,Dorfstrasse,14,8236 Opfertshofen SH,2920,SH,real,True,15.11.2024,2691705,1292546
100346848,10237810,471752,Dorfstrasse,20,8236 Opfertshofen SH,2920,SH,real,True,15.11.2024,2691665,1292507
100346849,10237810,471753,Dorfstrasse,22,8236 Opfertshofen SH,2920,SH,real,True,15.11.2024,2691645,1292489
100346850,10237810,471754,Dorfstrasse,24,8236 Opfertshofen SH,2920,SH,real,True,15.11.2024,2691638,1292484
100346851,10024969,471755,Püntstrasse,2,8236 Opfertshofen SH,2920,SH,real,True,15.11.2024,2691609,1292474
100346852,10024969,471756,Püntstrasse,1,8236 Opfertshofen SH,2920,SH,real,True,15.11.2024,2691599,1292463
100346853,10237810,471757,Dorfstrasse,26,8236 Opfertshofen SH,2920,SH,real,True,15.11.2024,2691602,1292435
100346854,10237810,471758,Dorfstrasse,28,8236 Opfertshofen SH,2920,SH,real,True,15.11.2024,2691595,1292429
100346855,10237810,471759,Dorfstrasse,36,8236 Opfertshofen SH,2920,SH,real,True,15.11.2024,2691527,1292342
100346856,10237810,471760,Dorfstrasse,38,8236 Opfertshofen SH,2920,SH,real,True,15.11.2024,2691516,1292333
100346857,10237821,471761,Zollstrasse,1,8236 Opfertshofen SH,2920,SH,real,True,15.11.2024,2691482,1292313
100346858,10237821,471762,Zollstrasse,2,8236 Opfertshofen SH,2920,SH,real,True,15.11.2024,2691480,1292342
100346859,10072984,471763,Bützistrasse,18,8236 Opfertshofen SH,2920,SH,real,True,15.11.2024,2691453,1292381
100346860,10237810,471765,Dorfstrasse,42,8236 Opfertshofen SH,2920,SH,real,True,15.11.2024,2691453,1292193
100346861,10237810,471766,Dorfstrasse,35,8236 Opfertshofen SH,2920,SH,real,True,15.11.2024,2691516,1292310
100346862,10237810,471768,Dorfstrasse,29,8236 Opfertshofen SH,2920,SH,real,True,15.11.2024,2691602,1292407
100346863,10237810,471769,Dorfstrasse,23,8236 Opfertshofen SH,2920,SH,real,True,15.11.2024,2691640,1292452
100346865,10237810,471771,Dorfstrasse,19,8236 Opfertshofen SH,2920,SH,real,True,15.11.2024,2691684,1292505
100346866,10237810,471772,Dorfstrasse,15,8236 Opfertshofen SH,2920,SH,real,True,15.11.2024,2691702,1292520
100346867,10237810,471773,Dorfstrasse,13,8236 Opfertshofen SH,2920,SH,real,True,15.11.2024,2691728,1292554
100346868,10237810,471774,Dorfstrasse,9,8236 Opfertshofen SH,2920,SH,real,True,15.11.2024,2691733,1292604
100346869,10237810,471775,Dorfstrasse,7,8236 Opfertshofen SH,2920,SH,real,True,15.11.2024,2691709,1292654
100346870,10237810,471776,Dorfstrasse,5,8236 Opfertshofen SH,2920,SH,real,True,15.11.2024,2691712,1292691
100346871,10054976,471777,Chrailerstrasse,63,8236 Opfertshofen SH,2920,SH,real,True,15.11.2024,2692204,1291898
100346872,10072985,471778,Reiathof,38,8236 Opfertshofen SH,2920,SH,real,True,15.11.2024,2690944,1291590
100346873,10072985,471779,Reiathof,39,8236 Opfertshofen SH,2920,SH,real,True,15.11.2024,2690935,1291586
100346874,10072985,471780,Reiathof,40,8236 Opfertshofen SH,2920,SH,real,True,15.11.2024,2690927,1291582
100346875,10185480,471782,Im Büel,5,8234 Stetten SH,2919,SH,real,True,15.11.2024,2691668,1288745
100346876,10185480,471783,Im Büel,7,8234 Stetten SH,2919,SH,real,True,15.11.2024,2691663,1288751
100346877,10185480,471784,Im Büel,9,8234 Stetten SH,2919,SH,real,True,15.11.2024,2691648,1288765
100346878,10185480,471785,Im Büel,11,8234 Stetten SH,2919,SH,real,True,15.11.2024,2691643,1288769
100346879,10185480,471786,Im Büel,13,8234 Stetten SH,2919,SH,real,True,15.11.2024,2691639,1288773
100346880,10185480,471787,Im Büel,15,8234 Stetten SH,2919,SH,real,True,15.11.2024,2691628,1288798
100346881,10185480,471788,Im Büel,17,8234 Stetten SH,2919,SH,real,True,15.11.2024,2691634,1288797
100346882,10185480,471789,Im Büel,19,8234 Stetten SH,2919,SH,real,True,15.11.2024,2691676,1288774
100346883,10185480,471790,Im Büel,21,8234 Stetten SH,2919,SH,real,True,15.11.2024,2691681,1288769
100346884,10185480,471791,Im Büel,23,8234 Stetten SH,2919,SH,real,True,15.11.2024,2691693,1288758
100346885,10185480,471793,Im Büel,2,8234 Stetten SH,2919,SH,real,True,15.11.2024,2691705,1288709
100346886,10018458,473071,Hägliweg,8,8222 Beringen,2932,SH,real,True,15.11.2024,2685905,1283557
100346887,10018468,473072,Schwärziweg,20,8222 Beringen,2932,SH,real,True,15.11.2024,2685927,1283562
100346888,10018468,473073,Schwärziweg,22,8222 Beringen,2932,SH,real,True,15.11.2024,2685953,1283564
100346889,10018468,473074,Schwärziweg,24,8222 Beringen,2932,SH,real,True,15.11.2024,2685977,1283568
100346890,10018468,473075,Schwärziweg,26,8222 Beringen,2932,SH,real,True,15.11.2024,2685999,1283570
100346891,10018468,473076,Schwärziweg,28,8222 Beringen,2932,SH,real,True,15.11.2024,2686025,1283572
100346892,10018468,473078,Schwärziweg,32,8222 Beringen,2932,SH,real,True,15.11.2024,2686064,1283574
100346893,10018468,473079,Schwärziweg,34,8222 Beringen,2932,SH,real,True,15.11.2024,2686083,1283574
100347330,10025640,471814,Staaringelackerstrasse,15,8234 Stetten SH,2919,SH,real,True,15.11.2024,2691758,1288860
100347331,10025640,471815,Staaringelackerstrasse,13,8234 Stetten SH,2919,SH,real,True,15.11.2024,2691763,1288828
100347332,10025640,471816,Staaringelackerstrasse,17,8234 Stetten SH,2919,SH,real,True,15.11.2024,2691756,1288892
100347333,10024975,471818,Lohnemerstrasse,35,8234 Stetten SH,2919,SH,real,True,15.11.2024,2691787,1288926
100347334,10024975,471819,Lohnemerstrasse,33,8234 Stetten SH,2919,SH,real,True,15.11.2024,2691793,1288900
100347335,10024975,471822,Lohnemerstrasse,27,8234 Stetten SH,2919,SH,real,True,15.11.2024,2691809,1288818
100347336,10024975,471823,Lohnemerstrasse,21,8234 Stetten SH,2919,SH,real,True,15.11.2024,2691831,1288756
100347337,10024975,471824,Lohnemerstrasse,19,8234 Stetten SH,2919,SH,real,True,15.11.2024,2691836,1288728
100347338,10024975,471825,Lohnemerstrasse,17,8234 Stetten SH,2919,SH,real,True,15.11.2024,2691836,1288699
100347339,10185480,471826,Im Büel,1,8234 Stetten SH,2919,SH,real,True,15.11.2024,2691687,1288726
100347340,10024971,471827,Eichhof,115,8234 Stetten SH,2919,SH,real,True,15.11.2024,2691020,1288560
100347341,10025643,471828,Vrenehof,205,8234 Stetten SH,2919,SH,real,True,15.11.2024,2691200,1288273
100347342,10104498,471829,Brunnenhof,112,8234 Stetten SH,2919,SH,real,True,15.11.2024,2690859,1288036
100347343,10072987,471831,Erdenhof,54a,8234 Stetten SH,2919,SH,real,True,15.11.2024,2690643,1288020
100347344,10024975,471834,Lohnemerstrasse,9,8234 Stetten SH,2919,SH,real,True,15.11.2024,2691836,1288596
100347345,10024970,471837,Dorfstrasse,8,8234 Stetten SH,2919,SH,real,True,15.11.2024,2691794,1288456
100347346,10024970,471838,Dorfstrasse,10,8234 Stetten SH,2919,SH,real,True,15.11.2024,2691801,1288494
100347347,10024970,471840,Dorfstrasse,16,8234 Stetten SH,2919,SH,real,True,15.11.2024,2691777,1288448
100347348,10024970,471844,Dorfstrasse,30,8234 Stetten SH,2919,SH,real,True,15.11.2024,2691675,1288382
100347349,10087041,471845,Obere Wassergasse,6,8234 Stetten SH,2919,SH,real,True,15.11.2024,2691636,1288445
100347350,10126724,471846,Hofwis,10,8234 Stetten SH,2919,SH,real,True,15.11.2024,2691621,1288407
100347351,10087041,471847,Obere Wassergasse,1,8234 Stetten SH,2919,SH,real,True,15.11.2024,2691662,1288366
100347352,10024970,471848,Dorfstrasse,32,8234 Stetten SH,2919,SH,real,True,15.11.2024,2691632,1288354
100347353,10024970,471849,Dorfstrasse,34,8234 Stetten SH,2919,SH,real,True,15.11.2024,2691614,1288345
100347354,10024970,471850,Dorfstrasse,36,8234 Stetten SH,2919,SH,real,True,15.11.2024,2691597,1288336
100347355,10024970,471854,Dorfstrasse,25,8234 Stetten SH,2919,SH,real,True,15.11.2024,2691577,1288298
100347356,10024970,471857,Dorfstrasse,19,8234 Stetten SH,2919,SH,real,True,15.11.2024,2691634,1288328
100347357,10024970,471860,Dorfstrasse,13,8234 Stetten SH,2919,SH,real,True,15.11.2024,2691683,1288364
100347358,10024970,471861,Dorfstrasse,11,8234 Stetten SH,2919,SH,real,True,15.11.2024,2691701,1288376
100347359,10024970,471863,Dorfstrasse,7,8234 Stetten SH,2919,SH,real,True,15.11.2024,2691733,1288402
100347360,10024970,471864,Dorfstrasse,5,8234 Stetten SH,2919,SH,real,True,15.11.2024,2691784,1288437
100347361,10024970,471865,Dorfstrasse,3,8234 Stetten SH,2919,SH,real,True,15.11.2024,2691807,1288446
100347362,10024970,471866,Dorfstrasse,1,8234 Stetten SH,2919,SH,real,True,15.11.2024,2691836,1288453
100347363,10024976,471869,Rotackerstrasse,2,8234 Stetten SH,2919,SH,real,True,15.11.2024,2691851,1288464
100347364,10024976,471870,Rotackerstrasse,4,8234 Stetten SH,2919,SH,real,True,15.11.2024,2691856,1288466
100347365,10024976,471872,Rotackerstrasse,8,8234 Stetten SH,2919,SH,real,True,15.11.2024,2691870,1288471
100347366,10024976,471873,Rotackerstrasse,14,8234 Stetten SH,2919,SH,real,True,15.11.2024,2691895,1288521
100347367,10024976,471874,Rotackerstrasse,16,8234 Stetten SH,2919,SH,real,True,15.11.2024,2691911,1288543
100347368,10024976,471875,Rotackerstrasse,18,8234 Stetten SH,2919,SH,real,True,15.11.2024,2691938,1288560
100347369,10024976,471876,Rotackerstrasse,9,8234 Stetten SH,2919,SH,real,True,15.11.2024,2691893,1288562
100347370,10024976,471878,Rotackerstrasse,5,8234 Stetten SH,2919,SH,real,True,15.11.2024,2691880,1288562
100347371,10024970,471880,Dorfstrasse,18,8234 Stetten SH,2919,SH,real,True,15.11.2024,2691762,1288473
100347372,10087042,471881,Schlossstrasse,6,8234 Stetten SH,2919,SH,real,True,15.11.2024,2691854,1288414
100347373,10024973,471882,Im Oberen Gruetbuck,84.1,8234 Stetten SH,2919,SH,real,True,23.07.2024,2692365,1288960
100347374,10087040,471883,Im Santenbüel,1,8234 Stetten SH,2919,SH,real,True,15.11.2024,2692204,1288513
100347375,10087040,471884,Im Santenbüel,3,8234 Stetten SH,2919,SH,real,True,15.11.2024,2692204,1288545
100347376,10087040,471885,Im Santenbüel,5,8234 Stetten SH,2919,SH,real,True,15.11.2024,2692201,1288570
100347377,10024976,471886,Rotackerstrasse,26,8234 Stetten SH,2919,SH,real,True,15.11.2024,2692134,1288572
100347379,10024974,471889,Im Staanacker,1,8234 Stetten SH,2919,SH,real,True,15.11.2024,2691743,1288203
100347380,10104921,471890,Staanackerstrasse,5,8234 Stetten SH,2919,SH,real,True,15.11.2024,2691730,1288241
100347382,10186332,470348,Talhof,103,8224 Löhningen,2903,SH,real,True,15.11.2024,2683579,1284724
100347383,10026337,470349,Bergheim,104,8224 Löhningen,2903,SH,real,True,15.11.2024,2683430,1284715
100347384,10091171,470350,Rössligasse,37,8224 Löhningen,2903,SH,real,True,15.11.2024,2683642,1284204
100347385,10091170,470352,Oberdorf,10,8224 Löhningen,2903,SH,real,True,15.11.2024,2683569,1284198
100347386,10068434,470355,Schützengasse,35,8224 Löhningen,2903,SH,real,True,15.11.2024,2683509,1284264
100347425,10118350,470001,Chapfstrasse,5,8214 Gächlingen,2901,SH,real,True,15.11.2024,2679711,1284583
100347426,10118350,470002,Chapfstrasse,4,8214 Gächlingen,2901,SH,real,True,15.11.2024,2679762,1284600
100347427,10118350,470003,Chapfstrasse,8,8214 Gächlingen,2901,SH,real,True,15.11.2024,2679721,1284616
100347428,10118350,470005,Chapfstrasse,12,8214 Gächlingen,2901,SH,real,True,15.11.2024,2679669,1284625
100347429,10118350,470006,Chapfstrasse,11,8214 Gächlingen,2901,SH,real,True,15.11.2024,2679647,1284604
100347430,10114701,470008,Im Chapf,11,8214 Gächlingen,2901,SH,real,True,15.11.2024,2679707,1284653
100347431,10114701,470009,Im Chapf,9,8214 Gächlingen,2901,SH,real,True,15.11.2024,2679731,1284653
100347432,10114701,470010,Im Chapf,7,8214 Gächlingen,2901,SH,real,True,15.11.2024,2679744,1284649
100347433,10072986,471935,Braatistrasse,3,8234 Stetten SH,2919,SH,real,True,15.11.2024,2691691,1288160
100347434,10072986,471936,Braatistrasse,5,8234 Stetten SH,2919,SH,real,True,15.11.2024,2691656,1288151
100347435,10072986,471937,Braatistrasse,8,8234 Stetten SH,2919,SH,real,True,15.11.2024,2691624,1288175
100347436,10072986,471939,Braatistrasse,10,8234 Stetten SH,2919,SH,real,True,15.11.2024,2691594,1288162
100347437,10072986,471940,Braatistrasse,12,8234 Stetten SH,2919,SH,real,True,15.11.2024,2691575,1288135
100347438,10072986,471941,Braatistrasse,21,8234 Stetten SH,2919,SH,real,True,15.11.2024,2691565,1288066
100347439,10072986,471943,Braatistrasse,25,8234 Stetten SH,2919,SH,real,True,15.11.2024,2691531,1288022
100347440,10072986,471944,Braatistrasse,18,8234 Stetten SH,2919,SH,real,True,15.11.2024,2691509,1288055
100347441,10087043,471949,Tubackackerstrasse,27,8234 Stetten SH,2919,SH,real,True,15.11.2024,2691523,1287954
100347442,10087043,471950,Tubackackerstrasse,21,8234 Stetten SH,2919,SH,real,True,15.11.2024,2691563,1287931
100347443,10087043,471952,Tubackackerstrasse,12,8234 Stetten SH,2919,SH,real,True,15.11.2024,2691603,1288047
100347444,10087043,471954,Tubackackerstrasse,8,8234 Stetten SH,2919,SH,real,True,15.11.2024,2691623,1288030
100347445,10087043,471955,Tubackackerstrasse,10,8234 Stetten SH,2919,SH,real,True,15.11.2024,2691618,1288033
100347446,10087043,471956,Tubackackerstrasse,14,8234 Stetten SH,2919,SH,real,True,15.11.2024,2691598,1288051
100347447,10087043,471957,Tubackackerstrasse,16,8234 Stetten SH,2919,SH,real,True,15.11.2024,2691611,1288005
100347448,10087043,471958,Tubackackerstrasse,18,8234 Stetten SH,2919,SH,real,True,15.11.2024,2691606,1288008
100347449,10087043,471959,Tubackackerstrasse,22,8234 Stetten SH,2919,SH,real,True,15.11.2024,2691582,1288028
100347450,10072988,471960,Im Tubackacker,6,8234 Stetten SH,2919,SH,real,True,15.11.2024,2691636,1288048
100347452,10072988,471963,Im Tubackacker,4,8234 Stetten SH,2919,SH,real,True,15.11.2024,2691633,1288091
100347453,10072988,471964,Im Tubackacker,3,8234 Stetten SH,2919,SH,real,True,15.11.2024,2691651,1288105
100347454,10072988,471965,Im Tubackacker,1,8234 Stetten SH,2919,SH,real,True,15.11.2024,2691669,1288082
100347455,10087043,471966,Tubackackerstrasse,5,8234 Stetten SH,2919,SH,real,True,15.11.2024,2691718,1288092
100347456,10087043,471967,Tubackackerstrasse,9,8234 Stetten SH,2919,SH,real,True,15.11.2024,2691678,1288039
100347457,10087043,471969,Tubackackerstrasse,3,8234 Stetten SH,2919,SH,real,True,15.11.2024,2691733,1288113
100347458,10111810,471972,Buechackerstrasse,6,8234 Stetten SH,2919,SH,real,True,15.11.2024,2691827,1288112
100347459,10111810,471973,Buechackerstrasse,4,8234 Stetten SH,2919,SH,real,True,15.11.2024,2691811,1288098
100347460,10111810,471974,Buechackerstrasse,2,8234 Stetten SH,2919,SH,real,True,15.11.2024,2691792,1288088
100347461,10087042,471975,Schlossstrasse,24,8234 Stetten SH,2919,SH,real,True,15.11.2024,2691750,1288062
100347462,10072989,471977,Neuwisenstrasse,2,8234 Stetten SH,2919,SH,real,True,15.11.2024,2691732,1288043
100347463,10072989,471978,Neuwisenstrasse,4,8234 Stetten SH,2919,SH,real,True,15.11.2024,2691707,1288020
100347464,10072989,471980,Neuwisenstrasse,14,8234 Stetten SH,2919,SH,real,True,15.11.2024,2691606,1287908
100347465,10024977,471981,Schloss Herblingen,55b,8234 Stetten SH,2919,SH,real,True,23.07.2024,2691709,1287723
100347466,10087043,471982,Tubackackerstrasse,11,8234 Stetten SH,2919,SH,real,True,15.11.2024,2691663,1288021
100347580,10018468,473080,Schwärziweg,27,8222 Beringen,2932,SH,real,True,15.11.2024,2685981,1283607
100347581,10018468,473081,Schwärziweg,25,8222 Beringen,2932,SH,real,True,15.11.2024,2685955,1283586
100347582,10186339,473083,Gellerstrasse,98,8222 Beringen,2932,SH,real,True,15.11.2024,2685932,1283637
100347583,10186339,473084,Gellerstrasse,100,8222 Beringen,2932,SH,real,True,15.11.2024,2685949,1283634
100347584,10186339,473085,Gellerstrasse,106,8222 Beringen,2932,SH,real,True,15.11.2024,2686006,1283637
100347585,10186339,473086,Gellerstrasse,108,8222 Beringen,2932,SH,real,True,15.11.2024,2686029,1283646
100347586,10186339,473087,Gellerstrasse,116,8222 Beringen,2932,SH,real,True,15.11.2024,2686093,1283662
100347587,10186339,473088,Gellerstrasse,120,8222 Beringen,2932,SH,real,True,15.11.2024,2686147,1283671
100347588,10186340,473091,Schaffhauserstrasse,76,8222 Beringen,2932,SH,real,True,15.11.2024,2685925,1283468
100347589,10110810,473093,Neuweg,42,8222 Beringen,2932,SH,real,True,15.11.2024,2685724,1283713
100347592,10110810,473097,Neuweg,58,8222 Beringen,2932,SH,real,True,15.11.2024,2685879,1283708
100347593,10110810,473098,Neuweg,62,8222 Beringen,2932,SH,real,True,15.11.2024,2685904,1283707
100347594,10110810,473099,Neuweg,64,8222 Beringen,2932,SH,real,True,15.11.2024,2685924,1283704
100347595,10110810,473100,Neuweg,66,8222 Beringen,2932,SH,real,True,15.11.2024,2685945,1283702
100347596,10018466,473101,Rain,2,8222 Beringen,2932,SH,real,True,15.11.2024,2685976,1283701
100347597,10110810,473102,Neuweg,72,8222 Beringen,2932,SH,real,True,15.11.2024,2686021,1283726
100347598,10018466,473103,Rain,4,8222 Beringen,2932,SH,real,True,15.11.2024,2686003,1283699
100347599,10018466,473104,Rain,8,8222 Beringen,2932,SH,real,True,15.11.2024,2686040,1283693
100347600,10018466,473105,Rain,9,8222 Beringen,2932,SH,real,True,15.11.2024,2686052,1283724
100347601,10018466,473106,Rain,11,8222 Beringen,2932,SH,real,True,15.11.2024,2686081,1283713
100347602,10018466,473107,Rain,12,8222 Beringen,2932,SH,real,True,15.11.2024,2686073,1283695
100347603,10018466,473108,Rain,13,8222 Beringen,2932,SH,real,True,15.11.2024,2686104,1283717
100347604,10018466,473109,Rain,15,8222 Beringen,2932,SH,real,True,15.11.2024,2686135,1283709
100347605,10018466,473110,Rain,16,8222 Beringen,2932,SH,real,True,15.11.2024,2686122,1283693
100347606,10018466,473111,Rain,19,8222 Beringen,2932,SH,real,True,15.11.2024,2686156,1283704
100347607,10186339,473114,Gellerstrasse,93,8222 Beringen,2932,SH,real,True,15.11.2024,2685924,1283665
100347608,10186339,473116,Gellerstrasse,89,8222 Beringen,2932,SH,real,True,15.11.2024,2685874,1283671
100347609,10186339,473119,Gellerstrasse,83,8222 Beringen,2932,SH,real,True,15.11.2024,2685824,1283681
100347610,10186339,473120,Gellerstrasse,82,8222 Beringen,2932,SH,real,True,15.11.2024,2685818,1283649
100347611,10186339,473121,Gellerstrasse,80,8222 Beringen,2932,SH,real,True,15.11.2024,2685800,1283651
100347612,10186339,473122,Gellerstrasse,78,8222 Beringen,2932,SH,real,True,15.11.2024,2685782,1283655
100347613,10186339,473123,Gellerstrasse,76,8222 Beringen,2932,SH,real,True,15.11.2024,2685766,1283656
100347614,10186339,473125,Gellerstrasse,73,8222 Beringen,2932,SH,real,True,15.11.2024,2685748,1283685
100347615,10186339,473126,Gellerstrasse,72,8222 Beringen,2932,SH,real,True,15.11.2024,2685731,1283656
100347616,10018468,473129,Schwärziweg,2,8222 Beringen,2932,SH,real,True,15.11.2024,2685746,1283568
100347617,10018468,473132,Schwärziweg,5,8222 Beringen,2932,SH,real,True,15.11.2024,2685784,1283605
100347618,10018468,473133,Schwärziweg,7,8222 Beringen,2932,SH,real,True,15.11.2024,2685803,1283605
100347619,10018468,473134,Schwärziweg,9,8222 Beringen,2932,SH,real,True,15.11.2024,2685822,1283604
100347620,10018468,473137,Schwärziweg,13,8222 Beringen,2932,SH,real,True,15.11.2024,2685845,1283609
100347621,10018468,473138,Schwärziweg,12,8222 Beringen,2932,SH,real,True,15.11.2024,2685835,1283558
100347622,10018468,473139,Schwärziweg,17,8222 Beringen,2932,SH,real,True,15.11.2024,2685878,1283598
100347623,10018468,473140,Schwärziweg,14,8222 Beringen,2932,SH,real,True,15.11.2024,2685856,1283554
100347624,10018468,473141,Schwärziweg,15,8222 Beringen,2932,SH,real,True,15.11.2024,2685859,1283576
100347625,10018468,473142,Schwärziweg,16,8222 Beringen,2932,SH,real,True,15.11.2024,2685878,1283558
100347626,10186340,473144,Schaffhauserstrasse,69,8222 Beringen,2932,SH,real,True,15.11.2024,2685865,1283495
100347627,10186340,473145,Schaffhauserstrasse,67,8222 Beringen,2932,SH,real,True,15.11.2024,2685844,1283496
100347628,10186340,473146,Schaffhauserstrasse,65,8222 Beringen,2932,SH,real,True,15.11.2024,2685822,1283502
100347629,10186340,473148,Schaffhauserstrasse,59,8222 Beringen,2932,SH,real,True,15.11.2024,2685766,1283519
100347631,10018462,473152,Oberberg,43,8222 Beringen,2932,SH,real,True,15.11.2024,2686041,1283834
100347632,10018462,473153,Oberberg,41,8222 Beringen,2932,SH,real,True,15.11.2024,2686004,1283842
100347633,10018462,473156,Oberberg,36,8222 Beringen,2932,SH,real,True,15.11.2024,2685947,1283842
100347634,10018462,473157,Oberberg,35,8222 Beringen,2932,SH,real,True,15.11.2024,2685946,1283865
100347635,10018462,473158,Oberberg,30,8222 Beringen,2932,SH,real,True,15.11.2024,2685881,1283879
100347639,10018462,473160,Oberberg,6,8222 Beringen,2932,SH,real,True,15.11.2024,2685606,1283839
100347640,10018462,473161,Oberberg,2,8222 Beringen,2932,SH,real,True,15.11.2024,2685558,1283836
100347641,10018464,473162,Oberstieg,2,8222 Beringen,2932,SH,real,True,15.11.2024,2685559,1283802
100347642,10018464,473164,Oberstieg,4,8222 Beringen,2932,SH,real,True,15.11.2024,2685580,1283803
100347643,10018464,473165,Oberstieg,6,8222 Beringen,2932,SH,real,True,15.11.2024,2685601,1283802
100347644,10018464,473166,Oberstieg,9,8222 Beringen,2932,SH,real,True,15.11.2024,2685638,1283821
100347645,10018464,473167,Oberstieg,10,8222 Beringen,2932,SH,real,True,15.11.2024,2685644,1283801
100347646,10018462,473168,Oberberg,10,8222 Beringen,2932,SH,real,True,15.11.2024,2685676,1283840
100347647,10018464,473169,Oberstieg,13,8222 Beringen,2932,SH,real,True,15.11.2024,2685702,1283829
100347648,10018464,473171,Oberstieg,24,8222 Beringen,2932,SH,real,True,15.11.2024,2685807,1283805
100347649,10018464,473172,Oberstieg,28,8222 Beringen,2932,SH,real,True,15.11.2024,2685853,1283814
100347650,10018464,473174,Oberstieg,31,8222 Beringen,2932,SH,real,True,15.11.2024,2685898,1283822
100347651,10018464,473175,Oberstieg,33,8222 Beringen,2932,SH,real,True,15.11.2024,2685920,1283813
100347652,10018464,473178,Oberstieg,40,8222 Beringen,2932,SH,real,True,15.11.2024,2685985,1283770
100347653,10019554,473179,Unterstieg,35,8222 Beringen,2932,SH,real,True,15.11.2024,2685944,1283747
100347654,10019554,473180,Unterstieg,34,8222 Beringen,2932,SH,real,True,15.11.2024,2685925,1283740
100347655,10019554,473182,Unterstieg,31,8222 Beringen,2932,SH,real,True,15.11.2024,2685906,1283763
100347656,10019554,473183,Unterstieg,25,8222 Beringen,2932,SH,real,True,15.11.2024,2685854,1283774
100347657,10019554,473184,Unterstieg,23,8222 Beringen,2932,SH,real,True,15.11.2024,2685828,1283775
100347658,10019554,473185,Unterstieg,21,8222 Beringen,2932,SH,real,True,15.11.2024,2685809,1283774
100347667,10068434,470356,Schützengasse,37,8224 Löhningen,2903,SH,real,True,15.11.2024,2683487,1284267
100347668,10068434,470357,Schützengasse,41,8224 Löhningen,2903,SH,real,True,15.11.2024,2683489,1284372
100347669,10068434,470358,Schützengasse,43,8224 Löhningen,2903,SH,real,True,15.11.2024,2683478,1284411
100347670,10114702,470359,Lättenhag,3,8224 Löhningen,2903,SH,real,True,15.11.2024,2683459,1284381
100347671,10114702,470360,Lättenhag,5,8224 Löhningen,2903,SH,real,True,15.11.2024,2683425,1284383
100347672,10185466,470361,Quellenweg,3,8224 Löhningen,2903,SH,real,True,15.11.2024,2683445,1284418
100347673,10185466,470362,Quellenweg,7,8224 Löhningen,2903,SH,real,True,15.11.2024,2683362,1284383
100347674,10185466,470363,Quellenweg,9,8224 Löhningen,2903,SH,real,True,15.11.2024,2683337,1284392
100347675,10068432,470364,Lättenstrasse,7,8224 Löhningen,2903,SH,real,True,15.11.2024,2683566,1284293
100347676,10068432,470365,Lättenstrasse,9,8224 Löhningen,2903,SH,real,True,15.11.2024,2683537,1284296
100347677,10068432,470366,Lättenstrasse,11,8224 Löhningen,2903,SH,real,True,15.11.2024,2683503,1284298
100347678,10068432,470367,Lättenstrasse,13,8224 Löhningen,2903,SH,real,True,15.11.2024,2683485,1284301
100347679,10068432,470368,Lättenstrasse,14,8224 Löhningen,2903,SH,real,True,15.11.2024,2683467,1284336
100347680,10019554,473187,Unterstieg,17,8222 Beringen,2932,SH,real,True,15.11.2024,2685757,1283787
100347681,10019554,473188,Unterstieg,13,8222 Beringen,2932,SH,real,True,15.11.2024,2685703,1283791
100347682,10019554,473189,Unterstieg,11,8222 Beringen,2932,SH,real,True,15.11.2024,2685676,1283771
100347683,10019554,473193,Unterstieg,5,8222 Beringen,2932,SH,real,True,15.11.2024,2685600,1283762
100347684,10019554,473194,Unterstieg,3,8222 Beringen,2932,SH,real,True,15.11.2024,2685578,1283768
100347685,10110810,473196,Neuweg,45,8222 Beringen,2932,SH,real,True,15.11.2024,2685741,1283749
100347686,10110810,473198,Neuweg,49,8222 Beringen,2932,SH,real,True,15.11.2024,2685786,1283745
100347687,10110810,473199,Neuweg,51,8222 Beringen,2932,SH,real,True,15.11.2024,2685813,1283738
100347688,10110810,473204,Neuweg,73,8222 Beringen,2932,SH,real,True,15.11.2024,2686022,1283748
100347689,10186339,473207,Gellerstrasse,58,8222 Beringen,2932,SH,real,True,15.11.2024,2685632,1283641
100347690,10186339,473208,Gellerstrasse,54,8222 Beringen,2932,SH,real,True,15.11.2024,2685596,1283631
100347691,10186339,473209,Gellerstrasse,56,8222 Beringen,2932,SH,real,True,15.11.2024,2685613,1283636
100347692,10186339,473210,Gellerstrasse,46,8222 Beringen,2932,SH,real,True,15.11.2024,2685530,1283604
100347693,10186339,473211,Gellerstrasse,32,8222 Beringen,2932,SH,real,True,15.11.2024,2685419,1283586
100347694,10186339,473212,Gellerstrasse,28,8222 Beringen,2932,SH,real,True,15.11.2024,2685386,1283604
100347695,10186339,473213,Gellerstrasse,8,8222 Beringen,2932,SH,real,True,15.11.2024,2685265,1283669
100347696,10019553,473215,Unterdorf,36,8222 Beringen,2932,SH,real,True,15.11.2024,2685222,1283642
100347697,10019553,473216,Unterdorf,34,8222 Beringen,2932,SH,real,True,15.11.2024,2685233,1283632
100347699,10073642,473218,Löwenhof,4,8222 Beringen,2932,SH,real,True,15.11.2024,2685268,1283625
100347700,10073642,473219,Löwenhof,6,8222 Beringen,2932,SH,real,True,15.11.2024,2685289,1283633
100347701,10073642,473220,Löwenhof,7,8222 Beringen,2932,SH,real,True,15.11.2024,2685298,1283634
100347702,10073642,473221,Löwenhof,8,8222 Beringen,2932,SH,real,True,15.11.2024,2685292,1283626
100347704,10186340,473225,Schaffhauserstrasse,53,8222 Beringen,2932,SH,real,True,15.11.2024,2685704,1283522
100347705,10186340,473226,Schaffhauserstrasse,51,8222 Beringen,2932,SH,real,True,15.11.2024,2685703,1283568
100347706,10186340,473227,Schaffhauserstrasse,49,8222 Beringen,2932,SH,real,True,15.11.2024,2685691,1283595
100347707,10186340,473228,Schaffhauserstrasse,45,8222 Beringen,2932,SH,real,True,15.11.2024,2685655,1283581
100347708,10186340,473229,Schaffhauserstrasse,39,8222 Beringen,2932,SH,real,True,15.11.2024,2685617,1283574
100347709,10186340,473232,Schaffhauserstrasse,37,8222 Beringen,2932,SH,real,True,15.11.2024,2685607,1283532
100347710,10186340,473233,Schaffhauserstrasse,35,8222 Beringen,2932,SH,real,True,15.11.2024,2685591,1283557
100347711,10186340,473234,Schaffhauserstrasse,33,8222 Beringen,2932,SH,real,True,15.11.2024,2685582,1283577
100347712,10186340,473235,Schaffhauserstrasse,31,8222 Beringen,2932,SH,real,True,15.11.2024,2685564,1283516
100347713,10186340,473238,Schaffhauserstrasse,3,8222 Beringen,2932,SH,real,True,15.11.2024,2685385,1283492
100347714,10186340,473239,Schaffhauserstrasse,1,8222 Beringen,2932,SH,real,True,15.11.2024,2685362,1283495
100347715,10019553,473240,Unterdorf,2,8222 Beringen,2932,SH,real,True,15.11.2024,2685332,1283506
100347717,10019553,473242,Unterdorf,18,8222 Beringen,2932,SH,real,True,15.11.2024,2685295,1283562
100347718,10019553,473244,Unterdorf,26,8222 Beringen,2932,SH,real,True,15.11.2024,2685272,1283584
100347719,10149588,473246,Wiesentalwegli,3,8222 Beringen,2932,SH,real,True,15.11.2024,2685472,1283558
100347720,10149588,473248,Wiesentalwegli,5,8222 Beringen,2932,SH,real,True,15.11.2024,2685525,1283571
100347721,10019553,473249,Unterdorf,6,8222 Beringen,2932,SH,real,True,15.11.2024,2685307,1283528
100347723,10073642,473251,Löwenhof,10,8222 Beringen,2932,SH,real,True,15.11.2024,2685267,1283610
100347724,10110810,473254,Neuweg,38,8222 Beringen,2932,SH,real,True,15.11.2024,2685678,1283715
100347725,10110810,473255,Neuweg,36,8222 Beringen,2932,SH,real,True,15.11.2024,2685649,1283705
100347726,10110810,473256,Neuweg,30,8222 Beringen,2932,SH,real,True,15.11.2024,2685569,1283686
100347727,10110810,473258,Neuweg,25,8222 Beringen,2932,SH,real,True,15.11.2024,2685507,1283760
100347729,10110810,473260,Neuweg,21,8222 Beringen,2932,SH,real,True,15.11.2024,2685517,1283715
100347732,10110810,473264,Neuweg,15,8222 Beringen,2932,SH,real,True,15.11.2024,2685460,1283722
100347733,10110810,473265,Neuweg,13,8222 Beringen,2932,SH,real,True,15.11.2024,2685481,1283745
100347734,10110810,473269,Neuweg,7,8222 Beringen,2932,SH,real,True,15.11.2024,2685458,1283762
100347735,10110810,473270,Neuweg,5,8222 Beringen,2932,SH,real,True,15.11.2024,2685452,1283780
100347736,10110810,473271,Neuweg,4,8222 Beringen,2932,SH,real,True,15.11.2024,2685381,1283790
100347737,10110810,473272,Neuweg,2,8222 Beringen,2932,SH,real,True,15.11.2024,2685381,1283800
100347738,10110810,473273,Neuweg,1,8222 Beringen,2932,SH,real,True,15.11.2024,2685397,1283801
100347739,10120413,473274,Steig,2,8222 Beringen,2932,SH,real,True,15.11.2024,2685258,1283746
100347740,10120413,473275,Steig,4a,8222 Beringen,2932,SH,real,True,15.11.2024,2685295,1283743
100348342,10206081,475922,Ausserdorfstrasse,2,8455 Rüdlingen,2938,SH,real,True,15.11.2024,2685215,1270657
100348343,10205628,475923,Dorfstrasse,1,8455 Rüdlingen,2938,SH,real,True,15.11.2024,2685124,1270801
100348344,10205628,475924,Dorfstrasse,3,8455 Rüdlingen,2938,SH,real,True,15.11.2024,2685144,1270772
100348345,10205628,475926,Dorfstrasse,8,8455 Rüdlingen,2938,SH,real,True,15.11.2024,2685207,1270618
100348346,10205628,475927,Dorfstrasse,10,8455 Rüdlingen,2938,SH,real,True,15.11.2024,2685211,1270604
100348347,10206073,475928,Bungertstrasse,4,8455 Rüdlingen,2938,SH,real,True,15.11.2024,2685273,1270632
100348348,10205628,475929,Dorfstrasse,15,8455 Rüdlingen,2938,SH,real,True,15.11.2024,2685233,1270593
100348349,10205628,475930,Dorfstrasse,17,8455 Rüdlingen,2938,SH,real,True,15.11.2024,2685254,1270569
100348350,10019263,475931,Schnaihalde,1,8455 Rüdlingen,2938,SH,real,True,15.11.2024,2685267,1270556
100348351,10019263,475933,Schnaihalde,2,8455 Rüdlingen,2938,SH,real,True,15.11.2024,2685259,1270540
100348352,10205628,475934,Dorfstrasse,23,8455 Rüdlingen,2938,SH,real,True,15.11.2024,2685274,1270494
100348353,10186331,470552,Berggasse,2,8224 Löhningen,2903,SH,real,True,15.11.2024,2683582,1283738
100348354,10186331,470553,Berggasse,6,8224 Löhningen,2903,SH,real,True,15.11.2024,2683549,1283723
100348355,10186331,470554,Berggasse,10a,8224 Löhningen,2903,SH,real,True,15.11.2024,2683490,1283692
100348356,10186331,470555,Berggasse,10b,8224 Löhningen,2903,SH,real,True,15.11.2024,2683484,1283690
100348357,10186331,470556,Berggasse,12,8224 Löhningen,2903,SH,real,True,15.11.2024,2683514,1283667
100348358,10026338,470560,Burg,236,8224 Löhningen,2903,SH,real,True,15.11.2024,2681769,1283577
100348359,10091172,470562,Schulgasse,1,8224 Löhningen,2903,SH,real,True,15.11.2024,2683707,1283975
100348360,10091178,470563,Hintergasse,3,8213 Neunkirch,2904,SH,real,True,15.11.2024,2679737,1282695
100348361,10091178,470566,Hintergasse,9,8213 Neunkirch,2904,SH,real,True,15.11.2024,2679717,1282693
100348362,10091178,470567,Hintergasse,11,8213 Neunkirch,2904,SH,real,True,15.11.2024,2679708,1282692
100348363,10091178,470568,Hintergasse,13,8213 Neunkirch,2904,SH,real,True,15.11.2024,2679702,1282691
100348364,10091178,470571,Hintergasse,21,8213 Neunkirch,2904,SH,real,True,15.11.2024,2679644,1282683
100348365,10091178,470572,Hintergasse,23,8213 Neunkirch,2904,SH,real,True,15.11.2024,2679633,1282682
100348366,10185471,470573,Vordergasse,3,8213 Neunkirch,2904,SH,real,True,15.11.2024,2679742,1282725
100348368,10185471,470576,Vordergasse,4,8213 Neunkirch,2904,SH,real,True,15.11.2024,2679737,1282736
100348369,10091181,470577,Schaffhauserstrasse,1,8213 Neunkirch,2904,SH,real,True,15.11.2024,2679692,1282616
100348370,10091180,470578,Oberhofgasse,2,8213 Neunkirch,2904,SH,real,True,15.11.2024,2679733,1282749
100348371,10091180,470580,Oberhofgasse,6,8213 Neunkirch,2904,SH,real,True,15.11.2024,2679730,1282772
100348372,10027510,470582,Oberhof,16,8213 Neunkirch,2904,SH,real,True,15.11.2024,2679730,1282806
100348373,10027506,470584,Herrengasse,2,8213 Neunkirch,2904,SH,real,True,15.11.2024,2679718,1282793
100348374,10027506,470585,Herrengasse,4,8213 Neunkirch,2904,SH,real,True,15.11.2024,2679708,1282792
100348375,10027506,470586,Herrengasse,6,8213 Neunkirch,2904,SH,real,True,15.11.2024,2679697,1282791
100348376,10027506,470587,Herrengasse,8,8213 Neunkirch,2904,SH,real,True,15.11.2024,2679683,1282789
100348377,10027506,470588,Herrengasse,10,8213 Neunkirch,2904,SH,real,True,15.11.2024,2679671,1282788
100348378,10027506,470589,Herrengasse,14,8213 Neunkirch,2904,SH,real,True,15.11.2024,2679659,1282787
100348379,10027506,470590,Herrengasse,16,8213 Neunkirch,2904,SH,real,True,15.11.2024,2679653,1282786
100348380,10027506,470591,Herrengasse,18,8213 Neunkirch,2904,SH,real,True,15.11.2024,2679646,1282785
100348381,10027506,470593,Herrengasse,22,8213 Neunkirch,2904,SH,real,True,15.11.2024,2679630,1282784
100348382,10186928,470596,Mühlengasse,22,8213 Neunkirch,2904,SH,real,True,15.11.2024,2679642,1282758
100348383,10186928,470598,Mühlengasse,14,8213 Neunkirch,2904,SH,real,True,15.11.2024,2679677,1282761
100348384,10186928,470599,Mühlengasse,12,8213 Neunkirch,2904,SH,real,True,15.11.2024,2679684,1282761
100348385,10186928,470601,Mühlengasse,8,8213 Neunkirch,2904,SH,real,True,15.11.2024,2679694,1282762
100348386,10186928,470603,Mühlengasse,4,8213 Neunkirch,2904,SH,real,True,15.11.2024,2679705,1282763
100348387,10027506,470605,Herrengasse,1,8213 Neunkirch,2904,SH,real,True,15.11.2024,2679714,1282780
100348388,10027504,470607,Grabenstrasse,3,8213 Neunkirch,2904,SH,real,True,15.11.2024,2679658,1282631
100348389,10027504,470608,Grabenstrasse,1,8213 Neunkirch,2904,SH,real,True,15.11.2024,2679671,1282633
100348390,10027504,470609,Grabenstrasse,5,8213 Neunkirch,2904,SH,real,True,15.11.2024,2679656,1282620
100348391,10091178,470610,Hintergasse,1,8213 Neunkirch,2904,SH,real,True,15.11.2024,2679746,1282694
100348392,10185471,470611,Vordergasse,37,8213 Neunkirch,2904,SH,real,True,15.11.2024,2679543,1282706
100348393,10072961,470612,Sidehof,3,8213 Neunkirch,2904,SH,real,True,15.11.2024,2679537,1282694
100348394,10185471,470613,Vordergasse,35,8213 Neunkirch,2904,SH,real,True,15.11.2024,2679555,1282706
100348395,10185471,470614,Vordergasse,33,8213 Neunkirch,2904,SH,real,True,15.11.2024,2679566,1282707
100348396,10073644,473431,Prinzenhof,12,8222 Beringen,2932,SH,real,True,15.11.2024,2685156,1283972
100348397,10073644,473433,Prinzenhof,10,8222 Beringen,2932,SH,real,True,15.11.2024,2685142,1283958
100348398,10018467,473434,Schulberg,10,8222 Beringen,2932,SH,real,True,15.11.2024,2685183,1283836
100348400,10018463,473436,Oberdorf,19,8222 Beringen,2932,SH,real,True,15.11.2024,2685218,1283795
100348401,10018467,473437,Schulberg,1,8222 Beringen,2932,SH,real,True,15.11.2024,2685217,1283821
100348402,10018467,473438,Schulberg,3,8222 Beringen,2932,SH,real,True,15.11.2024,2685201,1283808
100348403,10018467,473439,Schulberg,9,8222 Beringen,2932,SH,real,True,15.11.2024,2685196,1283827
100348404,10018467,473440,Schulberg,11,8222 Beringen,2932,SH,real,True,15.11.2024,2685174,1283813
100348405,10073641,473441,Kirchgasse,11,8222 Beringen,2932,SH,real,True,15.11.2024,2685136,1283763
100348406,10073641,473442,Kirchgasse,10,8222 Beringen,2932,SH,real,True,15.11.2024,2685159,1283768
100348407,10118140,473444,Höfli,3,8222 Beringen,2932,SH,real,True,15.11.2024,2685194,1283779
100348408,10118140,473445,Höfli,4,8222 Beringen,2932,SH,real,True,15.11.2024,2685195,1283784
100348409,10018461,473446,Kirchgängli,10,8222 Beringen,2932,SH,real,True,15.11.2024,2685138,1283749
100348410,10073641,473448,Kirchgasse,9,8222 Beringen,2932,SH,real,True,15.11.2024,2685153,1283761
100348411,10018461,473450,Kirchgängli,2,8222 Beringen,2932,SH,real,True,15.11.2024,2685184,1283698
100348412,10018463,473451,Oberdorf,15,8222 Beringen,2932,SH,real,True,15.11.2024,2685212,1283784
100348413,10018463,473452,Oberdorf,3,8222 Beringen,2932,SH,real,True,15.11.2024,2685187,1283682
100348414,10178315,473453,Schleitheimerstrasse,6,8222 Beringen,2932,SH,real,True,15.11.2024,2685166,1283675
100348416,10018463,473456,Oberdorf,1,8222 Beringen,2932,SH,real,True,15.11.2024,2685194,1283666
100348417,10018465,473457,Postberg,18,8222 Beringen,2932,SH,real,True,15.11.2024,2685124,1283748
100348418,10018460,473458,Kehlhof,14,8222 Beringen,2932,SH,real,True,15.11.2024,2685101,1283762
100348419,10018460,473459,Kehlhof,6,8222 Beringen,2932,SH,real,True,15.11.2024,2685049,1283766
100348420,10018460,473462,Kehlhof,10,8222 Beringen,2932,SH,real,True,15.11.2024,2685082,1283771
100348421,10018460,473464,Kehlhof,1,8222 Beringen,2932,SH,real,True,15.11.2024,2685090,1283753
100348422,10178315,473465,Schleitheimerstrasse,10,8222 Beringen,2932,SH,real,True,15.11.2024,2685138,1283674
100348423,10178315,473466,Schleitheimerstrasse,16,8222 Beringen,2932,SH,real,True,15.11.2024,2685090,1283653
100348424,10118358,476014,Im vorderen Chapf,6,8455 Rüdlingen,2938,SH,real,True,15.11.2024,2684848,1270297
100348425,10118358,476015,Im vorderen Chapf,8,8455 Rüdlingen,2938,SH,real,True,15.11.2024,2684832,1270322
100348426,10118358,476016,Im vorderen Chapf,7,8455 Rüdlingen,2938,SH,real,True,15.11.2024,2684859,1270257
100348427,10118358,476017,Im vorderen Chapf,4,8455 Rüdlingen,2938,SH,real,True,15.11.2024,2684874,1270271
100348428,10118358,476019,Im vorderen Chapf,3,8455 Rüdlingen,2938,SH,real,True,15.11.2024,2684887,1270240
100348429,10118358,476020,Im vorderen Chapf,1,8455 Rüdlingen,2938,SH,real,True,15.11.2024,2684897,1270230
100348430,10018175,476021,Im oberen Chapf,2,8455 Rüdlingen,2938,SH,real,True,15.11.2024,2684927,1270206
100348431,10018175,476022,Im oberen Chapf,4,8455 Rüdlingen,2938,SH,real,True,15.11.2024,2684946,1270195
100348432,10018174,476024,Im hinderen Chapf,2,8455 Rüdlingen,2938,SH,real,True,15.11.2024,2684937,1270247
100348433,10018174,476025,Im hinderen Chapf,4,8455 Rüdlingen,2938,SH,real,True,15.11.2024,2684955,1270232
100348434,10018174,476028,Im hinderen Chapf,10,8455 Rüdlingen,2938,SH,real,True,15.11.2024,2685018,1270165
100348643,10205628,475936,Dorfstrasse,16,8455 Rüdlingen,2938,SH,real,True,15.11.2024,2685261,1270469
100348644,10205628,475937,Dorfstrasse,18a,8455 Rüdlingen,2938,SH,real,True,15.11.2024,2685274,1270450
100348645,10205628,475938,Dorfstrasse,25,8455 Rüdlingen,2938,SH,real,True,15.11.2024,2685275,1270477
100348646,10018172,475939,Hauffeld,3,8455 Rüdlingen,2938,SH,real,True,15.11.2024,2685288,1270520
100348647,10018172,475940,Hauffeld,7,8455 Rüdlingen,2938,SH,real,True,15.11.2024,2685312,1270532
100348648,10018172,475942,Hauffeld,9,8455 Rüdlingen,2938,SH,real,True,15.11.2024,2685334,1270550
100348649,10018172,475943,Hauffeld,11,8455 Rüdlingen,2938,SH,real,True,15.11.2024,2685349,1270558
100348730,10018166,474477,Zentralstrasse,108,8212 Neuhausen am Rheinfall,2937,SH,real,True,15.11.2024,2688883,1282195
100348731,10018166,474478,Zentralstrasse,110,8212 Neuhausen am Rheinfall,2937,SH,real,True,15.11.2024,2688879,1282224
100348732,10018166,474479,Zentralstrasse,112,8212 Neuhausen am Rheinfall,2937,SH,real,True,15.11.2024,2688888,1282223
100348733,10018166,474480,Zentralstrasse,114,8212 Neuhausen am Rheinfall,2937,SH,real,True,15.11.2024,2688882,1282249
100348734,10018166,474483,Zentralstrasse,78,8212 Neuhausen am Rheinfall,2937,SH,real,True,15.11.2024,2688798,1282046
100348735,10018166,474484,Zentralstrasse,96,8212 Neuhausen am Rheinfall,2937,SH,real,True,15.11.2024,2688841,1282097
100348736,10017858,474485,Echostrasse,1,8212 Neuhausen am Rheinfall,2937,SH,real,True,15.11.2024,2688831,1282022
100348737,10091245,474486,Bahnhofstrasse,15,8212 Neuhausen am Rheinfall,2937,SH,real,True,15.11.2024,2688902,1282020
100348738,10091245,474487,Bahnhofstrasse,13,8212 Neuhausen am Rheinfall,2937,SH,real,True,15.11.2024,2688891,1282018
100348739,10091245,474488,Bahnhofstrasse,11,8212 Neuhausen am Rheinfall,2937,SH,real,True,15.11.2024,2688881,1282017
100348740,10091245,474489,Bahnhofstrasse,9,8212 Neuhausen am Rheinfall,2937,SH,real,True,15.11.2024,2688871,1282016
100348741,10118143,476030,Chapfstrasse,38,8455 Rüdlingen,2938,SH,real,True,15.11.2024,2685077,1270194
100348742,10118143,476032,Chapfstrasse,36,8455 Rüdlingen,2938,SH,real,True,15.11.2024,2685060,1270224
100348743,10118143,476033,Chapfstrasse,34,8455 Rüdlingen,2938,SH,real,True,15.11.2024,2685024,1270245
100348744,10118143,476035,Chapfstrasse,28,8455 Rüdlingen,2938,SH,real,True,15.11.2024,2684966,1270301
100348745,10186344,476038,Im underen Chapf,6,8455 Rüdlingen,2938,SH,real,True,15.11.2024,2684971,1270264
100348746,10118143,476041,Chapfstrasse,26,8455 Rüdlingen,2938,SH,real,True,15.11.2024,2684912,1270293
100348747,10118143,476043,Chapfstrasse,22,8455 Rüdlingen,2938,SH,real,True,15.11.2024,2684879,1270333
100348748,10118143,476044,Chapfstrasse,20,8455 Rüdlingen,2938,SH,real,True,15.11.2024,2684862,1270347
100348749,10179736,481466,Bohlgass,11,8228 Beggingen,2951,SH,real,True,15.11.2024,2682105,1291332
100348750,10179736,481468,Bohlgass,5,8228 Beggingen,2951,SH,real,True,15.11.2024,2682156,1291290
100348751,10179736,481470,Bohlgass,1,8228 Beggingen,2951,SH,real,True,15.11.2024,2682191,1291262
100348752,10058935,481471,Dorfstrasse,16,8228 Beggingen,2951,SH,real,True,15.11.2024,2682179,1291247
100348753,10058935,481472,Dorfstrasse,18,8228 Beggingen,2951,SH,real,True,15.11.2024,2682166,1291254
100348754,10058935,481473,Dorfstrasse,20,8228 Beggingen,2951,SH,real,True,15.11.2024,2682151,1291248
100348755,10058935,481474,Dorfstrasse,22,8228 Beggingen,2951,SH,real,True,15.11.2024,2682134,1291242
100348756,10058935,481475,Dorfstrasse,24,8228 Beggingen,2951,SH,real,True,15.11.2024,2682119,1291236
100348757,10058935,481476,Dorfstrasse,28,8228 Beggingen,2951,SH,real,True,15.11.2024,2682097,1291225
100348758,10058935,481477,Dorfstrasse,30,8228 Beggingen,2951,SH,real,True,15.11.2024,2682095,1291208
100348759,10058935,481478,Dorfstrasse,32,8228 Beggingen,2951,SH,real,True,15.11.2024,2682082,1291208
100348760,10058935,481481,Dorfstrasse,42,8228 Beggingen,2951,SH,real,True,15.11.2024,2682041,1291173
100348761,10058935,481484,Dorfstrasse,48,8228 Beggingen,2951,SH,real,True,15.11.2024,2682013,1291150
100348821,10017875,474570,Poststrasse,8,8212 Neuhausen am Rheinfall,2937,SH,real,True,15.11.2024,2688700,1282053
100348824,10017875,474573,Poststrasse,14,8212 Neuhausen am Rheinfall,2937,SH,real,True,15.11.2024,2688679,1282054
100348825,10110813,474574,Neusatzstrasse,1,8212 Neuhausen am Rheinfall,2937,SH,real,True,15.11.2024,2688684,1282075
100348826,10110813,474575,Neusatzstrasse,2,8212 Neuhausen am Rheinfall,2937,SH,real,True,15.11.2024,2688711,1282079
100348827,10110813,474577,Neusatzstrasse,6,8212 Neuhausen am Rheinfall,2937,SH,real,True,15.11.2024,2688718,1282091
100348828,10110813,474578,Neusatzstrasse,8,8212 Neuhausen am Rheinfall,2937,SH,real,True,15.11.2024,2688718,1282092
100348829,10110813,474579,Neusatzstrasse,10,8212 Neuhausen am Rheinfall,2937,SH,real,True,15.11.2024,2688724,1282102
100348830,10110813,474580,Neusatzstrasse,12,8212 Neuhausen am Rheinfall,2937,SH,real,True,15.11.2024,2688725,1282104
100349039,10032574,481730,Poststrasse,14,8226 Schleitheim,2952,SH,real,True,15.11.2024,2678416,1289327
100349040,10032574,481731,Poststrasse,8,8226 Schleitheim,2952,SH,real,True,15.11.2024,2678452,1289340
100349041,10103229,481732,Tüüffegass,3,8226 Schleitheim,2952,SH,real,True,15.11.2024,2678447,1289360
100349042,10073361,481734,Hofwiesen,9,8226 Schleitheim,2952,SH,real,True,15.11.2024,2678633,1289486
100349043,10103229,481735,Tüüffegass,2,8226 Schleitheim,2952,SH,real,True,15.11.2024,2678442,1289410
100349044,10179738,481736,Bolstrasse,4,8226 Schleitheim,2952,SH,real,True,15.11.2024,2678502,1289424
100349045,10032574,481737,Poststrasse,6,8226 Schleitheim,2952,SH,real,True,15.11.2024,2678507,1289361
100349046,10032574,481738,Poststrasse,1,8226 Schleitheim,2952,SH,real,True,15.11.2024,2678558,1289352
100349047,10085768,481739,Gemeindehausplatz,1,8226 Schleitheim,2952,SH,real,True,15.11.2024,2678611,1289341
100349048,10085768,481742,Gemeindehausplatz,6,8226 Schleitheim,2952,SH,real,True,15.11.2024,2678636,1289354
100349049,10032562,481744,Gass,1,8226 Schleitheim,2952,SH,real,True,15.11.2024,2678578,1289403
100349050,10032562,481746,Gass,7,8226 Schleitheim,2952,SH,real,True,15.11.2024,2678541,1289469
100349051,10032562,481747,Gass,2,8226 Schleitheim,2952,SH,real,True,15.11.2024,2678580,1289441
100349052,10032562,481750,Gass,9,8226 Schleitheim,2952,SH,real,True,15.11.2024,2678530,1289491
100349053,10032562,481751,Gass,14,8226 Schleitheim,2952,SH,real,True,15.11.2024,2678549,1289496
100349054,10032562,481753,Gass,4,8226 Schleitheim,2952,SH,real,True,15.11.2024,2678563,1289463
100349055,10113208,481754,Espili,1,8226 Schleitheim,2952,SH,real,True,15.11.2024,2678541,1289545
100349056,10113208,481756,Espili,3,8226 Schleitheim,2952,SH,real,True,15.11.2024,2678557,1289576
100349057,10073359,481757,Espiligartenweg,1,8226 Schleitheim,2952,SH,real,True,15.11.2024,2678466,1289663
100349058,10073359,481758,Espiligartenweg,3,8226 Schleitheim,2952,SH,real,True,15.11.2024,2678449,1289678
100349059,10113208,481763,Espili,13,8226 Schleitheim,2952,SH,real,True,15.11.2024,2678507,1289633
100349060,10187860,481764,Espiligarten,6,8226 Schleitheim,2952,SH,real,True,15.11.2024,2678395,1289621
100349061,10187860,481765,Espiligarten,8,8226 Schleitheim,2952,SH,real,True,15.11.2024,2678379,1289637
100349062,10187860,481766,Espiligarten,4,8226 Schleitheim,2952,SH,real,True,15.11.2024,2678415,1289656
100349063,10179737,481767,Adlerstrasse,2,8226 Schleitheim,2952,SH,real,True,15.11.2024,2678574,1289325
100349064,10073361,481768,Hofwiesen,3,8226 Schleitheim,2952,SH,real,True,15.11.2024,2678616,1289445
100349065,10026003,481771,Beggingerstrasse,21,8226 Schleitheim,2952,SH,real,True,15.11.2024,2678732,1289450
100349066,10026003,481773,Beggingerstrasse,5,8226 Schleitheim,2952,SH,real,True,15.11.2024,2678657,1289402
100349067,10085774,481774,Schützengasse,1,8226 Schleitheim,2952,SH,real,True,15.11.2024,2678717,1289468
100349068,10026003,481775,Beggingerstrasse,7,8226 Schleitheim,2952,SH,real,True,15.11.2024,2678678,1289372
100349069,10026003,481776,Beggingerstrasse,11,8226 Schleitheim,2952,SH,real,True,15.11.2024,2678707,1289418
100349070,10032562,481777,Gass,5,8226 Schleitheim,2952,SH,real,True,15.11.2024,2678535,1289443
100349071,10085774,481778,Schützengasse,2,8226 Schleitheim,2952,SH,real,True,15.11.2024,2678730,1289466
100349072,10085774,481779,Schützengasse,4,8226 Schleitheim,2952,SH,real,True,15.11.2024,2678716,1289483
100349073,10032579,481781,Schützemur,3,8226 Schleitheim,2952,SH,real,True,15.11.2024,2678664,1289759
100349074,10032579,481782,Schützemur,1,8226 Schleitheim,2952,SH,real,True,15.11.2024,2678630,1289747
100349075,10032575,481783,Raaweg,1,8226 Schleitheim,2952,SH,real,True,15.11.2024,2678580,1289606
100349076,10113208,481784,Espili,8,8226 Schleitheim,2952,SH,real,True,15.11.2024,2678559,1289596
100349077,10031566,481785,Undere Espilibuck,1,8226 Schleitheim,2952,SH,real,True,15.11.2024,2678508,1289668
100349078,10031566,481786,Undere Espilibuck,4,8226 Schleitheim,2952,SH,real,True,15.11.2024,2678567,1289664
100349079,10031566,481788,Undere Espilibuck,5,8226 Schleitheim,2952,SH,real,True,15.11.2024,2678569,1289706
100349080,10032575,481789,Raaweg,5,8226 Schleitheim,2952,SH,real,True,15.11.2024,2678590,1289657
100349081,10032575,481790,Raaweg,7,8226 Schleitheim,2952,SH,real,True,15.11.2024,2678590,1289677
100349082,10032575,481791,Raaweg,9,8226 Schleitheim,2952,SH,real,True,15.11.2024,2678609,1289688
100349083,10032575,481793,Raaweg,12,8226 Schleitheim,2952,SH,real,True,15.11.2024,2678622,1289767
100349084,10032575,481794,Raaweg,16,8226 Schleitheim,2952,SH,real,True,15.11.2024,2678608,1289793
100349085,10032575,481795,Raaweg,18,8226 Schleitheim,2952,SH,real,True,15.11.2024,2678639,1289806
100349086,10032575,481797,Raaweg,22,8226 Schleitheim,2952,SH,real,True,15.11.2024,2678626,1289832
100349087,10085772,481798,Obere Espilibuck,5,8226 Schleitheim,2952,SH,real,True,15.11.2024,2678523,1289753
100349088,10085772,481799,Obere Espilibuck,6,8226 Schleitheim,2952,SH,real,True,15.11.2024,2678587,1289758
100349089,10085772,481800,Obere Espilibuck,7,8226 Schleitheim,2952,SH,real,True,15.11.2024,2678553,1289767
100349090,10073359,481802,Espiligartenweg,2,8226 Schleitheim,2952,SH,real,True,15.11.2024,2678489,1289689
100349091,10113208,481805,Espili,4,8226 Schleitheim,2952,SH,real,True,15.11.2024,2678579,1289562
100349092,10113208,481806,Espili,12,8226 Schleitheim,2952,SH,real,True,15.11.2024,2678544,1289634
100349093,10186575,481809,Obere Hofwiesen,11,8226 Schleitheim,2952,SH,real,True,15.11.2024,2678741,1289633
100349094,10031568,481810,Winkel,8,8226 Schleitheim,2952,SH,real,True,15.11.2024,2678824,1289632
100349095,10031568,481813,Winkel,2,8226 Schleitheim,2952,SH,real,True,15.11.2024,2678843,1289612
100349096,10026003,481815,Beggingerstrasse,49,8226 Schleitheim,2952,SH,real,True,15.11.2024,2678866,1289591
100349097,10026003,481816,Beggingerstrasse,59,8226 Schleitheim,2952,SH,real,True,15.11.2024,2678895,1289702
100349098,10026003,481818,Beggingerstrasse,45,8226 Schleitheim,2952,SH,real,True,15.11.2024,2678835,1289578
100349099,10026003,481819,Beggingerstrasse,43,8226 Schleitheim,2952,SH,real,True,15.11.2024,2678824,1289568
100349100,10026003,481820,Beggingerstrasse,39,8226 Schleitheim,2952,SH,real,True,15.11.2024,2678816,1289548
100349101,10026003,481821,Beggingerstrasse,35,8226 Schleitheim,2952,SH,real,True,15.11.2024,2678789,1289527
100349102,10026003,481823,Beggingerstrasse,41,8226 Schleitheim,2952,SH,real,True,15.11.2024,2678829,1289555
100349103,10026003,481824,Beggingerstrasse,29,8226 Schleitheim,2952,SH,real,True,15.11.2024,2678761,1289522
100349104,10085772,481825,Obere Espilibuck,3,8226 Schleitheim,2952,SH,real,True,15.11.2024,2678490,1289750
100349115,10091255,474582,Mattenstrasse,4,8212 Neuhausen am Rheinfall,2937,SH,real,True,15.11.2024,2688753,1282075
100349116,10091255,474583,Mattenstrasse,6,8212 Neuhausen am Rheinfall,2937,SH,real,True,15.11.2024,2688764,1282099
100349117,10091255,474585,Mattenstrasse,12,8212 Neuhausen am Rheinfall,2937,SH,real,True,15.11.2024,2688795,1282151
100349118,10178591,474586,Arthur-Moser-Strasse,1,8212 Neuhausen am Rheinfall,2937,SH,real,True,15.11.2024,2688810,1282158
100349119,10178591,474588,Arthur-Moser-Strasse,5,8212 Neuhausen am Rheinfall,2937,SH,real,True,15.11.2024,2688787,1282115
100349122,10018166,474591,Zentralstrasse,73,8212 Neuhausen am Rheinfall,2937,SH,real,True,15.11.2024,2688762,1282017
100349123,10018166,474592,Zentralstrasse,81,8212 Neuhausen am Rheinfall,2937,SH,real,True,15.11.2024,2688783,1282067
100349124,10018166,474593,Zentralstrasse,93,8212 Neuhausen am Rheinfall,2937,SH,real,True,15.11.2024,2688800,1282099
100349125,10018166,474594,Zentralstrasse,99,8212 Neuhausen am Rheinfall,2937,SH,real,True,15.11.2024,2688828,1282150
100349126,10091258,474597,Schaffhauserstrasse,22,8212 Neuhausen am Rheinfall,2937,SH,real,True,15.11.2024,2688682,1282139
100349127,10091258,474598,Schaffhauserstrasse,24,8212 Neuhausen am Rheinfall,2937,SH,real,True,15.11.2024,2688685,1282159
100349128,10110813,474603,Neusatzstrasse,5,8212 Neuhausen am Rheinfall,2937,SH,real,True,15.11.2024,2688702,1282123
100349129,10110813,474604,Neusatzstrasse,7,8212 Neuhausen am Rheinfall,2937,SH,real,True,15.11.2024,2688716,1282145
100349130,10110813,474605,Neusatzstrasse,9,8212 Neuhausen am Rheinfall,2937,SH,real,True,15.11.2024,2688735,1282150
100349131,10110813,474606,Neusatzstrasse,11,8212 Neuhausen am Rheinfall,2937,SH,real,True,15.11.2024,2688740,1282160
100349132,10110813,474607,Neusatzstrasse,13,8212 Neuhausen am Rheinfall,2937,SH,real,True,15.11.2024,2688739,1282171
100349133,10178591,474608,Arthur-Moser-Strasse,12,8212 Neuhausen am Rheinfall,2937,SH,real,True,15.11.2024,2688744,1282204
100349134,10178591,474610,Arthur-Moser-Strasse,14,8212 Neuhausen am Rheinfall,2937,SH,real,True,15.11.2024,2688744,1282205
100349135,10187861,481851,Schaffhauserstrasse,25,8226 Schleitheim,2952,SH,real,True,15.11.2024,2678166,1288623
100349136,10103228,481854,Im Morgen,8,8226 Schleitheim,2952,SH,real,True,15.11.2024,2678131,1288753
100349137,10103228,481855,Im Morgen,14,8226 Schleitheim,2952,SH,real,True,15.11.2024,2678203,1288732
100349138,10103228,481856,Im Morgen,16,8226 Schleitheim,2952,SH,real,True,15.11.2024,2678237,1288733
100349139,10103228,481857,Im Morgen,17,8226 Schleitheim,2952,SH,real,True,15.11.2024,2678231,1288757
100349140,10073365,481858,Schlechtenbol,46,8226 Schleitheim,2952,SH,real,True,15.11.2024,2678338,1288823
100349141,10073365,481859,Schlechtenbol,48,8226 Schleitheim,2952,SH,real,True,15.11.2024,2678320,1288804
100349142,10073365,481860,Schlechtenbol,56,8226 Schleitheim,2952,SH,real,True,15.11.2024,2678265,1288774
100349143,10032558,481862,Breitestrasse,35,8226 Schleitheim,2952,SH,real,True,15.11.2024,2678177,1288951
100349144,10032578,481863,Schwarzwaldstrasse,2,8226 Schleitheim,2952,SH,real,True,15.11.2024,2678111,1289023
100349145,10187861,481864,Schaffhauserstrasse,1,8226 Schleitheim,2952,SH,real,True,15.11.2024,2678132,1288992
100349146,10085765,481865,Bahnhofstrasse,17,8226 Schleitheim,2952,SH,real,True,15.11.2024,2678161,1289038
100349147,10085765,481867,Bahnhofstrasse,13,8226 Schleitheim,2952,SH,real,True,15.11.2024,2678204,1289077
100349148,10085765,481868,Bahnhofstrasse,11,8226 Schleitheim,2952,SH,real,True,15.11.2024,2678230,1289075
100349149,10085765,481869,Bahnhofstrasse,9,8226 Schleitheim,2952,SH,real,True,15.11.2024,2678223,1289094
100349150,10085765,481873,Bahnhofstrasse,1,8226 Schleitheim,2952,SH,real,True,15.11.2024,2678261,1289120
100349153,10179737,481874,Adlerstrasse,43,8226 Schleitheim,2952,SH,real,True,15.11.2024,2678270,1289125
100349154,10179737,481876,Adlerstrasse,41,8226 Schleitheim,2952,SH,real,True,15.11.2024,2678302,1289149
100349155,10179737,481877,Adlerstrasse,37,8226 Schleitheim,2952,SH,real,True,15.11.2024,2678311,1289158
100349156,10032574,481879,Poststrasse,27,8226 Schleitheim,2952,SH,real,True,15.11.2024,2678367,1289228
100349157,10179737,481881,Adlerstrasse,30,8226 Schleitheim,2952,SH,real,True,15.11.2024,2678355,1289195
100349158,10179737,481883,Adlerstrasse,31,8226 Schleitheim,2952,SH,real,True,15.11.2024,2678367,1289177
100349159,10179737,481884,Adlerstrasse,27,8226 Schleitheim,2952,SH,real,True,15.11.2024,2678391,1289189
100349160,10032558,481886,Breitestrasse,8,8226 Schleitheim,2952,SH,real,True,15.11.2024,2678435,1289162
100349161,10179737,481887,Adlerstrasse,25,8226 Schleitheim,2952,SH,real,True,15.11.2024,2678427,1289194
100349162,10179737,481888,Adlerstrasse,24,8226 Schleitheim,2952,SH,real,True,15.11.2024,2678404,1289213
100349163,10179737,481889,Adlerstrasse,23,8226 Schleitheim,2952,SH,real,True,15.11.2024,2678436,1289203
100349164,10179737,481893,Adlerstrasse,18,8226 Schleitheim,2952,SH,real,True,15.11.2024,2678468,1289269
100349165,10179737,481894,Adlerstrasse,15,8226 Schleitheim,2952,SH,real,True,15.11.2024,2678480,1289258
100349166,10179737,481895,Adlerstrasse,13,8226 Schleitheim,2952,SH,real,True,15.11.2024,2678495,1289264
100349167,10032574,481897,Poststrasse,7,8226 Schleitheim,2952,SH,real,True,15.11.2024,2678474,1289312
100349168,10104508,481898,Brüelgarten,6,8226 Schleitheim,2952,SH,real,True,15.11.2024,2678521,1289110
100349169,10032577,481899,Schuelgässli,8,8226 Schleitheim,2952,SH,real,True,15.11.2024,2678447,1289060
100349170,10073365,481900,Schlechtenbol,31,8226 Schleitheim,2952,SH,real,True,15.11.2024,2678426,1288895
100349171,10073365,481901,Schlechtenbol,47,8226 Schleitheim,2952,SH,real,True,15.11.2024,2678373,1288830
100349172,10073365,481903,Schlechtenbol,33,8226 Schleitheim,2952,SH,real,True,15.11.2024,2678427,1288876
100349173,10073365,481904,Schlechtenbol,35,8226 Schleitheim,2952,SH,real,True,15.11.2024,2678454,1288884
100349174,10073365,481906,Schlechtenbol,39,8226 Schleitheim,2952,SH,real,True,15.11.2024,2678462,1288889
100349175,10073365,481908,Schlechtenbol,43,8226 Schleitheim,2952,SH,real,True,15.11.2024,2678479,1288907
100349176,10073360,481911,Hebsackweg,19,8226 Schleitheim,2952,SH,real,True,15.11.2024,2678570,1288960
100349177,10179739,481913,Friedhofweg,2d,8226 Schleitheim,2952,SH,real,True,15.11.2024,2678635,1289007
100349178,10179739,481915,Friedhofweg,2b,8226 Schleitheim,2952,SH,real,True,15.11.2024,2678627,1289028
100349179,10179739,481916,Friedhofweg,2a,8226 Schleitheim,2952,SH,real,True,15.11.2024,2678619,1289029
100349180,10124088,481917,Uf Widem,559,8226 Schleitheim,2952,SH,real,True,15.11.2024,2678698,1289065
100349181,10032559,481918,Brüel,10,8226 Schleitheim,2952,SH,real,True,15.11.2024,2678600,1289192
100349182,10032566,481919,Hellgässli,1,8226 Schleitheim,2952,SH,real,True,15.11.2024,2678705,1289297
100350210,10027515,470855,Stiegweg,11,8213 Neunkirch,2904,SH,real,True,15.11.2024,2679320,1282249
100350211,10027515,470856,Stiegweg,8,8213 Neunkirch,2904,SH,real,True,15.11.2024,2679297,1282256
100350212,10027515,470857,Stiegweg,10,8213 Neunkirch,2904,SH,real,True,15.11.2024,2679281,1282233
100350213,10027515,470858,Stiegweg,12,8213 Neunkirch,2904,SH,real,True,15.11.2024,2679266,1282210
100350214,10027515,470859,Stiegweg,25,8213 Neunkirch,2904,SH,real,True,15.11.2024,2679281,1282182
100350215,10027515,470861,Stiegweg,16,8213 Neunkirch,2904,SH,real,True,15.11.2024,2679234,1282160
100350216,10091177,470864,Haslacherweg,13,8213 Neunkirch,2904,SH,real,True,15.11.2024,2679317,1282121
100350217,10091177,470865,Haslacherweg,11,8213 Neunkirch,2904,SH,real,True,15.11.2024,2679339,1282110
100350218,10091177,470866,Haslacherweg,9,8213 Neunkirch,2904,SH,real,True,15.11.2024,2679369,1282099
100350219,10091177,470869,Haslacherweg,3,8213 Neunkirch,2904,SH,real,True,15.11.2024,2679436,1282064
100350220,10048895,470871,Hasenbergweg,1,8213 Neunkirch,2904,SH,real,True,15.11.2024,2679450,1282117
100350221,10048895,470873,Hasenbergweg,5,8213 Neunkirch,2904,SH,real,True,15.11.2024,2679427,1282126
100350222,10048895,470875,Hasenbergweg,9,8213 Neunkirch,2904,SH,real,True,15.11.2024,2679396,1282140
100350223,10048895,470876,Hasenbergweg,11,8213 Neunkirch,2904,SH,real,True,15.11.2024,2679384,1282144
100350224,10048895,470877,Hasenbergweg,13,8213 Neunkirch,2904,SH,real,True,15.11.2024,2679373,1282149
100350225,10048895,470878,Hasenbergweg,15,8213 Neunkirch,2904,SH,real,True,15.11.2024,2679359,1282156
100350226,10048895,470879,Hasenbergweg,6,8213 Neunkirch,2904,SH,real,True,15.11.2024,2679393,1282174
100350227,10048895,470881,Hasenbergweg,2,8213 Neunkirch,2904,SH,real,True,15.11.2024,2679419,1282163
100350228,10068436,470882,Hasenbergstrasse,14,8213 Neunkirch,2904,SH,real,True,15.11.2024,2679435,1282163
100350229,10068436,470884,Hasenbergstrasse,2,8213 Neunkirch,2904,SH,real,True,15.11.2024,2679445,1282320
100350230,10068436,470885,Hasenbergstrasse,1,8213 Neunkirch,2904,SH,real,True,15.11.2024,2679484,1282314
100350231,10091176,470888,Grosser Letten,6,8213 Neunkirch,2904,SH,real,True,15.11.2024,2679638,1282535
100350232,10091176,470889,Grosser Letten,4,8213 Neunkirch,2904,SH,real,True,15.11.2024,2679657,1282536
100350233,10091176,470890,Grosser Letten,2,8213 Neunkirch,2904,SH,real,True,15.11.2024,2679680,1282539
100350234,10027507,470891,Kleines Gässli,4,8213 Neunkirch,2904,SH,real,True,15.11.2024,2679499,1282541
100350235,10091176,470892,Grosser Letten,3,8213 Neunkirch,2904,SH,real,True,15.11.2024,2679650,1282519
100350236,10091176,470893,Grosser Letten,5,8213 Neunkirch,2904,SH,real,True,15.11.2024,2679547,1282480
100350237,10048896,470895,Im Gässli,1,8213 Neunkirch,2904,SH,real,True,15.11.2024,2679596,1282498
100350238,10048896,470896,Im Gässli,7,8213 Neunkirch,2904,SH,real,True,15.11.2024,2679613,1282437
100350239,10048896,470898,Im Gässli,6,8213 Neunkirch,2904,SH,real,True,15.11.2024,2679589,1282426
100350240,10048896,470898,Im Gässli,8,8213 Neunkirch,2904,SH,real,True,15.11.2024,2679588,1282412
100350241,10048896,470899,Im Gässli,12,8213 Neunkirch,2904,SH,real,True,15.11.2024,2679574,1282365
100350242,10048896,470900,Im Gässli,11,8213 Neunkirch,2904,SH,real,True,15.11.2024,2679600,1282370
100350243,10106941,470901,Oberwiesstrasse,4,8213 Neunkirch,2904,SH,real,True,15.11.2024,2679477,1282366
100350244,10106941,470903,Oberwiesstrasse,5,8213 Neunkirch,2904,SH,real,True,15.11.2024,2679531,1282368
100350245,10106941,470904,Oberwiesstrasse,8,8213 Neunkirch,2904,SH,real,True,15.11.2024,2679526,1282335
100350246,10106941,470905,Oberwiesstrasse,12,8213 Neunkirch,2904,SH,real,True,15.11.2024,2679573,1282319
100350248,10106941,470908,Oberwiesstrasse,16,8213 Neunkirch,2904,SH,real,True,15.11.2024,2679644,1282289
100350249,10106941,470909,Oberwiesstrasse,18,8213 Neunkirch,2904,SH,real,True,15.11.2024,2679669,1282281
100350250,10106941,470911,Oberwiesstrasse,26,8213 Neunkirch,2904,SH,real,True,15.11.2024,2679825,1282088
100350251,10106941,470912,Oberwiesstrasse,28,8213 Neunkirch,2904,SH,real,True,15.11.2024,2679878,1282049
100350252,10106941,470914,Oberwiesstrasse,32,8213 Neunkirch,2904,SH,real,True,15.11.2024,2679910,1282004
100350253,10106941,470915,Oberwiesstrasse,34,8213 Neunkirch,2904,SH,real,True,15.11.2024,2679925,1281964
100350254,10128947,470916,Hinder Nüchilch,2,8213 Neunkirch,2904,SH,real,True,15.11.2024,2679499,1282133
100350255,10128947,470917,Hinder Nüchilch,8,8213 Neunkirch,2904,SH,real,True,15.11.2024,2679548,1282114
100350256,10128947,470918,Hinder Nüchilch,10,8213 Neunkirch,2904,SH,real,True,15.11.2024,2679574,1282109
100350258,10128947,470924,Hinder Nüchilch,13,8213 Neunkirch,2904,SH,real,True,15.11.2024,2679786,1282046
100350259,10128947,470925,Hinder Nüchilch,15,8213 Neunkirch,2904,SH,real,True,15.11.2024,2679805,1282042
100350260,10128947,470926,Hinder Nüchilch,17,8213 Neunkirch,2904,SH,real,True,15.11.2024,2679836,1282029
100350261,10128947,470928,Hinder Nüchilch,21,8213 Neunkirch,2904,SH,real,True,15.11.2024,2679856,1282078
100350262,10128947,470929,Hinder Nüchilch,40,8213 Neunkirch,2904,SH,real,True,15.11.2024,2679889,1281976
100350263,10128947,470930,Hinder Nüchilch,42,8213 Neunkirch,2904,SH,real,True,15.11.2024,2679879,1281950
100350264,10128947,470931,Hinder Nüchilch,4,8213 Neunkirch,2904,SH,real,True,15.11.2024,2679517,1282117
100350265,10128947,470932,Hinder Nüchilch,6,8213 Neunkirch,2904,SH,real,True,15.11.2024,2679509,1282098
100350266,10068436,470935,Hasenbergstrasse,15,8213 Neunkirch,2904,SH,real,True,15.11.2024,2679482,1282031
100350267,10186575,481829,Obere Hofwiesen,7,8226 Schleitheim,2952,SH,real,True,15.11.2024,2678658,1289592
100350268,10026003,481830,Beggingerstrasse,27,8226 Schleitheim,2952,SH,real,True,15.11.2024,2678773,1289507
100350269,10032565,481831,Hallauerstrasse,2,8226 Schleitheim,2952,SH,real,True,15.11.2024,2678104,1288997
100350270,10032565,481832,Hallauerstrasse,4,8226 Schleitheim,2952,SH,real,True,15.11.2024,2678087,1288979
100350271,10032565,481834,Hallauerstrasse,15,8226 Schleitheim,2952,SH,real,True,15.11.2024,2678036,1288892
100350272,10110817,481836,Geerenweg,4,8226 Schleitheim,2952,SH,real,True,15.11.2024,2677959,1288926
100350273,10110817,481837,Geerenweg,6,8226 Schleitheim,2952,SH,real,True,15.11.2024,2677952,1288918
100350274,10032565,481840,Hallauerstrasse,16,8226 Schleitheim,2952,SH,real,True,15.11.2024,2677984,1288875
100350589,10032565,481842,Hallauerstrasse,23,8226 Schleitheim,2952,SH,real,True,15.11.2024,2677958,1288759
100350590,10032565,481843,Hallauerstrasse,26,8226 Schleitheim,2952,SH,real,True,15.11.2024,2677920,1288732
100350591,10032565,481845,Hallauerstrasse,25,8226 Schleitheim,2952,SH,real,True,15.11.2024,2677934,1288688
100350592,10187861,481846,Schaffhauserstrasse,2,8226 Schleitheim,2952,SH,real,True,15.11.2024,2678117,1288967
100350593,10187861,481847,Schaffhauserstrasse,4,8226 Schleitheim,2952,SH,real,True,15.11.2024,2678100,1288912
100350594,10187861,481848,Schaffhauserstrasse,10,8226 Schleitheim,2952,SH,real,True,15.11.2024,2678023,1288865
100350595,10103228,481849,Im Morgen,1,8226 Schleitheim,2952,SH,real,True,15.11.2024,2678071,1288829
100351470,10091183,470936,Uf Nüchilch,2,8213 Neunkirch,2904,SH,real,True,15.11.2024,2679656,1282255
100351471,10091183,470938,Uf Nüchilch,4,8213 Neunkirch,2904,SH,real,True,15.11.2024,2679651,1282235
100351472,10091175,470939,Gartenweg,1,8213 Neunkirch,2904,SH,real,True,15.11.2024,2679633,1282201
100351473,10091183,470940,Uf Nüchilch,8,8213 Neunkirch,2904,SH,real,True,15.11.2024,2679635,1282134
100351474,10027511,470944,Oberwiesweg,4,8213 Neunkirch,2904,SH,real,True,15.11.2024,2679559,1282263
100351475,10091175,470946,Gartenweg,2,8213 Neunkirch,2904,SH,real,True,15.11.2024,2679629,1282238
100351476,10091175,470947,Gartenweg,4,8213 Neunkirch,2904,SH,real,True,15.11.2024,2679635,1282262
100351477,10048897,470948,Rebweg,13,8213 Neunkirch,2904,SH,real,True,15.11.2024,2679733,1282134
100351478,10048897,470949,Rebweg,11,8213 Neunkirch,2904,SH,real,True,15.11.2024,2679752,1282130
100351794,10027505,470950,Hasenbergböhler,378,8213 Neunkirch,2904,SH,real,True,15.11.2024,2679547,1281215
100351796,10185469,470952,Kirchweg,4,8213 Neunkirch,2904,SH,real,True,15.11.2024,2679694,1282495
100351797,10185469,470953,Kirchweg,1,8213 Neunkirch,2904,SH,real,True,15.11.2024,2679713,1282516
100351798,10185469,470954,Kirchweg,3,8213 Neunkirch,2904,SH,real,True,15.11.2024,2679713,1282499
100351799,10185469,470955,Kirchweg,6,8213 Neunkirch,2904,SH,real,True,15.11.2024,2679694,1282481
100351800,10185469,470956,Kirchweg,5,8213 Neunkirch,2904,SH,real,True,15.11.2024,2679713,1282470
100351801,10185469,470957,Kirchweg,8,8213 Neunkirch,2904,SH,real,True,15.11.2024,2679689,1282454
100351802,10027513,470959,Schützenmauer,10,8213 Neunkirch,2904,SH,real,True,15.11.2024,2679721,1282409
100351803,10027516,470961,Taufgarten,3,8213 Neunkirch,2904,SH,real,True,15.11.2024,2679720,1282341
100351804,10106941,470963,Oberwiesstrasse,17,8213 Neunkirch,2904,SH,real,True,15.11.2024,2679814,1282222
100351805,10106941,470964,Oberwiesstrasse,19,8213 Neunkirch,2904,SH,real,True,15.11.2024,2679824,1282225
100351806,10106941,470965,Oberwiesstrasse,21,8213 Neunkirch,2904,SH,real,True,15.11.2024,2679829,1282198
100351807,10192054,470968,Burgstall,1,8213 Neunkirch,2904,SH,real,True,15.11.2024,2679870,1282112
100351808,10106941,470970,Oberwiesstrasse,35,8213 Neunkirch,2904,SH,real,True,15.11.2024,2679942,1282039
100351809,10106941,470971,Oberwiesstrasse,37,8213 Neunkirch,2904,SH,real,True,15.11.2024,2679941,1282020
100351810,10027516,470972,Taufgarten,32,8213 Neunkirch,2904,SH,real,True,15.11.2024,2679962,1282029
100351811,10027516,470973,Taufgarten,55,8213 Neunkirch,2904,SH,real,True,15.11.2024,2679990,1282009
100351812,10169252,473795,Seglerweg,2,8454 Buchberg,2933,SH,real,True,15.11.2024,2684572,1269667
100351813,10046605,473798,Dorfstrasse,33,8454 Buchberg,2933,SH,real,True,15.11.2024,2684603,1269714
100351814,10046605,473799,Dorfstrasse,27,8454 Buchberg,2933,SH,real,True,15.11.2024,2684624,1269719
100351815,10046605,473801,Dorfstrasse,19,8454 Buchberg,2933,SH,real,True,15.11.2024,2684696,1269773
100351816,10046605,473803,Dorfstrasse,3,8454 Buchberg,2933,SH,real,True,15.11.2024,2684826,1269916
100351817,10091228,473805,Wieswandstrasse,16,8454 Buchberg,2933,SH,real,True,15.11.2024,2684754,1269623
100351818,10091228,473806,Wieswandstrasse,14,8454 Buchberg,2933,SH,real,True,15.11.2024,2684730,1269624
100351819,10091228,473807,Wieswandstrasse,10,8454 Buchberg,2933,SH,real,True,15.11.2024,2684683,1269618
100351820,10019562,473809,Murkatstrasse,12,8454 Buchberg,2933,SH,real,True,15.11.2024,2684590,1269640
100351821,10019562,473810,Murkatstrasse,17,8454 Buchberg,2933,SH,real,True,15.11.2024,2684599,1269549
100351822,10019564,473812,Sandackerstrasse,8,8454 Buchberg,2933,SH,real,True,15.11.2024,2684673,1269527
100351823,10019564,473813,Sandackerstrasse,10,8454 Buchberg,2933,SH,real,True,15.11.2024,2684704,1269542
100351824,10019564,473814,Sandackerstrasse,23,8454 Buchberg,2933,SH,real,True,15.11.2024,2684762,1269579
100351825,10161512,473816,Hohlegasse,14,8454 Buchberg,2933,SH,real,True,15.11.2024,2684450,1269579
100351826,10161512,473818,Hohlegasse,26,8454 Buchberg,2933,SH,real,True,15.11.2024,2684466,1269463
100351827,10161512,473820,Hohlegasse,19,8454 Buchberg,2933,SH,real,True,15.11.2024,2684470,1269474
100351828,10019562,473821,Murkatstrasse,22,8454 Buchberg,2933,SH,real,True,15.11.2024,2684548,1269476
100351829,10019562,473824,Murkatstrasse,35,8454 Buchberg,2933,SH,real,True,15.11.2024,2684552,1269388
100351830,10019562,473825,Murkatstrasse,37,8454 Buchberg,2933,SH,real,True,15.11.2024,2684548,1269373
100351831,10019562,473827,Murkatstrasse,47,8454 Buchberg,2933,SH,real,True,15.11.2024,2684508,1269275
100351832,10110811,473828,Lindenhof,166,8454 Buchberg,2933,SH,real,True,15.11.2024,2684205,1268877
100351833,10073654,473829,Sonnhalde,161,8454 Buchberg,2933,SH,real,True,15.11.2024,2684596,1268957
100351834,10135011,474032,Langwis,2,8232 Merishausen,2936,SH,real,True,15.11.2024,2687998,1290118
100351835,10091235,474033,Bodenwiesenstrasse,10,8232 Merishausen,2936,SH,real,True,15.11.2024,2687995,1290249
100351836,10019581,474035,Durachstrasse,17,8232 Merishausen,2936,SH,real,True,15.11.2024,2687977,1290350
100351837,10019581,474036,Durachstrasse,12,8232 Merishausen,2936,SH,real,True,15.11.2024,2687997,1290372
100351838,10019581,474037,Durachstrasse,16,8232 Merishausen,2936,SH,real,True,15.11.2024,2688001,1290464
100351839,10019579,474039,Bodenwiesenweg,10,8232 Merishausen,2936,SH,real,True,15.11.2024,2687925,1290391
100351840,10019579,474042,Bodenwiesenweg,4,8232 Merishausen,2936,SH,real,True,15.11.2024,2687940,1290312
100351841,10019579,474043,Bodenwiesenweg,2,8232 Merishausen,2936,SH,real,True,15.11.2024,2687947,1290294
100351843,10091235,474045,Bodenwiesenstrasse,1,8232 Merishausen,2936,SH,real,True,15.11.2024,2687881,1290280
100351844,10108015,474046,Hauptstrasse,30,8232 Merishausen,2936,SH,real,True,15.11.2024,2687840,1290367
100351845,10108015,474047,Hauptstrasse,34,8232 Merishausen,2936,SH,real,True,15.11.2024,2687838,1290395
100351846,10108015,474048,Hauptstrasse,36,8232 Merishausen,2936,SH,real,True,15.11.2024,2687837,1290407
100351847,10108015,474049,Hauptstrasse,38,8232 Merishausen,2936,SH,real,True,15.11.2024,2687837,1290416
100351848,10091238,474050,Kesslergasse,6,8232 Merishausen,2936,SH,real,True,15.11.2024,2687886,1290432
100351849,10091238,474051,Kesslergasse,9,8232 Merishausen,2936,SH,real,True,15.11.2024,2687926,1290464
100351850,10091238,474052,Kesslergasse,5,8232 Merishausen,2936,SH,real,True,15.11.2024,2687888,1290455
100351851,10108016,474059,Schmittengasse,1,8232 Merishausen,2936,SH,real,True,15.11.2024,2687863,1290496
100351852,10108015,474060,Hauptstrasse,48,8232 Merishausen,2936,SH,real,True,15.11.2024,2687835,1290502
100351853,10108015,474061,Hauptstrasse,50,8232 Merishausen,2936,SH,real,True,15.11.2024,2687834,1290515
100351854,10108015,474062,Hauptstrasse,52,8232 Merishausen,2936,SH,real,True,15.11.2024,2687833,1290532
100351856,10019582,474065,Hinterburg,12,8232 Merishausen,2936,SH,real,True,15.11.2024,2687920,1290571
100351857,10019582,474066,Hinterburg,12.1,8232 Merishausen,2936,SH,real,True,23.07.2024,2687933,1290536
100351859,10019582,474069,Hinterburg,13,8232 Merishausen,2936,SH,real,True,15.11.2024,2687898,1290571
100351860,10019582,474071,Hinterburg,9,8232 Merishausen,2936,SH,real,True,15.11.2024,2687877,1290554
100351861,10019582,474072,Hinterburg,7,8232 Merishausen,2936,SH,real,True,15.11.2024,2687871,1290567
100352202,10186335,471350,Reibäckerli,6,8236 Büttenhardt,2914,SH,real,True,15.11.2024,2691219,1290332
100352203,10186335,471351,Reibäckerli,12,8236 Büttenhardt,2914,SH,real,True,15.11.2024,2691253,1290404
100352204,10120401,471352,Freudental,48,8200 Schaffhausen,2914,SH,real,True,15.11.2024,2689436,1289151
100352205,10024953,471355,Thayngerstrasse,6,8239 Dörflingen,2915,SH,real,True,15.11.2024,2696392,1285691
100352207,10024953,471357,Thayngerstrasse,4,8239 Dörflingen,2915,SH,real,True,15.11.2024,2696439,1285693
100352208,10024951,471358,Randeggerstrasse,5,8239 Dörflingen,2915,SH,real,True,15.11.2024,2696504,1285510
100352209,10054975,471359,Schlatterhof,154,8239 Dörflingen,2915,SH,real,True,15.11.2024,2694833,1285922
100352210,10114703,471361,Steinackerhof,1,8239 Dörflingen,2915,SH,real,True,15.11.2024,2695890,1285364
100352211,10054975,471362,Schlatterhof,153,8239 Dörflingen,2915,SH,real,True,15.11.2024,2694816,1285929
100352212,10185477,471363,Neudörflingerstrasse,53,8239 Dörflingen,2915,SH,real,True,15.11.2024,2696357,1285380
100352214,10185477,471365,Neudörflingerstrasse,47,8239 Dörflingen,2915,SH,real,True,15.11.2024,2696330,1285280
100352215,10185477,471366,Neudörflingerstrasse,45,8239 Dörflingen,2915,SH,real,True,15.11.2024,2696329,1285269
100352216,10086749,471367,Gruebstrasse,8,8239 Dörflingen,2915,SH,real,True,15.11.2024,2696212,1285291
100352217,10086749,471369,Gruebstrasse,7,8239 Dörflingen,2915,SH,real,True,15.11.2024,2696220,1285251
100352218,10086749,471370,Gruebstrasse,5,8239 Dörflingen,2915,SH,real,True,15.11.2024,2696244,1285243
100352219,10024949,471371,Morgenstrasse,32,8239 Dörflingen,2915,SH,real,True,15.11.2024,2696208,1285220
100352220,10072977,471372,Morgenbuckweg,10,8239 Dörflingen,2915,SH,real,True,15.11.2024,2696237,1285204
100352221,10024949,471374,Morgenstrasse,26,8239 Dörflingen,2915,SH,real,True,15.11.2024,2696156,1285152
100352222,10185477,471375,Neudörflingerstrasse,25,8239 Dörflingen,2915,SH,real,True,15.11.2024,2696298,1285189
100352223,10185477,471375,Neudörflingerstrasse,31,8239 Dörflingen,2915,SH,real,True,15.11.2024,2696301,1285197
100352224,10185477,471375,Neudörflingerstrasse,27,8239 Dörflingen,2915,SH,real,True,15.11.2024,2696297,1285186
100352225,10185477,471375,Neudörflingerstrasse,29,8239 Dörflingen,2915,SH,real,True,15.11.2024,2696300,1285195
100352226,10185477,471376,Neudörflingerstrasse,39,8239 Dörflingen,2915,SH,real,True,15.11.2024,2696288,1285203
100352227,10185477,471377,Neudörflingerstrasse,37,8239 Dörflingen,2915,SH,real,True,15.11.2024,2696286,1285197
100352228,10185477,471378,Neudörflingerstrasse,35,8239 Dörflingen,2915,SH,real,True,15.11.2024,2696283,1285187
100352229,10072977,471381,Morgenbuckweg,3,8239 Dörflingen,2915,SH,real,True,15.11.2024,2696269,1285142
100352230,10185477,471384,Neudörflingerstrasse,9a,8239 Dörflingen,2915,SH,real,True,15.11.2024,2696239,1285062
100352231,10185477,471385,Neudörflingerstrasse,3,8239 Dörflingen,2915,SH,real,True,15.11.2024,2696205,1285025
100352232,10086751,471386,Morgenackerstrasse,8,8239 Dörflingen,2915,SH,real,True,15.11.2024,2696128,1285069
100352233,10086751,471388,Morgenackerstrasse,10,8239 Dörflingen,2915,SH,real,True,15.11.2024,2696103,1285056
100352234,10086751,471390,Morgenackerstrasse,2,8239 Dörflingen,2915,SH,real,True,15.11.2024,2696159,1285024
100352235,10086751,471391,Morgenackerstrasse,1,8239 Dörflingen,2915,SH,real,True,15.11.2024,2696170,1285010
100352236,10086751,471392,Morgenackerstrasse,3,8239 Dörflingen,2915,SH,real,True,15.11.2024,2696151,1285000
100352237,10086751,471393,Morgenackerstrasse,5,8239 Dörflingen,2915,SH,real,True,15.11.2024,2696134,1284983
100352238,10086751,471394,Morgenackerstrasse,7,8239 Dörflingen,2915,SH,real,True,15.11.2024,2696125,1285004
100352239,10185477,471398,Neudörflingerstrasse,1,8239 Dörflingen,2915,SH,real,True,19.11.2024,2696123,1284952
100352240,10024942,471399,Gennersbrunnerstrasse,2,8239 Dörflingen,2915,SH,real,True,15.11.2024,2696087,1284986
100352242,10072977,471401,Morgenbuckweg,2,8239 Dörflingen,2915,SH,real,True,15.11.2024,2696277,1285161
100352243,10072978,471403,Puläjen,5,8239 Dörflingen,2915,SH,real,True,15.11.2024,2696516,1285417
100352244,10072978,471404,Puläjen,3,8239 Dörflingen,2915,SH,real,True,15.11.2024,2696532,1285440
100352245,10185477,471408,Neudörflingerstrasse,56,8239 Dörflingen,2915,SH,real,True,15.11.2024,2696388,1285399
100352246,10185477,471408,Neudörflingerstrasse,58,8239 Dörflingen,2915,SH,real,True,15.11.2024,2696391,1285406
100352247,10185477,471410,Neudörflingerstrasse,44,8239 Dörflingen,2915,SH,real,True,15.11.2024,2696347,1285252
100352248,10132218,471411,Im Zwigaarte,1,8239 Dörflingen,2915,SH,real,True,15.11.2024,2696369,1285241
100352249,10185477,471412,Neudörflingerstrasse,38,8239 Dörflingen,2915,SH,real,True,15.11.2024,2696351,1285223
100352250,10185477,471413,Neudörflingerstrasse,36,8239 Dörflingen,2915,SH,real,True,15.11.2024,2696347,1285215
100352251,10185477,471414,Neudörflingerstrasse,34,8239 Dörflingen,2915,SH,real,True,15.11.2024,2696343,1285207
100352252,10185477,471416,Neudörflingerstrasse,22,8239 Dörflingen,2915,SH,real,True,15.11.2024,2696321,1285153
100352253,10072972,471420,Bildsteinstrasse,11,8239 Dörflingen,2915,SH,real,True,15.11.2024,2696440,1284898
100352254,10185476,471421,Im Häsli,9,8239 Dörflingen,2915,SH,real,True,15.11.2024,2696575,1284748
100352255,10185476,471422,Im Häsli,10,8239 Dörflingen,2915,SH,real,True,15.11.2024,2696596,1284742
100352256,10185476,471423,Im Häsli,6,8239 Dörflingen,2915,SH,real,True,15.11.2024,2696546,1284729
100352257,10072974,471424,Gärtlistrasse,1,8239 Dörflingen,2915,SH,real,True,15.11.2024,2696515,1284711
100353069,10019582,474073,Hinterburg,5,8232 Merishausen,2936,SH,real,True,15.11.2024,2687865,1290581
100353070,10019582,474074,Hinterburg,3,8232 Merishausen,2936,SH,real,True,15.11.2024,2687858,1290554
100353071,10108015,474075,Hauptstrasse,54,8232 Merishausen,2936,SH,real,True,15.11.2024,2687826,1290567
100353072,10108015,474076,Hauptstrasse,58,8232 Merishausen,2936,SH,real,True,15.11.2024,2687814,1290591
100353073,10108015,474077,Hauptstrasse,62,8232 Merishausen,2936,SH,real,True,15.11.2024,2687815,1290616
100353074,10108015,474078,Hauptstrasse,64,8232 Merishausen,2936,SH,real,True,15.11.2024,2687835,1290626
100353075,10108015,474079,Hauptstrasse,66,8232 Merishausen,2936,SH,real,True,15.11.2024,2687808,1290630
100353076,10112905,474083,Taubengasse,13,8232 Merishausen,2936,SH,real,True,15.11.2024,2687872,1290653
100353077,10112905,474084,Taubengasse,11,8232 Merishausen,2936,SH,real,True,15.11.2024,2687865,1290670
100353078,10112905,474085,Taubengasse,9,8232 Merishausen,2936,SH,real,True,15.11.2024,2687839,1290677
100353079,10112905,474086,Taubengasse,5,8232 Merishausen,2936,SH,real,True,15.11.2024,2687820,1290676
100353080,10112905,474087,Taubengasse,1,8232 Merishausen,2936,SH,real,True,15.11.2024,2687791,1290673
100353081,10108015,474088,Hauptstrasse,72,8232 Merishausen,2936,SH,real,True,15.11.2024,2687784,1290688
100353082,10017848,474089,Wettgasse,6,8232 Merishausen,2936,SH,real,True,15.11.2024,2687832,1290719
100353394,10017848,474090,Wettgasse,8,8232 Merishausen,2936,SH,real,True,15.11.2024,2687839,1290723
100353395,10108015,474091,Hauptstrasse,69,8232 Merishausen,2936,SH,real,True,15.11.2024,2687711,1290822
100353396,10108015,474092,Hauptstrasse,95,8232 Merishausen,2936,SH,real,True,15.11.2024,2687679,1291014
100353397,10108015,474093,Hauptstrasse,87,8232 Merishausen,2936,SH,real,True,15.11.2024,2687688,1290933
100353399,10108015,474095,Hauptstrasse,91,8232 Merishausen,2936,SH,real,True,15.11.2024,2687676,1290966
100353400,10108015,474098,Hauptstrasse,106,8232 Merishausen,2936,SH,real,True,15.11.2024,2687697,1290959
100353401,10108015,474099,Hauptstrasse,90,8232 Merishausen,2936,SH,real,True,15.11.2024,2687728,1290814
100353402,10108015,474100,Hauptstrasse,88,8232 Merishausen,2936,SH,real,True,15.11.2024,2687731,1290791
100353403,10017848,474102,Wettgasse,1,8232 Merishausen,2936,SH,real,True,15.11.2024,2687765,1290749
100353404,10108015,474104,Hauptstrasse,76,8232 Merishausen,2936,SH,real,True,15.11.2024,2687769,1290713
100353405,10108015,474105,Hauptstrasse,116,8232 Merishausen,2936,SH,real,True,15.11.2024,2687844,1291358
100353406,10019581,474106,Durachstrasse,55,8232 Merishausen,2936,SH,real,True,15.11.2024,2687747,1291074
100353407,10108015,474108,Hauptstrasse,121,8232 Merishausen,2936,SH,real,True,15.11.2024,2688416,1292819
100353408,10019581,474109,Durachstrasse,45,8232 Merishausen,2936,SH,real,True,15.11.2024,2687791,1290796
100353409,10017848,474110,Wettgasse,11,8232 Merishausen,2936,SH,real,True,15.11.2024,2687866,1290811
100353410,10178589,474112,Mühlgasse,7,8232 Merishausen,2936,SH,real,True,15.11.2024,2687763,1290913
100353411,10178589,474114,Mühlgasse,11,8232 Merishausen,2936,SH,real,True,15.11.2024,2687809,1290944
100353413,10178589,474116,Mühlgasse,8,8232 Merishausen,2936,SH,real,True,15.11.2024,2687795,1290904
100353414,10018172,475944,Hauffeld,4,8455 Rüdlingen,2938,SH,real,True,15.11.2024,2685358,1270547
100353415,10018172,475945,Hauffeld,6,8455 Rüdlingen,2938,SH,real,True,15.11.2024,2685370,1270527
100353416,10018172,475946,Hauffeld,8,8455 Rüdlingen,2938,SH,real,True,15.11.2024,2685383,1270521
100353417,10018172,475947,Hauffeld,21,8455 Rüdlingen,2938,SH,real,True,15.11.2024,2685441,1270508
100353418,10018178,475949,Rafzerstrasse,1,8455 Rüdlingen,2938,SH,real,True,15.11.2024,2684979,1271374
100353419,10205627,475950,Alte Nackerstrasse,2,8455 Rüdlingen,2938,SH,real,True,15.11.2024,2684964,1271431
100353420,10205627,475951,Alte Nackerstrasse,8,8455 Rüdlingen,2938,SH,real,True,15.11.2024,2685008,1271609
100353421,10091266,475952,Nackerstrasse,1,8455 Rüdlingen,2938,SH,real,True,15.11.2024,2684962,1271941
100353422,10178601,475953,Sondergehr,1,8455 Rüdlingen,2938,SH,real,True,15.11.2024,2685248,1272256
100353423,10054992,475954,Schöne Rai,1,8455 Rüdlingen,2938,SH,real,True,15.11.2024,2685000,1272241
100353424,10091266,475955,Nackerstrasse,5,8455 Rüdlingen,2938,SH,real,True,15.11.2024,2684939,1272021
100353425,10018167,475956,Berghof,1,8455 Rüdlingen,2938,SH,real,True,15.11.2024,2684635,1271711
100353426,10054993,475958,Warthau,1,8455 Rüdlingen,2938,SH,real,True,15.11.2024,2684119,1271039
100353427,10178598,475959,Eichacker,1,8455 Rüdlingen,2938,SH,real,True,15.11.2024,2683751,1271040
100353428,10206065,475961,Buchbergerstrasse,3,8455 Rüdlingen,2938,SH,real,True,15.11.2024,2684542,1270666
100353429,10206071,475962,Steinenkreuzweg,5,8455 Rüdlingen,2938,SH,real,True,15.11.2024,2684540,1270630
100353430,10206079,475965,Steinenkreuzstrasse,1,8455 Rüdlingen,2938,SH,real,True,15.11.2024,2684581,1270713
100353431,10206065,475967,Buchbergerstrasse,2,8455 Rüdlingen,2938,SH,real,True,15.11.2024,2684575,1270674
100353432,10206079,475969,Steinenkreuzstrasse,17,8455 Rüdlingen,2938,SH,real,True,15.11.2024,2684540,1270897
100353433,10206079,475971,Steinenkreuzstrasse,21,8455 Rüdlingen,2938,SH,real,True,15.11.2024,2684515,1270982
100353434,10018178,475972,Rafzerstrasse,2,8455 Rüdlingen,2938,SH,real,True,15.11.2024,2684912,1271450
100353435,10205631,475974,Sandgrubenstrasse,2,8455 Rüdlingen,2938,SH,real,True,15.11.2024,2684855,1271397
100353436,10205631,475975,Sandgrubenstrasse,4,8455 Rüdlingen,2938,SH,real,True,15.11.2024,2684862,1271392
100353437,10206070,475976,Sandgrubenhalde,1,8455 Rüdlingen,2938,SH,real,True,15.11.2024,2684867,1271422
100353438,10206070,475977,Sandgrubenhalde,3,8455 Rüdlingen,2938,SH,real,True,15.11.2024,2684867,1271433
100353439,10206070,475978,Sandgrubenhalde,7,8455 Rüdlingen,2938,SH,real,True,15.11.2024,2684853,1271454
100353440,10206070,475981,Sandgrubenhalde,15,8455 Rüdlingen,2938,SH,real,True,15.11.2024,2684851,1271491
100353441,10206070,475982,Sandgrubenhalde,17,8455 Rüdlingen,2938,SH,real,True,15.11.2024,2684849,1271511
100353442,10206070,475983,Sandgrubenhalde,19,8455 Rüdlingen,2938,SH,real,True,15.11.2024,2684849,1271517
100353443,10206070,475984,Sandgrubenhalde,2,8455 Rüdlingen,2938,SH,real,True,15.11.2024,2684869,1271452
100353444,10206070,475988,Sandgrubenhalde,10,8455 Rüdlingen,2938,SH,real,True,15.11.2024,2684866,1271508
100353445,10206070,475989,Sandgrubenhalde,12,8455 Rüdlingen,2938,SH,real,True,15.11.2024,2684866,1271519
100353446,10205631,475991,Sandgrubenstrasse,7,8455 Rüdlingen,2938,SH,real,True,15.11.2024,2684926,1271263
100353447,10205631,475993,Sandgrubenstrasse,15,8455 Rüdlingen,2938,SH,real,True,15.11.2024,2684910,1271176
100353448,10054991,475994,Chatzensteig,1,8455 Rüdlingen,2938,SH,real,True,15.11.2024,2685133,1270568
100353449,10206082,475996,Grütstrasse,18,8455 Rüdlingen,2938,SH,real,True,15.11.2024,2684919,1270681
100353450,10206067,475997,Grütweg,1,8455 Rüdlingen,2938,SH,real,True,15.11.2024,2684744,1270613
100353451,10178599,475998,Grabenstrasse,8,8455 Rüdlingen,2938,SH,real,True,15.11.2024,2684671,1270600
100353452,10178599,475999,Grabenstrasse,5,8455 Rüdlingen,2938,SH,real,True,15.11.2024,2684669,1270630
100353453,10178599,476000,Grabenstrasse,3,8455 Rüdlingen,2938,SH,real,True,15.11.2024,2684663,1270638
100353454,10178599,476001,Grabenstrasse,1,8455 Rüdlingen,2938,SH,real,True,15.11.2024,2684636,1270647
100353455,10206079,476002,Steinenkreuzstrasse,2,8455 Rüdlingen,2938,SH,real,True,15.11.2024,2684599,1270661
100353456,10073020,476006,Underem Förlibuck,14,8455 Rüdlingen,2938,SH,real,True,15.11.2024,2684794,1270276
100353457,10118358,476008,Im vorderen Chapf,12,8455 Rüdlingen,2938,SH,real,True,15.11.2024,2684803,1270370
100353458,10118358,476009,Im vorderen Chapf,10,8455 Rüdlingen,2938,SH,real,True,15.11.2024,2684820,1270349
100353459,10118358,476010,Im vorderen Chapf,17,8455 Rüdlingen,2938,SH,real,True,15.11.2024,2684787,1270335
100353460,10118358,476012,Im vorderen Chapf,11,8455 Rüdlingen,2938,SH,real,True,15.11.2024,2684819,1270296
100353461,10118358,476013,Im vorderen Chapf,9,8455 Rüdlingen,2938,SH,real,True,15.11.2024,2684840,1270274
100353462,10072973,471427,Im Gisbüel,13,8239 Dörflingen,2915,SH,real,True,15.11.2024,2696308,1284896
100353463,10072973,471428,Im Gisbüel,11,8239 Dörflingen,2915,SH,real,True,15.11.2024,2696305,1284931
100353464,10072973,471429,Im Gisbüel,7,8239 Dörflingen,2915,SH,real,True,15.11.2024,2696275,1284961
100353465,10072973,471431,Im Gisbüel,5,8239 Dörflingen,2915,SH,real,True,15.11.2024,2696255,1284977
100353466,10185477,471432,Neudörflingerstrasse,2,8239 Dörflingen,2915,SH,real,True,15.11.2024,2696230,1285013
100353467,10072973,471433,Im Gisbüel,2,8239 Dörflingen,2915,SH,real,True,15.11.2024,2696203,1284987
100353468,10072973,471434,Im Gisbüel,4,8239 Dörflingen,2915,SH,real,True,15.11.2024,2696211,1284980
100353469,10024947,471435,Im Scheier,1,8239 Dörflingen,2915,SH,real,True,15.11.2024,2696227,1284966
100353470,10072973,471437,Im Gisbüel,8,8239 Dörflingen,2915,SH,real,True,15.11.2024,2696267,1284921
100353471,10024947,471439,Im Scheier,2,8239 Dörflingen,2915,SH,real,True,15.11.2024,2696191,1284957
100353472,10024947,471440,Im Scheier,8,8239 Dörflingen,2915,SH,real,True,15.11.2024,2696160,1284944
100353473,10024947,471441,Im Scheier,6,8239 Dörflingen,2915,SH,real,True,15.11.2024,2696172,1284932
100353784,10024947,471442,Im Scheier,14,8239 Dörflingen,2915,SH,real,True,15.11.2024,2696173,1284902
100353785,10118352,471443,Dorfstrasse,1,8239 Dörflingen,2915,SH,real,True,15.11.2024,2696139,1284840
100353786,10118352,471446,Dorfstrasse,37,8239 Dörflingen,2915,SH,real,True,15.11.2024,2696411,1284715
100353788,10118352,471449,Dorfstrasse,43,8239 Dörflingen,2915,SH,real,True,15.11.2024,2696445,1284713
100353789,10118352,471451,Dorfstrasse,57,8239 Dörflingen,2915,SH,real,True,15.11.2024,2696475,1284670
100353790,10024946,471452,Hintergasse,5,8239 Dörflingen,2915,SH,real,True,15.11.2024,2696485,1284682
100353791,10024946,471453,Hintergasse,3,8239 Dörflingen,2915,SH,real,True,15.11.2024,2696495,1284669
100353792,10118352,471454,Dorfstrasse,61,8239 Dörflingen,2915,SH,real,True,15.11.2024,2696488,1284654
100353793,10024951,471455,Randeggerstrasse,4,8239 Dörflingen,2915,SH,real,True,15.11.2024,2696444,1285457
100353794,10024945,471456,Hinterdorf,35,8239 Dörflingen,2915,SH,real,True,15.11.2024,2696688,1284432
100353795,10024945,471457,Hinterdorf,31,8239 Dörflingen,2915,SH,real,True,15.11.2024,2696660,1284433
100353796,10072974,471458,Gärtlistrasse,24,8239 Dörflingen,2915,SH,real,True,15.11.2024,2696638,1284488
100353797,10072974,471458,Gärtlistrasse,26,8239 Dörflingen,2915,SH,real,True,15.11.2024,2696646,1284477
100353798,10072974,471459,Gärtlistrasse,12,8239 Dörflingen,2915,SH,real,True,15.11.2024,2696578,1284555
100353799,10072974,471459,Gärtlistrasse,14,8239 Dörflingen,2915,SH,real,True,15.11.2024,2696583,1284556
100353800,10024946,471460,Hintergasse,2,8239 Dörflingen,2915,SH,real,True,15.11.2024,2696503,1284626
100353801,10024945,471461,Hinterdorf,3,8239 Dörflingen,2915,SH,real,True,15.11.2024,2696517,1284602
100353802,10024945,471462,Hinterdorf,7,8239 Dörflingen,2915,SH,real,True,15.11.2024,2696512,1284570
100353803,10024945,471466,Hinterdorf,27,8239 Dörflingen,2915,SH,real,True,15.11.2024,2696620,1284464
100353804,10017858,474492,Echostrasse,6,8212 Neuhausen am Rheinfall,2937,SH,real,True,15.11.2024,2688877,1282073
100353805,10074395,474496,Austrasse,3,8212 Neuhausen am Rheinfall,2937,SH,real,True,15.11.2024,2688915,1282078
100353806,10074395,474497,Austrasse,1,8212 Neuhausen am Rheinfall,2937,SH,real,True,15.11.2024,2688907,1282059
100353807,10017863,474499,Freyastrasse,9,8212 Neuhausen am Rheinfall,2937,SH,real,True,15.11.2024,2688929,1282117
100353808,10017863,474501,Freyastrasse,15,8212 Neuhausen am Rheinfall,2937,SH,real,True,15.11.2024,2688968,1282125
100353809,10112907,474502,Rabenfluhstrasse,4,8212 Neuhausen am Rheinfall,2937,SH,real,True,15.11.2024,2688917,1282340
100353810,10112907,474505,Rabenfluhstrasse,18,8212 Neuhausen am Rheinfall,2937,SH,real,True,15.11.2024,2688960,1282249
100353811,10112907,474506,Rabenfluhstrasse,19,8212 Neuhausen am Rheinfall,2937,SH,real,True,15.11.2024,2688991,1282226
100353813,10017858,474509,Echostrasse,10,8212 Neuhausen am Rheinfall,2937,SH,real,True,15.11.2024,2688902,1282130
100353814,10017858,474511,Echostrasse,14,8212 Neuhausen am Rheinfall,2937,SH,real,True,15.11.2024,2688905,1282145
100353815,10017858,474513,Echostrasse,18,8212 Neuhausen am Rheinfall,2937,SH,real,True,15.11.2024,2688909,1282168
100353816,10017858,474514,Echostrasse,20,8212 Neuhausen am Rheinfall,2937,SH,real,True,15.11.2024,2688910,1282171
100353817,10017858,474515,Echostrasse,22,8212 Neuhausen am Rheinfall,2937,SH,real,True,15.11.2024,2688912,1282186
100353818,10017858,474517,Echostrasse,26,8212 Neuhausen am Rheinfall,2937,SH,real,True,15.11.2024,2688913,1282204
100353819,10017858,474518,Echostrasse,28,8212 Neuhausen am Rheinfall,2937,SH,real,True,15.11.2024,2688913,1282208
100353820,10017858,474520,Echostrasse,32,8212 Neuhausen am Rheinfall,2937,SH,real,True,15.11.2024,2688914,1282226
100353821,10017858,474521,Echostrasse,34,8212 Neuhausen am Rheinfall,2937,SH,real,True,15.11.2024,2688914,1282242
100353822,10017858,474523,Echostrasse,38,8212 Neuhausen am Rheinfall,2937,SH,real,True,15.11.2024,2688914,1282263
100353823,10018166,474524,Zentralstrasse,122,8212 Neuhausen am Rheinfall,2937,SH,real,True,15.11.2024,2688912,1282309
100353824,10112907,474525,Rabenfluhstrasse,10,8212 Neuhausen am Rheinfall,2937,SH,real,True,15.11.2024,2688934,1282311
100353825,10018166,474526,Zentralstrasse,128,8212 Neuhausen am Rheinfall,2937,SH,real,True,15.11.2024,2688897,1282377
100353826,10112907,474527,Rabenfluhstrasse,9.1,8212 Neuhausen am Rheinfall,2937,SH,real,True,23.07.2024,2688971,1282366
100353827,10091258,474528,Schaffhauserstrasse,54,8212 Neuhausen am Rheinfall,2937,SH,real,True,15.11.2024,2688896,1282590
100353828,10091258,474529,Schaffhauserstrasse,52,8212 Neuhausen am Rheinfall,2937,SH,real,True,15.11.2024,2688896,1282567
100353829,10018166,474531,Zentralstrasse,150,8212 Neuhausen am Rheinfall,2937,SH,real,True,15.11.2024,2688901,1282522
100353830,10018166,474533,Zentralstrasse,136,8212 Neuhausen am Rheinfall,2937,SH,real,True,15.11.2024,2688904,1282460
100353831,10018166,474534,Zentralstrasse,138,8212 Neuhausen am Rheinfall,2937,SH,real,True,15.11.2024,2688914,1282459
100353832,10018166,474535,Zentralstrasse,140,8212 Neuhausen am Rheinfall,2937,SH,real,True,15.11.2024,2688937,1282463
100353833,10018166,474536,Zentralstrasse,132,8212 Neuhausen am Rheinfall,2937,SH,real,True,15.11.2024,2688923,1282429
100353834,10018166,474537,Zentralstrasse,130a,8212 Neuhausen am Rheinfall,2937,SH,real,True,15.11.2024,2688890,1282415
100353835,10018166,474538,Zentralstrasse,130,8212 Neuhausen am Rheinfall,2937,SH,real,True,15.11.2024,2688888,1282392
100353836,10112907,474539,Rabenfluhstrasse,7,8212 Neuhausen am Rheinfall,2937,SH,real,True,15.11.2024,2688910,1282385
100353837,10074402,474541,Marktgasse,3,8212 Neuhausen am Rheinfall,2937,SH,real,True,15.11.2024,2688647,1281941
100353838,10017875,474545,Poststrasse,37,8212 Neuhausen am Rheinfall,2937,SH,real,True,15.11.2024,2688620,1281919
100353839,10018166,474547,Zentralstrasse,39,8212 Neuhausen am Rheinfall,2937,SH,real,True,15.11.2024,2688653,1281895
100353840,10018166,474548,Zentralstrasse,41,8212 Neuhausen am Rheinfall,2937,SH,real,True,15.11.2024,2688675,1281894
100353844,10091258,474551,Schaffhauserstrasse,4,8212 Neuhausen am Rheinfall,2937,SH,real,True,15.11.2024,2688561,1281987
100353845,10017875,474552,Poststrasse,24,8212 Neuhausen am Rheinfall,2937,SH,real,True,15.11.2024,2688636,1281996
100353846,10017875,474553,Poststrasse,26,8212 Neuhausen am Rheinfall,2937,SH,real,True,15.11.2024,2688623,1281971
100353847,10017875,474554,Poststrasse,28,8212 Neuhausen am Rheinfall,2937,SH,real,True,15.11.2024,2688610,1281949
100353848,10017875,474555,Poststrasse,32,8212 Neuhausen am Rheinfall,2937,SH,real,True,15.11.2024,2688581,1281929
100353849,10017876,474557,Rheinhofgässchen,2,8212 Neuhausen am Rheinfall,2937,SH,real,True,15.11.2024,2688562,1281949
100353850,10017876,474558,Rheinhofgässchen,4,8212 Neuhausen am Rheinfall,2937,SH,real,True,15.11.2024,2688572,1281963
100353851,10017876,474559,Rheinhofgässchen,6,8212 Neuhausen am Rheinfall,2937,SH,real,True,15.11.2024,2688583,1281977
100353852,10017876,474560,Rheinhofgässchen,10,8212 Neuhausen am Rheinfall,2937,SH,real,True,15.11.2024,2688600,1282009
100353853,10017875,474562,Poststrasse,30,8212 Neuhausen am Rheinfall,2937,SH,real,True,15.11.2024,2688604,1281939
100354240,10027497,470537,Stalden,16,8224 Löhningen,2903,SH,real,True,15.11.2024,2683867,1283861
100354241,10027497,470538,Stalden,17,8224 Löhningen,2903,SH,real,True,15.11.2024,2683839,1283888
100354242,10027497,470539,Stalden,19,8224 Löhningen,2903,SH,real,True,15.11.2024,2683840,1283910
100354243,10027497,470540,Stalden,21,8224 Löhningen,2903,SH,real,True,15.11.2024,2683878,1283925
100354244,10027497,470541,Stalden,23,8224 Löhningen,2903,SH,real,True,15.11.2024,2683871,1283922
100354245,10027497,470543,Stalden,26,8224 Löhningen,2903,SH,real,True,15.11.2024,2683927,1283969
100354246,10026341,470545,Gehr,4,8224 Löhningen,2903,SH,real,True,15.11.2024,2683799,1283901
100354247,10091173,470547,Strasshalden,30,8224 Löhningen,2903,SH,real,True,15.11.2024,2684277,1283941
100354248,10068431,470549,Kloster,8,8224 Löhningen,2903,SH,real,True,15.11.2024,2683601,1283777
100354249,10068431,470550,Kloster,12,8224 Löhningen,2903,SH,real,True,15.11.2024,2683578,1283773
100354878,10154375,190137276,Gemeindewiesenstrasse,19,8212 Neuhausen am Rheinfall,2937,SH,real,True,15.11.2024,2687389,1281641
100355529,10032578,191343370,Schwarzwaldstrasse,73,8226 Schleitheim,2952,SH,real,True,15.11.2024,2676450,1289092
100355579,10085765,191343391,Bahnhofstrasse,15,8226 Schleitheim,2952,SH,real,True,15.11.2024,2678170,1289040
100356287,10032570,191343154,Kirchgasse,1,8226 Schleitheim,2952,SH,real,True,15.11.2024,2678717,1289283
100356493,10032578,191343331,Schwarzwaldstrasse,5,8226 Schleitheim,2952,SH,real,True,15.11.2024,2678027,1288996
100356795,10113208,191343111,Espili,2a,8226 Schleitheim,2952,SH,real,True,15.11.2024,2678564,1289539
100357300,10032578,191343350,Schwarzwaldstrasse,55,8226 Schleitheim,2952,SH,real,True,15.11.2024,2677071,1288930
100358166,10085767,191343132,Flüelistrasse,25,8226 Schleitheim,2952,SH,real,True,15.11.2024,2676656,1289178
100358371,10032574,191343170,Poststrasse,3,8226 Schleitheim,2952,SH,real,True,15.11.2024,2678551,1289345
100366067,10087225,191582054,Steigblickstrasse,629,8262 Ramsen,2963,SH,real,True,15.11.2024,2702669,1284806
100373987,10091170,191584637,Oberdorf,12,8224 Löhningen,2903,SH,real,True,15.11.2024,2683555,1284172
100384287,10143282,191582279,Sonnenburgweg,10,8215 Hallau,2971,SH,real,True,15.11.2024,2676568,1282962
100386237,10046623,190073654,Kirchgasse,17a,8203 Schaffhausen,2939,SH,real,True,15.11.2024,2691472,1283620
100387947,10068429,190138118,Goldackerweg,32,8224 Löhningen,2903,SH,real,True,15.11.2024,2683306,1283765
100387965,10111812,9003483,Ebringerstrasse,87,8240 Thayngen,2920,SH,real,True,15.11.2024,2696344,1289296
100394609,10086485,191583654,Fäsenstaubstrasse,43.2,8200 Schaffhausen,2939,SH,real,True,23.07.2024,2689280,1283554
100396177,10113197,191582395,Hohbergstrasse,50,8207 Schaffhausen,2939,SH,real,True,15.11.2024,2690720,1286203
100403429,10068429,190138111,Goldackerweg,6,8224 Löhningen,2903,SH,real,True,15.11.2024,2683543,1283847
100414911,10113222,191583732,Dorfstrasse,25a,8218 Osterfingen,2974,SH,real,True,15.11.2024,2678574,1279617
100438033,10111812,9003490,Ebringerstrasse,99,8240 Thayngen,2920,SH,real,True,15.11.2024,2696377,1289294
100456239,10031927,191142911,Köhlerweid,1.1,8260 Stein am Rhein,2964,SH,real,True,23.07.2024,2706087,1279190
100459436,10032578,191343411,Schwarzwaldstrasse,10,8226 Schleitheim,2952,SH,real,True,15.11.2024,2677970,1289073
100460943,10085765,191343393,Bahnhofstrasse,24,8226 Schleitheim,2952,SH,real,True,15.11.2024,2678132,1289030
100464608,10179738,191343394,Bolstrasse,13,8226 Schleitheim,2952,SH,real,True,15.11.2024,2678330,1289333
100464657,10032558,191343395,Breitestrasse,11,8226 Schleitheim,2952,SH,real,True,15.11.2024,2678447,1289141
100465737,10032578,191343410,Schwarzwaldstrasse,9,8226 Schleitheim,2952,SH,real,True,15.11.2024,2678023,1289034
100466856,10031567,191343371,Undere Müliweg,2,8226 Schleitheim,2952,SH,real,True,15.11.2024,2677441,1289045
100523736,10091390,190106709,Oberhallauerstrasse,25,8215 Hallau,2971,SH,real,True,15.11.2024,2677209,1283561
100524455,10073625,190114976,Dornböschenweg,7,8240 Thayngen,2920,SH,real,True,15.11.2024,2694388,1289454
100524460,10018157,190114986,Zieglerweg,74,8240 Thayngen,2920,SH,real,True,15.11.2024,2694553,1289912
100535735,10118363,191342951,Aegerten,17,8226 Schleitheim,2952,SH,real,True,15.11.2024,2676359,1288773
100562134,10202333,191416634,Oelbergstieg,14,8200 Schaffhausen,2939,SH,real,True,15.11.2024,2688470,1283588
100563840,10202333,191416630,Oelbergstieg,6,8200 Schaffhausen,2939,SH,real,True,15.11.2024,2688471,1283552
100563841,10202333,191416631,Oelbergstieg,7,8200 Schaffhausen,2939,SH,real,True,15.11.2024,2688444,1283603
100563842,10202333,191416632,Oelbergstieg,18,8200 Schaffhausen,2939,SH,real,True,15.11.2024,2688463,1283613
100593601,10192483,191306990,Bleicheplatz,7,8200 Schaffhausen,2939,SH,real,True,15.11.2024,2689605,1283842
100603037,10117546,191559591,Industriestrasse,,8207 Schaffhausen,2939,SH,real,True,23.07.2024,2692207,1285857
100622313,10073041,190077231,Haldenwiesli,17,8207 Schaffhausen,2939,SH,real,True,15.11.2024,2692092,1286615
100623551,10117546,191559592,Industriestrasse,2b,8207 Schaffhausen,2939,SH,real,False,15.11.2024,2692188,1285980
100624000,10117546,191559592,Industriestrasse,2,8207 Schaffhausen,2939,SH,real,False,15.11.2024,2692086,1285866
100624132,10117546,191559592,Industriestrasse,2a,8207 Schaffhausen,2939,SH,real,True,15.11.2024,2692134,1285941
100659988,10161547,191559833,Im Brand,30,8200 Schaffhausen,2939,SH,real,True,15.11.2024,2690295,1286727
100682596,10161547,191559852,Im Brand,32,8200 Schaffhausen,2939,SH,real,True,15.11.2024,2690303,1286723
100693665,10018635,1615219,Furkastrasse,34,8203 Schaffhausen,2939,SH,real,True,15.11.2024,2690888,1283471
100708410,10025698,191559611,Talstrasse,24,8200 Schaffhausen,2939,SH,real,True,15.11.2024,2690759,1284122
100719490,10073055,191380959,Mühlentalstrasse,380,8200 Schaffhausen,2939,SH,real,True,15.11.2024,2688728,1287648
100722334,10085738,190171012,Schwarzadlerstrasse,9,8200 Schaffhausen,2939,SH,real,True,15.11.2024,2689212,1284923
100728893,10027512,191382331,Schwimmbadstrasse,14,8213 Neunkirch,2904,SH,real,True,15.11.2024,2679971,1282858
100733013,10111804,191378271,Hallauerstrasse,13,8213 Neunkirch,2904,SH,real,True,15.11.2024,2679221,1282721
100734548,10111804,191378271,Hallauerstrasse,15,8213 Neunkirch,2904,SH,real,True,15.11.2024,2679198,1282724
100735266,10085737,191383670,Schlossstrasse,56a,8207 Schaffhausen,2939,SH,real,True,15.11.2024,2691838,1286895
100767961,10072963,191382313,Weierbuckstrasse,5,8213 Neunkirch,2904,SH,real,True,15.11.2024,2679999,1282809
100767962,10027512,191382330,Schwimmbadstrasse,18,8213 Neunkirch,2904,SH,real,True,15.11.2024,2680013,1282869
100780769,10202333,191383977,Oelbergstieg,10,8200 Schaffhausen,2939,SH,real,True,15.11.2024,2688468,1283569
100783681,10202333,191383976,Oelbergstieg,4,8200 Schaffhausen,2939,SH,real,True,15.11.2024,2688478,1283540
100784064,10202333,191383971,Oelbergstieg,1,8200 Schaffhausen,2939,SH,real,True,15.11.2024,2688447,1283545
100784314,10073638,190075172,Haldenweg,11,8222 Beringen,2932,SH,real,True,15.11.2024,2684869,1284000
100785855,10111814,191384355,Im Tal,6,8233 Bargen SH,2931,SH,real,True,15.11.2024,2687644,1294050
100787204,10086481,191385012,Fischerhäuserstrasse,,8200 Schaffhausen,2939,SH,real,True,23.07.2024,2690596,1283375
100799377,10073075,191383731,Ungarbühlstrasse,12.2,8200 Schaffhausen,2939,SH,real,True,23.07.2024,2690116,1284332
100801215,10128137,191235851,Kapellenstrasse,14c,8215 Hallau,2971,SH,real,True,15.11.2024,2677195,1283580
100801974,10128137,191235852,Kapellenstrasse,14b,8215 Hallau,2971,SH,real,True,15.11.2024,2677186,1283586
100824353,10085738,190171015,Schwarzadlerstrasse,13,8200 Schaffhausen,2939,SH,real,True,15.11.2024,2689203,1284919
100832365,10147639,191234911,Im Gablemacher,5,8240 Thayngen,2920,SH,real,True,15.11.2024,2694468,1289577
100832367,10072963,191382311,Weierbuckstrasse,1,8213 Neunkirch,2904,SH,real,True,15.11.2024,2679965,1282786
100839294,10019782,191234550,Neutrottenstrasse,32,8207 Schaffhausen,2939,SH,real,True,15.11.2024,2691135,1286166
100843425,10091408,191384270,Mülibach,7,8217 Wilchingen,2974,SH,real,True,15.11.2024,2676714,1281125
100844656,10072963,191382312,Weierbuckstrasse,3,8213 Neunkirch,2904,SH,real,True,15.11.2024,2679965,1282817
100844657,10027512,191382332,Schwimmbadstrasse,16,8213 Neunkirch,2904,SH,real,True,15.11.2024,2680021,1282838
100862275,10091406,191383171,Haslacherstrasse,8,8217 Wilchingen,2974,SH,real,True,15.11.2024,2677130,1280564
100871649,10027514,191235912,Sportplatzweg,3,8213 Neunkirch,2904,SH,real,True,15.11.2024,2679717,1283024
100876873,10031613,191383374,Wydenhagweg,624,8262 Ramsen,2963,SH,real,True,15.11.2024,2702908,1285300
100886915,10027514,191235853,Sportplatzweg,1,8213 Neunkirch,2904,SH,real,True,15.11.2024,2679716,1283054
100898524,10237809,191381193,Dorfstrasse,9,8243 Altdorf SH,2920,SH,real,True,15.11.2024,2691541,1293370
100922036,10087218,191541331,Betteltalstrasse,633,8262 Ramsen,2963,SH,real,True,15.11.2024,2702758,1284932
100928393,10073043,191236862,Hohberg,4.3,8207 Schaffhausen,2939,SH,real,True,23.07.2024,2690967,1286341
100935667,10073055,2028997,Mühlentalstrasse,136,8200 Schaffhausen,2939,SH,real,True,15.11.2024,2689509,1284615
100935668,10019789,2028999,Walther-Bringolf-Platz,13,8200 Schaffhausen,2939,SH,real,True,15.11.2024,2689822,1283678
100935670,10046626,2029041,Repfergasse,36,8200 Schaffhausen,2939,SH,real,True,15.11.2024,2689848,1283705
100935671,10046626,2029064,Repfergasse,30,8200 Schaffhausen,2939,SH,real,True,15.11.2024,2689863,1283705
100935672,10179724,2029068,Pfrundhausgasse,9,8200 Schaffhausen,2939,SH,real,True,15.11.2024,2689889,1283687
100935673,10055272,2029074,Grafenbuckhalde,3,8200 Schaffhausen,2939,SH,real,True,15.11.2024,2690031,1285109
100935674,10104965,2029100,Kirchhofplatz,21,8200 Schaffhausen,2939,SH,real,True,15.11.2024,2689947,1283592
100935675,10025690,2029141,Stadthausgasse,1,8200 Schaffhausen,2939,SH,real,True,15.11.2024,2689857,1283607
100935676,10025690,2029149,Stadthausgasse,3,8200 Schaffhausen,2939,SH,real,True,15.11.2024,2689849,1283608
100935678,10025690,2029182,Stadthausgasse,10,8200 Schaffhausen,2939,SH,real,True,15.11.2024,2689804,1283617
100935680,10019291,2029217,Ebnatstrasse,65,8200 Schaffhausen,2939,SH,real,True,15.11.2024,2690478,1284790
100935681,10073027,2029232,Brauereistrasse,1,8200 Schaffhausen,2939,SH,real,True,15.11.2024,2690525,1285164
100935682,10086484,2029252,Fulacherhalde,4,8207 Schaffhausen,2939,SH,real,True,15.11.2024,2690937,1285377
100935683,10123290,2029286,Krummgasse,10,8200 Schaffhausen,2939,SH,real,True,19.11.2024,2689762,1283654
100935684,10018657,2029296,Hohlenbaumstrasse,197,8200 Schaffhausen,2939,SH,real,True,15.11.2024,2689071,1284912
100935686,10025690,2029314,Stadthausgasse,23,8200 Schaffhausen,2939,SH,real,True,15.11.2024,2689746,1283603
100935687,10018634,2029319,Fronwagplatz,8,8200 Schaffhausen,2939,SH,real,True,15.11.2024,2689709,1283570
100935688,10025690,2029328,Stadthausgasse,20,8200 Schaffhausen,2939,SH,real,True,15.11.2024,2689719,1283607
100935689,10018634,2029328,Fronwagplatz,18,8200 Schaffhausen,2939,SH,real,True,15.11.2024,2689703,1283610
100935690,10018634,2029333,Fronwagplatz,22,8200 Schaffhausen,2939,SH,real,True,15.11.2024,2689703,1283629
100935691,10123290,2029333,Krummgasse,5,8200 Schaffhausen,2939,SH,real,True,15.11.2024,2689743,1283624
100935692,10122282,2029386,Im Lahn,3,8200 Schaffhausen,2939,SH,real,True,15.11.2024,2688401,1284593
100935693,10113206,2029390,Vorstadt,16,8200 Schaffhausen,2939,SH,real,True,15.11.2024,2689737,1283716
100935694,10073055,2029438,Mühlentalstrasse,284,8200 Schaffhausen,2939,SH,real,True,15.11.2024,2689426,1286718
100935695,10025679,2029451,Schützengraben,25,8200 Schaffhausen,2939,SH,real,True,15.11.2024,2689844,1283820
100935696,10086470,2029490,Bachstrasse,55,8200 Schaffhausen,2939,SH,real,True,15.11.2024,2689856,1283877
100935698,10019274,2029514,Bahnhofstrasse,78,8200 Schaffhausen,2939,SH,real,True,15.11.2024,2689773,1283906
100935699,10113206,2029518,Vorstadt,67,8200 Schaffhausen,2939,SH,real,True,15.11.2024,2689821,1283900
100935700,10113206,2029550,Vorstadt,45,8200 Schaffhausen,2939,SH,real,True,15.11.2024,2689780,1283824
100935701,10019775,2029563,Löwengässchen,2,8200 Schaffhausen,2939,SH,real,True,15.11.2024,2689735,1283768
100935702,10113206,2029563,Vorstadt,29,8200 Schaffhausen,2939,SH,real,True,15.11.2024,2689748,1283769
100935703,10019775,2029584,Löwengässchen,6,8200 Schaffhausen,2939,SH,real,True,15.11.2024,2689719,1283775
100935704,10019775,2029587,Löwengässchen,8,8200 Schaffhausen,2939,SH,real,True,15.11.2024,2689713,1283778
100935705,10019274,2029591,Bahnhofstrasse,52,8200 Schaffhausen,2939,SH,real,True,15.11.2024,2689711,1283797
100935706,10019775,2029591,Löwengässchen,10,8200 Schaffhausen,2939,SH,real,True,15.11.2024,2689711,1283779
100935708,10113206,2029625,Vorstadt,11,8200 Schaffhausen,2939,SH,real,True,15.11.2024,2689719,1283710
100935709,10046628,2029646,Ringstrasse,5,8200 Schaffhausen,2939,SH,real,True,15.11.2024,2690481,1283864
100935710,10019274,2029648,Bahnhofstrasse,24,8200 Schaffhausen,2939,SH,real,True,15.11.2024,2689635,1283680
100935711,10019274,2029658,Bahnhofstrasse,22,8200 Schaffhausen,2939,SH,real,True,15.11.2024,2689629,1283668
100935712,10019808,2029659,Schwertstrasse,4,8200 Schaffhausen,2939,SH,real,True,15.11.2024,2689648,1283643
100935713,10019808,2029662,Schwertstrasse,6,8200 Schaffhausen,2939,SH,real,True,15.11.2024,2689629,1283653
100935714,10019808,2029667,Schwertstrasse,2,8200 Schaffhausen,2939,SH,real,True,15.11.2024,2689660,1283640
100935715,10018634,2029677,Fronwagplatz,15,8200 Schaffhausen,2939,SH,real,True,15.11.2024,2689681,1283615
100935716,10018634,2029689,Fronwagplatz,7,8200 Schaffhausen,2939,SH,real,True,15.11.2024,2689679,1283584
100935717,10019790,2029709,Posthof,3,8200 Schaffhausen,2939,SH,real,True,15.11.2024,2689637,1283595
100935718,10073057,2029709,Oberstadt,12,8200 Schaffhausen,2939,SH,real,True,15.11.2024,2689636,1283572
100935719,10086474,2029718,Breitestieg,16,8200 Schaffhausen,2939,SH,real,True,15.11.2024,2689296,1284617
100935721,10073057,2029769,Oberstadt,15,8200 Schaffhausen,2939,SH,real,True,15.11.2024,2689615,1283562
100935722,10087231,2032094,Charregass,10,8260 Stein am Rhein,2964,SH,real,True,15.11.2024,2706631,1279478
100935723,10031921,2032116,Fronhof,19,8260 Stein am Rhein,2964,SH,real,True,15.11.2024,2706667,1279861
100935725,10113217,2032117,Chirchhofplatz,7,8260 Stein am Rhein,2964,SH,real,True,15.11.2024,2706784,1279692
100935726,10031935,2032121,Roseberg,6,8260 Stein am Rhein,2964,SH,real,True,15.11.2024,2706553,1279307
100935727,10031938,2032172,Understadt,18,8260 Stein am Rhein,2964,SH,real,True,15.11.2024,2706640,1279843
100935728,10117741,2032175,Oehningerstrasse,1,8260 Stein am Rhein,2964,SH,real,True,15.11.2024,2706881,1279742
100935729,10031619,2032176,Chlini Schanz,6,8260 Stein am Rhein,2964,SH,real,True,15.11.2024,2706825,1279815
100935730,10073098,2032217,Wisegässli,1.1,8260 Stein am Rhein,2964,SH,real,True,23.07.2024,2706504,1280042
100935731,10087229,2032242,Blaurockstrasse,24b,8260 Stein am Rhein,2964,SH,real,True,15.11.2024,2706626,1280239
100935732,10180891,2032254,Chäferstieg,4,8260 Stein am Rhein,2964,SH,real,True,15.11.2024,2706964,1280199
100935733,10090058,2032292,Mühlenstrasse,6,8260 Stein am Rhein,2964,SH,real,True,15.11.2024,2707040,1279863
100935734,10090058,2032298,Mühlenstrasse,4,8260 Stein am Rhein,2964,SH,real,True,15.11.2024,2707025,1279833
100935735,10113217,2032318,Chirchhofplatz,14,8260 Stein am Rhein,2964,SH,real,True,15.11.2024,2706835,1279643
100935736,10091104,2032333,Rhigass,8,8260 Stein am Rhein,2964,SH,real,True,15.11.2024,2706714,1279646
100935739,10046637,2032357,Huberlistrasse,1,8260 Stein am Rhein,2964,SH,real,True,15.11.2024,2706162,1280387
100935740,10031935,2032359,Roseberg,9,8260 Stein am Rhein,2964,SH,real,True,15.11.2024,2706546,1279279
100935741,10031935,2032360,Roseberg,7,8260 Stein am Rhein,2964,SH,real,True,15.11.2024,2706550,1279275
100935758,10179712,2028237,Fischergässchen,12,8200 Schaffhausen,2939,SH,real,True,15.11.2024,2690121,1283456
100935762,10018663,2028275,Im Laternenacker,5,8200 Schaffhausen,2939,SH,real,True,15.11.2024,2690757,1284210
100935763,10019270,2028280,Alte Gasse,18,8203 Schaffhausen,2939,SH,real,True,15.11.2024,2691299,1283536
100935764,10086490,2028283,Grubenstrasse,104,8200 Schaffhausen,2939,SH,real,True,15.11.2024,2690784,1284271
100935767,10025698,2028304,Talstrasse,44,8200 Schaffhausen,2939,SH,real,True,15.11.2024,2690973,1284158
100935768,10073060,2028332,Rheinstrasse,23,8200 Schaffhausen,2939,SH,real,True,15.11.2024,2689756,1283261
100935770,10073060,2028355,Rheinstrasse,37,8200 Schaffhausen,2939,SH,real,True,15.11.2024,2689651,1283258
100935771,10025686,2028367,Spendtrottengut,1,8203 Schaffhausen,2939,SH,real,True,15.11.2024,2691227,1283632
100935772,10086475,2028383,Buchthalerstrasse,79,8203 Schaffhausen,2939,SH,real,True,15.11.2024,2690957,1283423
100935773,10118147,2028401,Windeggstrasse,8,8203 Schaffhausen,2939,SH,real,True,15.11.2024,2691445,1283508
100935774,10086476,2028432,Büsingerstrasse,30,8203 Schaffhausen,2939,SH,real,True,15.11.2024,2691713,1283596
100935775,10018652,2028452,Hintergasse,11,8203 Schaffhausen,2939,SH,real,True,15.11.2024,2691428,1283675
100935776,10086477,2028456,Dorfstrasse,4,8203 Schaffhausen,2939,SH,real,True,15.11.2024,2691344,1283643
100935777,10073056,2028467,Neustadt,5,8200 Schaffhausen,2939,SH,real,True,15.11.2024,2689602,1283271
100935778,10018642,2028471,Grabenstrasse,3,8200 Schaffhausen,2939,SH,real,True,15.11.2024,2689551,1283304
100935779,10121172,2028475,Buchbergstrasse,9,8200 Schaffhausen,2939,SH,real,True,15.11.2024,2688848,1287456
100935780,10073055,2028476,Mühlentalstrasse,370,8200 Schaffhausen,2939,SH,real,True,15.11.2024,2688796,1287420
100935781,10106951,2028477,Rheinhaldenstrasse,78,8200 Schaffhausen,2939,SH,real,True,15.11.2024,2691628,1282707
100935782,10073056,2028478,Neustadt,60,8200 Schaffhausen,2939,SH,real,True,15.11.2024,2689610,1283490
100935783,10106951,2028480,Rheinhaldenstrasse,78c,8200 Schaffhausen,2939,SH,real,True,15.11.2024,2691656,1282712
100935784,10106951,2028481,Rheinhaldenstrasse,78d,8200 Schaffhausen,2939,SH,real,True,15.11.2024,2691668,1282703
100935785,10106951,2028482,Rheinhaldenstrasse,78a,8200 Schaffhausen,2939,SH,real,True,15.11.2024,2691646,1282696
100935786,10106951,2028483,Rheinhaldenstrasse,78b,8200 Schaffhausen,2939,SH,real,True,15.11.2024,2691658,1282687
100935787,10118361,2028489,Längenbergstrasse,3,8200 Schaffhausen,2939,SH,real,True,15.11.2024,2689641,1286797
100935788,10118361,2028490,Längenbergstrasse,5,8200 Schaffhausen,2939,SH,real,True,15.11.2024,2689633,1286800
100935789,10118361,2028491,Längenbergstrasse,7,8200 Schaffhausen,2939,SH,real,True,15.11.2024,2689619,1286805
100935790,10019807,2028493,Schweizersbildstrasse,62,8200 Schaffhausen,2939,SH,real,True,15.11.2024,2690088,1286637
100935791,10019807,2028494,Schweizersbildstrasse,64,8200 Schaffhausen,2939,SH,real,True,15.11.2024,2690069,1286643
100935792,10073055,2028499,Mühlentalstrasse,369,8200 Schaffhausen,2939,SH,real,False,15.11.2024,2688802,1287359
100935794,10073056,2028519,Neustadt,22,8200 Schaffhausen,2939,SH,real,True,15.11.2024,2689610,1283365
100935795,10019807,2028534,Schweizersbildstrasse,53,8200 Schaffhausen,2939,SH,real,True,15.11.2024,2690235,1286513
100935796,10019807,2028545,Schweizersbildstrasse,57,8200 Schaffhausen,2939,SH,real,True,15.11.2024,2690168,1286550
100935802,10179714,2028595,Gemsgasse,36,8200 Schaffhausen,2939,SH,real,True,15.11.2024,2690337,1285886
100935804,10073042,2028615,Herrenacker,3,8200 Schaffhausen,2939,SH,real,True,15.11.2024,2689723,1283423
100935805,10073042,2028662,Herrenacker,13,8200 Schaffhausen,2939,SH,real,True,15.11.2024,2689631,1283432
100935806,10019267,2028662,Ackergässchen,2,8200 Schaffhausen,2939,SH,real,True,15.11.2024,2689625,1283425
100935807,10073056,2028662,Neustadt,42,8200 Schaffhausen,2939,SH,real,True,15.11.2024,2689608,1283427
100935808,10073056,2028662,Neustadt,44,8200 Schaffhausen,2939,SH,real,True,15.11.2024,2689608,1283437
100935809,10106953,2028673,Schneckenackerstrasse,12,8200 Schaffhausen,2939,SH,real,True,15.11.2024,2690480,1286129
100935810,10085748,2028685,Stokarbergstrasse,86,8200 Schaffhausen,2939,SH,real,True,15.11.2024,2688696,1283629
100935811,10073035,2028698,Fulachstrasse,150,8200 Schaffhausen,2939,SH,real,False,15.11.2024,2690281,1284914
100935812,10019791,2028700,Quaistrasse,3,8200 Schaffhausen,2939,SH,real,True,15.11.2024,2690117,1283405
100935813,10085722,2028703,Meisenweg,17,8200 Schaffhausen,2939,SH,real,True,15.11.2024,2689503,1284006
100935814,10106953,2028706,Schneckenackerstrasse,2,8200 Schaffhausen,2939,SH,real,True,15.11.2024,2690532,1286091
100935815,10179729,2028709,Sommerhalde,8,8200 Schaffhausen,2939,SH,real,True,15.11.2024,2688454,1286261
100935816,10019793,2028710,Rathausbogen,4,8200 Schaffhausen,2939,SH,real,True,15.11.2024,2689744,1283478
100935817,10179729,2028711,Sommerhalde,10,8200 Schaffhausen,2939,SH,real,True,15.11.2024,2688452,1286263
100935832,10031935,2032361,Roseberg,5,8260 Stein am Rhein,2964,SH,real,True,15.11.2024,2706555,1279271
100935833,10031935,2032362,Roseberg,3,8260 Stein am Rhein,2964,SH,real,True,15.11.2024,2706559,1279267
100935834,10031931,2032364,Orichhöhe,5,8260 Stein am Rhein,2964,SH,real,True,15.11.2024,2707374,1279671
100935835,10031927,2032367,Köhlerweid,6,8260 Stein am Rhein,2964,SH,real,True,15.11.2024,2706036,1279222
100935836,10031927,2032368,Köhlerweid,7,8260 Stein am Rhein,2964,SH,real,True,15.11.2024,2706031,1279225
100935837,10031927,2032369,Köhlerweid,8,8260 Stein am Rhein,2964,SH,real,True,15.11.2024,2706026,1279227
100935838,10031927,2032370,Köhlerweid,9,8260 Stein am Rhein,2964,SH,real,True,15.11.2024,2706020,1279229
100935839,10031932,2032371,Rathausplatz,1,8260 Stein am Rhein,2964,SH,real,True,15.11.2024,2706742,1279702
100935840,10187869,2032392,Küferstrasse,16,8215 Hallau,2971,SH,real,True,15.11.2024,2676117,1283236
100935841,10187869,2032451,Küferstrasse,22,8215 Hallau,2971,SH,real,True,15.11.2024,2676044,1283189
100935842,10033110,2032515,Fronhofweg,7,8215 Hallau,2971,SH,real,True,15.11.2024,2676430,1283356
100935843,10031508,2032619,Schmalzgasse,19,8215 Hallau,2971,SH,real,True,15.11.2024,2676389,1283192
100935844,10031502,2032660,Leebenstrasse,33,8215 Hallau,2971,SH,real,True,15.11.2024,2676708,1283271
100936458,10031593,191541311,Alemannenweg,628,8262 Ramsen,2963,SH,real,True,15.11.2024,2703270,1284892
100936869,10185484,2025310,Guggenbüelweg,11,8240 Thayngen,2920,SH,real,True,15.11.2024,2695587,1289178
100936870,10185484,2025311,Guggenbüelweg,9,8240 Thayngen,2920,SH,real,True,15.11.2024,2695575,1289181
100936871,10106943,2025313,Wistenstrasse,22,8240 Thayngen,2920,SH,real,True,15.11.2024,2694738,1290162
100936872,10111813,2025317,Speckweg,17a,8240 Thayngen,2920,SH,real,True,15.11.2024,2694455,1289265
100936873,10111813,2025318,Speckweg,17b,8240 Thayngen,2920,SH,real,True,15.11.2024,2694451,1289266
100936874,10048900,2025321,Lohningerweg,98,8240 Thayngen,2920,SH,real,True,15.11.2024,2694254,1289523
100936875,10186929,2025332,Stammlerbühlstrasse,9,8240 Thayngen,2920,SH,real,True,15.11.2024,2695976,1288639
100936876,10048900,2025335,Lohningerweg,96,8240 Thayngen,2920,SH,real,True,15.11.2024,2694253,1289496
100936877,10048900,2025343,Lohningerweg,100,8240 Thayngen,2920,SH,real,True,15.11.2024,2694213,1289474
100936878,10087063,2025396,Dorfstrasse,3,8233 Bargen SH,2931,SH,real,True,15.11.2024,2687836,1294136
100936879,10111814,2025408,Im Tal,15,8233 Bargen SH,2931,SH,real,True,15.11.2024,2687546,1293922
100936880,10087062,2025414,Am Bohl,4,8233 Bargen SH,2931,SH,real,True,15.11.2024,2687692,1294142
100936881,10120410,2025419,Hoftalstrasse,9,8233 Bargen SH,2931,SH,real,True,15.11.2024,2687505,1294366
100936882,10073634,2025421,Schulstrasse,1,8233 Bargen SH,2931,SH,real,True,15.11.2024,2687863,1294238
100936883,10018463,2025456,Oberdorf,51,8222 Beringen,2932,SH,real,True,15.11.2024,2685130,1284008
100936884,10087072,2025466,Neugrüthalde,60,8222 Beringen,2932,SH,real,True,15.11.2024,2686625,1283626
100936885,10087072,2025467,Neugrüthalde,58,8222 Beringen,2932,SH,real,True,15.11.2024,2686619,1283627
100936886,10118354,2025473,Bahnhofstrasse,36,8222 Beringen,2932,SH,real,True,15.11.2024,2684950,1283342
100936887,10186340,2025478,Schaffhauserstrasse,82,8222 Beringen,2932,SH,real,True,15.11.2024,2685970,1283439
100936888,10186340,2025479,Schaffhauserstrasse,80,8222 Beringen,2932,SH,real,True,15.11.2024,2685967,1283473
100936889,10185488,2025482,Allerrietstrasse,43,8222 Beringen,2932,SH,real,True,15.11.2024,2687456,1283388
100936890,10087072,2025484,Neugrüthalde,46,8222 Beringen,2932,SH,real,True,15.11.2024,2686504,1283652
100936891,10087072,2025486,Neugrüthalde,48,8222 Beringen,2932,SH,real,True,15.11.2024,2686513,1283651
100936892,10087070,2025492,Hülsteweg,18,8222 Beringen,2932,SH,real,True,15.11.2024,2686807,1283646
100936893,10087070,2025496,Hülsteweg,14,8222 Beringen,2932,SH,real,True,15.11.2024,2686804,1283628
100936894,10046604,2025503,Werkstrasse,31,8222 Beringen,2932,SH,real,True,15.11.2024,2684839,1283213
100936895,10046604,2025504,Werkstrasse,33,8222 Beringen,2932,SH,real,True,15.11.2024,2684841,1283193
100936896,10186340,2025508,Schaffhauserstrasse,98,8222 Beringen,2932,SH,real,True,15.11.2024,2686129,1283476
100936897,10186340,2025509,Schaffhauserstrasse,84,8222 Beringen,2932,SH,real,True,15.11.2024,2686003,1283477
100936898,10018456,2025511,Hardmorgenweg,19,8222 Beringen,2932,SH,real,True,15.11.2024,2685704,1283232
100936899,10046604,2025546,Werkstrasse,27,8222 Beringen,2932,SH,real,True,15.11.2024,2684853,1283212
100936900,10186340,2025547,Schaffhauserstrasse,96,8222 Beringen,2932,SH,real,True,15.11.2024,2686113,1283479
100936901,10087072,2025559,Neugrüthalde,32,8222 Beringen,2932,SH,real,True,15.11.2024,2686329,1283651
100936902,10018464,2025560,Oberstieg,8,8222 Beringen,2932,SH,real,True,15.11.2024,2685624,1283805
100936903,10120411,2025573,Gässlistieg,15,8222 Beringen,2932,SH,real,True,15.11.2024,2686122,1283642
100936904,10091226,2025596,Zelgstrasse,10,8222 Beringen,2932,SH,real,True,15.11.2024,2685195,1283458
100936905,10091226,2025597,Zelgstrasse,8,8222 Beringen,2932,SH,real,True,15.11.2024,2685234,1283457
100936906,10018448,2025600,Biberichweg,2,8222 Beringen,2932,SH,real,True,15.11.2024,2685133,1283812
100936907,10046604,2025622,Werkstrasse,601.1,8222 Beringen,2932,SH,real,True,23.07.2024,2684942,1283214
100936909,10186339,2025639,Gellerstrasse,90,8222 Beringen,2932,SH,real,True,15.11.2024,2685875,1283640
100936910,10185489,2025649,Grafensteinweg,2,8222 Beringen,2932,SH,real,True,15.11.2024,2685190,1283239
100936911,10019556,2025664,Wiesengasse,20,8222 Beringen,2932,SH,real,False,15.11.2024,2685380,1283266
100936912,10117680,2025669,Röhrenhalde,,8222 Beringen,2932,SH,real,True,23.07.2024,2684575,1285486
100936913,10073639,2025670,Heuwegtobel,532,8222 Beringen,2932,SH,real,True,23.07.2024,2685490,1285920
100936914,10091222,2025731,Schulstrasse,12,8222 Beringen,2932,SH,real,True,15.11.2024,2685325,1283998
100936915,10186339,2025779,Gellerstrasse,45,8222 Beringen,2932,SH,real,True,15.11.2024,2685540,1283633
100936916,10179729,2028712,Sommerhalde,12,8200 Schaffhausen,2939,SH,real,True,15.11.2024,2688431,1286270
100936917,10179729,2028715,Sommerhalde,18,8200 Schaffhausen,2939,SH,real,True,15.11.2024,2688406,1286283
100936918,10179729,2028717,Sommerhalde,13,8200 Schaffhausen,2939,SH,real,True,15.11.2024,2688429,1286258
100936919,10179729,2028718,Sommerhalde,11,8200 Schaffhausen,2939,SH,real,True,15.11.2024,2688455,1286247
100936920,10179729,2028719,Sommerhalde,9,8200 Schaffhausen,2939,SH,real,True,15.11.2024,2688477,1286239
100936921,10179729,2028720,Sommerhalde,7,8200 Schaffhausen,2939,SH,real,True,15.11.2024,2688500,1286228
100936922,10073042,2028721,Herrenacker,26,8200 Schaffhausen,2939,SH,real,True,15.11.2024,2689740,1283456
100936923,10179729,2028722,Sommerhalde,5,8200 Schaffhausen,2939,SH,real,True,15.11.2024,2688516,1286208
100936924,10019285,2028724,Burggütliweg,29,8200 Schaffhausen,2939,SH,real,True,15.11.2024,2688379,1283759
100936925,10019285,2028726,Burggütliweg,27,8200 Schaffhausen,2939,SH,real,True,15.11.2024,2688396,1283750
100936926,10046618,2028728,Fernsichtstrasse,24,8200 Schaffhausen,2939,SH,real,True,15.11.2024,2688983,1284937
100936927,10046618,2028729,Fernsichtstrasse,22,8200 Schaffhausen,2939,SH,real,True,15.11.2024,2688977,1284925
100936928,10086475,2028732,Buchthalerstrasse,27,8200 Schaffhausen,2939,SH,real,True,15.11.2024,2690613,1283482
100936929,10086475,2028733,Buchthalerstrasse,25,8200 Schaffhausen,2939,SH,real,True,15.11.2024,2690602,1283484
100936930,10086765,2028734,Kegelgässchen,9,8200 Schaffhausen,2939,SH,real,True,15.11.2024,2690622,1283521
100936931,10086765,2028735,Kegelgässchen,7,8200 Schaffhausen,2939,SH,real,True,15.11.2024,2690653,1283514
100936932,10073055,2028737,Mühlentalstrasse,241,8200 Schaffhausen,2939,SH,real,True,15.11.2024,2689591,1285239
100936933,10073055,2028739,Mühlentalstrasse,243,8200 Schaffhausen,2939,SH,real,True,15.11.2024,2689600,1285249
100936934,10019276,2028754,Beckenstube,6,8200 Schaffhausen,2939,SH,real,True,15.11.2024,2689773,1283462
100936935,10019276,2028754,Beckenstube,4,8200 Schaffhausen,2939,SH,real,True,15.11.2024,2689779,1283467
100936937,10019780,2028842,Münstergasse,20,8200 Schaffhausen,2939,SH,real,True,15.11.2024,2689797,1283487
100936938,10019780,2028844,Münstergasse,12,8200 Schaffhausen,2939,SH,real,True,15.11.2024,2689800,1283470
100936941,10085741,2028848,Solenbergstrasse,5,8207 Schaffhausen,2939,SH,real,True,15.11.2024,2691578,1285391
100936956,10167071,2024084,Schlatterstrasse,2,8241 Barzheim,2920,SH,real,True,15.11.2024,2696149,1290797
100936957,10024933,2024112,Himmetwislistrasse,9,8242 Bibern SH,2920,SH,real,True,15.11.2024,2693037,1292165
100936958,10024933,2024113,Himmetwislistrasse,15,8242 Bibern SH,2920,SH,real,True,15.11.2024,2692959,1292206
100936959,10024933,2024114,Himmetwislistrasse,17,8242 Bibern SH,2920,SH,real,True,15.11.2024,2692953,1292210
100936960,10120403,2024117,Hauptstrasse,39,8242 Bibern SH,2920,SH,real,True,15.11.2024,2693114,1291968
100936961,10120403,2024118,Hauptstrasse,47,8242 Bibern SH,2920,SH,real,True,15.11.2024,2693170,1291956
100936962,10024933,2024142,Himmetwislistrasse,31,8242 Bibern SH,2920,SH,real,True,15.11.2024,2692733,1292266
100936963,10024933,2024143,Himmetwislistrasse,29,8242 Bibern SH,2920,SH,real,True,15.11.2024,2692768,1292258
100936964,10237811,2024153,Dorfstrasse,16,8242 Bibern SH,2920,SH,real,True,15.11.2024,2692822,1292076
100936965,10173735,2024163,Sägi Bibern,7.1,8242 Bibern SH,2920,SH,real,False,12.09.2024,2692679,1292157
100936967,10024937,2024229,Dorfstrasse,9,8236 Büttenhardt,2914,SH,real,True,15.11.2024,2691051,1290201
100936968,10186335,2024239,Reibäckerli,3,8236 Büttenhardt,2914,SH,real,True,15.11.2024,2691142,1290251
100936969,10024937,2024240,Dorfstrasse,22,8236 Büttenhardt,2914,SH,real,True,15.11.2024,2691080,1290240
100936970,10072970,2024241,Cholrüti,13,8236 Büttenhardt,2914,SH,real,True,15.11.2024,2691080,1289906
100936971,10024945,2024255,Hinterdorf,2,8239 Dörflingen,2915,SH,real,True,15.11.2024,2696485,1284595
100936972,10118352,2024268,Dorfstrasse,38,8239 Dörflingen,2915,SH,real,True,15.11.2024,2696392,1284711
100936973,10086754,2024271,Unterbergstrasse,2,8239 Dörflingen,2915,SH,real,True,15.11.2024,2696114,1284715
100936974,10072975,2024271,Im Chloster,16,8239 Dörflingen,2915,SH,real,True,15.11.2024,2696125,1284716
100936975,10086750,2024277,Im Unterberg,5,8239 Dörflingen,2915,SH,real,True,15.11.2024,2696059,1284731
100936976,10072973,2024302,Im Gisbüel,3,8239 Dörflingen,2915,SH,real,True,15.11.2024,2696249,1284994
100936977,10072973,2024303,Im Gisbüel,1,8239 Dörflingen,2915,SH,real,True,15.11.2024,2696245,1284998
100936978,10024945,2024304,Hinterdorf,36,8239 Dörflingen,2915,SH,real,True,15.11.2024,2696619,1284378
100936979,10024945,2024305,Hinterdorf,38,8239 Dörflingen,2915,SH,real,True,15.11.2024,2696634,1284364
100936980,10072978,2024306,Puläjen,10,8239 Dörflingen,2915,SH,real,True,15.11.2024,2696475,1285443
100936981,10072978,2024307,Puläjen,6,8239 Dörflingen,2915,SH,real,True,15.11.2024,2696486,1285437
100936982,10024948,2024310,Landenbergerstrasse,1,8239 Dörflingen,2915,SH,real,True,15.11.2024,2696403,1285346
100936983,10072976,2024388,Im Schützerhus,10,8239 Dörflingen,2915,SH,real,True,15.11.2024,2696408,1284970
100936985,10120403,2024432,Hauptstrasse,30,8242 Hofen SH,2920,SH,real,True,15.11.2024,2692921,1293311
100936986,10120403,2024447,Hauptstrasse,24,8242 Hofen SH,2920,SH,real,True,15.11.2024,2692868,1293249
100936988,10125415,2024452,Im Gässli,3,8242 Hofen SH,2920,SH,real,True,15.11.2024,2692738,1293106
100936989,10072983,2024483,Unterdorf,28,8235 Lohn SH,2917,SH,real,True,15.11.2024,2692481,1290174
100936991,10072980,2024501,Freudentalstrasse,6,8235 Lohn SH,2917,SH,real,True,15.11.2024,2692189,1290123
100936992,10072980,2024503,Freudentalstrasse,2,8235 Lohn SH,2917,SH,real,True,15.11.2024,2692206,1290109
100936993,10024957,2024507,Blattenacker,1,8235 Lohn SH,2917,SH,real,True,15.11.2024,2692547,1290081
100936994,10104919,2024510,Wasserbrunnen,10,8235 Lohn SH,2917,SH,real,True,15.11.2024,2692678,1290125
100936995,10087035,2024524,Schulbückli,4,8235 Lohn SH,2917,SH,real,True,15.11.2024,2692554,1290207
100936996,10086759,2024552,Schenenbühlstrasse,128.1,8235 Lohn SH,2917,SH,real,True,23.07.2024,2692351,1290049
100936997,10104918,2024578,Rietli,106,8235 Lohn SH,2917,SH,real,True,15.11.2024,2692351,1289779
100936999,10072983,2024583,Unterdorf,16,8235 Lohn SH,2917,SH,real,True,15.11.2024,2692375,1290076
100937000,10024968,2024586,Hundackerstrasse,1,8236 Opfertshofen SH,2920,SH,real,True,15.11.2024,2691449,1292252
100937001,10237810,2024623,Dorfstrasse,32,8236 Opfertshofen SH,2920,SH,real,True,15.11.2024,2691563,1292387
100937002,10087042,2024642,Schlossstrasse,2,8234 Stetten SH,2919,SH,real,True,15.11.2024,2691839,1288427
100937003,10024970,2024661,Dorfstrasse,28,8234 Stetten SH,2919,SH,real,True,15.11.2024,2691707,1288409
100937004,10073623,2024663,Wallenrütistrasse,16,8234 Stetten SH,2919,SH,real,True,15.11.2024,2691382,1287827
100937005,10073623,2024665,Wallenrütistrasse,1,8234 Stetten SH,2919,SH,real,True,15.11.2024,2691448,1287895
100937006,10072986,2024668,Braatistrasse,16,8234 Stetten SH,2919,SH,real,True,15.11.2024,2691534,1288081
100937007,10046626,2027935,Repfergasse,3,8200 Schaffhausen,2939,SH,real,True,15.11.2024,2689962,1283705
100937008,10086470,2027935,Bachstrasse,35,8200 Schaffhausen,2939,SH,real,True,15.11.2024,2689985,1283688
100937009,10025695,2027936,Stüdliackerstrasse,1,8207 Schaffhausen,2939,SH,real,True,15.11.2024,2691864,1286286
100937010,10179724,2027937,Pfrundhausgasse,3,8200 Schaffhausen,2939,SH,real,True,15.11.2024,2689903,1283660
100937011,10073041,2027968,Haldenwiesli,19,8207 Schaffhausen,2939,SH,real,True,15.11.2024,2692107,1286581
100937012,10073043,2027981,Hohberg,2,8207 Schaffhausen,2939,SH,real,True,15.11.2024,2690987,1286304
100937013,10073041,2028026,Haldenwiesli,14,8207 Schaffhausen,2939,SH,real,True,15.11.2024,2692112,1286551
100937014,10073041,2028027,Haldenwiesli,6,8207 Schaffhausen,2939,SH,real,True,15.11.2024,2692049,1286591
100937015,10018665,2028028,Im Trenschen,16,8207 Schaffhausen,2939,SH,real,True,15.11.2024,2691999,1287064
100937016,10073041,2028030,Haldenwiesli,4,8207 Schaffhausen,2939,SH,real,True,15.11.2024,2692009,1286609
100937017,10025700,2028066,Trüllenbuck,70,8207 Schaffhausen,2939,SH,real,True,15.11.2024,2691823,1286712
100937018,10085737,2028071,Schlossstrasse,19,8207 Schaffhausen,2939,SH,real,True,15.11.2024,2691848,1286641
100937019,10019270,2028083,Alte Gasse,14,8203 Schaffhausen,2939,SH,real,True,15.11.2024,2691271,1283562
100937020,10073022,2028085,Alpenstrasse,165,8203 Schaffhausen,2939,SH,real,True,15.11.2024,2691622,1283742
100937021,10085730,2028085,Pilatusstrasse,4,8203 Schaffhausen,2939,SH,real,True,15.11.2024,2691623,1283773
100937022,10085730,2028092,Pilatusstrasse,3,8203 Schaffhausen,2939,SH,real,True,15.11.2024,2691604,1283808
100937023,10019270,2028097,Alte Gasse,8,8203 Schaffhausen,2939,SH,real,True,15.11.2024,2691241,1283535
100937024,10019270,2028098,Alte Gasse,6,8203 Schaffhausen,2939,SH,real,True,15.11.2024,2691253,1283549
100937025,10019270,2028103,Alte Gasse,16,8203 Schaffhausen,2939,SH,real,True,15.11.2024,2691288,1283549
100937027,10019276,2028108,Beckenstube,11,8200 Schaffhausen,2939,SH,real,True,15.11.2024,2689748,1283442
100937028,10019276,2028109,Beckenstube,9,8200 Schaffhausen,2939,SH,real,True,15.11.2024,2689765,1283431
100937029,10019276,2028112,Beckenstube,7,8200 Schaffhausen,2939,SH,real,True,15.11.2024,2689774,1283422
100937030,10019790,2028145,Posthof,9,8200 Schaffhausen,2939,SH,real,True,15.11.2024,2689636,1283625
100937031,10019808,2028145,Schwertstrasse,5,8200 Schaffhausen,2939,SH,real,True,15.11.2024,2689633,1283636
100937032,10019291,2028903,Ebnatstrasse,111,8200 Schaffhausen,2939,SH,real,False,15.11.2024,2690900,1285103
100937033,10019291,2028907,Ebnatstrasse,80,8200 Schaffhausen,2939,SH,real,True,15.11.2024,2690561,1284788
100937034,10019291,2028908,Ebnatstrasse,91,8200 Schaffhausen,2939,SH,real,True,15.11.2024,2690610,1284866
100937035,10179726,2028928,Rietstrasse,111,8200 Schaffhausen,2939,SH,real,True,15.11.2024,2688569,1284146
100937036,10085756,2028930,Webergasse,2,8200 Schaffhausen,2939,SH,real,True,15.11.2024,2689932,1283768
100937037,10085756,2028936,Webergasse,19,8200 Schaffhausen,2939,SH,real,True,15.11.2024,2689890,1283747
100937038,10073055,2028960,Mühlentalstrasse,262,8200 Schaffhausen,2939,SH,real,True,15.11.2024,2689548,1285856
100937039,10073055,2028967,Mühlentalstrasse,250,8200 Schaffhausen,2939,SH,real,True,15.11.2024,2689523,1285524
100937040,10073055,2028969,Mühlentalstrasse,28,8200 Schaffhausen,2939,SH,real,True,15.11.2024,2689439,1284029
100937042,10073055,2028974,Mühlentalstrasse,65,8200 Schaffhausen,2939,SH,real,True,15.11.2024,2689343,1284304
100937043,10073055,2028976,Mühlentalstrasse,105,8200 Schaffhausen,2939,SH,real,True,15.11.2024,2689395,1284440
100937044,10073055,2028981,Mühlentalstrasse,179,8200 Schaffhausen,2939,SH,real,True,15.11.2024,2689399,1284745
100937045,10190666,2032702,Konservenstrasse,51,8215 Hallau,2971,SH,real,True,15.11.2024,2676949,1283234
100937047,10031942,2032732,Bettenstrasse,10,8215 Hallau,2971,SH,real,True,15.11.2024,2676646,1282985
100937048,10133046,2032733,Atlingerstrasse,35,8215 Hallau,2971,SH,real,True,15.11.2024,2677130,1283446
100937049,10179759,2032816,Bergstrasse,32,8215 Hallau,2971,SH,real,True,15.11.2024,2676848,1283635
100937050,10190666,2032852,Konservenstrasse,4,8215 Hallau,2971,SH,real,True,15.11.2024,2676520,1283020
100937051,10179762,2032890,Ottengasse,14,8215 Hallau,2971,SH,real,True,15.11.2024,2676792,1283401
100937052,10179762,2032891,Ottengasse,18,8215 Hallau,2971,SH,real,True,15.11.2024,2676803,1283402
100937053,10117916,2032894,Grüntalstrasse,7,8215 Hallau,2971,SH,real,True,15.11.2024,2676949,1283306
100937054,10179762,2032897,Ottengasse,3.1,8215 Hallau,2971,SH,real,True,23.07.2024,2676831,1283424
100937055,10031499,2032917,Hauptstrasse,109,8215 Hallau,2971,SH,real,True,15.11.2024,2676946,1283556
100937056,10031508,2032942,Schmalzgasse,69,8215 Hallau,2971,SH,real,True,15.11.2024,2675997,1283048
100937057,10073104,2032947,Schulgasse,32.1,8215 Hallau,2971,SH,real,True,23.07.2024,2676505,1283632
100937058,10031501,2032977,Lahngasse,21,8215 Hallau,2971,SH,real,True,15.11.2024,2676442,1283624
100937059,10031501,2032978,Lahngasse,19,8215 Hallau,2971,SH,real,True,15.11.2024,2676454,1283590
100937060,10031501,2032979,Lahngasse,17,8215 Hallau,2971,SH,real,True,15.11.2024,2676454,1283581
100937061,10031501,2032981,Lahngasse,13,8215 Hallau,2971,SH,real,True,15.11.2024,2676452,1283566
100937062,10127711,2032995,Trasadingerweg,22,8215 Hallau,2971,SH,real,True,15.11.2024,2676303,1282567
100937063,10133015,2032999,Dickistrasse,2,8215 Hallau,2971,SH,real,True,15.11.2024,2677202,1282980
100937064,10127709,2033000,Baumgartenstrasse,4,8215 Hallau,2971,SH,real,True,15.11.2024,2676186,1283258
100937065,10031942,2033009,Bettenstrasse,31,8215 Hallau,2971,SH,real,True,15.11.2024,2676748,1282828
100937066,10073106,2033032,Heerengasse,4,8216 Oberhallau,2972,SH,real,True,15.11.2024,2678082,1284416
100937067,10153985,2033064,Rohrstrasse,20,8216 Oberhallau,2972,SH,real,True,15.11.2024,2677826,1284291
100937068,10162284,2033066,Püntweg,3,8216 Oberhallau,2972,SH,real,True,15.11.2024,2677968,1284674
100937069,10073107,2033157,Im Peter,176,8216 Oberhallau,2972,SH,real,True,15.11.2024,2677038,1284764
100937070,10180894,2033184,Chatzengartenstrasse,4,8216 Oberhallau,2972,SH,real,True,15.11.2024,2678178,1284460
100937071,10162284,2033187,Püntweg,5,8216 Oberhallau,2972,SH,real,True,15.11.2024,2677952,1284664
100937072,10031512,2033199,Hinterer Berghof,146,8216 Oberhallau,2972,SH,real,True,15.11.2024,2677524,1285918
100937073,10163252,2033200,Lugmerstrasse,3,8216 Oberhallau,2972,SH,real,True,15.11.2024,2678194,1284587
100937074,10163252,2033201,Lugmerstrasse,5,8216 Oberhallau,2972,SH,real,True,15.11.2024,2678190,1284603
100937075,10073108,2033264,Am Buck,3,8219 Trasadingen,2973,SH,real,True,15.11.2024,2674476,1280312
100937076,10179764,2033265,Ifang,4,8219 Trasadingen,2973,SH,real,True,15.11.2024,2674307,1280161
100937077,10073108,2033267,Am Buck,16.1,8219 Trasadingen,2973,SH,real,True,23.07.2024,2674522,1280348
100937078,10031517,2033270,Dorfstrasse,33a,8219 Trasadingen,2973,SH,real,True,15.11.2024,2674494,1280195
100937079,10073110,2033272,Gässli,3,8219 Trasadingen,2973,SH,real,True,15.11.2024,2674390,1280193
100937080,10073108,2033288,Am Buck,2,8219 Trasadingen,2973,SH,real,True,15.11.2024,2674462,1280278
100937081,10031523,2033292,Zollstrasse,5,8219 Trasadingen,2973,SH,real,True,15.11.2024,2674816,1279795
100937082,10187872,2033294,Chilstig,12,8219 Trasadingen,2973,SH,real,True,15.11.2024,2674339,1279919
100937083,10193646,2033297,Am Gässli,7,8219 Trasadingen,2973,SH,real,True,15.11.2024,2674318,1280268
100937084,10187872,2033299,Chilstig,19,8219 Trasadingen,2973,SH,real,True,15.11.2024,2674338,1279860
100937087,10031523,2033381,Zollstrasse,7,8219 Trasadingen,2973,SH,real,True,15.11.2024,2674766,1279722
100937088,10091400,2033420,Hirschgass,10.1,8219 Trasadingen,2973,SH,real,True,23.07.2024,2674622,1280254
100937089,10179766,2033444,Bettengasse,22,8217 Wilchingen,2974,SH,real,True,15.11.2024,2677580,1280027
100937090,10073112,2033453,Am Bächli,3,8217 Wilchingen,2974,SH,real,True,15.11.2024,2677234,1281200
100937091,10031816,2033454,Dickistrasse,15,8217 Wilchingen,2974,SH,real,True,15.11.2024,2677359,1281181
100937092,10031525,2033455,Bettenstrasse,17,8217 Wilchingen,2974,SH,real,True,15.11.2024,2677514,1280023
100937093,10031525,2033456,Bettenstrasse,15,8217 Wilchingen,2974,SH,real,True,15.11.2024,2677516,1280017
100937094,10031525,2033457,Bettenstrasse,13,8217 Wilchingen,2974,SH,real,True,15.11.2024,2677519,1280012
100937095,10187873,2033462,Aspenhof,1,8217 Wilchingen,2974,SH,real,True,15.11.2024,2675976,1279904
100937096,10031830,2033463,Sägereistrasse,18,8217 Wilchingen,2974,SH,real,True,15.11.2024,2676809,1279961
100937097,10031834,2033465,Wiesenweg,5,8217 Wilchingen,2974,SH,real,True,15.11.2024,2677207,1280493
100937098,10031819,2033467,Hofackerstrasse,21,8217 Wilchingen,2974,SH,real,True,15.11.2024,2677158,1280365
100937099,10031819,2033468,Hofackerstrasse,19,8217 Wilchingen,2974,SH,real,True,15.11.2024,2677158,1280356
100937100,10031819,2033469,Hofackerstrasse,17,8217 Wilchingen,2974,SH,real,True,15.11.2024,2677158,1280350
100937101,10124090,2033472,Rainhof,52,8217 Wilchingen,2974,SH,real,True,15.11.2024,2677426,1279920
100937102,10148818,2033517,Niederwiesenstrasse,417.1,8217 Wilchingen,2974,SH,real,True,23.07.2024,2676719,1280143
100937103,10148816,2033616,Hauptstrasse,23,8217 Wilchingen,2974,SH,real,True,15.11.2024,2677367,1280153
100937104,10113223,2033635,Tiefenweg,293.1,8217 Wilchingen,2974,SH,real,True,23.07.2024,2677104,1280593
100937105,10148818,2033655,Niederwiesenstrasse,270.1,8217 Wilchingen,2974,SH,real,True,23.07.2024,2676832,1280098
100937106,10149927,2033663,Bahnhofstrasse,3,8217 Wilchingen,2974,SH,real,True,15.11.2024,2676525,1281273
100937107,10148816,2033691,Hauptstrasse,72,8217 Wilchingen,2974,SH,real,True,15.11.2024,2677081,1280181
100938206,10091408,2033739,Mülibach,2,8217 Wilchingen,2974,SH,real,True,15.11.2024,2676668,1281161
100938207,10148816,2033797,Hauptstrasse,45,8217 Wilchingen,2974,SH,real,True,15.11.2024,2677240,1280143
100938208,10031829,2033813,Schulgasse,5,8217 Wilchingen,2974,SH,real,True,15.11.2024,2677423,1280225
100943997,10120398,2023548,Gigering,63,8213 Neunkirch,2904,SH,real,True,15.11.2024,2679191,1282350
100943998,10120398,2023549,Gigering,65,8213 Neunkirch,2904,SH,real,True,15.11.2024,2679197,1282345
100943999,10120398,2023550,Gigering,67,8213 Neunkirch,2904,SH,real,True,15.11.2024,2679203,1282340
100944000,10120398,2023551,Gigering,69,8213 Neunkirch,2904,SH,real,True,15.11.2024,2679209,1282335
100944001,10120398,2023552,Gigering,59,8213 Neunkirch,2904,SH,real,True,15.11.2024,2679185,1282322
100944002,10120398,2023553,Gigering,57,8213 Neunkirch,2904,SH,real,True,15.11.2024,2679178,1282327
100944003,10120398,2023554,Gigering,55,8213 Neunkirch,2904,SH,real,True,15.11.2024,2679171,1282331
100944004,10120398,2023555,Gigering,53,8213 Neunkirch,2904,SH,real,True,15.11.2024,2679161,1282350
100944005,10120398,2023556,Gigering,41,8213 Neunkirch,2904,SH,real,True,15.11.2024,2679138,1282353
100944006,10120398,2023557,Gigering,35,8213 Neunkirch,2904,SH,real,True,15.11.2024,2679121,1282335
100944007,10120398,2023559,Gigering,39,8213 Neunkirch,2904,SH,real,True,15.11.2024,2679150,1282320
100944008,10111804,2023560,Hallauerstrasse,44,8213 Neunkirch,2904,SH,real,True,15.11.2024,2678995,1282872
100944009,10027516,2023562,Taufgarten,15,8213 Neunkirch,2904,SH,real,True,15.11.2024,2679869,1282294
100944010,10027516,2023563,Taufgarten,13,8213 Neunkirch,2904,SH,real,True,15.11.2024,2679875,1282297
100944088,10018166,2026798,Zentralstrasse,85,8212 Neuhausen am Rheinfall,2937,SH,real,True,15.11.2024,2688786,1282074
100944089,10091258,2026815,Schaffhauserstrasse,5,8212 Neuhausen am Rheinfall,2937,SH,real,True,15.11.2024,2688657,1282176
100944090,10112906,2026820,Gewerbestrasse,8,8212 Neuhausen am Rheinfall,2937,SH,real,True,15.11.2024,2687328,1281219
100944091,10046612,2026821,Zollstrasse,95,8212 Neuhausen am Rheinfall,2937,SH,real,True,15.11.2024,2687199,1281167
100944092,10017879,2026822,Rundbuckstrasse,12,8212 Neuhausen am Rheinfall,2937,SH,real,True,15.11.2024,2687394,1281178
100944093,10091258,2026826,Schaffhauserstrasse,29,8212 Neuhausen am Rheinfall,2937,SH,real,True,15.11.2024,2688776,1282380
100944094,10017868,2026827,Klettgauerstrasse,51,8212 Neuhausen am Rheinfall,2937,SH,real,True,15.11.2024,2688048,1282226
100944095,10017868,2026828,Klettgauerstrasse,53,8212 Neuhausen am Rheinfall,2937,SH,real,True,15.11.2024,2688035,1282173
100944096,10178597,2026836,Tobeläckerstrasse,6,8212 Neuhausen am Rheinfall,2937,SH,real,True,15.11.2024,2687573,1281246
100944097,10017879,2026839,Rundbuckstrasse,6,8212 Neuhausen am Rheinfall,2937,SH,real,True,15.11.2024,2687526,1281176
100944098,10017879,2026845,Rundbuckstrasse,10,8212 Neuhausen am Rheinfall,2937,SH,real,True,15.11.2024,2687429,1281190
100944099,10178597,2026853,Tobeläckerstrasse,11,8212 Neuhausen am Rheinfall,2937,SH,real,True,15.11.2024,2687560,1281290
100944171,10113210,2030532,Lindenstrasse,17,8226 Schleitheim,2952,SH,real,True,15.11.2024,2678078,1289198
100944172,10073360,2030533,Hebsackweg,13,8226 Schleitheim,2952,SH,real,True,15.11.2024,2678533,1289006
100944173,10110817,2030534,Geerenweg,2a,8226 Schleitheim,2952,SH,real,True,15.11.2024,2677984,1288922
100944174,10110817,2030536,Geerenweg,2b,8226 Schleitheim,2952,SH,real,True,15.11.2024,2677976,1288923
100944175,10110817,2030539,Geerenweg,2d,8226 Schleitheim,2952,SH,real,True,15.11.2024,2677964,1288973
100944176,10110817,2030540,Geerenweg,2e,8226 Schleitheim,2952,SH,real,True,15.11.2024,2677956,1288973
100944178,10032571,2030552,Lendenbergstrasse,49,8226 Schleitheim,2952,SH,real,True,15.11.2024,2677571,1289176
100944179,10032571,2030560,Lendenbergstrasse,13,8226 Schleitheim,2952,SH,real,True,15.11.2024,2678082,1289265
100944180,10113211,2030572,Tannbül,616,8226 Schleitheim,2952,SH,real,True,15.11.2024,2679051,1290363
100944181,10032569,2030577,Ischlag,609,8226 Schleitheim,2952,SH,real,True,15.11.2024,2679036,1290777
100945205,10026326,2023026,Talstrasse,15,8214 Gächlingen,2901,SH,real,True,15.11.2024,2679180,1284217
100945206,10118350,2023030,Chapfstrasse,14,8214 Gächlingen,2901,SH,real,True,15.11.2024,2679644,1284646
100945207,10068425,2023116,Gewerbestrasse,1,8214 Gächlingen,2901,SH,real,True,15.11.2024,2679866,1283975
100945208,10026323,2023191,Kirchstrasse,11.1,8214 Gächlingen,2901,SH,real,True,23.07.2024,2679712,1284097
100945209,10026319,2023218,Brüelstrasse,24,8214 Gächlingen,2901,SH,real,True,15.11.2024,2679587,1284258
100945210,10120396,2023221,Neunkircherstrasse,16,8214 Gächlingen,2901,SH,real,True,15.11.2024,2679646,1283646
100945211,10186331,2023356,Berggasse,8b,8224 Löhningen,2903,SH,real,True,15.11.2024,2683511,1283695
100945212,10185466,2023360,Quellenweg,1,8224 Löhningen,2903,SH,real,True,15.11.2024,2683462,1284438
100945213,10091165,2023362,Biberichweg,2,8224 Löhningen,2903,SH,real,True,15.11.2024,2683681,1284402
100945214,10026345,2023364,Lättenstieg,5,8224 Löhningen,2903,SH,real,True,15.11.2024,2683310,1284406
100945215,10091173,2023370,Strasshalden,26,8224 Löhningen,2903,SH,real,True,15.11.2024,2684214,1283958
100945216,10054968,2023393,Grosswies,295,8224 Löhningen,2903,SH,real,True,15.11.2024,2682760,1283544
100945217,10068429,2023394,Goldackerweg,33,8224 Löhningen,2903,SH,real,True,15.11.2024,2683340,1283709
100945218,10026347,2023407,Neugrüt,247.1,8224 Löhningen,2903,SH,real,True,23.07.2024,2682966,1284504
100945219,10068434,2023411,Schützengasse,38,8224 Löhningen,2903,SH,real,True,15.11.2024,2683537,1284339
100945220,10185464,2023468,Eierhalde,175,8224 Löhningen,2903,SH,real,True,15.11.2024,2683925,1284399
100945221,10054966,2023480,Boeler,160,8224 Löhningen,2903,SH,real,True,15.11.2024,2683558,1284836
100945222,10027494,2023487,Schluch,,8224 Löhningen,2903,SH,real,True,23.07.2024,2683602,1284917
100945223,10091169,2023497,Kleintalstrasse,5,8224 Löhningen,2903,SH,real,True,15.11.2024,2683750,1284079
100945224,10091172,2023540,Schulgasse,22,8224 Löhningen,2903,SH,real,True,15.11.2024,2683670,1283906
100945225,10120398,2023546,Gigering,49,8213 Neunkirch,2904,SH,real,True,15.11.2024,2679152,1282383
100945226,10120398,2023547,Gigering,61,8213 Neunkirch,2904,SH,real,True,15.11.2024,2679176,1282367
100945232,10186930,2027098,Victor-von-Bruns-Strasse,28.73,8212 Neuhausen am Rheinfall,2937,SH,real,True,23.07.2024,2689046,1281520
100945235,10074400,2027161,Hardstrasse,52,8212 Neuhausen am Rheinfall,2937,SH,real,True,19.11.2024,2687598,1281907
100945236,10018160,2027163,Schützenstrasse,18,8212 Neuhausen am Rheinfall,2937,SH,real,True,15.11.2024,2687520,1281842
100945237,10106945,2027172,Rosenbergstrasse,22,8212 Neuhausen am Rheinfall,2937,SH,real,True,15.11.2024,2688353,1282151
100945238,10091248,2027177,Einschlagstrasse,11,8212 Neuhausen am Rheinfall,2937,SH,real,True,15.11.2024,2688511,1282312
100945239,10017869,2027186,Langrietstrasse,101,8212 Neuhausen am Rheinfall,2937,SH,real,True,15.11.2024,2686487,1280931
100945240,10091259,2027202,Schweizerhofweg,5,8212 Neuhausen am Rheinfall,2937,SH,real,True,15.11.2024,2687862,1281674
100945241,10068437,2023564,Muzellstrasse,18,8213 Neunkirch,2904,SH,real,True,15.11.2024,2679895,1282309
100945242,10068437,2023569,Muzellstrasse,12,8213 Neunkirch,2904,SH,real,True,15.11.2024,2679896,1282332
100945243,10068437,2023570,Muzellstrasse,14,8213 Neunkirch,2904,SH,real,True,15.11.2024,2679879,1282319
100945244,10136937,2025793,Industriestrasse,12,8222 Beringen,2932,SH,real,False,15.11.2024,2686196,1283332
100945245,10018455,2025808,Hard,,8222 Beringen,2932,SH,real,True,23.07.2024,2687024,1282826
100945247,10091226,2025862,Zelgstrasse,31,8222 Beringen,2932,SH,real,True,15.11.2024,2685005,1283375
100945248,10018465,2025863,Postberg,6,8222 Beringen,2932,SH,real,True,15.11.2024,2685121,1283700
100945250,10120567,2025870,Randenturm,,8222 Beringen,2932,SH,real,True,23.07.2024,2685778,1284497
100945251,10018449,2025875,Bärenacker,3,8222 Beringen,2932,SH,real,True,15.11.2024,2685100,1283622
100945252,10178315,2025888,Schleitheimerstrasse,26,8222 Beringen,2932,SH,real,True,15.11.2024,2685000,1283650
100945253,10018460,2025890,Kehlhof,263.1,8222 Beringen,2932,SH,real,True,23.07.2024,2685072,1283758
100945254,10087071,2025901,Klösterli,9,8222 Beringen,2932,SH,real,True,15.11.2024,2685181,1283564
100945255,10178315,2025906,Schleitheimerstrasse,22,8222 Beringen,2932,SH,real,True,15.11.2024,2685037,1283656
100945256,10186340,2025918,Schaffhauserstrasse,31a,8222 Beringen,2932,SH,real,True,15.11.2024,2685572,1283518
100945257,10019553,2025927,Unterdorf,16,8222 Beringen,2932,SH,real,True,15.11.2024,2685307,1283555
100945259,10019556,2025940,Wiesengasse,12,8222 Beringen,2932,SH,real,True,15.11.2024,2685359,1283367
100945260,10018463,2025956,Oberdorf,6,8222 Beringen,2932,SH,real,True,15.11.2024,2685217,1283706
100945261,10018463,2025960,Oberdorf,6a,8222 Beringen,2932,SH,real,True,15.11.2024,2685223,1283715
100945262,10186340,2025968,Schaffhauserstrasse,50,8222 Beringen,2932,SH,real,True,15.11.2024,2685669,1283446
100945263,10018463,2025969,Oberdorf,14a,8222 Beringen,2932,SH,real,True,15.11.2024,2685244,1283759
100945264,10107065,2025975,Ziegelhütteweg,5,8222 Beringen,2932,SH,real,True,15.11.2024,2685334,1283845
100945265,10018463,2025982,Oberdorf,38,8222 Beringen,2932,SH,real,True,15.11.2024,2685223,1283946
100945266,10165178,2026009,Bodenweg,12,8454 Buchberg,2933,SH,real,True,15.11.2024,2684195,1269708
100945267,10161510,2026030,Gässliweg,1,8454 Buchberg,2933,SH,real,True,15.11.2024,2684250,1269707
100945268,10073652,2026032,Hurbigstrasse,28,8454 Buchberg,2933,SH,real,True,15.11.2024,2684374,1270059
100945269,10073652,2026033,Hurbigstrasse,26,8454 Buchberg,2933,SH,real,True,15.11.2024,2684389,1270054
100945270,10019558,2026035,Bachweg,4,8454 Buchberg,2933,SH,real,True,15.11.2024,2684418,1269675
100945271,10019559,2026038,Erlistrasse,33,8454 Buchberg,2933,SH,real,True,15.11.2024,2684335,1269890
100945272,10165179,2026039,Erliweg,3,8454 Buchberg,2933,SH,real,True,15.11.2024,2684311,1269876
100945273,10165179,2026040,Erliweg,5,8454 Buchberg,2933,SH,real,True,15.11.2024,2684282,1269857
100945274,10019559,2026045,Erlistrasse,37,8454 Buchberg,2933,SH,real,True,15.11.2024,2684274,1269905
100945275,10019564,2026125,Sandackerstrasse,7,8454 Buchberg,2933,SH,real,True,15.11.2024,2684655,1269569
100945276,10091228,2026131,Wieswandstrasse,6,8454 Buchberg,2933,SH,real,True,15.11.2024,2684650,1269607
100945277,10046605,2026152,Dorfstrasse,54,8454 Buchberg,2933,SH,real,True,15.11.2024,2684497,1269731
100945278,10019559,2026161,Erlistrasse,110,8454 Buchberg,2933,SH,real,True,23.07.2024,2684155,1269921
100945279,10091230,2026218,Hauptstrasse,85,8231 Hemmental,2939,SH,real,True,15.11.2024,2686382,1287298
100945280,10117542,2026220,Bruggwiesen,13,8231 Hemmental,2939,SH,real,True,15.11.2024,2686381,1287213
100945281,10091230,2026223,Hauptstrasse,55,8231 Hemmental,2939,SH,real,True,15.11.2024,2686274,1287562
100945282,10091230,2026227,Hauptstrasse,60,8231 Hemmental,2939,SH,real,True,15.11.2024,2686280,1287519
100945283,10019574,2026254,Oberberg,181,8231 Hemmental,2939,SH,real,True,15.11.2024,2685921,1288218
100945284,10178318,2026259,Gutbuck,167,8231 Hemmental,2939,SH,real,True,15.11.2024,2684607,1289114
100945285,10091230,2026268,Hauptstrasse,4,8231 Hemmental,2939,SH,real,True,15.11.2024,2685690,1287683
100945286,10074389,2026274,Hattenhof,2,8231 Hemmental,2939,SH,real,True,15.11.2024,2685652,1287682
100945287,10017848,2026319,Wettgasse,10,8232 Merishausen,2936,SH,real,True,15.11.2024,2687821,1290747
100945288,10091237,2026353,Hohlgasse,5,8232 Merishausen,2936,SH,real,True,15.11.2024,2687662,1290755
100945289,10091237,2026355,Hohlgasse,20,8232 Merishausen,2936,SH,real,True,15.11.2024,2687561,1290819
100945290,10120417,2026372,Steineweg,295,8232 Merishausen,2936,SH,real,True,15.11.2024,2685781,1289913
100945291,10108015,2026399,Hauptstrasse,16,8232 Merishausen,2936,SH,real,True,15.11.2024,2687903,1290214
100945293,10019580,2026419,Brunngasse,4,8232 Merishausen,2936,SH,real,True,15.11.2024,2687752,1290530
100945294,10017844,2026438,Soo,180,8232 Merishausen,2936,SH,real,True,15.11.2024,2687028,1292998
100945295,10108015,2026455,Hauptstrasse,31,8232 Merishausen,2936,SH,real,True,15.11.2024,2687814,1290362
100945296,10046607,2026522,Rheinweg,7,8200 Schaffhausen,2937,SH,real,True,15.11.2024,2688928,1283027
100945297,10091248,2026546,Einschlagstrasse,6,8212 Neuhausen am Rheinfall,2937,SH,real,True,15.11.2024,2688562,1282323
100945298,10046607,2026547,Rheinweg,5,8200 Schaffhausen,2937,SH,real,True,15.11.2024,2688942,1283057
100945299,10017869,2026597,Langrietstrasse,112,8212 Neuhausen am Rheinfall,2937,SH,real,True,15.11.2024,2686101,1280798
100945300,10046612,2026602,Zollstrasse,86a,8212 Neuhausen am Rheinfall,2937,SH,real,True,15.11.2024,2687349,1281458
100945301,10017857,2026604,Chlaffentalstrasse,1,8212 Neuhausen am Rheinfall,2937,SH,real,True,15.11.2024,2687173,1281246
100945302,10017879,2026609,Rundbuckstrasse,8,8212 Neuhausen am Rheinfall,2937,SH,real,True,15.11.2024,2687469,1281183
100945303,10017869,2026625,Langrietstrasse,17a,8212 Neuhausen am Rheinfall,2937,SH,real,True,15.11.2024,2687249,1281419
100945304,10120418,2026637,Rheinfallquai,32,8212 Neuhausen am Rheinfall,2937,SH,real,True,15.11.2024,2688026,1281429
100945308,10186343,2026684,Rheingoldstrasse,11,8212 Neuhausen am Rheinfall,2937,SH,real,True,15.11.2024,2688735,1281759
100945309,10186343,2026689,Rheingoldstrasse,13,8212 Neuhausen am Rheinfall,2937,SH,real,True,15.11.2024,2688776,1281791
100945310,10018166,2026691,Zentralstrasse,32,8212 Neuhausen am Rheinfall,2937,SH,real,True,15.11.2024,2688699,1281825
100945312,10018166,2026696,Zentralstrasse,2,8212 Neuhausen am Rheinfall,2937,SH,real,True,15.11.2024,2688608,1281742
100945314,10046607,2026730,Rheinweg,8,8200 Schaffhausen,2937,SH,real,True,15.11.2024,2688897,1283000
100945315,10122645,2026749,Schalchengässli,9,8212 Neuhausen am Rheinfall,2937,SH,real,True,15.11.2024,2689028,1281910
100945316,10091245,2026767,Bahnhofstrasse,21.2,8212 Neuhausen am Rheinfall,2937,SH,real,True,23.07.2024,2688979,1282041
100945317,10046607,2026778,Rheinweg,4,8200 Schaffhausen,2937,SH,real,True,15.11.2024,2688929,1283068
100945318,10019807,2027779,Schweizersbildstrasse,41,8207 Schaffhausen,2939,SH,real,True,15.11.2024,2690436,1286362
100945319,10025700,2027791,Trüllenbuck,36,8207 Schaffhausen,2939,SH,real,True,15.11.2024,2691656,1286542
100945322,10019294,2027847,Ernst Müller-Strasse,4,8207 Schaffhausen,2939,SH,real,True,15.11.2024,2692376,1286043
100945323,10019294,2027849,Ernst Müller-Strasse,6,8207 Schaffhausen,2939,SH,real,True,15.11.2024,2692347,1286065
100945324,10085741,2027855,Solenbergstrasse,35,8207 Schaffhausen,2939,SH,real,True,15.11.2024,2692580,1286355
100945325,10019291,2027857,Ebnatstrasse,169,8207 Schaffhausen,2939,SH,real,False,15.11.2024,2691342,1285738
100945326,10086470,2027860,Bachstrasse,62,8200 Schaffhausen,2939,SH,real,True,15.11.2024,2689910,1283848
100945329,10120425,2027890,Im Hägli,7,8207 Schaffhausen,2939,SH,real,True,15.11.2024,2691562,1286380
100945330,10178597,2026854,Tobeläckerstrasse,9,8212 Neuhausen am Rheinfall,2937,SH,real,True,15.11.2024,2687517,1281282
100945331,10178597,2026856,Tobeläckerstrasse,7,8212 Neuhausen am Rheinfall,2937,SH,real,True,15.11.2024,2687469,1281277
100945332,10178597,2026862,Tobeläckerstrasse,4,8212 Neuhausen am Rheinfall,2937,SH,real,True,15.11.2024,2687502,1281245
100945333,10017857,2026946,Chlaffentalstrasse,106,8212 Neuhausen am Rheinfall,2937,SH,real,True,15.11.2024,2686760,1280811
100945335,10017870,2026972,Laufengasse,26,8212 Neuhausen am Rheinfall,2937,SH,real,True,15.11.2024,2688388,1281677
100945336,10017870,2026973,Laufengasse,28,8212 Neuhausen am Rheinfall,2937,SH,real,True,15.11.2024,2688362,1281682
100945337,10017870,2026975,Laufengasse,30,8212 Neuhausen am Rheinfall,2937,SH,real,True,15.11.2024,2688341,1281686
100945338,10258970,2026991,Im RhyTech,19,8212 Neuhausen am Rheinfall,2937,SH,real,True,15.11.2024,2688303,1281988
100945339,10017879,2027093,Rundbuckstrasse,1,8212 Neuhausen am Rheinfall,2937,SH,real,True,15.11.2024,2687586,1281144
100945340,10073057,2029777,Oberstadt,11,8200 Schaffhausen,2939,SH,real,True,15.11.2024,2689627,1283561
100945341,10025688,2029869,Sporrengasse,1,8200 Schaffhausen,2939,SH,real,True,15.11.2024,2689782,1283566
100945343,10073076,2029869,Vordergasse,66,8200 Schaffhausen,2939,SH,real,True,15.11.2024,2689782,1283548
100945344,10025688,2029876,Sporrengasse,8,8200 Schaffhausen,2939,SH,real,True,15.11.2024,2689784,1283586
100945345,10025690,2029886,Stadthausgasse,11,8200 Schaffhausen,2939,SH,real,True,15.11.2024,2689810,1283608
100945346,10073076,2029886,Vordergasse,58,8200 Schaffhausen,2939,SH,real,True,15.11.2024,2689814,1283543
100945347,10019287,2029920,Bühlstrasse,15,8200 Schaffhausen,2939,SH,real,True,15.11.2024,2688961,1283836
100945348,10085723,2029961,Munothaldenweg,1,8200 Schaffhausen,2939,SH,real,True,15.11.2024,2690067,1283655
100945350,10019273,2029970,Bachstieg,2,8200 Schaffhausen,2939,SH,real,True,15.11.2024,2690039,1283685
100945351,10046613,2029990,Bürgerstrasse,26,8200 Schaffhausen,2939,SH,real,True,15.11.2024,2690334,1283800
100945352,10186931,2029995,Emmersbergstrasse,83,8200 Schaffhausen,2939,SH,real,True,15.11.2024,2690284,1283963
100945353,10086491,2030008,Haldenstrasse,4,8200 Schaffhausen,2939,SH,real,True,15.11.2024,2689350,1284549
100945354,10025710,2030009,Windeggstieg,6,8203 Schaffhausen,2939,SH,real,True,15.11.2024,2691123,1283346
100945355,10117545,2030010,Finsterwaldstrasse,46,8200 Schaffhausen,2939,SH,real,True,15.11.2024,2689854,1284656
100945359,10018660,2030027,Höhenweg,6,8200 Schaffhausen,2939,SH,real,True,15.11.2024,2690397,1283940
100945360,10118144,2030029,Hintersteig,12,8200 Schaffhausen,2939,SH,real,True,15.11.2024,2689450,1283864
100945361,10086474,2030032,Breitestieg,19,8200 Schaffhausen,2939,SH,real,True,15.11.2024,2689301,1284606
100945362,10180884,2030042,Promenadenstrasse,17,8200 Schaffhausen,2939,SH,real,True,15.11.2024,2689302,1283353
100945363,10073049,2030056,Korallenstieg,12,8200 Schaffhausen,2939,SH,real,True,15.11.2024,2690431,1283744
100945364,10073035,2030057,Fulachstrasse,10,8200 Schaffhausen,2939,SH,real,True,15.11.2024,2690019,1284201
100945365,10073075,2030069,Ungarbühlstrasse,14,8200 Schaffhausen,2939,SH,real,True,15.11.2024,2690151,1284343
100945366,10073076,2030108,Vordergasse,57,8200 Schaffhausen,2939,SH,real,True,15.11.2024,2689835,1283525
100945367,10103227,2030110,Schlagbaumstrasse,6,8200 Schaffhausen,2939,SH,real,True,15.11.2024,2689841,1284004
100945368,10019274,2030110,Bahnhofstrasse,94,8200 Schaffhausen,2939,SH,real,True,15.11.2024,2689845,1284014
100945369,10073076,2030116,Vordergasse,53,8200 Schaffhausen,2939,SH,real,True,15.11.2024,2689846,1283521
100945370,10025678,2030116,Schönmaiengässchen,4,8200 Schaffhausen,2939,SH,real,True,15.11.2024,2689846,1283494
100945371,10085758,2030119,Zweigstrasse,2,8200 Schaffhausen,2939,SH,real,True,15.11.2024,2690377,1284224
100945372,10179728,2030121,Schneidergang,2,8200 Schaffhausen,2939,SH,real,True,15.11.2024,2689857,1283473
100945373,10085725,2030121,Münsterplatz,34,8200 Schaffhausen,2939,SH,real,True,15.11.2024,2689869,1283462
100945374,10073076,2030126,Vordergasse,45,8200 Schaffhausen,2939,SH,real,True,15.11.2024,2689880,1283519
100945375,10018654,2030137,Hochstrasse,182,8200 Schaffhausen,2939,SH,real,True,15.11.2024,2690218,1285218
100945376,10086490,2030153,Grubenstrasse,80,8200 Schaffhausen,2939,SH,real,True,15.11.2024,2690577,1284297
100945378,10187856,2030166,Spiegelgutstrasse,27,8200 Schaffhausen,2939,SH,real,True,15.11.2024,2690595,1285962
100945379,10018654,2030171,Hochstrasse,13a,8200 Schaffhausen,2939,SH,real,True,15.11.2024,2689757,1284172
100945381,10018654,2030180,Hochstrasse,11,8200 Schaffhausen,2939,SH,real,True,15.11.2024,2689781,1284170
100945383,10180881,2030219,Goldsteinstrasse,21,8200 Schaffhausen,2939,SH,real,True,15.11.2024,2689995,1283469
100945384,10073076,2030219,Vordergasse,11,8200 Schaffhausen,2939,SH,real,True,15.11.2024,2689994,1283492
100945385,10085729,2030244,Pfarrweg,2,8200 Schaffhausen,2939,SH,real,True,15.11.2024,2689998,1283757
100945386,10086470,2030244,Bachstrasse,50,8200 Schaffhausen,2939,SH,real,True,15.11.2024,2689997,1283746
100945387,10085729,2030246,Pfarrweg,1,8200 Schaffhausen,2939,SH,real,True,15.11.2024,2689988,1283767
100945388,10019783,2030289,Nordstrasse,131,8200 Schaffhausen,2939,SH,real,True,15.11.2024,2689209,1284774
100945389,10053246,2030305,Wiesental,7,8228 Beggingen,2951,SH,real,True,15.11.2024,2682094,1290942
100945390,10085763,2030312,Stockerweg,1,8228 Beggingen,2951,SH,real,True,15.11.2024,2681909,1291017
100945391,10053246,2030320,Wiesental,10,8228 Beggingen,2951,SH,real,True,15.11.2024,2682020,1290947
100945392,10085762,2030337,Rebhalde,4,8228 Beggingen,2951,SH,real,True,15.11.2024,2681701,1291185
100945393,10085762,2030338,Rebhalde,6,8228 Beggingen,2951,SH,real,True,15.11.2024,2681684,1291187
100945394,10058935,2030344,Dorfstrasse,62,8228 Beggingen,2951,SH,real,True,15.11.2024,2681904,1291124
100945395,10187915,2030359,Chobewis,2,8228 Beggingen,2951,SH,real,True,15.11.2024,2682013,1291349
100945396,10085759,2030364,Burkhalde,250,8228 Beggingen,2951,SH,real,True,15.11.2024,2682478,1290670
100945398,10025714,2030470,Bückli,10,8228 Beggingen,2951,SH,real,True,15.11.2024,2682461,1291216
100945399,10073080,2030478,Oberdorf,3,8228 Beggingen,2951,SH,real,True,15.11.2024,2682483,1291131
100945400,10031564,2030517,Uezestaaweg,3,8226 Schleitheim,2952,SH,real,True,15.11.2024,2678048,1289299
100945401,10032557,2030518,Bolstiig,11,8226 Schleitheim,2952,SH,real,True,15.11.2024,2678203,1289279
100945402,10032557,2030520,Bolstiig,13,8226 Schleitheim,2952,SH,real,True,15.11.2024,2678197,1289285
100945403,10032571,2030521,Lendenbergstrasse,5,8226 Schleitheim,2952,SH,real,True,15.11.2024,2678183,1289306
100945404,10186575,2030527,Obere Hofwiesen,18,8226 Schleitheim,2952,SH,real,True,15.11.2024,2678754,1289566
100945405,10186575,2030528,Obere Hofwiesen,14,8226 Schleitheim,2952,SH,real,True,15.11.2024,2678754,1289576
100945406,10091105,2031914,Rietstrasse,41,8260 Stein am Rhein,2964,SH,real,True,15.11.2024,2706208,1280226
100945407,10087230,2031917,Burgackerstrasse,12,8260 Stein am Rhein,2964,SH,real,True,15.11.2024,2706683,1279146
100945408,10090057,2031918,Kaltenbacherstrasse,38,8260 Stein am Rhein,2964,SH,real,True,15.11.2024,2706229,1278935
100945409,10073093,2031926,Klingenstrasse,1,8260 Stein am Rhein,2964,SH,real,True,15.11.2024,2706929,1280057
100945410,10090057,2031930,Kaltenbacherstrasse,32,8260 Stein am Rhein,2964,SH,real,True,15.11.2024,2706282,1279028
100945411,10090057,2031936,Kaltenbacherstrasse,28,8260 Stein am Rhein,2964,SH,real,True,15.11.2024,2706385,1279105
100945412,10073095,2031943,Oberdörfli,2,8260 Stein am Rhein,2964,SH,real,True,15.11.2024,2706750,1280013
100945413,10090057,2031947,Kaltenbacherstrasse,30,8260 Stein am Rhein,2964,SH,real,True,15.11.2024,2706346,1279063
100945414,10117741,2031949,Oehningerstrasse,72,8260 Stein am Rhein,2964,SH,real,True,15.11.2024,2707870,1279815
100945415,10031940,2031952,Zum Nägelisee,7,8260 Stein am Rhein,2964,SH,real,True,15.11.2024,2706267,1279132
100945417,10032569,2030585,Ischlag,599,8226 Schleitheim,2952,SH,real,True,15.11.2024,2679019,1290762
100945418,10121176,2030591,Ob den Beggingerreben,590,8226 Schleitheim,2952,SH,real,True,15.11.2024,2679092,1290747
100945419,10121176,2030596,Ob den Beggingerreben,589,8226 Schleitheim,2952,SH,real,True,15.11.2024,2679066,1290752
100945420,10032563,2030599,Groofedelbuck,584,8226 Schleitheim,2952,SH,real,True,15.11.2024,2678845,1290405
100945421,10192060,2030602,Birbistel,580,8226 Schleitheim,2952,SH,real,True,15.11.2024,2679083,1290807
100945422,10073366,2030609,Staufenberg,570,8226 Schleitheim,2952,SH,real,True,15.11.2024,2678281,1290108
100945423,10073368,2030644,Hohbrugg,524,8226 Schleitheim,2952,SH,real,True,15.11.2024,2679136,1287425
100945424,10053252,2030646,Ueüch,1,8226 Schleitheim,2952,SH,real,True,15.11.2024,2678909,1289752
100945425,10073367,2030648,Waabelwies,2,8226 Schleitheim,2952,SH,real,True,15.11.2024,2678904,1289747
100945426,10032571,2030662,Lendenbergstrasse,11,8226 Schleitheim,2952,SH,real,True,15.11.2024,2678106,1289269
100945427,10186575,2030760,Obere Hofwiesen,10,8226 Schleitheim,2952,SH,real,True,15.11.2024,2678721,1289591
100945428,10026001,2030809,Babental,356,8226 Schleitheim,2952,SH,real,True,15.11.2024,2681251,1288801
100945429,10031567,2030840,Undere Müliweg,30,8226 Schleitheim,2952,SH,real,True,15.11.2024,2676983,1288985
100945430,10117740,2030902,Schwerzedel,4,8226 Schleitheim,2952,SH,real,True,15.11.2024,2678911,1289427
100945431,10073365,2030908,Schlechtenbol,54,8226 Schleitheim,2952,SH,real,True,15.11.2024,2678295,1288806
100945432,10073365,2030909,Schlechtenbol,52,8226 Schleitheim,2952,SH,real,True,15.11.2024,2678297,1288797
100945433,10073365,2030911,Schlechtenbol,50,8226 Schleitheim,2952,SH,real,True,15.11.2024,2678299,1288787
100945434,10117740,2030924,Schwerzedel,6,8226 Schleitheim,2952,SH,real,True,15.11.2024,2678922,1289426
100945435,10032565,2031005,Hallauerstrasse,14a,8226 Schleitheim,2952,SH,real,True,15.11.2024,2678013,1288910
100946481,10074402,2027210,Marktgasse,2,8212 Neuhausen am Rheinfall,2937,SH,real,True,15.11.2024,2688671,1281938
100946482,10017865,2027233,Goldbergstrasse,2a,8212 Neuhausen am Rheinfall,2937,SH,real,True,15.11.2024,2688497,1282977
100946483,10017870,2027236,Laufengasse,19,8212 Neuhausen am Rheinfall,2937,SH,real,True,15.11.2024,2688391,1281604
100946484,10186930,2027237,Victor-von-Bruns-Strasse,15,8212 Neuhausen am Rheinfall,2937,SH,real,True,15.11.2024,2689162,1281646
100946485,10186930,2027250,Victor-von-Bruns-Strasse,11,8212 Neuhausen am Rheinfall,2937,SH,real,True,15.11.2024,2689131,1281677
100946486,10017857,2027291,Chlaffentalstrasse,104,8212 Neuhausen am Rheinfall,2937,SH,real,True,15.11.2024,2686812,1280896
100946487,10018170,2027310,Egghof,99.1,8455 Rüdlingen,2938,SH,real,True,23.07.2024,2686355,1272774
100946488,10206079,2027318,Steinenkreuzstrasse,5,8455 Rüdlingen,2938,SH,real,True,15.11.2024,2684590,1270789
100946489,10206079,2027323,Steinenkreuzstrasse,4,8455 Rüdlingen,2938,SH,real,True,15.11.2024,2684609,1270660
100946490,10206081,2027335,Ausserdorfstrasse,1,8455 Rüdlingen,2938,SH,real,True,15.11.2024,2685188,1270717
100946491,10205631,2027344,Sandgrubenstrasse,6,8455 Rüdlingen,2938,SH,real,True,15.11.2024,2684865,1271365
100946492,10205631,2027345,Sandgrubenstrasse,8,8455 Rüdlingen,2938,SH,real,True,15.11.2024,2684862,1271358
100946493,10205631,2027348,Sandgrubenstrasse,12,8455 Rüdlingen,2938,SH,real,True,15.11.2024,2684866,1271346
100946494,10205631,2027349,Sandgrubenstrasse,20,8455 Rüdlingen,2938,SH,real,True,15.11.2024,2684858,1271338
100946495,10205631,2027351,Sandgrubenstrasse,16,8455 Rüdlingen,2938,SH,real,True,15.11.2024,2684871,1271336
100946496,10205631,2027352,Sandgrubenstrasse,14,8455 Rüdlingen,2938,SH,real,True,15.11.2024,2684877,1271339
100946497,10205631,2027353,Sandgrubenstrasse,22,8455 Rüdlingen,2938,SH,real,True,15.11.2024,2684869,1271303
100946498,10205631,2027355,Sandgrubenstrasse,26,8455 Rüdlingen,2938,SH,real,True,15.11.2024,2684867,1271291
100946499,10205631,2027358,Sandgrubenstrasse,32,8455 Rüdlingen,2938,SH,real,True,15.11.2024,2684869,1271273
100946500,10205631,2027359,Sandgrubenstrasse,34,8455 Rüdlingen,2938,SH,real,True,15.11.2024,2684875,1271273
100946501,10205631,2027360,Sandgrubenstrasse,36,8455 Rüdlingen,2938,SH,real,True,15.11.2024,2684881,1271276
100946503,10205628,2027375,Dorfstrasse,7,8455 Rüdlingen,2938,SH,real,True,15.11.2024,2685173,1270738
100946504,10205627,2027377,Alte Nackerstrasse,10,8455 Rüdlingen,2938,SH,real,True,15.11.2024,2684988,1271941
100946505,10118143,2027381,Chapfstrasse,3,8455 Rüdlingen,2938,SH,real,False,15.11.2024,2684925,1270323
100946506,10206066,2027388,Chratzerenstrasse,6,8455 Rüdlingen,2938,SH,real,True,15.11.2024,2685382,1270214
100946507,10206076,2027390,Hinterdorfstrasse,45,8455 Rüdlingen,2938,SH,real,True,15.11.2024,2685199,1270025
100946508,10206076,2027449,Hinterdorfstrasse,41,8455 Rüdlingen,2938,SH,real,True,15.11.2024,2685221,1270032
100946509,10206076,2027451,Hinterdorfstrasse,43,8455 Rüdlingen,2938,SH,real,True,15.11.2024,2685205,1270042
100946511,10018657,2027523,Hohlenbaumstrasse,157,8200 Schaffhausen,2939,SH,real,True,15.11.2024,2688949,1284746
100946512,10046614,2027542,Durachweg,24,8200 Schaffhausen,2939,SH,real,True,15.11.2024,2689509,1283938
100946514,10085724,2027568,Mühlenstrasse,70,8200 Schaffhausen,2939,SH,real,True,15.11.2024,2689141,1283174
100946515,10085724,2027571,Mühlenstrasse,56,8200 Schaffhausen,2939,SH,real,True,15.11.2024,2689212,1283192
100946516,10085724,2027572,Mühlenstrasse,40,8200 Schaffhausen,2939,SH,real,True,15.11.2024,2689306,1283186
100946517,10018642,2027585,Grabenstrasse,5,8200 Schaffhausen,2939,SH,real,True,15.11.2024,2689503,1283275
100946518,10086485,2027593,Fäsenstaubstrasse,7,8200 Schaffhausen,2939,SH,real,True,15.11.2024,2689265,1283357
100946519,10180884,2027595,Promenadenstrasse,21,8200 Schaffhausen,2939,SH,real,True,15.11.2024,2689316,1283390
100946520,10186932,2027602,Rehgütliweg,5,8200 Schaffhausen,2939,SH,real,True,15.11.2024,2689016,1283584
100946521,10085748,2027604,Stokarbergstrasse,11,8200 Schaffhausen,2939,SH,real,True,15.11.2024,2689196,1283698
100946522,10085755,2027621,Vordersteig,24,8200 Schaffhausen,2939,SH,real,True,15.11.2024,2689383,1283644
100946523,10073043,2027634,Hohberg,47,8207 Schaffhausen,2939,SH,real,True,15.11.2024,2691098,1286357
100946524,10073043,2027636,Hohberg,44,8207 Schaffhausen,2939,SH,real,True,15.11.2024,2691102,1286344
100946525,10073043,2027637,Hohberg,42,8207 Schaffhausen,2939,SH,real,True,15.11.2024,2691087,1286333
100946526,10073043,2027638,Hohberg,40,8207 Schaffhausen,2939,SH,real,True,15.11.2024,2691076,1286331
100946527,10019283,2027652,Breitwiesenstrasse,9,8207 Schaffhausen,2939,SH,real,True,15.11.2024,2692483,1286390
100946528,10073043,2027654,Hohberg,35,8207 Schaffhausen,2939,SH,real,True,15.11.2024,2691122,1286317
100946529,10073043,2027655,Hohberg,34,8207 Schaffhausen,2939,SH,real,True,15.11.2024,2691119,1286315
100946530,10073043,2027657,Hohberg,32,8207 Schaffhausen,2939,SH,real,True,15.11.2024,2691095,1286302
100946531,10073043,2027658,Hohberg,31,8207 Schaffhausen,2939,SH,real,True,15.11.2024,2691087,1286300
100946532,10073043,2027661,Hohberg,27,8207 Schaffhausen,2939,SH,real,True,15.11.2024,2691057,1286291
100946533,10073043,2027663,Hohberg,30,8207 Schaffhausen,2939,SH,real,True,15.11.2024,2691081,1286282
100946534,10117546,2027664,Industriestrasse,26,8207 Schaffhausen,2939,SH,real,True,15.11.2024,2692344,1286361
100946535,10085726,2027666,Neutalstrasse,66,8207 Schaffhausen,2939,SH,real,True,15.11.2024,2692473,1286460
100946536,10018665,2027670,Im Trenschen,17,8207 Schaffhausen,2939,SH,real,True,15.11.2024,2691970,1287052
100946537,10018665,2027673,Im Trenschen,17a,8207 Schaffhausen,2939,SH,real,True,15.11.2024,2691955,1287051
100946538,10085751,2027676,Thayngerstrasse,62,8207 Schaffhausen,2939,SH,real,True,15.11.2024,2691947,1287048
100946539,10085751,2027679,Thayngerstrasse,60,8207 Schaffhausen,2939,SH,real,True,15.11.2024,2691939,1287044
100946542,10086763,2027705,Im Majorenacker,17,8207 Schaffhausen,2939,SH,real,True,15.11.2024,2691800,1285975
100946543,10086763,2027710,Im Majorenacker,11,8207 Schaffhausen,2939,SH,real,True,15.11.2024,2691675,1285944
100946544,10086763,2027711,Im Majorenacker,10,8207 Schaffhausen,2939,SH,real,True,15.11.2024,2691618,1285853
100946546,10180882,2027743,Im Stemmerli,23,8200 Schaffhausen,2939,SH,real,True,15.11.2024,2691853,1282564
100946547,10085726,2027754,Neutalstrasse,60,8207 Schaffhausen,2939,SH,real,True,15.11.2024,2692374,1286463
100946563,10019782,2027918,Neutrottenstrasse,16,8207 Schaffhausen,2939,SH,real,True,15.11.2024,2691005,1286060
100946564,10018654,2027922,Hochstrasse,348,8200 Schaffhausen,2939,SH,real,True,15.11.2024,2691003,1285847
100946565,10179744,2031061,Hofackerstrasse,15,8225 Siblingen,2953,SH,real,True,15.11.2024,2681277,1285646
100946566,10113212,2031075,Grabenstrasse,20,8225 Siblingen,2953,SH,real,True,15.11.2024,2681188,1285530
100946567,10031569,2031085,Am Stei,5,8225 Siblingen,2953,SH,real,True,15.11.2024,2681027,1285370
100946568,10104510,2031153,Rosenacker,187.1,8225 Siblingen,2953,SH,real,True,23.07.2024,2680612,1285865
100946569,10113212,2031160,Grabenstrasse,18.1,8225 Siblingen,2953,SH,real,True,23.07.2024,2681119,1285492
100946570,10080408,2031221,Hauptstrasse,41,8225 Siblingen,2953,SH,real,True,15.11.2024,2681263,1285356
100946571,10164384,2031247,Schüppelstrasse,16,8263 Buch SH,2961,SH,real,True,15.11.2024,2701325,1286294
100946572,10031583,2031269,Oberdorfstrasse,18,8263 Buch SH,2961,SH,real,True,15.11.2024,2700988,1285854
100946573,10122740,2031276,Lindenweg,1,8263 Buch SH,2961,SH,real,True,15.11.2024,2700926,1286011
100946575,10105350,2031284,Biberweg,2,8263 Buch SH,2961,SH,real,True,15.11.2024,2701010,1286111
100946576,10031591,2031297,Hegaustrasse,11,8263 Buch SH,2961,SH,real,True,15.11.2024,2701052,1286938
100946577,10031591,2031299,Hegaustrasse,7,8263 Buch SH,2961,SH,real,True,15.11.2024,2701083,1286926
100946578,10187863,2031303,Steinerstrasse,7,8263 Buch SH,2961,SH,real,True,15.11.2024,2701086,1287070
100946579,10171306,2031304,Tulpenweg,7,8263 Buch SH,2961,SH,real,True,15.11.2024,2701077,1287036
100946580,10071685,2031308,Dorfstrasse,121.1,8263 Buch SH,2961,SH,real,True,23.07.2024,2700615,1285999
100946581,10031582,2031321,Gartenstrasse,2,8263 Buch SH,2961,SH,real,True,15.11.2024,2700967,1285825
100946582,10071686,2031351,Dorfstrasse,3,8261 Hemishofen,2962,SH,real,True,15.11.2024,2704596,1281553
100946584,10031586,2031386,Hauptstrasse,15,8261 Hemishofen,2962,SH,real,True,15.11.2024,2704730,1281464
100946585,10179748,2031393,Unterdorf,2,8261 Hemishofen,2962,SH,real,True,15.11.2024,2704442,1281553
100946586,10179748,2031394,Unterdorf,6,8261 Hemishofen,2962,SH,real,True,15.11.2024,2704430,1281544
100946587,10179748,2031398,Unterdorf,3,8261 Hemishofen,2962,SH,real,True,15.11.2024,2704441,1281526
100946588,10031585,2031435,Bürglerstrasse,3,8261 Hemishofen,2962,SH,real,True,15.11.2024,2704733,1281528
100946589,10031612,2031501,Wisliweg,490,8262 Ramsen,2963,SH,real,True,15.11.2024,2703161,1285091
100946590,10179750,2031502,Im Baumgarten,486,8262 Ramsen,2963,SH,real,True,15.11.2024,2703618,1284963
100946592,10071977,2031519,Schnydersäcker,454,8262 Ramsen,2963,SH,real,True,15.11.2024,2703798,1284972
100946593,10071977,2031520,Schnydersäcker,453,8262 Ramsen,2963,SH,real,True,15.11.2024,2703892,1285033
100946594,10031611,2031521,Wiesholzerstrasse,452,8262 Ramsen,2963,SH,real,True,15.11.2024,2703945,1285143
100946595,10113216,2031533,Wilerwisen,441,8262 Ramsen,2963,SH,real,True,15.11.2024,2703439,1283382
100946596,10071977,2031534,Schnydersäcker,440,8262 Ramsen,2963,SH,real,True,15.11.2024,2703805,1285089
100946597,10031603,2031541,Moskau,423,8262 Ramsen,2963,SH,real,True,15.11.2024,2703741,1285235
100946598,10071978,2031544,Sonnenstrasse,420a,8262 Ramsen,2963,SH,real,True,15.11.2024,2703256,1285147
100946599,10071978,2031553,Sonnenstrasse,408,8262 Ramsen,2963,SH,real,True,15.11.2024,2703643,1285148
100946600,10031597,2031605,Buttelestrasse,358,8262 Ramsen,2963,SH,real,True,15.11.2024,2703061,1285247
100946601,10087223,2031609,Rebenweg,354,8262 Ramsen,2963,SH,real,True,15.11.2024,2702737,1284769
100946602,10087226,2031617,Wiesholz,35,8262 Ramsen,2963,SH,real,True,15.11.2024,2704851,1285301
100946603,10071694,2031640,Oberdorf,329,8262 Ramsen,2963,SH,real,True,15.11.2024,2702755,1285203
100946604,10087227,2031647,Wilerstrasse,319a.1,8262 Ramsen,2963,SH,real,True,23.07.2024,2703225,1284762
100946605,10121177,2031652,Härdlistrasse,314d,8262 Ramsen,2963,SH,real,True,15.11.2024,2703712,1285470
100946607,10071691,2031704,Hauptstrasse,259,8262 Ramsen,2963,SH,real,True,15.11.2024,2702927,1284977
100946608,10087219,2031709,Fortenbach,252,8262 Ramsen,2963,SH,real,True,15.11.2024,2702915,1285219
100946609,10071691,2031710,Hauptstrasse,251,8262 Ramsen,2963,SH,real,True,15.11.2024,2702901,1285051
100946611,10087227,2031819,Wilerstrasse,118,8262 Ramsen,2963,SH,real,True,15.11.2024,2703145,1284780
100946612,10031601,2031821,Ledergasse,112,8262 Ramsen,2963,SH,real,True,15.11.2024,2703013,1284926
100946613,10031926,2031827,Im Boll,4,8260 Stein am Rhein,2964,SH,real,True,15.11.2024,2707386,1279849
100946614,10179754,2031828,Chalberweidstrasse,20,8260 Stein am Rhein,2964,SH,real,True,15.11.2024,2707392,1279901
100946615,10090057,2031830,Kaltenbacherstrasse,18,8260 Stein am Rhein,2964,SH,real,True,15.11.2024,2706419,1279231
100946616,10190664,2031831,Degerfelderstrasse,5,8260 Stein am Rhein,2964,SH,real,True,15.11.2024,2706252,1279094
100946617,10091108,2031832,Zwinglistrasse,15,8260 Stein am Rhein,2964,SH,real,True,15.11.2024,2706923,1280221
100946618,10179754,2031834,Chalberweidstrasse,16,8260 Stein am Rhein,2964,SH,real,True,15.11.2024,2707366,1279904
100946619,10091105,2031837,Rietstrasse,37,8260 Stein am Rhein,2964,SH,real,True,15.11.2024,2706243,1280218
100946620,10179753,2031838,Alte Zollstrasse,44,8260 Stein am Rhein,2964,SH,real,True,15.11.2024,2707715,1279782
100946621,10179753,2031839,Alte Zollstrasse,46,8260 Stein am Rhein,2964,SH,real,True,15.11.2024,2707730,1279787
100946622,10179753,2031842,Alte Zollstrasse,52,8260 Stein am Rhein,2964,SH,real,True,15.11.2024,2707759,1279794
100946623,10179753,2031843,Alte Zollstrasse,54,8260 Stein am Rhein,2964,SH,real,True,15.11.2024,2707773,1279799
100946624,10179753,2031844,Alte Zollstrasse,56,8260 Stein am Rhein,2964,SH,real,True,15.11.2024,2707781,1279800
100946626,10107218,2031868,Hofwisenstrasse,6,8260 Stein am Rhein,2964,SH,real,True,15.11.2024,2706512,1278917
100946627,10090057,2031869,Kaltenbacherstrasse,42,8260 Stein am Rhein,2964,SH,real,True,15.11.2024,2706203,1278897
100946628,10107218,2031872,Hofwisenstrasse,2,8260 Stein am Rhein,2964,SH,real,False,15.11.2024,2706397,1278976
100946629,10090057,2031911,Kaltenbacherstrasse,24,8260 Stein am Rhein,2964,SH,real,True,15.11.2024,2706362,1279178
100946643,10031619,2031986,Chlini Schanz,14,8260 Stein am Rhein,2964,SH,real,True,15.11.2024,2706794,1279902
100946644,10031619,2031987,Chlini Schanz,12,8260 Stein am Rhein,2964,SH,real,True,15.11.2024,2706799,1279864
100946645,10187867,2031994,Eschenzerstrasse,13,8260 Stein am Rhein,2964,SH,real,True,15.11.2024,2706796,1279188
100946646,10117741,2032011,Oehningerstrasse,47,8260 Stein am Rhein,2964,SH,real,True,15.11.2024,2707600,1279628
100946647,10031935,2032018,Roseberg,13,8260 Stein am Rhein,2964,SH,real,True,15.11.2024,2706532,1279303
100946648,10091106,2032033,Schluecht,497.1,8260 Stein am Rhein,2964,SH,real,True,23.07.2024,2706257,1280680
100946649,10031922,2032065,Hanfacker,4,8260 Stein am Rhein,2964,SH,real,True,15.11.2024,2706125,1279338
100946651,10031920,2032089,Erlenhof,1.1,8260 Stein am Rhein,2964,SH,real,True,23.07.2024,2707284,1280660
100954004,10072989,2024669,Neuwisenstrasse,10,8234 Stetten SH,2919,SH,real,True,15.11.2024,2691654,1287961
100954005,10087043,2024670,Tubackackerstrasse,17,8234 Stetten SH,2919,SH,real,True,15.11.2024,2691621,1287978
100954006,10024970,2024674,Dorfstrasse,22,8234 Stetten SH,2919,SH,real,True,15.11.2024,2691760,1288440
100954007,10087043,2024675,Tubackackerstrasse,6,8234 Stetten SH,2919,SH,real,True,15.11.2024,2691687,1288099
100954008,10087043,2024676,Tubackackerstrasse,4,8234 Stetten SH,2919,SH,real,True,15.11.2024,2691695,1288108
100954009,10087038,2024677,Brämlenstrasse,21,8234 Stetten SH,2919,SH,real,True,15.11.2024,2691377,1288029
100954010,10087038,2024679,Brämlenstrasse,19,8234 Stetten SH,2919,SH,real,True,15.11.2024,2691388,1288045
100954011,10087041,2024680,Obere Wassergasse,4,8234 Stetten SH,2919,SH,real,True,15.11.2024,2691663,1288445
100954012,10128948,2024704,Grenzstrasse,80,8240 Thayngen,2920,SH,real,True,15.11.2024,2695804,1288547
100954013,10237822,2024718,Zollstrasse,81,8240 Thayngen,2920,SH,real,True,15.11.2024,2695804,1288618
100954015,10087060,2024774,Stockwiesenstrasse,18,8240 Thayngen,2920,SH,real,True,15.11.2024,2695393,1288788
100954016,10237822,2024783,Zollstrasse,79,8240 Thayngen,2920,SH,real,True,15.11.2024,2695799,1288598
100954018,10046603,2024837,Tonwerkstrasse,19,8240 Thayngen,2920,SH,real,True,15.11.2024,2695343,1289063
100954019,10026391,2024839,Emdwiesenstrasse,6,8240 Thayngen,2920,SH,real,True,15.11.2024,2695446,1288951
100954021,10128948,2024852,Grenzstrasse,84,8240 Thayngen,2920,SH,real,True,15.11.2024,2695868,1288539
100954022,10026394,2024858,Hüttenlebenweg,21,8240 Thayngen,2920,SH,real,True,15.11.2024,2694081,1289901
100954023,10108012,2024861,Reckholdersbüelweg,4,8240 Thayngen,2920,SH,real,True,15.11.2024,2695402,1289660
100954024,10018141,2024882,Kesslerlochstrasse,74,8240 Thayngen,2920,SH,real,True,15.11.2024,2694626,1289133
100954025,10128948,2024893,Grenzstrasse,72,8240 Thayngen,2920,SH,real,True,15.11.2024,2695743,1288540
100954026,10025644,2024907,Bahnhofstrasse,31.1,8240 Thayngen,2920,SH,real,True,19.11.2024,2694983,1289107
100954027,10018140,2024911,Industriestrasse,10,8240 Thayngen,2920,SH,real,True,15.11.2024,2694707,1288998
100954028,10237822,2024925,Zollstrasse,77,8240 Thayngen,2920,SH,real,True,15.11.2024,2695755,1288596
100954029,10087057,2024927,Reiatstrasse,94,8240 Thayngen,2920,SH,real,True,15.11.2024,2694060,1289949
100954030,10120409,2024948,Schulstrasse,10,8240 Thayngen,2920,SH,real,True,15.11.2024,2695390,1289453
100954031,10018141,2024976,Kesslerlochstrasse,126,8240 Thayngen,2920,SH,real,True,15.11.2024,2694188,1289105
100954032,10018149,2024978,Rosengartenweg,6,8240 Thayngen,2920,SH,real,True,15.11.2024,2695282,1289417
100954033,10111813,2024980,Speckweg,7,8240 Thayngen,2920,SH,real,True,15.11.2024,2694541,1289254
100955373,10027516,2023572,Taufgarten,11,8213 Neunkirch,2904,SH,real,True,15.11.2024,2679851,1282300
100955374,10027516,2023573,Taufgarten,9,8213 Neunkirch,2904,SH,real,True,15.11.2024,2679847,1282297
100955375,10027503,2023581,Gigebuck,3,8213 Neunkirch,2904,SH,real,True,15.11.2024,2679096,1282298
100955376,10027503,2023583,Gigebuck,7,8213 Neunkirch,2904,SH,real,True,15.11.2024,2679086,1282294
100955377,10027503,2023584,Gigebuck,9,8213 Neunkirch,2904,SH,real,True,15.11.2024,2679078,1282290
100955378,10027503,2023585,Gigebuck,11,8213 Neunkirch,2904,SH,real,True,15.11.2024,2679072,1282288
100955379,10027503,2023588,Gigebuck,13,8213 Neunkirch,2904,SH,real,True,15.11.2024,2679061,1282280
100955380,10027503,2023589,Gigebuck,49,8213 Neunkirch,2904,SH,real,True,15.11.2024,2679032,1282269
100955381,10027503,2023591,Gigebuck,53,8213 Neunkirch,2904,SH,real,True,15.11.2024,2679021,1282264
100955382,10027503,2023592,Gigebuck,55,8213 Neunkirch,2904,SH,real,True,15.11.2024,2679016,1282262
100955383,10027503,2023594,Gigebuck,59,8213 Neunkirch,2904,SH,real,True,15.11.2024,2678996,1282254
100955384,10027503,2023595,Gigebuck,61,8213 Neunkirch,2904,SH,real,True,15.11.2024,2678991,1282252
100955385,10120398,2023607,Gigering,20,8213 Neunkirch,2904,SH,real,True,15.11.2024,2679125,1282266
100955386,10190886,2023631,Langfeldweg,20,8213 Neunkirch,2904,SH,real,True,15.11.2024,2678893,1282691
100955387,10120398,2023632,Gigering,27,8213 Neunkirch,2904,SH,real,True,15.11.2024,2679023,1282459
100955389,10091179,2023682,Klettgauerplatz,2,8213 Neunkirch,2904,SH,real,True,15.11.2024,2679444,1282664
100955390,10107064,2023693,Gigeweg,16,8213 Neunkirch,2904,SH,real,True,15.11.2024,2678944,1282385
100955391,10118137,2023694,Bahnhofstrasse,6,8213 Neunkirch,2904,SH,real,True,15.11.2024,2679054,1282628
100955392,10120398,2023699,Gigering,7,8213 Neunkirch,2904,SH,real,True,15.11.2024,2679332,1282542
100955393,10027519,2023729,Zum Waldhof,260,8213 Neunkirch,2904,SH,real,True,15.11.2024,2682112,1282637
100955394,10027508,2023735,Löhningerstrasse,2,8213 Neunkirch,2904,SH,real,True,15.11.2024,2680011,1282732
100955395,10120399,2023740,Schulstrasse,12,8213 Neunkirch,2904,SH,real,True,15.11.2024,2679555,1282858
100955396,10091181,2023748,Schaffhauserstrasse,3,8213 Neunkirch,2904,SH,real,True,15.11.2024,2679796,1282749
100955397,10111813,2024980,Speckweg,9,8240 Thayngen,2920,SH,real,True,15.11.2024,2694539,1289242
100955398,10073632,2024980,Wydenweg,10,8240 Thayngen,2920,SH,real,True,15.11.2024,2694535,1289224
100955401,10136923,2025022,Bütenweg,,8240 Thayngen,2920,SH,real,True,23.07.2024,2694899,1289898
100955402,10237818,2025039,Rebbergstrasse,3,8240 Thayngen,2920,SH,real,True,15.11.2024,2695726,1289342
100955403,10087055,2025051,Merzenbrunnenweg,7,8240 Thayngen,2920,SH,real,True,15.11.2024,2695109,1289635
100955404,10026386,2025088,Bolliweg,13,8240 Thayngen,2920,SH,real,True,15.11.2024,2695270,1289746
100955405,10058933,2025200,Kirchplatz,10,8240 Thayngen,2920,SH,real,True,15.11.2024,2695471,1289312
100955406,10026385,2025211,Bohlstrasse,17,8240 Thayngen,2920,SH,real,True,15.11.2024,2694795,1288889
100955407,10087050,2025229,Freihofstrasse,14,8240 Thayngen,2920,SH,real,True,15.11.2024,2695035,1289216
100955408,10087054,2025236,In Liblose,g220,8240 Thayngen,2920,SH,real,True,23.07.2024,2695049,1289313
100955409,10120406,2025268,Biberstrasse,30,8240 Thayngen,2920,SH,real,True,15.11.2024,2695082,1289458
100955410,10087056,2025287,Palmenweg,1,8240 Thayngen,2920,SH,real,True,15.11.2024,2695030,1289429
100955492,10048896,2023778,Im Gässli,4,8213 Neunkirch,2904,SH,real,True,15.11.2024,2679555,1282442
100955493,10027504,2023780,Grabenstrasse,11a,8213 Neunkirch,2904,SH,real,True,15.11.2024,2679554,1282608
100955494,10091179,2023785,Klettgauerplatz,5,8213 Neunkirch,2904,SH,real,True,15.11.2024,2679477,1282649
100955495,10117538,2023792,Kleiner Letten,11,8213 Neunkirch,2904,SH,real,True,15.11.2024,2679452,1282409
100955497,10113222,2023859,Dorfstrasse,74,8218 Osterfingen,2974,SH,real,True,15.11.2024,2679028,1279675
100955498,10113222,2023864,Dorfstrasse,26,8218 Osterfingen,2974,SH,real,True,15.11.2024,2678584,1279572
100955500,10113222,2023887,Dorfstrasse,3041.1,8218 Osterfingen,2974,SH,real,True,23.07.2024,2679336,1279690
100955501,10120400,2023906,Trottenweg,15,8218 Osterfingen,2974,SH,real,True,15.11.2024,2678917,1279748
100955502,10113222,2023917,Dorfstrasse,3182.1,8218 Osterfingen,2974,SH,real,True,23.07.2024,2678918,1279608
100955504,10113222,2023954,Dorfstrasse,3014.1,8218 Osterfingen,2974,SH,real,True,23.07.2024,2678775,1279676
100955505,10024929,2023982,Im Leuen,7,8243 Altdorf SH,2920,SH,real,True,15.11.2024,2691559,1293453
100955507,10172660,2024025,Unterdorf,5,8243 Altdorf SH,2920,SH,real,True,15.11.2024,2691511,1293304
100955508,10072967,2024028,Hüslibach,1,8243 Altdorf SH,2920,SH,real,True,15.11.2024,2691563,1293382
100955509,10086743,2024047,Brunnegass,g3055,8241 Barzheim,2920,SH,real,True,23.07.2024,2696367,1290700
100955578,10019790,2028151,Posthof,7,8200 Schaffhausen,2939,SH,real,True,15.11.2024,2689635,1283621
100955579,10190888,2028164,Winkelriedstrasse,52,8203 Schaffhausen,2939,SH,real,True,15.11.2024,2691529,1283942
100955580,10073060,2028167,Rheinstrasse,10,8200 Schaffhausen,2939,SH,real,True,15.11.2024,2689764,1283268
100955583,10019271,2028179,Artilleriestrasse,7,8200 Schaffhausen,2939,SH,real,True,15.11.2024,2691216,1284518
100955584,10019801,2028194,Rütiweg,15,8203 Schaffhausen,2939,SH,real,True,15.11.2024,2691248,1283750
100955585,10019276,2028199,Beckenstube,1,8200 Schaffhausen,2939,SH,real,True,15.11.2024,2689818,1283397
100955586,10018669,2028202,Kesselstrasse,4,8200 Schaffhausen,2939,SH,real,True,15.11.2024,2690869,1284190
100955587,10018669,2028204,Kesselstrasse,14,8200 Schaffhausen,2939,SH,real,True,15.11.2024,2690786,1284072
100955589,10086490,2028224,Grubenstrasse,108,8200 Schaffhausen,2939,SH,real,True,15.11.2024,2690849,1284240
100955590,10025693,2028230,Stimmerstrasse,78,8200 Schaffhausen,2939,SH,real,True,15.11.2024,2691207,1284562
100955591,10178603,2028236,Baumgartenstrasse,5,8200 Schaffhausen,2939,SH,real,True,15.11.2024,2690008,1283355
100956415,10018642,1610308,Grabenstrasse,40,8200 Schaffhausen,2939,SH,real,True,15.11.2024,2689573,1283393
100956416,10073056,1610309,Neustadt,29,8200 Schaffhausen,2939,SH,real,True,15.11.2024,2689599,1283371
100956417,10073056,1610309,Neustadt,31,8200 Schaffhausen,2939,SH,real,True,15.11.2024,2689598,1283377
100956418,10073056,1610310,Neustadt,33,8200 Schaffhausen,2939,SH,real,True,15.11.2024,2689598,1283383
100956419,10073056,1610311,Neustadt,35,8200 Schaffhausen,2939,SH,real,True,15.11.2024,2689598,1283388
100956420,10073056,1610312,Neustadt,37,8200 Schaffhausen,2939,SH,real,True,15.11.2024,2689597,1283393
100956421,10073056,1610313,Neustadt,39,8200 Schaffhausen,2939,SH,real,True,15.11.2024,2689596,1283401
100956422,10073056,1610314,Neustadt,43,8200 Schaffhausen,2939,SH,real,True,15.11.2024,2689582,1283402
100956423,10073056,1610315,Neustadt,45,8200 Schaffhausen,2939,SH,real,True,15.11.2024,2689595,1283408
100956424,10073056,1610317,Neustadt,49,8200 Schaffhausen,2939,SH,real,True,15.11.2024,2689594,1283420
100956425,10073056,1610318,Neustadt,7,8200 Schaffhausen,2939,SH,real,True,15.11.2024,2689602,1283279
100956426,10073056,1610319,Neustadt,9,8200 Schaffhausen,2939,SH,real,True,15.11.2024,2689601,1283288
100956427,10073056,1610321,Neustadt,13,8200 Schaffhausen,2939,SH,real,True,15.11.2024,2689601,1283305
100956428,10073056,1610322,Neustadt,15,8200 Schaffhausen,2939,SH,real,True,15.11.2024,2689600,1283316
100956429,10073056,1610323,Neustadt,17,8200 Schaffhausen,2939,SH,real,True,15.11.2024,2689600,1283326
100956430,10073056,1610324,Neustadt,19,8200 Schaffhausen,2939,SH,real,True,15.11.2024,2689600,1283333
100956431,10073056,1610325,Neustadt,21,8200 Schaffhausen,2939,SH,real,True,15.11.2024,2689600,1283338
100956432,10073056,1610327,Neustadt,3,8200 Schaffhausen,2939,SH,real,True,15.11.2024,2689603,1283264
100956433,10073056,1610329,Neustadt,66,8200 Schaffhausen,2939,SH,real,True,15.11.2024,2689609,1283511
100956434,10073056,1610330,Neustadt,68,8200 Schaffhausen,2939,SH,real,True,15.11.2024,2689604,1283523
100956435,10073056,1610331,Neustadt,70,8200 Schaffhausen,2939,SH,real,True,15.11.2024,2689604,1283533
100956436,10073056,1610332,Neustadt,72,8200 Schaffhausen,2939,SH,real,True,15.11.2024,2689604,1283541
100956437,10073056,1610333,Neustadt,74,8200 Schaffhausen,2939,SH,real,True,15.11.2024,2689604,1283548
100956445,10073056,1610342,Neustadt,52,8200 Schaffhausen,2939,SH,real,True,15.11.2024,2689608,1283462
100956446,10073042,1610342,Herrenacker,17,8200 Schaffhausen,2939,SH,real,True,15.11.2024,2689631,1283462
100956447,10073056,1610343,Neustadt,54,8200 Schaffhausen,2939,SH,real,True,15.11.2024,2689609,1283468
100956449,10073056,1610344,Neustadt,56,8200 Schaffhausen,2939,SH,real,True,15.11.2024,2689609,1283475
100956450,10073056,1610345,Neustadt,58,8200 Schaffhausen,2939,SH,real,True,15.11.2024,2689609,1283481
100956451,10117547,1610346,Rebleutgang,1,8200 Schaffhausen,2939,SH,real,True,15.11.2024,2689622,1283485
100956452,10073042,1610346,Herrenacker,20,8200 Schaffhausen,2939,SH,real,True,15.11.2024,2689635,1283482
100956453,10018634,1610347,Fronwagplatz,3,8200 Schaffhausen,2939,SH,real,True,15.11.2024,2689693,1283545
100956454,10019793,1610349,Rathausbogen,3,8200 Schaffhausen,2939,SH,real,True,15.11.2024,2689734,1283487
100956456,10019793,1610351,Rathausbogen,7,8200 Schaffhausen,2939,SH,real,True,15.11.2024,2689740,1283506
100956457,10019793,1610352,Rathausbogen,15,8200 Schaffhausen,2939,SH,real,True,15.11.2024,2689740,1283511
100956458,10073071,1610353,Tanne,8,8200 Schaffhausen,2939,SH,real,True,15.11.2024,2689676,1283535
100956459,10073076,1610354,Vordergasse,79,8200 Schaffhausen,2939,SH,real,True,15.11.2024,2689727,1283542
100956460,10073076,1610355,Vordergasse,81,8200 Schaffhausen,2939,SH,real,True,15.11.2024,2689720,1283542
100956461,10018634,1610355,Fronwagplatz,1,8200 Schaffhausen,2939,SH,real,True,15.11.2024,2689703,1283542
100956462,10073076,1610356,Vordergasse,69,8200 Schaffhausen,2939,SH,real,True,15.11.2024,2689782,1283535
100956463,10019780,1610356,Münstergasse,27,8200 Schaffhausen,2939,SH,real,True,15.11.2024,2689787,1283520
100956464,10019276,1610357,Beckenstube,2,8200 Schaffhausen,2939,SH,real,True,15.11.2024,2689783,1283474
100956465,10019793,1610358,Rathausbogen,10,8200 Schaffhausen,2939,SH,real,True,15.11.2024,2689747,1283513
100956466,10073076,1610358,Vordergasse,73,8200 Schaffhausen,2939,SH,real,True,15.11.2024,2689754,1283536
100956467,10019780,1610359,Münstergasse,14,8200 Schaffhausen,2939,SH,real,True,15.11.2024,2689799,1283476
100956468,10019780,1610360,Münstergasse,16,8200 Schaffhausen,2939,SH,real,True,15.11.2024,2689798,1283479
100956469,10019780,1610362,Münstergasse,30,8200 Schaffhausen,2939,SH,real,True,15.11.2024,2689794,1283528
100956471,10073076,1610365,Vordergasse,51,8200 Schaffhausen,2939,SH,real,True,15.11.2024,2689855,1283522
100956472,10179728,1610365,Schneidergang,7,8200 Schaffhausen,2939,SH,real,True,15.11.2024,2689856,1283508
100956473,10073076,1610367,Vordergasse,59,8200 Schaffhausen,2939,SH,real,True,15.11.2024,2689828,1283526
100956474,10073076,1610368,Vordergasse,61,8200 Schaffhausen,2939,SH,real,True,15.11.2024,2689821,1283532
100956475,10085725,1610369,Münsterplatz,18,8200 Schaffhausen,2939,SH,real,True,15.11.2024,2689930,1283466
100956476,10085725,1610371,Münsterplatz,22,8200 Schaffhausen,2939,SH,real,True,15.11.2024,2689917,1283466
100956477,10085725,1610373,Münsterplatz,26,8200 Schaffhausen,2939,SH,real,True,15.11.2024,2689905,1283465
100956478,10085725,1610375,Münsterplatz,32,8200 Schaffhausen,2939,SH,real,True,15.11.2024,2689880,1283463
100956479,10073076,1610377,Vordergasse,29,8200 Schaffhausen,2939,SH,real,True,15.11.2024,2689946,1283508
100956480,10073076,1610378,Vordergasse,31,8200 Schaffhausen,2939,SH,real,True,15.11.2024,2689939,1283509
100956481,10073076,1610378,Vordergasse,33,8200 Schaffhausen,2939,SH,real,True,15.11.2024,2689934,1283513
100956482,10073076,1610379,Vordergasse,35,8200 Schaffhausen,2939,SH,real,True,15.11.2024,2689927,1283514
100956483,10073076,1610380,Vordergasse,37,8200 Schaffhausen,2939,SH,real,True,15.11.2024,2689921,1283515
100956484,10073076,1610381,Vordergasse,39,8200 Schaffhausen,2939,SH,real,True,15.11.2024,2689914,1283516
100956485,10073076,1610383,Vordergasse,43,8200 Schaffhausen,2939,SH,real,True,15.11.2024,2689891,1283518
100956486,10179728,1610384,Schneidergang,4,8200 Schaffhausen,2939,SH,real,True,15.11.2024,2689870,1283489
100956487,10073076,1610385,Vordergasse,49,8200 Schaffhausen,2939,SH,real,True,15.11.2024,2689864,1283520
100956488,10179728,1610385,Schneidergang,8,8200 Schaffhausen,2939,SH,real,True,15.11.2024,2689859,1283511
100956489,10073076,1610387,Vordergasse,15,8200 Schaffhausen,2939,SH,real,True,15.11.2024,2689977,1283498
100956490,10073076,1610388,Vordergasse,17,8200 Schaffhausen,2939,SH,real,True,15.11.2024,2689973,1283499
100956491,10073076,1610389,Vordergasse,23,8200 Schaffhausen,2939,SH,real,True,15.11.2024,2689961,1283504
100956492,10073076,1610390,Vordergasse,21,8200 Schaffhausen,2939,SH,real,True,15.11.2024,2689963,1283503
100956493,10085725,1610391,Münsterplatz,6,8200 Schaffhausen,2939,SH,real,True,15.11.2024,2689973,1283461
100956494,10085725,1610392,Münsterplatz,8,8200 Schaffhausen,2939,SH,real,True,15.11.2024,2689967,1283462
100956495,10085725,1610393,Münsterplatz,10,8200 Schaffhausen,2939,SH,real,True,15.11.2024,2689959,1283464
100956496,10085725,1610394,Münsterplatz,14,8200 Schaffhausen,2939,SH,real,True,15.11.2024,2689949,1283465
100956497,10178603,1610395,Baumgartenstrasse,4,8200 Schaffhausen,2939,SH,real,True,15.11.2024,2689961,1283391
100956498,10085725,1610396,Münsterplatz,4,8200 Schaffhausen,2939,SH,real,True,15.11.2024,2689982,1283460
100956499,10085725,1610397,Münsterplatz,12,8200 Schaffhausen,2939,SH,real,True,15.11.2024,2689956,1283464
100956500,10180881,1610398,Goldsteinstrasse,23,8200 Schaffhausen,2939,SH,real,True,15.11.2024,2689997,1283475
100956501,10019777,1610399,Moserstrasse,48,8200 Schaffhausen,2939,SH,real,True,15.11.2024,2690017,1283447
100956505,10073042,1610403,Herrenacker,7,8200 Schaffhausen,2939,SH,real,True,15.11.2024,2689677,1283420
100956506,10073042,1610405,Herrenacker,10,8200 Schaffhausen,2939,SH,real,True,15.11.2024,2689646,1283418
100956507,10073042,1610406,Herrenacker,11,8200 Schaffhausen,2939,SH,real,True,15.11.2024,2689637,1283418
100956508,10073056,1610407,Neustadt,12,8200 Schaffhausen,2939,SH,real,True,15.11.2024,2689611,1283314
100956509,10073056,1610408,Neustadt,16,8200 Schaffhausen,2939,SH,real,True,15.11.2024,2689611,1283332
100956510,10073056,1610409,Neustadt,18,8200 Schaffhausen,2939,SH,real,True,15.11.2024,2689611,1283341
100956511,10019278,1612160,Birchweg,21,8200 Schaffhausen,2939,SH,real,True,15.11.2024,2689411,1285544
100956512,10019278,1612161,Birchweg,23,8200 Schaffhausen,2939,SH,real,True,15.11.2024,2689397,1285536
100956513,10019278,1612163,Birchweg,39,8200 Schaffhausen,2939,SH,real,True,15.11.2024,2689444,1285585
100956514,10019278,1612164,Birchweg,41,8200 Schaffhausen,2939,SH,real,True,15.11.2024,2689438,1285608
100956515,10019278,1612165,Birchweg,43,8200 Schaffhausen,2939,SH,real,True,15.11.2024,2689435,1285651
100956516,10019278,1612167,Birchweg,47,8200 Schaffhausen,2939,SH,real,True,15.11.2024,2689391,1285627
100956517,10019278,1612169,Birchweg,51,8200 Schaffhausen,2939,SH,real,True,15.11.2024,2689383,1285686
100956518,10019278,1612170,Birchweg,53,8200 Schaffhausen,2939,SH,real,True,15.11.2024,2689440,1285693
100956519,10019278,1612172,Birchweg,26,8200 Schaffhausen,2939,SH,real,True,15.11.2024,2689480,1285736
100956520,10179715,1612176,Griesbacherhof,1,8200 Schaffhausen,2939,SH,real,True,15.11.2024,2687609,1285835
100956522,10118145,1612178,Lahnbuck,4,8200 Schaffhausen,2939,SH,real,True,15.11.2024,2687778,1284654
100956523,10073052,1612179,Lahnstrasse,89,8200 Schaffhausen,2939,SH,real,True,15.11.2024,2688003,1284613
100956524,10073052,1612180,Lahnstrasse,95,8200 Schaffhausen,2939,SH,real,True,15.11.2024,2687992,1284572
100956534,10019295,1612191,Felsenaustrasse,21,8200 Schaffhausen,2939,SH,real,True,15.11.2024,2689540,1285259
100956535,10019295,1612193,Felsenaustrasse,25,8200 Schaffhausen,2939,SH,real,True,15.11.2024,2689535,1285251
100956536,10085721,1612195,Lochstrasse,52,8200 Schaffhausen,2939,SH,real,True,15.11.2024,2689368,1285083
100956537,10085721,1612196,Lochstrasse,54,8200 Schaffhausen,2939,SH,real,True,15.11.2024,2689373,1285123
100956538,10073055,1612197,Mühlentalstrasse,239,8200 Schaffhausen,2939,SH,real,True,15.11.2024,2689528,1285189
100956539,10019295,1612199,Felsenaustrasse,1,8200 Schaffhausen,2939,SH,real,True,15.11.2024,2689501,1285364
100956540,10019295,1612200,Felsenaustrasse,3,8200 Schaffhausen,2939,SH,real,True,15.11.2024,2689512,1285350
100956541,10019295,1612201,Felsenaustrasse,5,8200 Schaffhausen,2939,SH,real,True,15.11.2024,2689513,1285331
100956542,10073055,1612202,Mühlentalstrasse,249,8200 Schaffhausen,2939,SH,real,True,15.11.2024,2689557,1285336
100956543,10073055,1612204,Mühlentalstrasse,32,8200 Schaffhausen,2939,SH,real,True,15.11.2024,2689434,1284066
100956544,10073055,1612205,Mühlentalstrasse,34,8200 Schaffhausen,2939,SH,real,True,15.11.2024,2689426,1284083
100956545,10073055,1612206,Mühlentalstrasse,20,8200 Schaffhausen,2939,SH,real,True,15.11.2024,2689467,1283975
100956546,10179734,1612207,Weinsteig,1,8200 Schaffhausen,2939,SH,real,True,15.11.2024,2689746,1284055
100956547,10179734,1612208,Weinsteig,5,8200 Schaffhausen,2939,SH,real,True,15.11.2024,2689707,1284094
100956548,10179734,1612209,Weinsteig,7,8200 Schaffhausen,2939,SH,real,True,15.11.2024,2689689,1284117
100956549,10179734,1612210,Weinsteig,9,8200 Schaffhausen,2939,SH,real,True,15.11.2024,2689671,1284138
100956550,10179734,1612211,Weinsteig,11,8200 Schaffhausen,2939,SH,real,True,15.11.2024,2689651,1284157
100956551,10179734,1612212,Weinsteig,15,8200 Schaffhausen,2939,SH,real,True,15.11.2024,2689633,1284183
100956553,10073025,1612214,Bergstrasse,1,8200 Schaffhausen,2939,SH,real,True,15.11.2024,2689599,1284239
100956554,10073025,1612215,Bergstrasse,9,8200 Schaffhausen,2939,SH,real,True,15.11.2024,2689589,1284207
100956555,10187857,1612217,Tannerberg,32,8200 Schaffhausen,2939,SH,real,True,15.11.2024,2689603,1284163
100956556,10187857,1612218,Tannerberg,15,8200 Schaffhausen,2939,SH,real,True,15.11.2024,2689606,1284135
100956557,10187857,1612219,Tannerberg,11,8200 Schaffhausen,2939,SH,real,True,15.11.2024,2689622,1284110
100956561,10187857,1612223,Tannerberg,8,8200 Schaffhausen,2939,SH,real,True,15.11.2024,2689672,1284109
100956562,10187857,1612224,Tannerberg,6,8200 Schaffhausen,2939,SH,real,True,15.11.2024,2689690,1284075
100956563,10187857,1612225,Tannerberg,3,8200 Schaffhausen,2939,SH,real,True,15.11.2024,2689672,1284078
100956565,10187857,1612227,Tannerberg,4,8200 Schaffhausen,2939,SH,real,True,15.11.2024,2689708,1284058
100956566,10187857,1612228,Tannerberg,1,8200 Schaffhausen,2939,SH,real,True,15.11.2024,2689695,1284038
100956567,10073025,1612233,Bergstrasse,17,8200 Schaffhausen,2939,SH,real,True,15.11.2024,2689557,1284066
100956568,10073025,1612234,Bergstrasse,19,8200 Schaffhausen,2939,SH,real,True,15.11.2024,2689524,1284059
100956569,10046614,1612238,Durachweg,16,8200 Schaffhausen,2939,SH,real,True,15.11.2024,2689578,1283969
100956570,10046614,1612239,Durachweg,22,8200 Schaffhausen,2939,SH,real,True,15.11.2024,2689519,1283955
100956571,10085722,1612241,Meisenweg,4,8200 Schaffhausen,2939,SH,real,True,15.11.2024,2689631,1284042
100956572,10073025,1612242,Bergstrasse,6,8200 Schaffhausen,2939,SH,real,True,15.11.2024,2689570,1284205
100956573,10073025,1612243,Bergstrasse,8a,8200 Schaffhausen,2939,SH,real,True,15.11.2024,2689544,1284175
100956574,10073025,1612244,Bergstrasse,8b,8200 Schaffhausen,2939,SH,real,True,15.11.2024,2689519,1284178
100956575,10073025,1612245,Bergstrasse,10,8200 Schaffhausen,2939,SH,real,True,15.11.2024,2689538,1284149
100956576,10073025,1612246,Bergstrasse,10a,8200 Schaffhausen,2939,SH,real,True,15.11.2024,2689547,1284124
100956577,10073025,1612247,Bergstrasse,12,8200 Schaffhausen,2939,SH,real,True,15.11.2024,2689564,1284139
100956578,10073025,1612248,Bergstrasse,14,8200 Schaffhausen,2939,SH,real,True,15.11.2024,2689568,1284107
100956579,10077454,1612250,J.C. Fischer-Strasse,10,8200 Schaffhausen,2939,SH,real,True,15.11.2024,2689531,1284292
100956580,10077454,1612251,J.C. Fischer-Strasse,12,8200 Schaffhausen,2939,SH,real,True,15.11.2024,2689517,1284255
100956581,10077454,1612252,J.C. Fischer-Strasse,14,8200 Schaffhausen,2939,SH,real,True,15.11.2024,2689521,1284239
100956582,10073025,1612255,Bergstrasse,2,8200 Schaffhausen,2939,SH,real,True,15.11.2024,2689591,1284258
100956583,10073025,1612256,Bergstrasse,4,8200 Schaffhausen,2939,SH,real,True,15.11.2024,2689577,1284229
100956584,10073025,1612257,Bergstrasse,4a,8200 Schaffhausen,2939,SH,real,True,15.11.2024,2689550,1284236
100956585,10077454,1612260,J.C. Fischer-Strasse,7,8200 Schaffhausen,2939,SH,real,True,15.11.2024,2689541,1284266
100956586,10179734,1612261,Weinsteig,61,8200 Schaffhausen,2939,SH,real,True,15.11.2024,2689601,1284293
100956588,10085734,1612266,Rittergutstrasse,2,8200 Schaffhausen,2939,SH,real,True,15.11.2024,2689712,1284136
100956589,10085734,1612267,Rittergutstrasse,4,8200 Schaffhausen,2939,SH,real,True,15.11.2024,2689715,1284142
100956590,10085734,1612269,Rittergutstrasse,8,8200 Schaffhausen,2939,SH,real,True,15.11.2024,2689720,1284154
100956591,10085734,1612270,Rittergutstrasse,10,8200 Schaffhausen,2939,SH,real,True,15.11.2024,2689722,1284159
100956592,10085734,1612271,Rittergutstrasse,12,8200 Schaffhausen,2939,SH,real,True,15.11.2024,2689725,1284165
100956593,10085734,1612272,Rittergutstrasse,14,8200 Schaffhausen,2939,SH,real,True,15.11.2024,2689729,1284175
100956594,10085734,1612273,Rittergutstrasse,16,8200 Schaffhausen,2939,SH,real,True,15.11.2024,2689731,1284181
100956595,10085734,1612274,Rittergutstrasse,18,8200 Schaffhausen,2939,SH,real,True,15.11.2024,2689734,1284187
100956596,10018654,1612275,Hochstrasse,17,8200 Schaffhausen,2939,SH,real,True,15.11.2024,2689789,1284215
100956597,10085734,1612276,Rittergutstrasse,22,8200 Schaffhausen,2939,SH,real,True,15.11.2024,2689740,1284203
100956598,10085734,1612277,Rittergutstrasse,24,8200 Schaffhausen,2939,SH,real,True,15.11.2024,2689743,1284209
100956599,10073044,1614103,Hohentwielstrasse,19,8200 Schaffhausen,2939,SH,real,True,15.11.2024,2690598,1284007
100956600,10113201,1614107,Reiatstrasse,6,8200 Schaffhausen,2939,SH,real,True,15.11.2024,2690559,1283896
100956601,10113201,1614109,Reiatstrasse,10,8200 Schaffhausen,2939,SH,real,True,15.11.2024,2690559,1283920
100956602,10113201,1614110,Reiatstrasse,12,8200 Schaffhausen,2939,SH,real,True,15.11.2024,2690558,1283928
100956603,10113201,1614111,Reiatstrasse,14,8200 Schaffhausen,2939,SH,real,True,15.11.2024,2690558,1283944
100956604,10113201,1614112,Reiatstrasse,16,8200 Schaffhausen,2939,SH,real,True,15.11.2024,2690558,1283953
100956605,10113201,1614113,Reiatstrasse,18,8200 Schaffhausen,2939,SH,real,True,15.11.2024,2690557,1283971
100956606,10113201,1614114,Reiatstrasse,20,8200 Schaffhausen,2939,SH,real,True,15.11.2024,2690557,1283980
100956607,10113201,1614115,Reiatstrasse,22,8200 Schaffhausen,2939,SH,real,True,15.11.2024,2690556,1284001
100956608,10113201,1614116,Reiatstrasse,24,8200 Schaffhausen,2939,SH,real,True,15.11.2024,2690556,1284010
100956609,10113201,1614117,Reiatstrasse,26,8200 Schaffhausen,2939,SH,real,True,15.11.2024,2690556,1284018
100956610,10046629,1610437,Rosengasse,18,8200 Schaffhausen,2939,SH,real,True,15.11.2024,2689783,1283360
100956611,10046629,1610438,Rosengasse,26,8200 Schaffhausen,2939,SH,real,True,15.11.2024,2689739,1283397
100956612,10073042,1610439,Herrenacker,2,8200 Schaffhausen,2939,SH,real,True,15.11.2024,2689736,1283430
100956613,10073060,1610440,Rheinstrasse,12,8200 Schaffhausen,2939,SH,real,True,15.11.2024,2689759,1283269
100956616,10073060,1610444,Rheinstrasse,17,8200 Schaffhausen,2939,SH,real,True,15.11.2024,2689774,1283258
100956618,10073060,1610445,Rheinstrasse,29,8200 Schaffhausen,2939,SH,real,True,15.11.2024,2689696,1283265
100956619,10073060,1610446,Rheinstrasse,31,8200 Schaffhausen,2939,SH,real,True,15.11.2024,2689678,1283262
100956620,10086492,1614125,Hegaustrasse,27,8200 Schaffhausen,2939,SH,real,True,15.11.2024,2690583,1284081
100956621,10086492,1614126,Hegaustrasse,31,8200 Schaffhausen,2939,SH,real,True,15.11.2024,2690605,1284082
100956622,10086492,1614128,Hegaustrasse,34,8200 Schaffhausen,2939,SH,real,True,15.11.2024,2690631,1284053
100956623,10086492,1614129,Hegaustrasse,35,8200 Schaffhausen,2939,SH,real,True,15.11.2024,2690634,1284076
100956624,10086492,1614130,Hegaustrasse,36,8200 Schaffhausen,2939,SH,real,True,15.11.2024,2690640,1284050
100956625,10086492,1614131,Hegaustrasse,37,8200 Schaffhausen,2939,SH,real,True,15.11.2024,2690666,1284068
100956626,10018655,1614132,Hohenkrähenstrasse,3,8200 Schaffhausen,2939,SH,real,True,15.11.2024,2690649,1283889
100956627,10018655,1614133,Hohenkrähenstrasse,5,8200 Schaffhausen,2939,SH,real,True,15.11.2024,2690650,1283906
100956628,10018655,1614134,Hohenkrähenstrasse,7,8200 Schaffhausen,2939,SH,real,True,15.11.2024,2690650,1283929
100956629,10018655,1614136,Hohenkrähenstrasse,13,8200 Schaffhausen,2939,SH,real,True,15.11.2024,2690642,1283961
100956630,10018655,1614137,Hohenkrähenstrasse,15,8200 Schaffhausen,2939,SH,real,True,15.11.2024,2690642,1283969
100956631,10018655,1614138,Hohenkrähenstrasse,17,8200 Schaffhausen,2939,SH,real,True,15.11.2024,2690642,1283976
100956632,10018655,1614140,Hohenkrähenstrasse,21,8200 Schaffhausen,2939,SH,real,True,15.11.2024,2690641,1284006
100956633,10018655,1614142,Hohenkrähenstrasse,25,8200 Schaffhausen,2939,SH,real,True,15.11.2024,2690646,1284031
100956634,10073044,1614144,Hohentwielstrasse,4,8200 Schaffhausen,2939,SH,real,True,15.11.2024,2690616,1283900
100956635,10073044,1614147,Hohentwielstrasse,10,8200 Schaffhausen,2939,SH,real,True,15.11.2024,2690617,1283940
100956636,10073044,1614148,Hohentwielstrasse,12,8200 Schaffhausen,2939,SH,real,True,15.11.2024,2690630,1283961
100956637,10073044,1614149,Hohentwielstrasse,14,8200 Schaffhausen,2939,SH,real,True,15.11.2024,2690630,1283969
100956638,10073044,1614150,Hohentwielstrasse,16,8200 Schaffhausen,2939,SH,real,True,15.11.2024,2690630,1283976
100956639,10073044,1614151,Hohentwielstrasse,18,8200 Schaffhausen,2939,SH,real,True,15.11.2024,2690629,1283998
100956640,10073044,1614152,Hohentwielstrasse,20,8200 Schaffhausen,2939,SH,real,True,15.11.2024,2690629,1284006
100956641,10073044,1614153,Hohentwielstrasse,22,8200 Schaffhausen,2939,SH,real,True,15.11.2024,2690628,1284016
100956642,10073044,1614154,Hohentwielstrasse,24,8200 Schaffhausen,2939,SH,real,True,15.11.2024,2690628,1284033
100956643,10073044,1614155,Hohentwielstrasse,26,8200 Schaffhausen,2939,SH,real,True,15.11.2024,2690628,1284042
100956644,10073063,1614158,Sandweg,5,8200 Schaffhausen,2939,SH,real,True,15.11.2024,2690502,1284067
100956645,10073031,1614159,Feldstrasse,22,8200 Schaffhausen,2939,SH,real,True,15.11.2024,2690461,1284113
100956646,10120534,1614160,Goldschmiedstrasse,1,8200 Schaffhausen,2939,SH,real,True,15.11.2024,2690488,1284230
100956647,10086490,1614161,Grubenstrasse,68,8200 Schaffhausen,2939,SH,real,True,15.11.2024,2690480,1284276
100956648,10086490,1614162,Grubenstrasse,88,8200 Schaffhausen,2939,SH,real,True,15.11.2024,2690666,1284308
100956649,10086490,1614164,Grubenstrasse,96a,8200 Schaffhausen,2939,SH,real,True,15.11.2024,2690711,1284261
100956650,10086490,1614165,Grubenstrasse,106,8200 Schaffhausen,2939,SH,real,True,15.11.2024,2690819,1284253
100956651,10018669,1614167,Kesselstrasse,10,8200 Schaffhausen,2939,SH,real,True,15.11.2024,2690865,1284050
100956652,10113205,1614169,Tobelweg,3,8200 Schaffhausen,2939,SH,real,True,15.11.2024,2690309,1284251
100956653,10086490,1614170,Grubenstrasse,17,8200 Schaffhausen,2939,SH,real,True,15.11.2024,2690278,1284175
100956654,10086472,1614172,Blautraubenstrasse,8,8200 Schaffhausen,2939,SH,real,True,15.11.2024,2690254,1284212
100956655,10086490,1614174,Grubenstrasse,23,8200 Schaffhausen,2939,SH,real,True,15.11.2024,2690306,1284208
100956656,10086490,1614176,Grubenstrasse,3,8200 Schaffhausen,2939,SH,real,True,15.11.2024,2690200,1284158
100956657,10086472,1614177,Blautraubenstrasse,5,8200 Schaffhausen,2939,SH,real,True,15.11.2024,2690221,1284175
100956658,10086472,1614178,Blautraubenstrasse,3,8200 Schaffhausen,2939,SH,real,True,15.11.2024,2690225,1284167
100956659,10086490,1614179,Grubenstrasse,5,8200 Schaffhausen,2939,SH,real,True,15.11.2024,2690238,1284141
100956660,10186931,1614182,Emmersbergstrasse,39,8200 Schaffhausen,2939,SH,real,True,15.11.2024,2690117,1284137
100956661,10186931,1614183,Emmersbergstrasse,41,8200 Schaffhausen,2939,SH,real,True,15.11.2024,2690120,1284120
100956663,10186931,1614185,Emmersbergstrasse,45,8200 Schaffhausen,2939,SH,real,True,15.11.2024,2690134,1284117
100956665,10186931,1614186,Emmersbergstrasse,51,8200 Schaffhausen,2939,SH,real,True,15.11.2024,2690158,1284129
100956666,10073075,1614187,Ungarbühlstrasse,22,8200 Schaffhausen,2939,SH,real,True,15.11.2024,2690146,1284261
100956667,10073075,1614188,Ungarbühlstrasse,24,8200 Schaffhausen,2939,SH,real,True,15.11.2024,2690151,1284242
100956668,10073075,1614189,Ungarbühlstrasse,26,8200 Schaffhausen,2939,SH,real,True,15.11.2024,2690163,1284229
100956669,10073075,1614190,Ungarbühlstrasse,28,8200 Schaffhausen,2939,SH,real,True,15.11.2024,2690172,1284229
100956670,10073075,1614193,Ungarbühlstrasse,36,8200 Schaffhausen,2939,SH,real,True,15.11.2024,2690197,1284232
100956671,10073075,1614195,Ungarbühlstrasse,46,8200 Schaffhausen,2939,SH,real,True,15.11.2024,2690214,1284270
100956672,10073075,1614196,Ungarbühlstrasse,52,8200 Schaffhausen,2939,SH,real,True,15.11.2024,2690222,1284289
100956673,10019292,1614198,Eigerstrasse,13,8200 Schaffhausen,2939,SH,real,True,15.11.2024,2690080,1284242
100956674,10019292,1614199,Eigerstrasse,15,8200 Schaffhausen,2939,SH,real,True,15.11.2024,2690100,1284210
100956675,10019292,1614200,Eigerstrasse,17,8200 Schaffhausen,2939,SH,real,True,15.11.2024,2690126,1284202
100956676,10086472,1614201,Blautraubenstrasse,7,8200 Schaffhausen,2939,SH,real,True,15.11.2024,2690208,1284193
100956677,10086472,1614202,Blautraubenstrasse,9,8200 Schaffhausen,2939,SH,real,True,15.11.2024,2690222,1284205
100956678,10086472,1614203,Blautraubenstrasse,15,8200 Schaffhausen,2939,SH,real,True,15.11.2024,2690240,1284222
100956679,10086472,1614204,Blautraubenstrasse,17,8200 Schaffhausen,2939,SH,real,True,15.11.2024,2690252,1284242
100956680,10055275,1614205,Ungarbühlstieg,6,8200 Schaffhausen,2939,SH,real,True,15.11.2024,2690222,1284235
100956681,10113196,1614209,Grubenstieg,11,8200 Schaffhausen,2939,SH,real,True,15.11.2024,2690300,1284339
100956682,10113205,1614211,Tobelweg,2,8200 Schaffhausen,2939,SH,real,True,15.11.2024,2690343,1284239
100956683,10113205,1614212,Tobelweg,4,8200 Schaffhausen,2939,SH,real,True,15.11.2024,2690330,1284262
100956684,10113205,1614213,Tobelweg,6,8200 Schaffhausen,2939,SH,real,True,15.11.2024,2690328,1284263
100956685,10113205,1614214,Tobelweg,8,8200 Schaffhausen,2939,SH,real,True,15.11.2024,2690301,1284278
100956686,10086472,1614215,Blautraubenstrasse,24,8200 Schaffhausen,2939,SH,real,True,15.11.2024,2690306,1284290
100956687,10086472,1614216,Blautraubenstrasse,25,8200 Schaffhausen,2939,SH,real,True,15.11.2024,2690273,1284286
100956690,10031619,1616330,Chlini Schanz,38,8260 Stein am Rhein,2964,SH,real,True,15.11.2024,2706721,1279918
100956691,10031619,1616331,Chlini Schanz,40,8260 Stein am Rhein,2964,SH,real,True,15.11.2024,2706695,1279918
100956692,10031619,1616332,Chlini Schanz,42,8260 Stein am Rhein,2964,SH,real,True,15.11.2024,2706703,1279930
100956694,10031937,1616334,Spittelmüli,11,8260 Stein am Rhein,2964,SH,real,True,15.11.2024,2706944,1279911
100956695,10031937,1616336,Spittelmüli,2,8260 Stein am Rhein,2964,SH,real,True,15.11.2024,2706903,1279855
100956696,10085734,1612296,Rittergutstrasse,7,8200 Schaffhausen,2939,SH,real,True,15.11.2024,2689709,1284158
100956697,10085734,1612297,Rittergutstrasse,9,8200 Schaffhausen,2939,SH,real,True,15.11.2024,2689711,1284164
100956698,10085734,1612298,Rittergutstrasse,11,8200 Schaffhausen,2939,SH,real,True,15.11.2024,2689714,1284170
100956699,10085734,1612300,Rittergutstrasse,15,8200 Schaffhausen,2939,SH,real,True,15.11.2024,2689720,1284186
100956700,10085734,1612302,Rittergutstrasse,19,8200 Schaffhausen,2939,SH,real,True,15.11.2024,2689725,1284197
100956701,10073090,1616345,Grossi Schanz,26,8260 Stein am Rhein,2964,SH,real,True,15.11.2024,2706678,1280064
100956702,10073098,1616347,Wisegässli,14,8260 Stein am Rhein,2964,SH,real,True,15.11.2024,2706654,1280117
100956703,10087229,1616348,Blaurockstrasse,21,8260 Stein am Rhein,2964,SH,real,True,15.11.2024,2706658,1280168
100956704,10087229,1616349,Blaurockstrasse,19,8260 Stein am Rhein,2964,SH,real,True,15.11.2024,2706680,1280163
100956705,10073098,1616350,Wisegässli,16,8260 Stein am Rhein,2964,SH,real,True,15.11.2024,2706685,1280082
100956706,10087229,1616351,Blaurockstrasse,17,8260 Stein am Rhein,2964,SH,real,True,15.11.2024,2706703,1280158
100956707,10087229,1616353,Blaurockstrasse,13,8260 Stein am Rhein,2964,SH,real,True,15.11.2024,2706750,1280136
100956708,10087229,1616354,Blaurockstrasse,11,8260 Stein am Rhein,2964,SH,real,True,15.11.2024,2706768,1280125
100956709,10087229,1616355,Blaurockstrasse,9,8260 Stein am Rhein,2964,SH,real,True,15.11.2024,2706790,1280109
100956710,10087229,1616358,Blaurockstrasse,1,8260 Stein am Rhein,2964,SH,real,True,15.11.2024,2706892,1280059
100956711,10179756,1616359,Langstuck,9,8260 Stein am Rhein,2964,SH,real,True,15.11.2024,2706862,1280010
100956712,10179756,1616360,Langstuck,7,8260 Stein am Rhein,2964,SH,real,True,15.11.2024,2706842,1279992
100956713,10073095,1616363,Oberdörfli,1,8260 Stein am Rhein,2964,SH,real,True,15.11.2024,2706717,1280012
100956714,10073095,1616364,Oberdörfli,3,8260 Stein am Rhein,2964,SH,real,True,15.11.2024,2706703,1280030
100956715,10073095,1616365,Oberdörfli,5,8260 Stein am Rhein,2964,SH,real,True,15.11.2024,2706732,1280042
100956716,10073095,1616366,Oberdörfli,7,8260 Stein am Rhein,2964,SH,real,True,15.11.2024,2706717,1280059
100956717,10073095,1616367,Oberdörfli,11,8260 Stein am Rhein,2964,SH,real,True,15.11.2024,2706736,1280086
100956718,10073095,1616368,Oberdörfli,13,8260 Stein am Rhein,2964,SH,real,True,15.11.2024,2706723,1280086
100956719,10073095,1616369,Oberdörfli,6,8260 Stein am Rhein,2964,SH,real,True,15.11.2024,2706750,1280037
100956720,10073095,1616369,Oberdörfli,4,8260 Stein am Rhein,2964,SH,real,True,15.11.2024,2706747,1280031
100956721,10073095,1616370,Oberdörfli,8,8260 Stein am Rhein,2964,SH,real,True,15.11.2024,2706773,1280051
100956722,10073095,1616371,Oberdörfli,10,8260 Stein am Rhein,2964,SH,real,True,15.11.2024,2706781,1280078
100956723,10073095,1616372,Oberdörfli,9,8260 Stein am Rhein,2964,SH,real,True,15.11.2024,2706758,1280069
100956724,10087233,1616374,Guldifuess,1,8260 Stein am Rhein,2964,SH,real,True,15.11.2024,2706905,1280181
100956725,10087233,1616375,Guldifuess,3,8260 Stein am Rhein,2964,SH,real,True,15.11.2024,2706929,1280173
100956726,10087233,1616377,Guldifuess,7,8260 Stein am Rhein,2964,SH,real,True,15.11.2024,2706986,1280164
100956727,10087233,1616379,Guldifuess,11,8260 Stein am Rhein,2964,SH,real,True,15.11.2024,2707055,1280196
100956728,10087233,1616380,Guldifuess,15,8260 Stein am Rhein,2964,SH,real,True,15.11.2024,2707122,1280198
100956729,10087233,1616381,Guldifuess,21,8260 Stein am Rhein,2964,SH,real,True,15.11.2024,2707163,1280250
100956731,10091108,1616383,Zwinglistrasse,3,8260 Stein am Rhein,2964,SH,real,True,15.11.2024,2707074,1280251
100956732,10091108,1616384,Zwinglistrasse,5,8260 Stein am Rhein,2964,SH,real,True,15.11.2024,2707029,1280255
100956733,10091108,1616385,Zwinglistrasse,14,8260 Stein am Rhein,2964,SH,real,True,15.11.2024,2706923,1280264
100956734,10091108,1616387,Zwinglistrasse,11,8260 Stein am Rhein,2964,SH,real,True,15.11.2024,2706948,1280241
100956735,10091108,1616390,Zwinglistrasse,16,8260 Stein am Rhein,2964,SH,real,True,15.11.2024,2706898,1280262
100956736,10091108,1616392,Zwinglistrasse,22,8260 Stein am Rhein,2964,SH,real,True,15.11.2024,2706856,1280263
100956737,10071984,1616394,Chlingeweg,8,8260 Stein am Rhein,2964,SH,real,True,15.11.2024,2706847,1280219
100956738,10071984,1616395,Chlingeweg,6,8260 Stein am Rhein,2964,SH,real,True,15.11.2024,2706864,1280188
100956740,10090058,1616397,Mühlenstrasse,14,8260 Stein am Rhein,2964,SH,real,True,15.11.2024,2706984,1279989
100956741,10090058,1616399,Mühlenstrasse,11,8260 Stein am Rhein,2964,SH,real,True,15.11.2024,2706952,1279954
100956742,10073092,1616402,Im Gwand,1,8260 Stein am Rhein,2964,SH,real,True,15.11.2024,2706823,1280177
100956743,10071984,1616403,Chlingeweg,5,8260 Stein am Rhein,2964,SH,real,True,15.11.2024,2706845,1280167
100956744,10071984,1616404,Chlingeweg,3,8260 Stein am Rhein,2964,SH,real,True,15.11.2024,2706870,1280143
100956746,10087229,1616406,Blaurockstrasse,6,8260 Stein am Rhein,2964,SH,real,True,15.11.2024,2706834,1280132
100956747,10087229,1616407,Blaurockstrasse,8,8260 Stein am Rhein,2964,SH,real,True,15.11.2024,2706812,1280125
100956748,10087229,1616408,Blaurockstrasse,14,8260 Stein am Rhein,2964,SH,real,True,15.11.2024,2706751,1280183
100956749,10087229,1616410,Blaurockstrasse,22,8260 Stein am Rhein,2964,SH,real,True,15.11.2024,2706645,1280203
100956750,10087229,1616412,Blaurockstrasse,26,8260 Stein am Rhein,2964,SH,real,True,15.11.2024,2706598,1280231
100956751,10087229,1616414,Blaurockstrasse,28,8260 Stein am Rhein,2964,SH,real,True,15.11.2024,2706563,1280229
100956752,10087229,1616416,Blaurockstrasse,31,8260 Stein am Rhein,2964,SH,real,True,15.11.2024,2706505,1280222
100956753,10087229,1616417,Blaurockstrasse,33,8260 Stein am Rhein,2964,SH,real,True,15.11.2024,2706481,1280239
100956755,10087229,1616420,Blaurockstrasse,35,8260 Stein am Rhein,2964,SH,real,True,15.11.2024,2706459,1280250
100956756,10087229,1616421,Blaurockstrasse,38,8260 Stein am Rhein,2964,SH,real,True,15.11.2024,2706441,1280295
100956757,10087229,1616422,Blaurockstrasse,40,8260 Stein am Rhein,2964,SH,real,True,15.11.2024,2706419,1280305
100956758,10091105,1616423,Rietstrasse,22,8260 Stein am Rhein,2964,SH,real,True,15.11.2024,2706431,1280250
100956759,10073092,1616424,Im Gwand,12,8260 Stein am Rhein,2964,SH,real,True,15.11.2024,2706701,1280225
100956760,10073092,1616426,Im Gwand,6,8260 Stein am Rhein,2964,SH,real,True,15.11.2024,2706781,1280213
100956761,10091108,1616430,Zwinglistrasse,27,8260 Stein am Rhein,2964,SH,real,True,15.11.2024,2706825,1280247
100956762,10091108,1616431,Zwinglistrasse,29,8260 Stein am Rhein,2964,SH,real,True,15.11.2024,2706795,1280248
100956763,10091108,1616433,Zwinglistrasse,32,8260 Stein am Rhein,2964,SH,real,True,15.11.2024,2706754,1280275
100956764,10091108,1616434,Zwinglistrasse,30,8260 Stein am Rhein,2964,SH,real,True,15.11.2024,2706766,1280277
100956765,10091108,1616435,Zwinglistrasse,33,8260 Stein am Rhein,2964,SH,real,True,15.11.2024,2706741,1280252
100956766,10091108,1616436,Zwinglistrasse,35,8260 Stein am Rhein,2964,SH,real,True,15.11.2024,2706706,1280261
100956767,10091108,1616437,Zwinglistrasse,37,8260 Stein am Rhein,2964,SH,real,True,15.11.2024,2706675,1280274
100956768,10091108,1616438,Zwinglistrasse,36,8260 Stein am Rhein,2964,SH,real,True,15.11.2024,2706713,1280280
100956769,10091108,1616439,Zwinglistrasse,39,8260 Stein am Rhein,2964,SH,real,True,15.11.2024,2706646,1280287
100956770,10091108,1616441,Zwinglistrasse,43,8260 Stein am Rhein,2964,SH,real,True,15.11.2024,2706591,1280302
100956771,10091108,1616442,Zwinglistrasse,44,8260 Stein am Rhein,2964,SH,real,True,15.11.2024,2706602,1280323
100956772,10091108,1616443,Zwinglistrasse,45,8260 Stein am Rhein,2964,SH,real,True,15.11.2024,2706566,1280305
100956773,10073098,1616444,Wisegässli,11,8260 Stein am Rhein,2964,SH,real,True,15.11.2024,2706619,1280119
100956776,10019806,1614231,Schlössliweg,11,8200 Schaffhausen,2939,SH,real,True,15.11.2024,2690440,1284370
100956777,10073075,1614232,Ungarbühlstrasse,72,8200 Schaffhausen,2939,SH,real,True,15.11.2024,2690316,1284362
100956778,10073075,1614233,Ungarbühlstrasse,74,8200 Schaffhausen,2939,SH,real,True,15.11.2024,2690329,1284370
100956779,10073075,1614234,Ungarbühlstrasse,76,8200 Schaffhausen,2939,SH,real,True,15.11.2024,2690345,1284368
100956780,10073075,1614235,Ungarbühlstrasse,80,8200 Schaffhausen,2939,SH,real,True,15.11.2024,2690361,1284377
100956781,10073075,1614236,Ungarbühlstrasse,84,8200 Schaffhausen,2939,SH,real,True,15.11.2024,2690390,1284381
100956866,10091105,1616451,Rietstrasse,16,8260 Stein am Rhein,2964,SH,real,True,15.11.2024,2706457,1280199
100956867,10091105,1616452,Rietstrasse,18,8260 Stein am Rhein,2964,SH,real,True,15.11.2024,2706440,1280217
100956868,10091105,1616453,Rietstrasse,24,8260 Stein am Rhein,2964,SH,real,True,15.11.2024,2706402,1280246
100956869,10031615,1616454,Bockrain,6,8260 Stein am Rhein,2964,SH,real,True,15.11.2024,2706362,1280301
100956870,10091105,1616455,Rietstrasse,28,8260 Stein am Rhein,2964,SH,real,True,15.11.2024,2706356,1280229
100956871,10113218,1616456,Im Riet,4,8260 Stein am Rhein,2964,SH,real,True,15.11.2024,2706336,1280235
100956872,10113218,1616457,Im Riet,6,8260 Stein am Rhein,2964,SH,real,True,15.11.2024,2706323,1280243
100956967,10031925,1616563,Hoseweg,7,8260 Stein am Rhein,2964,SH,real,True,15.11.2024,2705852,1280305
100958018,10073056,1610411,Neustadt,40,8200 Schaffhausen,2939,SH,real,True,15.11.2024,2689607,1283415
100958019,10073060,1610412,Rheinstrasse,28,8200 Schaffhausen,2939,SH,real,True,15.11.2024,2689671,1283269
100958020,10073061,1610413,Ringkengässchen,5,8200 Schaffhausen,2939,SH,real,True,15.11.2024,2689668,1283324
100958021,10073061,1610414,Ringkengässchen,15,8200 Schaffhausen,2939,SH,real,True,15.11.2024,2689664,1283370
100958022,10073060,1610416,Rheinstrasse,30,8200 Schaffhausen,2939,SH,real,True,15.11.2024,2689657,1283266
100958023,10085732,1610416,Rheinhof,9,8200 Schaffhausen,2939,SH,real,True,15.11.2024,2689646,1283276
100958024,10073056,1610417,Neustadt,2,8200 Schaffhausen,2939,SH,real,True,15.11.2024,2689612,1283264
100958025,10073056,1610418,Neustadt,4,8200 Schaffhausen,2939,SH,real,True,15.11.2024,2689610,1283272
100958027,10073056,1610420,Neustadt,8,8200 Schaffhausen,2939,SH,real,True,15.11.2024,2689609,1283288
100958028,10073056,1610421,Neustadt,10,8200 Schaffhausen,2939,SH,real,True,15.11.2024,2689611,1283304
100958029,10073060,1610422,Rheinstrasse,36,8200 Schaffhausen,2939,SH,real,True,15.11.2024,2689635,1283261
100958030,10073060,1610423,Rheinstrasse,38,8200 Schaffhausen,2939,SH,real,True,15.11.2024,2689628,1283260
100958031,10085732,1610425,Rheinhof,1,8200 Schaffhausen,2939,SH,real,True,15.11.2024,2689643,1283264
100958032,10085732,1610426,Rheinhof,4,8200 Schaffhausen,2939,SH,real,True,15.11.2024,2689641,1283295
100958033,10085732,1610428,Rheinhof,7,8200 Schaffhausen,2939,SH,real,True,15.11.2024,2689647,1283289
100958034,10073033,1610431,Frauengasse,20,8200 Schaffhausen,2939,SH,real,True,15.11.2024,2689704,1283388
100958036,10046629,1610433,Rosengasse,2,8200 Schaffhausen,2939,SH,real,True,15.11.2024,2689749,1283276
100958037,10046629,1610435,Rosengasse,14,8200 Schaffhausen,2939,SH,real,True,15.11.2024,2689751,1283312
100958038,10046629,1610436,Rosengasse,16,8200 Schaffhausen,2939,SH,real,True,15.11.2024,2689749,1283326
100958050,10103227,1610448,Schlagbaumstrasse,2,8200 Schaffhausen,2939,SH,real,True,15.11.2024,2689864,1283983
100958051,10103227,1610449,Schlagbaumstrasse,4,8200 Schaffhausen,2939,SH,real,True,15.11.2024,2689847,1283997
100958052,10019274,1610450,Bahnhofstrasse,102,8200 Schaffhausen,2939,SH,real,True,15.11.2024,2689876,1284036
100958053,10086470,1610452,Bachstrasse,64,8200 Schaffhausen,2939,SH,real,True,15.11.2024,2689887,1283945
100958055,10018668,1610455,Kasinogässchen,24,8200 Schaffhausen,2939,SH,real,True,15.11.2024,2689433,1283591
100958056,10025691,1610456,Steigstrasse,8,8200 Schaffhausen,2939,SH,real,True,15.11.2024,2689496,1283522
100958057,10025691,1610457,Steigstrasse,28,8200 Schaffhausen,2939,SH,real,True,15.11.2024,2689447,1283528
100958058,10085755,1610458,Vordersteig,3,8200 Schaffhausen,2939,SH,real,True,15.11.2024,2689467,1283557
100958060,10085755,1610460,Vordersteig,9,8200 Schaffhausen,2939,SH,real,True,15.11.2024,2689461,1283586
100958061,10085755,1610462,Vordersteig,13,8200 Schaffhausen,2939,SH,real,True,15.11.2024,2689443,1283591
100958062,10018668,1610463,Kasinogässchen,1,8200 Schaffhausen,2939,SH,real,True,15.11.2024,2689399,1283491
100958063,10018668,1610464,Kasinogässchen,3,8200 Schaffhausen,2939,SH,real,True,15.11.2024,2689400,1283508
100958064,10018668,1610465,Kasinogässchen,5,8200 Schaffhausen,2939,SH,real,True,15.11.2024,2689397,1283524
100958065,10025691,1610466,Steigstrasse,36,8200 Schaffhausen,2939,SH,real,True,15.11.2024,2689376,1283498
100958066,10025691,1610467,Steigstrasse,40,8200 Schaffhausen,2939,SH,real,True,15.11.2024,2689354,1283516
100958067,10025691,1610468,Steigstrasse,56,8200 Schaffhausen,2939,SH,real,True,15.11.2024,2689326,1283560
100958068,10085755,1610470,Vordersteig,23,8200 Schaffhausen,2939,SH,real,True,15.11.2024,2689373,1283610
100958069,10085755,1610471,Vordersteig,25,8200 Schaffhausen,2939,SH,real,True,15.11.2024,2689370,1283611
100958070,10025712,1610473,Zimmerweg,1,8200 Schaffhausen,2939,SH,real,True,15.11.2024,2689391,1283526
100958072,10025712,1610475,Zimmerweg,4a,8200 Schaffhausen,2939,SH,real,True,15.11.2024,2689358,1283572
100958073,10025712,1610476,Zimmerweg,5,8200 Schaffhausen,2939,SH,real,True,15.11.2024,2689364,1283548
100958074,10019275,1610478,Beckengässchen,3,8200 Schaffhausen,2939,SH,real,True,15.11.2024,2689458,1283622
100958075,10019275,1610480,Beckengässchen,11,8200 Schaffhausen,2939,SH,real,True,15.11.2024,2689447,1283676
100958076,10019275,1610481,Beckengässchen,15,8200 Schaffhausen,2939,SH,real,True,15.11.2024,2689439,1283689
100958077,10019275,1610482,Beckengässchen,19,8200 Schaffhausen,2939,SH,real,True,15.11.2024,2689435,1283710
100958078,10019275,1610483,Beckengässchen,23,8200 Schaffhausen,2939,SH,real,True,15.11.2024,2689433,1283732
100958079,10019275,1610484,Beckengässchen,29,8200 Schaffhausen,2939,SH,real,True,15.11.2024,2689439,1283773
100958080,10019275,1610485,Beckengässchen,31,8200 Schaffhausen,2939,SH,real,True,15.11.2024,2689414,1283781
100958081,10118144,1610486,Hintersteig,25,8200 Schaffhausen,2939,SH,real,True,15.11.2024,2689443,1283801
100958082,10118144,1610487,Hintersteig,27,8200 Schaffhausen,2939,SH,real,True,15.11.2024,2689427,1283804
100958083,10118144,1610488,Hintersteig,31,8200 Schaffhausen,2939,SH,real,True,15.11.2024,2689391,1283793
100958084,10118144,1610489,Hintersteig,33,8200 Schaffhausen,2939,SH,real,True,15.11.2024,2689386,1283787
100958085,10118144,1610491,Hintersteig,37,8200 Schaffhausen,2939,SH,real,True,15.11.2024,2689378,1283774
100958086,10118144,1610493,Hintersteig,41,8200 Schaffhausen,2939,SH,real,True,15.11.2024,2689361,1283748
100958087,10118144,1610496,Hintersteig,47,8200 Schaffhausen,2939,SH,real,True,15.11.2024,2689370,1283813
100958088,10118144,1610497,Hintersteig,49,8200 Schaffhausen,2939,SH,real,True,15.11.2024,2689360,1283814
100958089,10118144,1610501,Hintersteig,57,8200 Schaffhausen,2939,SH,real,True,15.11.2024,2689357,1283793
100958090,10118144,1610502,Hintersteig,59,8200 Schaffhausen,2939,SH,real,True,15.11.2024,2689347,1283795
100958091,10118144,1610503,Hintersteig,63,8200 Schaffhausen,2939,SH,real,True,15.11.2024,2689354,1283772
100958092,10113204,1610505,Steighalde,4,8200 Schaffhausen,2939,SH,real,True,15.11.2024,2689411,1283753
100958093,10113204,1610506,Steighalde,5,8200 Schaffhausen,2939,SH,real,True,15.11.2024,2689420,1283724
100958094,10113204,1610508,Steighalde,12,8200 Schaffhausen,2939,SH,real,True,15.11.2024,2689400,1283719
100958095,10113204,1610510,Steighalde,15,8200 Schaffhausen,2939,SH,real,True,15.11.2024,2689397,1283695
100958096,10025691,1610512,Steigstrasse,90,8200 Schaffhausen,2939,SH,real,True,15.11.2024,2689289,1283803
100958097,10025691,1610513,Steigstrasse,88,8200 Schaffhausen,2939,SH,real,True,15.11.2024,2689272,1283797
100958098,10025691,1610514,Steigstrasse,80,8200 Schaffhausen,2939,SH,real,True,15.11.2024,2689322,1283727
100958099,10025691,1610515,Steigstrasse,78,8200 Schaffhausen,2939,SH,real,True,15.11.2024,2689270,1283732
100958100,10025691,1610516,Steigstrasse,76,8200 Schaffhausen,2939,SH,real,True,15.11.2024,2689297,1283725
100958101,10025691,1610517,Steigstrasse,76a,8200 Schaffhausen,2939,SH,real,True,15.11.2024,2689300,1283741
100958102,10019275,1610518,Beckengässchen,2,8200 Schaffhausen,2939,SH,real,True,15.11.2024,2689465,1283599
100958103,10019275,1610519,Beckengässchen,20,8200 Schaffhausen,2939,SH,real,True,15.11.2024,2689464,1283724
100958104,10019275,1610522,Beckengässchen,26,8200 Schaffhausen,2939,SH,real,True,15.11.2024,2689457,1283791
100958105,10118144,1610523,Hintersteig,1,8200 Schaffhausen,2939,SH,real,True,15.11.2024,2689558,1283792
100958106,10118144,1610524,Hintersteig,3,8200 Schaffhausen,2939,SH,real,True,15.11.2024,2689548,1283794
100958107,10118144,1610525,Hintersteig,11,8200 Schaffhausen,2939,SH,real,True,15.11.2024,2689508,1283788
100958108,10118144,1610527,Hintersteig,13,8200 Schaffhausen,2939,SH,real,True,15.11.2024,2689508,1283777
100958109,10118144,1610528,Hintersteig,15,8200 Schaffhausen,2939,SH,real,True,15.11.2024,2689508,1283775
100958110,10118144,1610529,Hintersteig,17,8200 Schaffhausen,2939,SH,real,True,15.11.2024,2689509,1283756
100958111,10118144,1610530,Hintersteig,19,8200 Schaffhausen,2939,SH,real,True,15.11.2024,2689509,1283754
100958112,10085734,1612280,Rittergutstrasse,30,8200 Schaffhausen,2939,SH,real,True,15.11.2024,2689750,1284226
100958113,10085734,1612281,Rittergutstrasse,32,8200 Schaffhausen,2939,SH,real,True,15.11.2024,2689753,1284232
100958114,10179734,1612282,Weinsteig,2,8200 Schaffhausen,2939,SH,real,True,15.11.2024,2689748,1284097
100958115,10179734,1612283,Weinsteig,4,8200 Schaffhausen,2939,SH,real,True,15.11.2024,2689759,1284112
100958116,10179734,1612284,Weinsteig,6,8200 Schaffhausen,2939,SH,real,True,15.11.2024,2689763,1284149
100958117,10179734,1612285,Weinsteig,8,8200 Schaffhausen,2939,SH,real,True,15.11.2024,2689751,1284136
100958118,10085734,1612286,Rittergutstrasse,20,8200 Schaffhausen,2939,SH,real,True,15.11.2024,2689736,1284193
100958119,10018654,1612287,Hochstrasse,23,8200 Schaffhausen,2939,SH,real,True,15.11.2024,2689806,1284257
100958120,10018654,1612289,Hochstrasse,37,8200 Schaffhausen,2939,SH,real,True,15.11.2024,2689810,1284306
100958121,10018654,1612290,Hochstrasse,39,8200 Schaffhausen,2939,SH,real,True,15.11.2024,2689810,1284315
100958122,10018654,1612291,Hochstrasse,41,8200 Schaffhausen,2939,SH,real,True,15.11.2024,2689829,1284333
100958123,10085734,1612292,Rittergutstrasse,40,8200 Schaffhausen,2939,SH,real,True,15.11.2024,2689788,1284280
100958124,10085734,1612293,Rittergutstrasse,1,8200 Schaffhausen,2939,SH,real,True,15.11.2024,2689701,1284141
100958125,10085734,1612294,Rittergutstrasse,3,8200 Schaffhausen,2939,SH,real,True,15.11.2024,2689704,1284147
100958126,10085734,1612295,Rittergutstrasse,5,8200 Schaffhausen,2939,SH,real,True,15.11.2024,2689706,1284153
100958136,10085734,1612303,Rittergutstrasse,21,8200 Schaffhausen,2939,SH,real,True,15.11.2024,2689730,1284207
100958137,10085734,1612304,Rittergutstrasse,23,8200 Schaffhausen,2939,SH,real,True,15.11.2024,2689732,1284213
100958138,10025708,1612309,Weinbergstrasse,4,8200 Schaffhausen,2939,SH,real,True,15.11.2024,2689674,1284211
100958139,10025708,1612310,Weinbergstrasse,6,8200 Schaffhausen,2939,SH,real,True,15.11.2024,2689680,1284230
100958140,10025708,1612313,Weinbergstrasse,12,8200 Schaffhausen,2939,SH,real,True,15.11.2024,2689713,1284293
100958141,10025708,1612314,Weinbergstrasse,14,8200 Schaffhausen,2939,SH,real,True,15.11.2024,2689725,1284313
100958142,10025708,1612315,Weinbergstrasse,16,8200 Schaffhausen,2939,SH,real,True,15.11.2024,2689737,1284334
100958143,10025708,1612316,Weinbergstrasse,18,8200 Schaffhausen,2939,SH,real,True,15.11.2024,2689750,1284357
100958144,10025708,1612317,Weinbergstrasse,20,8200 Schaffhausen,2939,SH,real,True,15.11.2024,2689765,1284379
100958145,10179734,1612318,Weinsteig,10,8200 Schaffhausen,2939,SH,real,True,15.11.2024,2689666,1284184
100958146,10018654,1612321,Hochstrasse,49,8200 Schaffhausen,2939,SH,real,True,15.11.2024,2689805,1284405
100958147,10018654,1612322,Hochstrasse,51,8200 Schaffhausen,2939,SH,real,True,15.11.2024,2689818,1284383
100958148,10018654,1612323,Hochstrasse,53,8200 Schaffhausen,2939,SH,real,True,15.11.2024,2689842,1284416
100958149,10018654,1612324,Hochstrasse,55,8200 Schaffhausen,2939,SH,real,True,15.11.2024,2689821,1284428
100958150,10018654,1612325,Hochstrasse,59,8200 Schaffhausen,2939,SH,real,True,15.11.2024,2689849,1284463
100958151,10018654,1612326,Hochstrasse,69,8200 Schaffhausen,2939,SH,real,True,15.11.2024,2689864,1284494
100958152,10018654,1612327,Hochstrasse,71,8200 Schaffhausen,2939,SH,real,True,15.11.2024,2689847,1284499
100958153,10018659,1612331,Hornbergstrasse,9,8200 Schaffhausen,2939,SH,real,True,15.11.2024,2689804,1284523
100958154,10018659,1612332,Hornbergstrasse,11,8200 Schaffhausen,2939,SH,real,True,15.11.2024,2689795,1284497
100958155,10018659,1612336,Hornbergstrasse,23,8200 Schaffhausen,2939,SH,real,True,15.11.2024,2689733,1284430
100958156,10018659,1612337,Hornbergstrasse,33,8200 Schaffhausen,2939,SH,real,True,15.11.2024,2689654,1284434
100958157,10018659,1612338,Hornbergstrasse,35,8200 Schaffhausen,2939,SH,real,True,15.11.2024,2689632,1284438
100958158,10025708,1612339,Weinbergstrasse,28,8200 Schaffhausen,2939,SH,real,True,15.11.2024,2689807,1284446
100958163,10179734,1612344,Weinsteig,52,8200 Schaffhausen,2939,SH,real,True,15.11.2024,2689638,1284273
100958164,10179734,1612345,Weinsteig,54,8200 Schaffhausen,2939,SH,real,True,15.11.2024,2689639,1284334
100958165,10179734,1612347,Weinsteig,58,8200 Schaffhausen,2939,SH,real,True,15.11.2024,2689688,1284370
100958166,10179734,1612348,Weinsteig,60,8200 Schaffhausen,2939,SH,real,True,15.11.2024,2689709,1284393
100958167,10179734,1612349,Weinsteig,70,8200 Schaffhausen,2939,SH,real,True,15.11.2024,2689647,1284403
100958168,10179734,1612350,Weinsteig,72,8200 Schaffhausen,2939,SH,real,True,15.11.2024,2689635,1284406
100958169,10117545,1612351,Finsterwaldstrasse,22,8200 Schaffhausen,2939,SH,real,True,15.11.2024,2689749,1284567
100958170,10117545,1612352,Finsterwaldstrasse,24,8200 Schaffhausen,2939,SH,real,True,15.11.2024,2689769,1284573
100958171,10018659,1612353,Hornbergstrasse,4,8200 Schaffhausen,2939,SH,real,True,15.11.2024,2689780,1284545
100958172,10018659,1612354,Hornbergstrasse,8,8200 Schaffhausen,2939,SH,real,True,15.11.2024,2689788,1284520
100958173,10179734,1612355,Weinsteig,106,8200 Schaffhausen,2939,SH,real,True,15.11.2024,2689640,1284527
100958174,10018654,1612358,Hochstrasse,96,8200 Schaffhausen,2939,SH,real,True,15.11.2024,2689935,1284628
100958175,10018654,1612359,Hochstrasse,98,8200 Schaffhausen,2939,SH,real,True,15.11.2024,2689939,1284640
100958176,10018654,1612360,Hochstrasse,112,8200 Schaffhausen,2939,SH,real,True,15.11.2024,2689962,1284707
100958177,10018672,1612364,Krebsbachstrasse,61,8200 Schaffhausen,2939,SH,real,True,15.11.2024,2690015,1284725
100958178,10018672,1612365,Krebsbachstrasse,57,8200 Schaffhausen,2939,SH,real,True,15.11.2024,2689997,1284694
100958179,10018672,1612366,Krebsbachstrasse,55,8200 Schaffhausen,2939,SH,real,True,15.11.2024,2689989,1284678
100958181,10179734,1612368,Weinsteig,149,8200 Schaffhausen,2939,SH,real,True,15.11.2024,2689566,1284714
100958182,10179734,1612369,Weinsteig,151,8200 Schaffhausen,2939,SH,real,True,15.11.2024,2689575,1284748
100958183,10179734,1612370,Weinsteig,153,8200 Schaffhausen,2939,SH,real,True,15.11.2024,2689539,1284756
100958184,10179734,1612371,Weinsteig,155,8200 Schaffhausen,2939,SH,real,True,15.11.2024,2689564,1284769
100958186,10179734,1612374,Weinsteig,203,8200 Schaffhausen,2939,SH,real,True,15.11.2024,2689556,1284997
100958187,10179734,1612375,Weinsteig,201,8200 Schaffhausen,2939,SH,real,True,15.11.2024,2689556,1284973
100958188,10179734,1612376,Weinsteig,199,8200 Schaffhausen,2939,SH,real,True,15.11.2024,2689575,1284971
100958189,10179734,1612378,Weinsteig,195,8200 Schaffhausen,2939,SH,real,True,15.11.2024,2689589,1284942
100958190,10073037,1612379,Geisshofstieg,6,8200 Schaffhausen,2939,SH,real,True,15.11.2024,2689568,1284947
100958191,10073037,1612380,Geisshofstieg,4,8200 Schaffhausen,2939,SH,real,True,15.11.2024,2689567,1284939
100958192,10073037,1612381,Geisshofstieg,3,8200 Schaffhausen,2939,SH,real,True,15.11.2024,2689564,1284924
100958193,10179734,1612383,Weinsteig,207,8200 Schaffhausen,2939,SH,real,True,15.11.2024,2689601,1285033
100958194,10179734,1612384,Weinsteig,209,8200 Schaffhausen,2939,SH,real,True,15.11.2024,2689604,1285070
100958195,10118146,1612387,Reithallenweg,5,8200 Schaffhausen,2939,SH,real,True,15.11.2024,2689681,1284971
100958196,10118146,1612388,Reithallenweg,7,8200 Schaffhausen,2939,SH,real,True,15.11.2024,2689660,1284986
100958197,10086486,1612391,Geissbergstrasse,27,8200 Schaffhausen,2939,SH,real,True,15.11.2024,2689713,1284892
100958198,10120426,1612392,Klingenstrasse,17,8200 Schaffhausen,2939,SH,real,True,15.11.2024,2689689,1284869
100958199,10120426,1612394,Klingenstrasse,11,8200 Schaffhausen,2939,SH,real,True,15.11.2024,2689660,1284901
100958200,10120426,1612395,Klingenstrasse,9,8200 Schaffhausen,2939,SH,real,True,15.11.2024,2689651,1284920
100958201,10073075,1614220,Ungarbühlstrasse,54,8200 Schaffhausen,2939,SH,real,True,15.11.2024,2690236,1284316
100958202,10113196,1614222,Grubenstieg,4,8200 Schaffhausen,2939,SH,real,True,15.11.2024,2690365,1284291
100958203,10113196,1614223,Grubenstieg,6,8200 Schaffhausen,2939,SH,real,True,15.11.2024,2690357,1284306
100958204,10113196,1614224,Grubenstieg,8,8200 Schaffhausen,2939,SH,real,True,15.11.2024,2690385,1284315
100958205,10019806,1614225,Schlössliweg,1,8200 Schaffhausen,2939,SH,real,True,15.11.2024,2690405,1284276
100958206,10019806,1614226,Schlössliweg,5,8200 Schaffhausen,2939,SH,real,True,15.11.2024,2690409,1284291
100958207,10113196,1614228,Grubenstieg,16,8200 Schaffhausen,2939,SH,real,True,15.11.2024,2690362,1284343
100958208,10113196,1614229,Grubenstieg,18,8200 Schaffhausen,2939,SH,real,True,15.11.2024,2690387,1284347
100958209,10019806,1614230,Schlössliweg,9,8200 Schaffhausen,2939,SH,real,True,15.11.2024,2690435,1284351
100958211,10085724,1610556,Mühlenstrasse,50,8200 Schaffhausen,2939,SH,real,True,15.11.2024,2689265,1283180
100958212,10085724,1610557,Mühlenstrasse,62,8200 Schaffhausen,2939,SH,real,True,15.11.2024,2689189,1283194
100958213,10018673,1610558,Kreuzgasse,2,8200 Schaffhausen,2939,SH,real,True,15.11.2024,2689044,1283169
100958214,10018673,1610559,Kreuzgasse,7,8200 Schaffhausen,2939,SH,real,True,15.11.2024,2689008,1283196
100958215,10018673,1610560,Kreuzgasse,6,8200 Schaffhausen,2939,SH,real,True,15.11.2024,2689047,1283194
100958216,10018673,1610562,Kreuzgasse,12,8200 Schaffhausen,2939,SH,real,True,15.11.2024,2689031,1283211
100958217,10086490,1614238,Grubenstrasse,53,8200 Schaffhausen,2939,SH,real,True,15.11.2024,2690430,1284281
100958218,10086490,1614239,Grubenstrasse,55,8200 Schaffhausen,2939,SH,real,True,15.11.2024,2690439,1284284
100958219,10086490,1614240,Grubenstrasse,57,8200 Schaffhausen,2939,SH,real,True,15.11.2024,2690454,1284290
100958220,10086490,1614241,Grubenstrasse,59,8200 Schaffhausen,2939,SH,real,True,15.11.2024,2690461,1284291
100958221,10086490,1614242,Grubenstrasse,67,8200 Schaffhausen,2939,SH,real,True,15.11.2024,2690474,1284294
100958222,10019806,1614245,Schlössliweg,6,8200 Schaffhausen,2939,SH,real,True,15.11.2024,2690433,1284313
100958223,10019806,1614246,Schlössliweg,8,8200 Schaffhausen,2939,SH,real,True,15.11.2024,2690443,1284335
100958224,10086490,1614248,Grubenstrasse,91,8200 Schaffhausen,2939,SH,real,True,15.11.2024,2690795,1284295
100958225,10086490,1614249,Grubenstrasse,103,8200 Schaffhausen,2939,SH,real,True,15.11.2024,2690876,1284274
100958226,10025693,1614253,Stimmerstrasse,34,8200 Schaffhausen,2939,SH,real,True,15.11.2024,2690874,1284322
100958227,10025693,1614254,Stimmerstrasse,36,8200 Schaffhausen,2939,SH,real,True,15.11.2024,2690899,1284333
100958228,10086490,1614255,Grubenstrasse,113,8200 Schaffhausen,2939,SH,real,True,15.11.2024,2690944,1284265
100958229,10086490,1614256,Grubenstrasse,115,8200 Schaffhausen,2939,SH,real,True,15.11.2024,2690962,1284266
100958230,10086490,1614257,Grubenstrasse,115a,8200 Schaffhausen,2939,SH,real,True,15.11.2024,2690975,1284311
100958231,10086490,1614258,Grubenstrasse,115b,8200 Schaffhausen,2939,SH,real,True,15.11.2024,2690980,1284313
100958232,10086490,1614259,Grubenstrasse,115c,8200 Schaffhausen,2939,SH,real,True,15.11.2024,2690985,1284314
100958233,10086490,1614261,Grubenstrasse,117a,8200 Schaffhausen,2939,SH,real,True,15.11.2024,2691002,1284324
100958234,10086490,1614264,Grubenstrasse,121,8200 Schaffhausen,2939,SH,real,True,15.11.2024,2691019,1284330
100958235,10086490,1614266,Grubenstrasse,123,8200 Schaffhausen,2939,SH,real,True,15.11.2024,2691029,1284333
100958236,10086490,1614267,Grubenstrasse,123a,8200 Schaffhausen,2939,SH,real,True,15.11.2024,2691035,1284335
100958237,10086490,1614268,Grubenstrasse,125,8200 Schaffhausen,2939,SH,real,True,15.11.2024,2691006,1284304
100958238,10086490,1614269,Grubenstrasse,125a,8200 Schaffhausen,2939,SH,real,True,15.11.2024,2691010,1284305
100958239,10086490,1614270,Grubenstrasse,127,8200 Schaffhausen,2939,SH,real,True,15.11.2024,2691028,1284312
100958240,10086490,1614271,Grubenstrasse,127a,8200 Schaffhausen,2939,SH,real,True,15.11.2024,2691033,1284315
100958241,10086490,1614272,Grubenstrasse,127b,8200 Schaffhausen,2939,SH,real,True,15.11.2024,2691038,1284316
100958243,10086490,1614274,Grubenstrasse,127d,8200 Schaffhausen,2939,SH,real,True,15.11.2024,2691056,1284333
100958244,10086490,1614277,Grubenstrasse,127g,8200 Schaffhausen,2939,SH,real,True,15.11.2024,2691070,1284344
100958245,10179719,1614279,Kesselgutstieg,2,8200 Schaffhausen,2939,SH,real,True,15.11.2024,2690919,1284273
100958247,10179719,1614282,Kesselgutstieg,6,8200 Schaffhausen,2939,SH,real,True,15.11.2024,2690948,1284325
100958248,10179719,1614283,Kesselgutstieg,8,8200 Schaffhausen,2939,SH,real,True,15.11.2024,2690952,1284294
100958249,10086490,1614284,Grubenstrasse,133,8200 Schaffhausen,2939,SH,real,True,15.11.2024,2691080,1284284
100958250,10086490,1614285,Grubenstrasse,120,8200 Schaffhausen,2939,SH,real,True,15.11.2024,2691005,1284244
100958251,10086490,1614286,Grubenstrasse,122,8200 Schaffhausen,2939,SH,real,True,15.11.2024,2691029,1284248
100958252,10025698,1614288,Talstrasse,51,8200 Schaffhausen,2939,SH,real,True,15.11.2024,2691036,1284183
100958253,10025698,1614289,Talstrasse,40,8200 Schaffhausen,2939,SH,real,True,15.11.2024,2690930,1284157
100958254,10025698,1614291,Talstrasse,52,8200 Schaffhausen,2939,SH,real,True,15.11.2024,2691016,1284162
100958255,10025698,1614292,Talstrasse,56,8200 Schaffhausen,2939,SH,real,True,15.11.2024,2691025,1284140
100958256,10025698,1614293,Talstrasse,58,8200 Schaffhausen,2939,SH,real,True,15.11.2024,2691040,1284163
100958257,10019292,1614295,Eigerstrasse,7,8200 Schaffhausen,2939,SH,real,True,15.11.2024,2690075,1284169
100958258,10019292,1614296,Eigerstrasse,9,8200 Schaffhausen,2939,SH,real,True,15.11.2024,2690062,1284186
100958259,10073035,1614298,Fulachstrasse,4,8200 Schaffhausen,2939,SH,real,True,15.11.2024,2690035,1284153
100958261,10073035,1614300,Fulachstrasse,18,8200 Schaffhausen,2939,SH,real,True,15.11.2024,2690018,1284267
100958262,10073035,1614301,Fulachstrasse,22,8200 Schaffhausen,2939,SH,real,True,15.11.2024,2690019,1284288
100958263,10073035,1614303,Fulachstrasse,34,8200 Schaffhausen,2939,SH,real,True,15.11.2024,2690041,1284363
100958264,10073035,1614304,Fulachstrasse,36,8200 Schaffhausen,2939,SH,real,True,15.11.2024,2690061,1284359
100958265,10073035,1614305,Fulachstrasse,40,8200 Schaffhausen,2939,SH,real,True,15.11.2024,2690048,1284400
100958267,10073035,1614307,Fulachstrasse,46,8200 Schaffhausen,2939,SH,real,True,15.11.2024,2690060,1284452
100958268,10073064,1614308,Schönbühlstrasse,4,8200 Schaffhausen,2939,SH,real,True,15.11.2024,2690076,1284475
100958269,10073064,1614309,Schönbühlstrasse,10,8200 Schaffhausen,2939,SH,real,True,15.11.2024,2690089,1284396
100958270,10073075,1614310,Ungarbühlstrasse,12,8200 Schaffhausen,2939,SH,real,True,15.11.2024,2690183,1284387
100958271,10073075,1614311,Ungarbühlstrasse,18,8200 Schaffhausen,2939,SH,real,True,15.11.2024,2690152,1284290
100958272,10019291,1614313,Ebnatstrasse,48,8200 Schaffhausen,2939,SH,real,True,15.11.2024,2690309,1284613
100958273,10188473,1614314,Ebnatweg,8,8200 Schaffhausen,2939,SH,real,True,15.11.2024,2690150,1284564
100958274,10073035,1614315,Fulachstrasse,80,8200 Schaffhausen,2939,SH,real,True,15.11.2024,2690107,1284590
100958275,10018675,1614316,Kronenhalde,2,8200 Schaffhausen,2939,SH,real,True,15.11.2024,2690322,1284624
100958276,10018675,1614317,Kronenhalde,8,8200 Schaffhausen,2939,SH,real,True,15.11.2024,2690330,1284602
100958277,10018675,1614320,Kronenhalde,14,8200 Schaffhausen,2939,SH,real,True,15.11.2024,2690302,1284555
100958280,10073075,1614325,Ungarbühlstrasse,4,8200 Schaffhausen,2939,SH,real,True,15.11.2024,2690185,1284460
100958281,10073075,1614326,Ungarbühlstrasse,65,8200 Schaffhausen,2939,SH,real,True,15.11.2024,2690251,1284386
100958282,10073075,1614327,Ungarbühlstrasse,61,8200 Schaffhausen,2939,SH,real,True,15.11.2024,2690254,1284364
100958283,10073075,1614328,Ungarbühlstrasse,59,8200 Schaffhausen,2939,SH,real,True,15.11.2024,2690237,1284353
100958284,10073075,1614329,Ungarbühlstrasse,57,8200 Schaffhausen,2939,SH,real,True,15.11.2024,2690219,1284333
100958285,10073075,1614331,Ungarbühlstrasse,53,8200 Schaffhausen,2939,SH,real,True,15.11.2024,2690204,1284295
100958286,10073075,1614333,Ungarbühlstrasse,45,8200 Schaffhausen,2939,SH,real,True,15.11.2024,2690186,1284259
100958287,10073075,1614334,Ungarbühlstrasse,41,8200 Schaffhausen,2939,SH,real,True,15.11.2024,2690168,1284263
100958288,10073075,1614335,Ungarbühlstrasse,37,8200 Schaffhausen,2939,SH,real,True,15.11.2024,2690171,1284288
100958289,10031614,1616445,Bim Wisegässli,6,8260 Stein am Rhein,2964,SH,real,True,15.11.2024,2706560,1280160
100958290,10031614,1616446,Bim Wisegässli,8,8260 Stein am Rhein,2964,SH,real,True,15.11.2024,2706527,1280177
100958291,10031614,1616447,Bim Wisegässli,5,8260 Stein am Rhein,2964,SH,real,True,15.11.2024,2706513,1280161
100958292,10031614,1616448,Bim Wisegässli,1,8260 Stein am Rhein,2964,SH,real,True,15.11.2024,2706546,1280142
100958293,10031614,1616449,Bim Wisegässli,3,8260 Stein am Rhein,2964,SH,real,True,15.11.2024,2706537,1280147
100958294,10091105,1616450,Rietstrasse,10,8260 Stein am Rhein,2964,SH,real,True,15.11.2024,2706503,1280133
100958295,10179734,1612415,Weinsteig,208,8200 Schaffhausen,2939,SH,real,True,15.11.2024,2689650,1285071
100958296,10179734,1612416,Weinsteig,210,8200 Schaffhausen,2939,SH,real,True,15.11.2024,2689639,1285104
100958297,10179734,1612417,Weinsteig,212,8200 Schaffhausen,2939,SH,real,True,15.11.2024,2689657,1285096
100958298,10179734,1612418,Weinsteig,214,8200 Schaffhausen,2939,SH,real,True,15.11.2024,2689652,1285132
100958299,10179734,1612419,Weinsteig,216,8200 Schaffhausen,2939,SH,real,True,15.11.2024,2689668,1285119
100958300,10117545,1612420,Finsterwaldstrasse,15,8200 Schaffhausen,2939,SH,real,True,15.11.2024,2689685,1284563
100958301,10117545,1612421,Finsterwaldstrasse,19,8200 Schaffhausen,2939,SH,real,True,15.11.2024,2689720,1284575
100958302,10113218,1616459,Im Riet,10,8260 Stein am Rhein,2964,SH,real,True,15.11.2024,2706305,1280254
100958303,10113218,1616460,Im Riet,12,8260 Stein am Rhein,2964,SH,real,True,15.11.2024,2706300,1280257
100958304,10091105,1616461,Rietstrasse,30,8260 Stein am Rhein,2964,SH,real,True,15.11.2024,2706327,1280207
100958305,10091105,1616465,Rietstrasse,38,8260 Stein am Rhein,2964,SH,real,True,15.11.2024,2706247,1280243
100958306,10091105,1616466,Rietstrasse,40,8260 Stein am Rhein,2964,SH,real,True,15.11.2024,2706225,1280246
100958307,10091105,1616470,Rietstrasse,45,8260 Stein am Rhein,2964,SH,real,True,15.11.2024,2706166,1280232
100958308,10091105,1616472,Rietstrasse,35,8260 Stein am Rhein,2964,SH,real,True,15.11.2024,2706265,1280210
100958309,10091105,1616473,Rietstrasse,33,8260 Stein am Rhein,2964,SH,real,True,15.11.2024,2706287,1280201
100958310,10091105,1616474,Rietstrasse,31,8260 Stein am Rhein,2964,SH,real,True,15.11.2024,2706307,1280193
100958311,10091105,1616475,Rietstrasse,29,8260 Stein am Rhein,2964,SH,real,True,15.11.2024,2706326,1280182
100958312,10091105,1616476,Rietstrasse,23,8260 Stein am Rhein,2964,SH,real,True,15.11.2024,2706400,1280198
100958313,10031918,1616477,Chupferwise,6,8260 Stein am Rhein,2964,SH,real,True,15.11.2024,2706394,1280117
100958314,10031918,1616478,Chupferwise,3,8260 Stein am Rhein,2964,SH,real,True,15.11.2024,2706428,1280121
100958315,10031918,1616479,Chupferwise,1,8260 Stein am Rhein,2964,SH,real,True,15.11.2024,2706444,1280143
100958316,10031923,1616480,Hemishoferstrasse,18,8260 Stein am Rhein,2964,SH,real,True,15.11.2024,2706376,1280079
100958317,10031923,1616481,Hemishoferstrasse,20,8260 Stein am Rhein,2964,SH,real,True,15.11.2024,2706357,1280073
100958318,10073098,1616483,Wisegässli,1,8260 Stein am Rhein,2964,SH,real,True,19.11.2024,2706529,1280018
100958319,10031923,1616484,Hemishoferstrasse,7,8260 Stein am Rhein,2964,SH,real,True,15.11.2024,2706507,1279983
100958320,10046637,1616488,Huberlistrasse,13,8260 Stein am Rhein,2964,SH,real,True,15.11.2024,2706029,1280459
100958321,10046637,1616490,Huberlistrasse,7,8260 Stein am Rhein,2964,SH,real,True,15.11.2024,2706111,1280435
100958322,10046637,1616493,Huberlistrasse,3,8260 Stein am Rhein,2964,SH,real,True,15.11.2024,2706162,1280414
100958323,10073097,1616494,Schwemmgrabenstrasse,10,8260 Stein am Rhein,2964,SH,real,True,15.11.2024,2706162,1280354
100958324,10073097,1616496,Schwemmgrabenstrasse,8,8260 Stein am Rhein,2964,SH,real,True,15.11.2024,2706153,1280328
100958325,10073097,1616498,Schwemmgrabenstrasse,7,8260 Stein am Rhein,2964,SH,real,True,15.11.2024,2706134,1280331
100958326,10073097,1616500,Schwemmgrabenstrasse,1,8260 Stein am Rhein,2964,SH,real,True,15.11.2024,2706097,1280225
100958327,10073097,1616501,Schwemmgrabenstrasse,3,8260 Stein am Rhein,2964,SH,real,True,15.11.2024,2706119,1280283
100958328,10031923,1616503,Hemishoferstrasse,58,8260 Stein am Rhein,2964,SH,real,True,15.11.2024,2706130,1280190
100958329,10031923,1616504,Hemishoferstrasse,46,8260 Stein am Rhein,2964,SH,real,True,15.11.2024,2706199,1280146
100958330,10031923,1616505,Hemishoferstrasse,44,8260 Stein am Rhein,2964,SH,real,True,15.11.2024,2706227,1280167
100958331,10031923,1616506,Hemishoferstrasse,34,8260 Stein am Rhein,2964,SH,real,True,15.11.2024,2706262,1280138
100958332,10031923,1616507,Hemishoferstrasse,64,8260 Stein am Rhein,2964,SH,real,True,15.11.2024,2706074,1280231
100958333,10031924,1616510,Hoppihohstrasse,4,8260 Stein am Rhein,2964,SH,real,True,15.11.2024,2706059,1280267
100958334,10031924,1616512,Hoppihohstrasse,8,8260 Stein am Rhein,2964,SH,real,True,15.11.2024,2706088,1280295
100958335,10031924,1616513,Hoppihohstrasse,12,8260 Stein am Rhein,2964,SH,real,True,15.11.2024,2706110,1280347
100958336,10031924,1616515,Hoppihohstrasse,10,8260 Stein am Rhein,2964,SH,real,True,15.11.2024,2706097,1280321
100958337,10046637,1616516,Huberlistrasse,2,8260 Stein am Rhein,2964,SH,real,True,15.11.2024,2706185,1280391
100958338,10031929,1616519,Niderfeldstrasse,12,8260 Stein am Rhein,2964,SH,real,True,15.11.2024,2705978,1280333
100958341,10031929,1616520,Niderfeldstrasse,19,8260 Stein am Rhein,2964,SH,real,True,15.11.2024,2705915,1280337
100958342,10090056,1616521,Hohrainstrasse,31,8260 Stein am Rhein,2964,SH,real,True,15.11.2024,2705885,1280484
100958343,10090056,1616523,Hohrainstrasse,27,8260 Stein am Rhein,2964,SH,real,True,15.11.2024,2705925,1280459
100958344,10090056,1616524,Hohrainstrasse,23,8260 Stein am Rhein,2964,SH,real,True,15.11.2024,2705949,1280431
100958345,10090056,1616525,Hohrainstrasse,21,8260 Stein am Rhein,2964,SH,real,True,15.11.2024,2705959,1280423
100958346,10090056,1616528,Hohrainstrasse,13,8260 Stein am Rhein,2964,SH,real,True,15.11.2024,2706021,1280393
100958347,10090056,1616529,Hohrainstrasse,11,8260 Stein am Rhein,2964,SH,real,True,15.11.2024,2706031,1280387
100958348,10090056,1616530,Hohrainstrasse,9,8260 Stein am Rhein,2964,SH,real,True,15.11.2024,2706043,1280383
100958349,10190665,1616533,Stammerstrasse,1,8260 Stein am Rhein,2964,SH,real,True,15.11.2024,2706067,1280330
100958350,10190665,1616535,Stammerstrasse,7,8260 Stein am Rhein,2964,SH,real,True,15.11.2024,2706001,1280356
100958351,10190665,1616536,Stammerstrasse,9,8260 Stein am Rhein,2964,SH,real,True,15.11.2024,2705980,1280366
100958352,10190665,1616538,Stammerstrasse,13,8260 Stein am Rhein,2964,SH,real,True,15.11.2024,2705932,1280391
100958353,10190665,1616539,Stammerstrasse,15,8260 Stein am Rhein,2964,SH,real,True,15.11.2024,2705911,1280403
100958354,10190665,1616540,Stammerstrasse,16,8260 Stein am Rhein,2964,SH,real,True,15.11.2024,2705905,1280433
100958356,10031929,1616545,Niderfeldstrasse,20,8260 Stein am Rhein,2964,SH,real,True,15.11.2024,2705885,1280376
100958357,10031929,1616546,Niderfeldstrasse,17,8260 Stein am Rhein,2964,SH,real,True,15.11.2024,2705933,1280327
100958358,10031929,1616547,Niderfeldstrasse,15,8260 Stein am Rhein,2964,SH,real,True,15.11.2024,2705953,1280315
100958359,10031929,1616548,Niderfeldstrasse,10,8260 Stein am Rhein,2964,SH,real,True,15.11.2024,2706002,1280323
100958360,10031929,1616549,Niderfeldstrasse,8,8260 Stein am Rhein,2964,SH,real,True,15.11.2024,2706025,1280314
100958361,10031924,1616551,Hoppihohstrasse,3,8260 Stein am Rhein,2964,SH,real,True,15.11.2024,2706049,1280276
100958362,10031923,1616553,Hemishoferstrasse,74,8260 Stein am Rhein,2964,SH,real,True,15.11.2024,2705989,1280279
100958363,10190665,1616554,Stammerstrasse,5,8260 Stein am Rhein,2964,SH,real,True,15.11.2024,2706022,1280345
100958364,10031929,1616556,Niderfeldstrasse,13,8260 Stein am Rhein,2964,SH,real,True,15.11.2024,2705968,1280314
100958365,10031923,1616559,Hemishoferstrasse,81,8260 Stein am Rhein,2964,SH,real,True,15.11.2024,2705888,1280318
100958366,10031925,1616560,Hoseweg,1,8260 Stein am Rhein,2964,SH,real,True,15.11.2024,2705912,1280274
100958367,10031925,1616561,Hoseweg,5,8260 Stein am Rhein,2964,SH,real,True,15.11.2024,2705870,1280297
100958368,10073075,1614351,Ungarbühlstrasse,73,8200 Schaffhausen,2939,SH,real,True,15.11.2024,2690310,1284397
100958369,10073075,1614352,Ungarbühlstrasse,75,8200 Schaffhausen,2939,SH,real,True,15.11.2024,2690324,1284400
100958370,10073075,1614353,Ungarbühlstrasse,77,8200 Schaffhausen,2939,SH,real,True,15.11.2024,2690340,1284399
100958371,10086494,1614354,Hohenstoffelstrasse,20,8200 Schaffhausen,2939,SH,real,True,15.11.2024,2690348,1284469
100958372,10086494,1614355,Hohenstoffelstrasse,22,8200 Schaffhausen,2939,SH,real,True,15.11.2024,2690363,1284472
100958373,10086494,1614356,Hohenstoffelstrasse,24,8200 Schaffhausen,2939,SH,real,True,15.11.2024,2690351,1284440
100958374,10086494,1614357,Hohenstoffelstrasse,26,8200 Schaffhausen,2939,SH,real,True,15.11.2024,2690367,1284442
100958375,10086494,1614358,Hohenstoffelstrasse,28,8200 Schaffhausen,2939,SH,real,True,15.11.2024,2690389,1284447
100958463,10031920,1616572,Erlenhof,1,8260 Stein am Rhein,2964,SH,real,True,15.11.2024,2707324,1280661
100958464,10073091,1616573,Hohenklingenstrasse,1,8260 Stein am Rhein,2964,SH,real,True,15.11.2024,2706615,1280554
100958465,10125668,1616574,Im Randen,1,8260 Stein am Rhein,2964,SH,real,True,15.11.2024,2705525,1280902
100958466,10117741,1616575,Oehningerstrasse,21,8260 Stein am Rhein,2964,SH,real,True,15.11.2024,2707260,1279719
100958467,10087231,1616576,Charregass,5,8260 Stein am Rhein,2964,SH,real,True,15.11.2024,2706653,1279486
100959638,10118144,1610531,Hintersteig,21,8200 Schaffhausen,2939,SH,real,True,15.11.2024,2689510,1283735
100959639,10118144,1610532,Hintersteig,23,8200 Schaffhausen,2939,SH,real,True,15.11.2024,2689510,1283732
100959640,10085755,1610534,Vordersteig,2,8200 Schaffhausen,2939,SH,real,True,15.11.2024,2689500,1283585
100959641,10085755,1610536,Vordersteig,6,8200 Schaffhausen,2939,SH,real,True,15.11.2024,2689483,1283589
100959642,10085755,1610537,Vordersteig,8,8200 Schaffhausen,2939,SH,real,True,15.11.2024,2689480,1283590
100959643,10085755,1610538,Vordersteig,8a,8200 Schaffhausen,2939,SH,real,True,15.11.2024,2689483,1283603
100959644,10118144,1610539,Hintersteig,12a,8200 Schaffhausen,2939,SH,real,True,15.11.2024,2689421,1283827
100959645,10118144,1610540,Hintersteig,14,8200 Schaffhausen,2939,SH,real,True,15.11.2024,2689376,1283834
100959647,10046614,1610542,Durachweg,7,8200 Schaffhausen,2939,SH,real,True,15.11.2024,2689639,1283971
100959652,10025687,1610547,Spitalstrasse,27,8200 Schaffhausen,2939,SH,real,True,15.11.2024,2689674,1283931
100959653,10018642,1610548,Grabenstrasse,15,8200 Schaffhausen,2939,SH,real,True,15.11.2024,2689547,1283370
100959654,10018642,1610549,Grabenstrasse,11,8200 Schaffhausen,2939,SH,real,True,15.11.2024,2689536,1283345
100959655,10018642,1610551,Grabenstrasse,7,8200 Schaffhausen,2939,SH,real,True,15.11.2024,2689512,1283311
100959656,10018642,1610552,Grabenstrasse,5a,8200 Schaffhausen,2939,SH,real,True,15.11.2024,2689535,1283296
100959657,10018642,1610553,Grabenstrasse,1,8200 Schaffhausen,2939,SH,real,True,15.11.2024,2689552,1283270
100959668,10018673,1610565,Kreuzgasse,3,8200 Schaffhausen,2939,SH,real,True,15.11.2024,2689008,1283173
100959669,10085724,1610566,Mühlenstrasse,92,8200 Schaffhausen,2939,SH,real,True,15.11.2024,2688987,1283180
100959670,10085724,1610567,Mühlenstrasse,74,8200 Schaffhausen,2939,SH,real,True,15.11.2024,2689105,1283167
100959671,10179731,1610568,Steinbruchgässchen,3,8200 Schaffhausen,2939,SH,real,True,15.11.2024,2689159,1283194
100959672,10179731,1610569,Steinbruchgässchen,13,8200 Schaffhausen,2939,SH,real,True,15.11.2024,2689136,1283211
100959673,10179731,1610570,Steinbruchgässchen,15,8200 Schaffhausen,2939,SH,real,True,15.11.2024,2689120,1283222
100959674,10085724,1610571,Mühlenstrasse,87,8200 Schaffhausen,2939,SH,real,True,15.11.2024,2689035,1283110
100959675,10019273,1610572,Bachstieg,4,8200 Schaffhausen,2939,SH,real,True,15.11.2024,2690060,1283694
100959676,10019273,1610573,Bachstieg,6,8200 Schaffhausen,2939,SH,real,True,15.11.2024,2690064,1283685
100959677,10019273,1610574,Bachstieg,8,8200 Schaffhausen,2939,SH,real,True,15.11.2024,2690075,1283701
100959678,10019273,1610576,Bachstieg,11,8200 Schaffhausen,2939,SH,real,True,15.11.2024,2690062,1283728
100959679,10019273,1610577,Bachstieg,13,8200 Schaffhausen,2939,SH,real,True,15.11.2024,2690043,1283750
100959680,10019273,1610578,Bachstieg,15,8200 Schaffhausen,2939,SH,real,True,15.11.2024,2690064,1283757
100959681,10086470,1610579,Bachstrasse,34,8200 Schaffhausen,2939,SH,real,True,15.11.2024,2690036,1283644
100959682,10086470,1610580,Bachstrasse,40,8200 Schaffhausen,2939,SH,real,True,15.11.2024,2690020,1283692
100959684,10086470,1610580,Bachstrasse,44,8200 Schaffhausen,2939,SH,real,True,15.11.2024,2690018,1283700
100959685,10086470,1610581,Bachstrasse,46,8200 Schaffhausen,2939,SH,real,True,15.11.2024,2690012,1283714
100959686,10086470,1610582,Bachstrasse,48,8200 Schaffhausen,2939,SH,real,True,15.11.2024,2690005,1283726
100959687,10085729,1610586,Pfarrweg,6,8200 Schaffhausen,2939,SH,real,True,15.11.2024,2690029,1283772
100959688,10019778,1610587,Munotstrasse,21,8200 Schaffhausen,2939,SH,real,True,15.11.2024,2690121,1283713
100959689,10019778,1610588,Munotstrasse,19,8200 Schaffhausen,2939,SH,real,True,15.11.2024,2690102,1283701
100959690,10019778,1610590,Munotstrasse,25,8200 Schaffhausen,2939,SH,real,True,15.11.2024,2690097,1283752
100959691,10019778,1610591,Munotstrasse,31,8200 Schaffhausen,2939,SH,real,True,15.11.2024,2690077,1283793
100959692,10086470,1610592,Bachstrasse,8,8200 Schaffhausen,2939,SH,real,True,15.11.2024,2690068,1283509
100959693,10086470,1610593,Bachstrasse,10,8200 Schaffhausen,2939,SH,real,True,15.11.2024,2690061,1283516
100959694,10086470,1610593,Bachstrasse,12,8200 Schaffhausen,2939,SH,real,True,15.11.2024,2690059,1283518
100959695,10086470,1610594,Bachstrasse,14,8200 Schaffhausen,2939,SH,real,True,15.11.2024,2690051,1283527
100959696,10086470,1610596,Bachstrasse,20,8200 Schaffhausen,2939,SH,real,True,15.11.2024,2690038,1283542
100959697,10086470,1610597,Bachstrasse,18,8200 Schaffhausen,2939,SH,real,True,15.11.2024,2690040,1283535
100959698,10086470,1610598,Bachstrasse,22,8200 Schaffhausen,2939,SH,real,True,15.11.2024,2690037,1283548
100959699,10086470,1610601,Bachstrasse,30,8200 Schaffhausen,2939,SH,real,True,15.11.2024,2690030,1283593
100959700,10025705,1610602,Unterstadt,34,8200 Schaffhausen,2939,SH,real,True,15.11.2024,2690099,1283497
100959701,10179722,1610602,Munotstieg,1,8200 Schaffhausen,2939,SH,real,True,15.11.2024,2690109,1283512
100959703,10179722,1610605,Munotstieg,17,8200 Schaffhausen,2939,SH,real,True,15.11.2024,2690166,1283582
100959704,10025705,1610606,Unterstadt,36,8200 Schaffhausen,2939,SH,real,True,15.11.2024,2690094,1283498
100959705,10025705,1610607,Unterstadt,38,8200 Schaffhausen,2939,SH,real,True,15.11.2024,2690091,1283499
100959707,10025705,1610609,Unterstadt,42,8200 Schaffhausen,2939,SH,real,True,15.11.2024,2690080,1283502
100959708,10018632,1610611,Freier Platz,5,8200 Schaffhausen,2939,SH,real,True,15.11.2024,2690210,1283486
100959709,10018632,1610612,Freier Platz,6,8200 Schaffhausen,2939,SH,real,True,15.11.2024,2690222,1283484
100959710,10179722,1610614,Munotstieg,2,8200 Schaffhausen,2939,SH,real,True,15.11.2024,2690118,1283508
100959711,10025705,1610614,Unterstadt,32,8200 Schaffhausen,2939,SH,real,True,15.11.2024,2690117,1283496
100959712,10179722,1610615,Munotstieg,4,8200 Schaffhausen,2939,SH,real,True,15.11.2024,2690116,1283514
100959713,10073062,1610617,Römerstieg,11,8200 Schaffhausen,2939,SH,real,True,15.11.2024,2690212,1283552
100959714,10025705,1610618,Unterstadt,2,8200 Schaffhausen,2939,SH,real,True,15.11.2024,2690205,1283487
100959715,10025705,1610619,Unterstadt,6,8200 Schaffhausen,2939,SH,real,True,15.11.2024,2690189,1283489
100959716,10025705,1610620,Unterstadt,8,8200 Schaffhausen,2939,SH,real,True,15.11.2024,2690184,1283489
100959717,10025705,1610621,Unterstadt,10,8200 Schaffhausen,2939,SH,real,True,15.11.2024,2690177,1283489
100959718,10025705,1610622,Unterstadt,12,8200 Schaffhausen,2939,SH,real,True,15.11.2024,2690171,1283489
100959719,10025705,1610623,Unterstadt,14,8200 Schaffhausen,2939,SH,real,True,15.11.2024,2690164,1283489
100959720,10025705,1610624,Unterstadt,16,8200 Schaffhausen,2939,SH,real,True,15.11.2024,2690158,1283490
100959721,10025705,1610625,Unterstadt,18,8200 Schaffhausen,2939,SH,real,True,15.11.2024,2690155,1283490
100959722,10025705,1610625,Unterstadt,20,8200 Schaffhausen,2939,SH,real,True,15.11.2024,2690148,1283490
100959723,10025705,1610626,Unterstadt,22,8200 Schaffhausen,2939,SH,real,True,15.11.2024,2690141,1283491
100959724,10025705,1610629,Unterstadt,28,8200 Schaffhausen,2939,SH,real,True,15.11.2024,2690123,1283494
100959725,10086470,1610630,Bachstrasse,6,8200 Schaffhausen,2939,SH,real,True,15.11.2024,2690048,1283482
100959726,10025705,1610630,Unterstadt,43,8200 Schaffhausen,2939,SH,real,True,15.11.2024,2690054,1283493
100959727,10019777,1610631,Moserstrasse,28,8200 Schaffhausen,2939,SH,real,True,15.11.2024,2690094,1283445
100959729,10179733,1610633,Untergries,3,8200 Schaffhausen,2939,SH,real,True,15.11.2024,2690069,1283476
100959730,10179733,1610633,Untergries,5,8200 Schaffhausen,2939,SH,real,True,15.11.2024,2690071,1283485
100959731,10179733,1610634,Untergries,4,8200 Schaffhausen,2939,SH,real,True,15.11.2024,2690073,1283471
100959732,10019777,1610634,Moserstrasse,36,8200 Schaffhausen,2939,SH,real,True,15.11.2024,2690070,1283457
100959733,10179733,1610635,Untergries,6,8200 Schaffhausen,2939,SH,real,True,15.11.2024,2690081,1283465
100959734,10019777,1610635,Moserstrasse,34,8200 Schaffhausen,2939,SH,real,True,15.11.2024,2690075,1283455
100959735,10179733,1610636,Untergries,8,8200 Schaffhausen,2939,SH,real,True,15.11.2024,2690085,1283462
100959736,10019777,1610636,Moserstrasse,32,8200 Schaffhausen,2939,SH,real,True,15.11.2024,2690080,1283452
100959737,10179733,1610637,Untergries,10,8200 Schaffhausen,2939,SH,real,True,15.11.2024,2690085,1283472
100959738,10120426,1612396,Klingenstrasse,3,8200 Schaffhausen,2939,SH,real,True,15.11.2024,2689651,1284951
100959739,10120426,1612397,Klingenstrasse,4,8200 Schaffhausen,2939,SH,real,True,15.11.2024,2689640,1284872
100959740,10120426,1612398,Klingenstrasse,6,8200 Schaffhausen,2939,SH,real,True,15.11.2024,2689659,1284863
100959741,10120426,1612399,Klingenstrasse,8,8200 Schaffhausen,2939,SH,real,True,15.11.2024,2689640,1284843
100959742,10120426,1612400,Klingenstrasse,14,8200 Schaffhausen,2939,SH,real,True,15.11.2024,2689677,1284845
100959743,10086486,1612401,Geissbergstrasse,19,8200 Schaffhausen,2939,SH,real,True,15.11.2024,2689664,1284821
100959744,10086486,1612402,Geissbergstrasse,15,8200 Schaffhausen,2939,SH,real,True,15.11.2024,2689649,1284800
100959745,10086486,1612403,Geissbergstrasse,11,8200 Schaffhausen,2939,SH,real,True,15.11.2024,2689635,1284782
100959746,10179734,1612404,Weinsteig,154,8200 Schaffhausen,2939,SH,real,True,15.11.2024,2689593,1284750
100959747,10179734,1612405,Weinsteig,160,8200 Schaffhausen,2939,SH,real,True,15.11.2024,2689593,1284794
100959748,10179734,1612408,Weinsteig,188,8200 Schaffhausen,2939,SH,real,True,15.11.2024,2689606,1284940
100959749,10179734,1612409,Weinsteig,190,8200 Schaffhausen,2939,SH,real,True,15.11.2024,2689612,1284970
100959750,10179734,1612410,Weinsteig,190a,8200 Schaffhausen,2939,SH,real,True,15.11.2024,2689621,1284961
100959751,10179734,1612412,Weinsteig,194,8200 Schaffhausen,2939,SH,real,True,15.11.2024,2689624,1285022
100959752,10179734,1612413,Weinsteig,196,8200 Schaffhausen,2939,SH,real,True,15.11.2024,2689622,1285043
100959760,10117545,1612423,Finsterwaldstrasse,23,8200 Schaffhausen,2939,SH,real,True,15.11.2024,2689756,1284588
100959761,10117545,1612424,Finsterwaldstrasse,25,8200 Schaffhausen,2939,SH,real,True,15.11.2024,2689774,1284593
100959762,10117545,1612425,Finsterwaldstrasse,27,8200 Schaffhausen,2939,SH,real,True,15.11.2024,2689786,1284601
100959763,10117545,1612426,Finsterwaldstrasse,29,8200 Schaffhausen,2939,SH,real,True,15.11.2024,2689808,1284621
100959764,10085757,1612427,Wiesenweg,8,8200 Schaffhausen,2939,SH,real,True,15.11.2024,2689687,1284591
100959765,10085757,1612428,Wiesenweg,12,8200 Schaffhausen,2939,SH,real,True,15.11.2024,2689696,1284612
100959766,10085757,1612430,Wiesenweg,18,8200 Schaffhausen,2939,SH,real,True,15.11.2024,2689736,1284625
100959767,10085757,1612432,Wiesenweg,22,8200 Schaffhausen,2939,SH,real,True,15.11.2024,2689778,1284640
100959768,10085757,1612433,Wiesenweg,24,8200 Schaffhausen,2939,SH,real,True,15.11.2024,2689806,1284647
100959770,10085757,1612437,Wiesenweg,9,8200 Schaffhausen,2939,SH,real,True,15.11.2024,2689671,1284592
100959771,10085757,1612440,Wiesenweg,15,8200 Schaffhausen,2939,SH,real,True,15.11.2024,2689686,1284618
100959772,10085757,1612441,Wiesenweg,19,8200 Schaffhausen,2939,SH,real,True,15.11.2024,2689715,1284646
100959773,10085757,1612442,Wiesenweg,23,8200 Schaffhausen,2939,SH,real,True,15.11.2024,2689746,1284656
100959774,10085757,1612443,Wiesenweg,27,8200 Schaffhausen,2939,SH,real,True,15.11.2024,2689765,1284651
100959776,10117545,1612445,Finsterwaldstrasse,35,8200 Schaffhausen,2939,SH,real,True,15.11.2024,2689810,1284703
100959777,10085757,1612446,Wiesenweg,33,8200 Schaffhausen,2939,SH,real,True,15.11.2024,2689797,1284666
100959778,10113199,1612447,Mattenweg,6,8200 Schaffhausen,2939,SH,real,True,15.11.2024,2689789,1284691
100959779,10156881,1612449,Geisshofweg,12a,8200 Schaffhausen,2939,SH,real,True,15.11.2024,2689756,1284757
100959780,10018631,1612450,Forstweg,19,8200 Schaffhausen,2939,SH,real,True,15.11.2024,2689773,1284783
100959781,10018631,1612451,Forstweg,17,8200 Schaffhausen,2939,SH,real,True,15.11.2024,2689792,1284817
100959782,10018631,1612453,Forstweg,13,8200 Schaffhausen,2939,SH,real,True,15.11.2024,2689805,1284841
100959783,10018631,1612454,Forstweg,11,8200 Schaffhausen,2939,SH,real,True,15.11.2024,2689809,1284847
100959784,10073077,1612455,Waldstrasse,2,8200 Schaffhausen,2939,SH,real,True,15.11.2024,2689767,1284881
100959785,10073077,1612456,Waldstrasse,4,8200 Schaffhausen,2939,SH,real,True,15.11.2024,2689773,1284877
100959786,10073077,1612457,Waldstrasse,6,8200 Schaffhausen,2939,SH,real,True,15.11.2024,2689789,1284863
100959787,10073077,1612458,Waldstrasse,8,8200 Schaffhausen,2939,SH,real,True,15.11.2024,2689794,1284859
100959788,10086486,1612460,Geissbergstrasse,32,8200 Schaffhausen,2939,SH,real,True,15.11.2024,2689825,1284929
100959789,10086486,1612462,Geissbergstrasse,36,8200 Schaffhausen,2939,SH,real,True,15.11.2024,2689876,1284992
100959790,10073077,1612463,Waldstrasse,10,8200 Schaffhausen,2939,SH,real,True,15.11.2024,2689832,1284875
100959791,10073077,1612464,Waldstrasse,12,8200 Schaffhausen,2939,SH,real,True,15.11.2024,2689857,1284866
100959792,10073077,1612465,Waldstrasse,14,8200 Schaffhausen,2939,SH,real,True,15.11.2024,2689868,1284880
100959793,10019787,1612467,Pilgerweg,1,8200 Schaffhausen,2939,SH,real,True,15.11.2024,2689867,1284837
100959794,10019787,1612469,Pilgerweg,11,8200 Schaffhausen,2939,SH,real,True,15.11.2024,2689883,1284863
100959795,10019787,1612470,Pilgerweg,13,8200 Schaffhausen,2939,SH,real,True,15.11.2024,2689886,1284892
100959796,10117545,1612473,Finsterwaldstrasse,91,8200 Schaffhausen,2939,SH,real,True,15.11.2024,2689906,1284862
100959797,10117545,1612474,Finsterwaldstrasse,93,8200 Schaffhausen,2939,SH,real,True,15.11.2024,2689924,1284871
100959798,10117545,1612475,Finsterwaldstrasse,95,8200 Schaffhausen,2939,SH,real,True,15.11.2024,2689931,1284879
100959799,10018654,1612478,Hochstrasse,77,8200 Schaffhausen,2939,SH,real,True,15.11.2024,2689880,1284551
100959800,10018654,1612479,Hochstrasse,79,8200 Schaffhausen,2939,SH,real,True,15.11.2024,2689886,1284570
100959801,10018654,1612480,Hochstrasse,81,8200 Schaffhausen,2939,SH,real,True,15.11.2024,2689895,1284589
100959802,10073032,1612482,Felsgutstieg,15,8200 Schaffhausen,2939,SH,real,True,15.11.2024,2689841,1284601
100959803,10073032,1612483,Felsgutstieg,17,8200 Schaffhausen,2939,SH,real,True,15.11.2024,2689825,1284605
100959804,10117545,1612484,Finsterwaldstrasse,26,8200 Schaffhausen,2939,SH,real,True,15.11.2024,2689792,1284577
100959805,10117545,1612485,Finsterwaldstrasse,28,8200 Schaffhausen,2939,SH,real,True,15.11.2024,2689805,1284586
100959806,10117545,1612486,Finsterwaldstrasse,30,8200 Schaffhausen,2939,SH,real,True,15.11.2024,2689824,1284582
100959807,10018659,1612487,Hornbergstrasse,3,8200 Schaffhausen,2939,SH,real,True,15.11.2024,2689790,1284563
100959808,10018659,1612488,Hornbergstrasse,5,8200 Schaffhausen,2939,SH,real,True,15.11.2024,2689811,1284559
100959810,10073032,1612490,Felsgutstieg,4,8200 Schaffhausen,2939,SH,real,True,15.11.2024,2689887,1284641
100959811,10046630,1612492,Rothüsliweg,5,8200 Schaffhausen,2939,SH,real,True,15.11.2024,2689898,1284694
100959812,10046630,1612493,Rothüsliweg,7,8200 Schaffhausen,2939,SH,real,True,15.11.2024,2689892,1284677
100959813,10073032,1612495,Felsgutstieg,16,8200 Schaffhausen,2939,SH,real,True,15.11.2024,2689849,1284623
100959814,10073032,1612496,Felsgutstieg,18,8200 Schaffhausen,2939,SH,real,True,15.11.2024,2689831,1284618
100959815,10117545,1612497,Finsterwaldstrasse,42,8200 Schaffhausen,2939,SH,real,True,15.11.2024,2689829,1284647
100959816,10117545,1612498,Finsterwaldstrasse,44,8200 Schaffhausen,2939,SH,real,True,15.11.2024,2689829,1284674
100959817,10046630,1612499,Rothüsliweg,9,8200 Schaffhausen,2939,SH,real,True,15.11.2024,2689860,1284708
100959818,10046630,1612500,Rothüsliweg,11,8200 Schaffhausen,2939,SH,real,True,15.11.2024,2689849,1284709
100959819,10046630,1612501,Rothüsliweg,15,8200 Schaffhausen,2939,SH,real,True,15.11.2024,2689854,1284737
100959820,10046630,1612502,Rothüsliweg,17,8200 Schaffhausen,2939,SH,real,True,15.11.2024,2689860,1284752
100959821,10046630,1612503,Rothüsliweg,19,8200 Schaffhausen,2939,SH,real,True,15.11.2024,2689872,1284770
100959822,10046630,1612504,Rothüsliweg,21,8200 Schaffhausen,2939,SH,real,True,15.11.2024,2689878,1284785
100959823,10018654,1612506,Hochstrasse,119,8200 Schaffhausen,2939,SH,real,True,15.11.2024,2689962,1284756
100959824,10018654,1612507,Hochstrasse,109,8200 Schaffhausen,2939,SH,real,True,15.11.2024,2689942,1284708
100959825,10046630,1612508,Rothüsliweg,12,8200 Schaffhausen,2939,SH,real,True,15.11.2024,2689891,1284748
100959827,10117545,1612511,Finsterwaldstrasse,90,8200 Schaffhausen,2939,SH,real,True,15.11.2024,2689916,1284840
100959829,10073075,1614337,Ungarbühlstrasse,29,8200 Schaffhausen,2939,SH,real,True,15.11.2024,2690187,1284346
100959830,10073075,1614338,Ungarbühlstrasse,27,8200 Schaffhausen,2939,SH,real,True,15.11.2024,2690202,1284374
100959831,10073075,1614339,Ungarbühlstrasse,25,8200 Schaffhausen,2939,SH,real,True,15.11.2024,2690215,1284401
100959832,10113196,1614341,Grubenstieg,23,8200 Schaffhausen,2939,SH,real,True,15.11.2024,2690260,1284426
100959833,10113196,1614342,Grubenstieg,21,8200 Schaffhausen,2939,SH,real,True,15.11.2024,2690272,1284400
100959834,10113196,1614344,Grubenstieg,22,8200 Schaffhausen,2939,SH,real,True,15.11.2024,2690317,1284425
100959835,10086494,1614345,Hohenstoffelstrasse,2,8200 Schaffhausen,2939,SH,real,True,15.11.2024,2690262,1284456
100959836,10086494,1614348,Hohenstoffelstrasse,14,8200 Schaffhausen,2939,SH,real,True,15.11.2024,2690323,1284466
100959837,10086494,1614349,Hohenstoffelstrasse,18,8200 Schaffhausen,2939,SH,real,True,15.11.2024,2690331,1284466
100959838,10073075,1614350,Ungarbühlstrasse,71,8200 Schaffhausen,2939,SH,real,True,15.11.2024,2690296,1284389
100959839,10073062,1610670,Römerstieg,2a,8200 Schaffhausen,2939,SH,real,True,15.11.2024,2690305,1283516
100959840,10073062,1610671,Römerstieg,4,8200 Schaffhausen,2939,SH,real,True,15.11.2024,2690302,1283542
100959841,10073062,1610673,Römerstieg,12,8200 Schaffhausen,2939,SH,real,True,15.11.2024,2690275,1283560
100959842,10073062,1610674,Römerstieg,20,8200 Schaffhausen,2939,SH,real,True,15.11.2024,2690260,1283579
100959843,10086475,1610675,Buchthalerstrasse,3,8200 Schaffhausen,2939,SH,real,True,15.11.2024,2690491,1283494
100959844,10086494,1614359,Hohenstoffelstrasse,30,8200 Schaffhausen,2939,SH,real,True,15.11.2024,2690386,1284474
100959845,10086494,1614360,Hohenstoffelstrasse,34,8200 Schaffhausen,2939,SH,real,True,15.11.2024,2690404,1284475
100959846,10086494,1614361,Hohenstoffelstrasse,32,8200 Schaffhausen,2939,SH,real,True,15.11.2024,2690416,1284450
100959847,10086494,1614363,Hohenstoffelstrasse,38,8200 Schaffhausen,2939,SH,real,True,15.11.2024,2690439,1284468
100959848,10113202,1614366,Schlösslistieg,3,8200 Schaffhausen,2939,SH,real,True,15.11.2024,2690436,1284400
100959849,10113202,1614368,Schlösslistieg,7,8200 Schaffhausen,2939,SH,real,True,15.11.2024,2690447,1284400
100959850,10113202,1614371,Schlösslistieg,13,8200 Schaffhausen,2939,SH,real,True,15.11.2024,2690445,1284421
100959851,10113202,1614373,Schlösslistieg,17,8200 Schaffhausen,2939,SH,real,True,15.11.2024,2690456,1284421
100959852,10113202,1614374,Schlösslistieg,19,8200 Schaffhausen,2939,SH,real,True,15.11.2024,2690460,1284438
100959853,10113202,1614375,Schlösslistieg,23,8200 Schaffhausen,2939,SH,real,True,15.11.2024,2690442,1284439
100959854,10113202,1614376,Schlösslistieg,27,8200 Schaffhausen,2939,SH,real,True,15.11.2024,2690469,1284456
100959855,10073075,1614377,Ungarbühlstrasse,81,8200 Schaffhausen,2939,SH,real,True,15.11.2024,2690350,1284412
100959856,10073075,1614378,Ungarbühlstrasse,83,8200 Schaffhausen,2939,SH,real,True,15.11.2024,2690354,1284389
100959857,10073075,1614379,Ungarbühlstrasse,85,8200 Schaffhausen,2939,SH,real,True,15.11.2024,2690367,1284415
100959859,10073075,1614381,Ungarbühlstrasse,91,8200 Schaffhausen,2939,SH,real,True,15.11.2024,2690401,1284418
100959860,10086494,1614384,Hohenstoffelstrasse,17,8200 Schaffhausen,2939,SH,real,True,15.11.2024,2690343,1284487
100959861,10086494,1614385,Hohenstoffelstrasse,19,8200 Schaffhausen,2939,SH,real,True,15.11.2024,2690364,1284490
100959862,10086494,1614386,Hohenstoffelstrasse,21,8200 Schaffhausen,2939,SH,real,True,15.11.2024,2690381,1284494
100959863,10086494,1614387,Hohenstoffelstrasse,23,8200 Schaffhausen,2939,SH,real,True,15.11.2024,2690399,1284494
100959864,10086494,1614388,Hohenstoffelstrasse,25,8200 Schaffhausen,2939,SH,real,True,15.11.2024,2690418,1284496
100959865,10086494,1614389,Hohenstoffelstrasse,27,8200 Schaffhausen,2939,SH,real,True,15.11.2024,2690436,1284497
100959866,10086494,1614390,Hohenstoffelstrasse,29,8200 Schaffhausen,2939,SH,real,True,15.11.2024,2690436,1284503
100959867,10086494,1614392,Hohenstoffelstrasse,33,8200 Schaffhausen,2939,SH,real,True,15.11.2024,2690461,1284498
100959868,10086766,1614393,Klausweg,2,8200 Schaffhausen,2939,SH,real,True,15.11.2024,2690262,1284487
100959869,10086766,1614394,Klausweg,4,8200 Schaffhausen,2939,SH,real,True,15.11.2024,2690280,1284489
100959870,10086766,1614395,Klausweg,6,8200 Schaffhausen,2939,SH,real,True,15.11.2024,2690297,1284492
100959871,10086766,1614397,Klausweg,10,8200 Schaffhausen,2939,SH,real,True,15.11.2024,2690337,1284515
100959872,10086766,1614401,Klausweg,20,8200 Schaffhausen,2939,SH,real,True,15.11.2024,2690401,1284516
100959873,10086766,1614402,Klausweg,22,8200 Schaffhausen,2939,SH,real,True,15.11.2024,2690418,1284528
100959874,10086766,1614403,Klausweg,24,8200 Schaffhausen,2939,SH,real,True,15.11.2024,2690435,1284529
100959875,10086494,1614406,Hohenstoffelstrasse,48,8200 Schaffhausen,2939,SH,real,True,15.11.2024,2690557,1284462
100959876,10113202,1614407,Schlösslistieg,20,8200 Schaffhausen,2939,SH,real,True,15.11.2024,2690472,1284430
100959877,10113202,1614408,Schlösslistieg,22,8200 Schaffhausen,2939,SH,real,True,15.11.2024,2690483,1284435
100959878,10113202,1614409,Schlösslistieg,24,8200 Schaffhausen,2939,SH,real,True,15.11.2024,2690489,1284445
100959879,10019806,1614411,Schlössliweg,27,8200 Schaffhausen,2939,SH,real,True,15.11.2024,2690470,1284407
100959881,10019806,1614413,Schlössliweg,37,8200 Schaffhausen,2939,SH,real,True,15.11.2024,2690557,1284430
100959882,10019806,1614415,Schlössliweg,41,8200 Schaffhausen,2939,SH,real,True,15.11.2024,2690541,1284403
100959883,10019806,1614416,Schlössliweg,43,8200 Schaffhausen,2939,SH,real,True,15.11.2024,2690556,1284403
100959884,10018346,1614418,Fichtenstrasse,1,8200 Schaffhausen,2939,SH,real,True,15.11.2024,2690649,1284460
100959885,10018346,1614422,Fichtenstrasse,9,8200 Schaffhausen,2939,SH,real,True,15.11.2024,2690610,1284456
100959886,10073036,1614424,Föhrenstrasse,9,8200 Schaffhausen,2939,SH,real,True,15.11.2024,2690698,1284406
100959887,10073036,1614425,Föhrenstrasse,13,8200 Schaffhausen,2939,SH,real,True,15.11.2024,2690668,1284422
100959888,10073036,1614426,Föhrenstrasse,15,8200 Schaffhausen,2939,SH,real,True,15.11.2024,2690662,1284428
100959889,10103224,1614427,Niklausenstieg,4,8200 Schaffhausen,2939,SH,real,True,15.11.2024,2690655,1284379
100959890,10103224,1614428,Niklausenstieg,7,8200 Schaffhausen,2939,SH,real,True,15.11.2024,2690642,1284409
100959891,10103224,1614429,Niklausenstieg,9,8200 Schaffhausen,2939,SH,real,True,15.11.2024,2690605,1284419
100959892,10103224,1614430,Niklausenstieg,11,8200 Schaffhausen,2939,SH,real,True,15.11.2024,2690629,1284430
100959893,10019806,1614432,Schlössliweg,47,8200 Schaffhausen,2939,SH,real,True,15.11.2024,2690595,1284392
100959894,10019806,1614433,Schlössliweg,49,8200 Schaffhausen,2939,SH,real,True,15.11.2024,2690627,1284385
100959895,10025693,1614434,Stimmerstrasse,9,8200 Schaffhausen,2939,SH,real,True,15.11.2024,2690660,1284354
100959896,10025693,1614435,Stimmerstrasse,15,8200 Schaffhausen,2939,SH,real,True,15.11.2024,2690690,1284362
100959897,10025693,1614436,Stimmerstrasse,17,8200 Schaffhausen,2939,SH,real,True,15.11.2024,2690714,1284360
100959898,10025693,1614437,Stimmerstrasse,19,8200 Schaffhausen,2939,SH,real,True,15.11.2024,2690727,1284387
100959899,10025693,1614438,Stimmerstrasse,21,8200 Schaffhausen,2939,SH,real,True,15.11.2024,2690748,1284368
100959900,10086469,1614439,Arvenweg,2,8200 Schaffhausen,2939,SH,real,True,15.11.2024,2690478,1284500
100959901,10086469,1614440,Arvenweg,4,8200 Schaffhausen,2939,SH,real,True,15.11.2024,2690479,1284528
100959902,10086766,1614441,Klausweg,32,8200 Schaffhausen,2939,SH,real,True,15.11.2024,2690521,1284528
100959903,10086766,1614442,Klausweg,34,8200 Schaffhausen,2939,SH,real,True,15.11.2024,2690516,1284509
100959904,10086766,1614443,Klausweg,38,8200 Schaffhausen,2939,SH,real,True,15.11.2024,2690530,1284497
100959905,10086766,1614444,Klausweg,40,8200 Schaffhausen,2939,SH,real,True,15.11.2024,2690534,1284496
100959906,10086766,1614445,Klausweg,42,8200 Schaffhausen,2939,SH,real,True,15.11.2024,2690543,1284496
100959908,10086766,1614446,Klausweg,44,8200 Schaffhausen,2939,SH,real,True,15.11.2024,2690546,1284495
100959909,10086766,1614447,Klausweg,46,8200 Schaffhausen,2939,SH,real,True,15.11.2024,2690555,1284493
100959910,10086766,1614448,Klausweg,48,8200 Schaffhausen,2939,SH,real,True,15.11.2024,2690559,1284492
100959911,10086766,1614449,Klausweg,50,8200 Schaffhausen,2939,SH,real,True,15.11.2024,2690567,1284491
100959912,10086766,1614450,Klausweg,52,8200 Schaffhausen,2939,SH,real,True,15.11.2024,2690571,1284491
100959913,10086766,1614451,Klausweg,54,8200 Schaffhausen,2939,SH,real,True,15.11.2024,2690580,1284488
100959914,10086766,1614453,Klausweg,58,8200 Schaffhausen,2939,SH,real,True,15.11.2024,2690592,1284487
100959915,10031925,1616564,Hoseweg,10,8260 Stein am Rhein,2964,SH,real,True,15.11.2024,2705776,1280376
100959916,10031923,1616565,Hemishoferstrasse,87,8260 Stein am Rhein,2964,SH,real,True,15.11.2024,2705824,1280377
100959917,10090056,1616566,Hohrainstrasse,17,8260 Stein am Rhein,2964,SH,real,True,15.11.2024,2705982,1280416
100959918,10031925,1616567,Hoseweg,3,8260 Stein am Rhein,2964,SH,real,True,15.11.2024,2705887,1280289
100959919,10121178,1616568,Bleiki,1,8260 Stein am Rhein,2964,SH,real,True,15.11.2024,2707719,1280890
100959920,10053532,1616570,Faleberg,1,8260 Stein am Rhein,2964,SH,real,True,15.11.2024,2707459,1280837
100959921,10018639,1612543,Geisshaldenweg,25,8200 Schaffhausen,2939,SH,real,True,15.11.2024,2690040,1285012
100959922,10018640,1612545,Geissmattstrasse,3,8200 Schaffhausen,2939,SH,real,True,15.11.2024,2689936,1284998
100959923,10018640,1612546,Geissmattstrasse,5,8200 Schaffhausen,2939,SH,real,True,15.11.2024,2689942,1285003
100959924,10018640,1612547,Geissmattstrasse,7,8200 Schaffhausen,2939,SH,real,True,15.11.2024,2689953,1285015
100960009,10073036,1614474,Föhrenstrasse,2,8200 Schaffhausen,2939,SH,real,True,15.11.2024,2690782,1284384
100960010,10073036,1614475,Föhrenstrasse,4,8200 Schaffhausen,2939,SH,real,True,15.11.2024,2690775,1284401
100960011,10073036,1614476,Föhrenstrasse,6,8200 Schaffhausen,2939,SH,real,True,15.11.2024,2690739,1284411
100960012,10073036,1614477,Föhrenstrasse,8,8200 Schaffhausen,2939,SH,real,True,15.11.2024,2690708,1284419
100960013,10073036,1614478,Föhrenstrasse,10,8200 Schaffhausen,2939,SH,real,True,15.11.2024,2690692,1284430
100960014,10073036,1614481,Föhrenstrasse,20,8200 Schaffhausen,2939,SH,real,True,15.11.2024,2690695,1284461
100960015,10073036,1614482,Föhrenstrasse,22,8200 Schaffhausen,2939,SH,real,True,15.11.2024,2690700,1284459
100960016,10073036,1614483,Föhrenstrasse,24,8200 Schaffhausen,2939,SH,real,True,15.11.2024,2690715,1284452
100961277,10025705,1610637,Unterstadt,31,8200 Schaffhausen,2939,SH,real,True,15.11.2024,2690086,1283489
100961278,10025705,1610638,Unterstadt,27,8200 Schaffhausen,2939,SH,real,True,15.11.2024,2690098,1283489
100961280,10025705,1610640,Unterstadt,33,8200 Schaffhausen,2939,SH,real,True,15.11.2024,2690081,1283489
100961282,10179733,1610641,Untergries,12,8200 Schaffhausen,2939,SH,real,True,15.11.2024,2690073,1283474
100961283,10025705,1610641,Unterstadt,35,8200 Schaffhausen,2939,SH,real,True,15.11.2024,2690076,1283490
100961284,10025705,1610642,Unterstadt,39,8200 Schaffhausen,2939,SH,real,True,15.11.2024,2690064,1283492
100961285,10179712,1610644,Fischergässchen,13,8200 Schaffhausen,2939,SH,real,True,15.11.2024,2690118,1283460
100961286,10179712,1610645,Fischergässchen,15,8200 Schaffhausen,2939,SH,real,True,15.11.2024,2690117,1283468
100961287,10019777,1610646,Moserstrasse,22,8200 Schaffhausen,2939,SH,real,True,15.11.2024,2690104,1283440
100961288,10179712,1610647,Fischergässchen,14,8200 Schaffhausen,2939,SH,real,True,15.11.2024,2690121,1283473
100961289,10025705,1610647,Unterstadt,21,8200 Schaffhausen,2939,SH,real,True,15.11.2024,2690123,1283486
100961291,10019774,1610650,Läufergässchen,5,8200 Schaffhausen,2939,SH,real,True,15.11.2024,2690173,1283460
100961292,10019777,1610651,Moserstrasse,8,8200 Schaffhausen,2939,SH,real,True,15.11.2024,2690166,1283443
100961293,10019777,1610652,Moserstrasse,10,8200 Schaffhausen,2939,SH,real,True,15.11.2024,2690158,1283441
100961294,10025705,1610653,Unterstadt,15,8200 Schaffhausen,2939,SH,real,True,15.11.2024,2690146,1283483
100961295,10019777,1610654,Moserstrasse,18,8200 Schaffhausen,2939,SH,real,True,15.11.2024,2690125,1283435
100961297,10019774,1610656,Läufergässchen,3,8200 Schaffhausen,2939,SH,real,True,15.11.2024,2690162,1283458
100961298,10025705,1610656,Unterstadt,11,8200 Schaffhausen,2939,SH,real,True,15.11.2024,2690164,1283482
100961299,10025705,1610657,Unterstadt,13,8200 Schaffhausen,2939,SH,real,True,15.11.2024,2690159,1283482
100961300,10086481,1610663,Fischerhäuserstrasse,19,8200 Schaffhausen,2939,SH,real,True,15.11.2024,2690410,1283532
100961301,10086481,1610665,Fischerhäuserstrasse,25,8200 Schaffhausen,2939,SH,real,True,15.11.2024,2690447,1283494
100961302,10086481,1610666,Fischerhäuserstrasse,29,8200 Schaffhausen,2939,SH,real,True,15.11.2024,2690471,1283496
100961303,10110814,1610667,Hirschweg,24,8200 Schaffhausen,2939,SH,real,True,15.11.2024,2690247,1283612
100961304,10110814,1610668,Hirschweg,32,8200 Schaffhausen,2939,SH,real,True,15.11.2024,2690272,1283618
100961314,10086475,1610677,Buchthalerstrasse,9,8200 Schaffhausen,2939,SH,real,True,15.11.2024,2690509,1283523
100961315,10086475,1610678,Buchthalerstrasse,11,8200 Schaffhausen,2939,SH,real,True,15.11.2024,2690535,1283492
100961316,10086475,1610679,Buchthalerstrasse,17,8200 Schaffhausen,2939,SH,real,True,15.11.2024,2690534,1283519
100961317,10086475,1610680,Buchthalerstrasse,19,8200 Schaffhausen,2939,SH,real,True,15.11.2024,2690546,1283517
100961318,10086475,1610681,Buchthalerstrasse,29,8200 Schaffhausen,2939,SH,real,True,15.11.2024,2690621,1283505
100961319,10086765,1610682,Kegelgässchen,13,8200 Schaffhausen,2939,SH,real,True,15.11.2024,2690664,1283536
100961320,10086765,1610683,Kegelgässchen,15,8200 Schaffhausen,2939,SH,real,True,15.11.2024,2690656,1283537
100961323,10086481,1610687,Fischerhäuserstrasse,20,8200 Schaffhausen,2939,SH,real,True,15.11.2024,2690405,1283478
100961326,10019797,1610690,Rheinquai,12,8200 Schaffhausen,2939,SH,real,True,15.11.2024,2690419,1283435
100961327,10019797,1610691,Rheinquai,16,8200 Schaffhausen,2939,SH,real,True,15.11.2024,2690434,1283431
100961328,10086481,1610692,Fischerhäuserstrasse,44,8200 Schaffhausen,2939,SH,real,True,15.11.2024,2690477,1283435
100961329,10086481,1610695,Fischerhäuserstrasse,28,8200 Schaffhausen,2939,SH,real,True,15.11.2024,2690434,1283476
100961330,10086481,1610697,Fischerhäuserstrasse,24,8200 Schaffhausen,2939,SH,real,True,15.11.2024,2690420,1283477
100961331,10086475,1610699,Buchthalerstrasse,24,8200 Schaffhausen,2939,SH,real,True,15.11.2024,2690569,1283465
100961332,10086475,1610700,Buchthalerstrasse,26,8200 Schaffhausen,2939,SH,real,True,15.11.2024,2690601,1283464
100961334,10086481,1610702,Fischerhäuserstrasse,59,8200 Schaffhausen,2939,SH,real,True,15.11.2024,2690588,1283401
100961335,10086481,1610703,Fischerhäuserstrasse,53,8200 Schaffhausen,2939,SH,real,True,15.11.2024,2690556,1283416
100961336,10086481,1610706,Fischerhäuserstrasse,57,8200 Schaffhausen,2939,SH,real,True,15.11.2024,2690578,1283407
100961337,10086475,1610708,Buchthalerstrasse,50,8200 Schaffhausen,2939,SH,real,True,15.11.2024,2690800,1283377
100961338,10085735,1610709,Rosentalgässchen,15,8200 Schaffhausen,2939,SH,real,True,15.11.2024,2690832,1283346
100961339,10085735,1610710,Rosentalgässchen,17,8200 Schaffhausen,2939,SH,real,True,15.11.2024,2690823,1283359
100961340,10106951,1610711,Rheinhaldenstrasse,9,8200 Schaffhausen,2939,SH,real,True,15.11.2024,2690763,1283345
100961341,10106951,1610712,Rheinhaldenstrasse,10,8200 Schaffhausen,2939,SH,real,True,15.11.2024,2690787,1283331
100961342,10018345,1610714,Felsgasse,53,8200 Schaffhausen,2939,SH,real,True,15.11.2024,2691400,1283015
100961343,10025710,1610716,Windeggstieg,32,8203 Schaffhausen,2939,SH,real,True,15.11.2024,2691375,1283097
100961344,10025710,1610717,Windeggstieg,30,8203 Schaffhausen,2939,SH,real,True,15.11.2024,2691351,1283111
100961345,10025710,1610719,Windeggstieg,8,8203 Schaffhausen,2939,SH,real,True,15.11.2024,2691147,1283338
100961346,10018650,1610720,Heerenweg,1,8200 Schaffhausen,2939,SH,real,True,15.11.2024,2690959,1283343
100961347,10018650,1610721,Heerenweg,2,8200 Schaffhausen,2939,SH,real,True,15.11.2024,2690936,1283353
100961348,10018650,1610722,Heerenweg,5,8200 Schaffhausen,2939,SH,real,True,15.11.2024,2690992,1283302
100961349,10018650,1610724,Heerenweg,9,8200 Schaffhausen,2939,SH,real,True,15.11.2024,2691043,1283332
100961350,10018650,1610725,Heerenweg,11,8200 Schaffhausen,2939,SH,real,True,15.11.2024,2691084,1283316
100961351,10018681,1610727,Lindliweg,10,8200 Schaffhausen,2939,SH,real,True,15.11.2024,2691059,1283158
100961354,10018681,1610730,Lindliweg,15,8200 Schaffhausen,2939,SH,real,True,15.11.2024,2691069,1283198
100961356,10018681,1610733,Lindliweg,25,8200 Schaffhausen,2939,SH,real,True,15.11.2024,2691110,1283137
100961357,10106951,1610734,Rheinhaldenstrasse,16,8200 Schaffhausen,2939,SH,real,True,15.11.2024,2690818,1283285
100961358,10106951,1610736,Rheinhaldenstrasse,31,8200 Schaffhausen,2939,SH,real,True,15.11.2024,2690997,1283191
100961359,10106951,1610737,Rheinhaldenstrasse,32,8200 Schaffhausen,2939,SH,real,True,15.11.2024,2691013,1283181
100961360,10018345,1610739,Felsgasse,30,8200 Schaffhausen,2939,SH,real,True,15.11.2024,2691275,1282986
100961361,10018345,1610740,Felsgasse,32,8200 Schaffhausen,2939,SH,real,True,15.11.2024,2691319,1282979
100961362,10018345,1610741,Felsgasse,34,8200 Schaffhausen,2939,SH,real,True,15.11.2024,2691342,1282977
100961363,10018345,1610742,Felsgasse,36,8200 Schaffhausen,2939,SH,real,True,15.11.2024,2691373,1282976
100961364,10118362,1610743,Rebhangstrasse,2,8200 Schaffhausen,2939,SH,real,True,15.11.2024,2691406,1282955
100961365,10118362,1610744,Rebhangstrasse,6,8200 Schaffhausen,2939,SH,real,True,15.11.2024,2691401,1282921
100961366,10118362,1610745,Rebhangstrasse,10,8200 Schaffhausen,2939,SH,real,True,15.11.2024,2691397,1282885
100961367,10118362,1610746,Rebhangstrasse,12,8200 Schaffhausen,2939,SH,real,True,15.11.2024,2691398,1282879
100961368,10103226,1610748,Rheinbühlstrasse,7,8200 Schaffhausen,2939,SH,real,True,15.11.2024,2691312,1282954
100961369,10103226,1610749,Rheinbühlstrasse,9,8200 Schaffhausen,2939,SH,real,True,15.11.2024,2691335,1282945
100961370,10103226,1610750,Rheinbühlstrasse,11,8200 Schaffhausen,2939,SH,real,True,15.11.2024,2691350,1282934
100961371,10103226,1610751,Rheinbühlstrasse,15,8200 Schaffhausen,2939,SH,real,True,15.11.2024,2691371,1282916
100961372,10103226,1610752,Rheinbühlstrasse,21,8200 Schaffhausen,2939,SH,real,True,15.11.2024,2691377,1282900
100961373,10025699,1612513,Trottenweg,1,8200 Schaffhausen,2939,SH,real,True,15.11.2024,2690045,1284919
100961374,10025699,1612514,Trottenweg,3,8200 Schaffhausen,2939,SH,real,True,15.11.2024,2690025,1284930
100961375,10117545,1612517,Finsterwaldstrasse,103,8200 Schaffhausen,2939,SH,real,True,15.11.2024,2689982,1284898
100961376,10117545,1612518,Finsterwaldstrasse,105,8200 Schaffhausen,2939,SH,real,True,15.11.2024,2689989,1284893
100961377,10117545,1612519,Finsterwaldstrasse,107,8200 Schaffhausen,2939,SH,real,True,15.11.2024,2689999,1284878
100961378,10117545,1612520,Finsterwaldstrasse,109,8200 Schaffhausen,2939,SH,real,True,15.11.2024,2690007,1284871
100961379,10018654,1612521,Hochstrasse,145,8200 Schaffhausen,2939,SH,real,True,15.11.2024,2690033,1284908
100961380,10018639,1612522,Geisshaldenweg,12,8200 Schaffhausen,2939,SH,real,True,15.11.2024,2690037,1284980
100961381,10018639,1612523,Geisshaldenweg,14,8200 Schaffhausen,2939,SH,real,True,15.11.2024,2690049,1284997
100961382,10025699,1612527,Trottenweg,6,8200 Schaffhausen,2939,SH,real,True,15.11.2024,2690019,1284952
100961383,10018638,1612528,Geissbergstieg,5,8200 Schaffhausen,2939,SH,real,True,15.11.2024,2690034,1285045
100961384,10018639,1612531,Geisshaldenweg,1,8200 Schaffhausen,2939,SH,real,True,15.11.2024,2689958,1284911
100961385,10018639,1612532,Geisshaldenweg,3,8200 Schaffhausen,2939,SH,real,True,15.11.2024,2689963,1284917
100961386,10018639,1612533,Geisshaldenweg,5,8200 Schaffhausen,2939,SH,real,True,15.11.2024,2689968,1284922
100961387,10018639,1612535,Geisshaldenweg,9,8200 Schaffhausen,2939,SH,real,True,15.11.2024,2689983,1284937
100961388,10018639,1612536,Geisshaldenweg,11,8200 Schaffhausen,2939,SH,real,True,15.11.2024,2689993,1284947
100961389,10018639,1612537,Geisshaldenweg,13,8200 Schaffhausen,2939,SH,real,True,15.11.2024,2689998,1284952
100961390,10018639,1612538,Geisshaldenweg,15,8200 Schaffhausen,2939,SH,real,True,15.11.2024,2689986,1284980
100961391,10018639,1612539,Geisshaldenweg,17,8200 Schaffhausen,2939,SH,real,True,15.11.2024,2690001,1284970
100961399,10018640,1612548,Geissmattstrasse,8,8200 Schaffhausen,2939,SH,real,True,15.11.2024,2689963,1285006
100961400,10018640,1612550,Geissmattstrasse,10,8200 Schaffhausen,2939,SH,real,True,15.11.2024,2689979,1285023
100961401,10018640,1612552,Geissmattstrasse,12,8200 Schaffhausen,2939,SH,real,True,15.11.2024,2689991,1285041
100961402,10018647,1612554,Gütliweg,9,8200 Schaffhausen,2939,SH,real,True,15.11.2024,2690067,1285027
100961403,10019787,1612555,Pilgerweg,20,8200 Schaffhausen,2939,SH,real,True,15.11.2024,2689918,1284986
100961404,10018638,1612556,Geissbergstieg,12,8200 Schaffhausen,2939,SH,real,True,15.11.2024,2689998,1285093
100961406,10018638,1612558,Geissbergstieg,6,8200 Schaffhausen,2939,SH,real,True,15.11.2024,2690035,1285060
100961407,10018647,1612559,Gütliweg,11,8200 Schaffhausen,2939,SH,real,True,15.11.2024,2690076,1285041
100961408,10018638,1612560,Geissbergstieg,2,8200 Schaffhausen,2939,SH,real,True,15.11.2024,2690058,1285046
100961409,10018647,1612561,Gütliweg,13,8200 Schaffhausen,2939,SH,real,True,15.11.2024,2690081,1285049
100961411,10018647,1612563,Gütliweg,17,8200 Schaffhausen,2939,SH,real,True,15.11.2024,2690102,1285092
100961412,10018647,1612564,Gütliweg,19,8200 Schaffhausen,2939,SH,real,True,15.11.2024,2690116,1285121
100961413,10018647,1612566,Gütliweg,2,8200 Schaffhausen,2939,SH,real,True,15.11.2024,2690086,1285012
100961414,10018654,1612568,Hochstrasse,175,8200 Schaffhausen,2939,SH,real,True,15.11.2024,2690116,1285058
100961415,10018654,1612569,Hochstrasse,183,8200 Schaffhausen,2939,SH,real,True,15.11.2024,2690126,1285078
100961416,10018654,1612570,Hochstrasse,187,8200 Schaffhausen,2939,SH,real,True,15.11.2024,2690131,1285102
100961417,10018654,1612571,Hochstrasse,191,8200 Schaffhausen,2939,SH,real,True,15.11.2024,2690137,1285117
100961418,10055272,1612572,Grafenbuckhalde,4,8200 Schaffhausen,2939,SH,real,True,15.11.2024,2690049,1285104
100961419,10086486,1612573,Geissbergstrasse,78,8200 Schaffhausen,2939,SH,real,True,15.11.2024,2690001,1285122
100961420,10086486,1612574,Geissbergstrasse,80,8200 Schaffhausen,2939,SH,real,True,15.11.2024,2690012,1285146
100961421,10086486,1612576,Geissbergstrasse,84,8200 Schaffhausen,2939,SH,real,True,15.11.2024,2690027,1285180
100961422,10086486,1612579,Geissbergstrasse,150,8200 Schaffhausen,2939,SH,real,True,15.11.2024,2690316,1285646
100961423,10179714,1612580,Gemsgasse,11,8200 Schaffhausen,2939,SH,real,True,15.11.2024,2690314,1285586
100961424,10179714,1612581,Gemsgasse,9,8200 Schaffhausen,2939,SH,real,True,15.11.2024,2690287,1285571
100961425,10179714,1612582,Gemsgasse,5,8200 Schaffhausen,2939,SH,real,True,15.11.2024,2690295,1285536
100961426,10018654,1612583,Hochstrasse,138,8200 Schaffhausen,2939,SH,real,True,15.11.2024,2690039,1284872
100961427,10018654,1612584,Hochstrasse,140,8200 Schaffhausen,2939,SH,real,True,15.11.2024,2690058,1284902
100961428,10018654,1612585,Hochstrasse,142,8200 Schaffhausen,2939,SH,real,True,15.11.2024,2690069,1284920
100961429,10018672,1612586,Krebsbachstrasse,73,8200 Schaffhausen,2939,SH,real,True,15.11.2024,2690049,1284797
100961430,10018672,1612588,Krebsbachstrasse,77,8200 Schaffhausen,2939,SH,real,True,15.11.2024,2690070,1284842
100961431,10018672,1612591,Krebsbachstrasse,83,8200 Schaffhausen,2939,SH,real,True,15.11.2024,2690099,1284904
100961432,10073035,1612595,Fulachstrasse,165,8200 Schaffhausen,2939,SH,real,True,15.11.2024,2690328,1285233
100961433,10073035,1612597,Fulachstrasse,169,8200 Schaffhausen,2939,SH,real,True,15.11.2024,2690352,1285247
100961434,10018672,1612598,Krebsbachstrasse,87,8200 Schaffhausen,2939,SH,real,True,15.11.2024,2690113,1284934
100961435,10018672,1612599,Krebsbachstrasse,109,8200 Schaffhausen,2939,SH,real,True,15.11.2024,2690131,1284969
100961436,10018672,1612600,Krebsbachstrasse,125,8200 Schaffhausen,2939,SH,real,True,15.11.2024,2690145,1285004
100961437,10018672,1612601,Krebsbachstrasse,129,8200 Schaffhausen,2939,SH,real,True,15.11.2024,2690160,1285035
100961438,10018672,1612602,Krebsbachstrasse,131,8200 Schaffhausen,2939,SH,real,True,15.11.2024,2690169,1285055
100961439,10018672,1612605,Krebsbachstrasse,139,8200 Schaffhausen,2939,SH,real,True,15.11.2024,2690181,1285106
100961440,10018672,1612607,Krebsbachstrasse,151,8200 Schaffhausen,2939,SH,real,True,15.11.2024,2690221,1285164
100961441,10018672,1612608,Krebsbachstrasse,153,8200 Schaffhausen,2939,SH,real,True,15.11.2024,2690236,1285174
100961442,10085728,1612609,Otterngutstrasse,8,8200 Schaffhausen,2939,SH,real,True,15.11.2024,2690221,1285190
100961443,10085728,1612610,Otterngutstrasse,12,8200 Schaffhausen,2939,SH,real,True,15.11.2024,2690276,1285232
100961444,10073035,1612612,Fulachstrasse,171,8200 Schaffhausen,2939,SH,real,True,15.11.2024,2690372,1285255
100961446,10073035,1612614,Fulachstrasse,175,8200 Schaffhausen,2939,SH,real,True,15.11.2024,2690408,1285270
100961447,10085728,1612616,Otterngutstrasse,22,8200 Schaffhausen,2939,SH,real,True,15.11.2024,2690347,1285286
100961448,10085728,1612617,Otterngutstrasse,24,8200 Schaffhausen,2939,SH,real,True,15.11.2024,2690371,1285300
100961449,10085728,1612618,Otterngutstrasse,26,8200 Schaffhausen,2939,SH,real,True,15.11.2024,2690390,1285308
100961450,10073035,1612620,Fulachstrasse,197,8200 Schaffhausen,2939,SH,real,True,15.11.2024,2690572,1285343
100961451,10073035,1612621,Fulachstrasse,199,8200 Schaffhausen,2939,SH,real,True,15.11.2024,2690563,1285359
100961452,10085728,1612622,Otterngutstrasse,34,8200 Schaffhausen,2939,SH,real,True,15.11.2024,2690479,1285334
100961453,10085728,1612623,Otterngutstrasse,36,8200 Schaffhausen,2939,SH,real,True,15.11.2024,2690518,1285347
100961454,10025681,1612624,Sennereistrasse,50,8200 Schaffhausen,2939,SH,real,True,15.11.2024,2690607,1285382
100961455,10073035,1612625,Fulachstrasse,213,8200 Schaffhausen,2939,SH,real,True,15.11.2024,2690644,1285379
100961456,10073035,1612627,Fulachstrasse,225,8200 Schaffhausen,2939,SH,real,True,15.11.2024,2690711,1285423
100961457,10073035,1612628,Fulachstrasse,227,8200 Schaffhausen,2939,SH,real,True,15.11.2024,2690709,1285443
100961458,10073035,1612629,Fulachstrasse,229,8200 Schaffhausen,2939,SH,real,True,15.11.2024,2690723,1285458
100961459,10073035,1612630,Fulachstrasse,231,8200 Schaffhausen,2939,SH,real,True,15.11.2024,2690702,1285462
100961460,10086766,1614456,Klausweg,64,8200 Schaffhausen,2939,SH,real,True,15.11.2024,2690597,1284518
100961462,10073036,1614458,Föhrenstrasse,31,8200 Schaffhausen,2939,SH,real,True,15.11.2024,2690760,1284476
100961463,10073036,1614459,Föhrenstrasse,33,8200 Schaffhausen,2939,SH,real,True,15.11.2024,2690775,1284482
100961464,10046622,1614460,Kiefernweg,2,8200 Schaffhausen,2939,SH,real,True,15.11.2024,2690682,1284485
100961465,10086766,1614461,Klausweg,78,8200 Schaffhausen,2939,SH,real,True,15.11.2024,2690740,1284510
100961466,10086766,1614462,Klausweg,80,8200 Schaffhausen,2939,SH,real,True,15.11.2024,2690767,1284514
100961467,10113193,1614463,Birkenstrasse,17,8200 Schaffhausen,2939,SH,real,True,15.11.2024,2690796,1284469
100961468,10018636,1614464,Föhrenstieg,4,8200 Schaffhausen,2939,SH,real,True,15.11.2024,2690757,1284409
100961469,10018636,1614466,Föhrenstieg,8,8200 Schaffhausen,2939,SH,real,True,15.11.2024,2690775,1284421
100961470,10018636,1614467,Föhrenstieg,12,8200 Schaffhausen,2939,SH,real,True,15.11.2024,2690767,1284445
100961471,10121173,1614470,Lärchenstrasse,13,8200 Schaffhausen,2939,SH,real,True,15.11.2024,2690796,1284413
100961472,10121173,1614472,Lärchenstrasse,17,8200 Schaffhausen,2939,SH,real,True,15.11.2024,2690813,1284447
100961473,10121173,1614473,Lärchenstrasse,19,8200 Schaffhausen,2939,SH,real,True,15.11.2024,2690817,1284456
100961474,10106951,1610798,Rheinhaldenstrasse,90,8200 Schaffhausen,2939,SH,real,True,15.11.2024,2691723,1282630
100961475,10106951,1610799,Rheinhaldenstrasse,91,8200 Schaffhausen,2939,SH,real,True,15.11.2024,2691714,1282650
100961476,10106951,1610802,Rheinhaldenstrasse,84,8200 Schaffhausen,2939,SH,real,True,15.11.2024,2691669,1282675
100961477,10106951,1610803,Rheinhaldenstrasse,82,8200 Schaffhausen,2939,SH,real,True,15.11.2024,2691636,1282666
100961478,10073036,1614484,Föhrenstrasse,26,8200 Schaffhausen,2939,SH,real,True,15.11.2024,2690732,1284449
100961479,10073036,1614485,Föhrenstrasse,28,8200 Schaffhausen,2939,SH,real,True,15.11.2024,2690750,1284451
100961480,10121173,1614486,Lärchenstrasse,1,8200 Schaffhausen,2939,SH,real,True,15.11.2024,2690895,1284370
100961481,10025693,1614490,Stimmerstrasse,33,8200 Schaffhausen,2939,SH,real,True,15.11.2024,2690861,1284345
100961483,10025693,1614491,Stimmerstrasse,35,8200 Schaffhausen,2939,SH,real,True,15.11.2024,2690878,1284351
100961484,10113193,1614492,Birkenstrasse,3,8200 Schaffhausen,2939,SH,real,True,15.11.2024,2690919,1284424
100961485,10113193,1614493,Birkenstrasse,7,8200 Schaffhausen,2939,SH,real,True,15.11.2024,2690891,1284434
100961486,10113193,1614494,Birkenstrasse,11,8200 Schaffhausen,2939,SH,real,True,15.11.2024,2690862,1284445
100961487,10121173,1614496,Lärchenstrasse,8,8200 Schaffhausen,2939,SH,real,True,15.11.2024,2690881,1284406
100961488,10121173,1614498,Lärchenstrasse,12,8200 Schaffhausen,2939,SH,real,True,15.11.2024,2690821,1284426
100961489,10121173,1614499,Lärchenstrasse,14,8200 Schaffhausen,2939,SH,real,True,15.11.2024,2690831,1284448
100961492,10019291,1614502,Ebnatstrasse,62,8200 Schaffhausen,2939,SH,real,True,15.11.2024,2690447,1284726
100961493,10019291,1614503,Ebnatstrasse,64,8200 Schaffhausen,2939,SH,real,True,15.11.2024,2690459,1284735
100961494,10019291,1614504,Ebnatstrasse,66,8200 Schaffhausen,2939,SH,real,True,15.11.2024,2690469,1284744
100961495,10086478,1614505,Eibenweg,3,8200 Schaffhausen,2939,SH,real,True,15.11.2024,2690461,1284696
100961496,10025711,1614507,Zedernweg,4,8200 Schaffhausen,2939,SH,real,True,15.11.2024,2690493,1284724
100961497,10019291,1614509,Ebnatstrasse,68,8200 Schaffhausen,2939,SH,real,True,15.11.2024,2690493,1284763
100961498,10019291,1614510,Ebnatstrasse,70,8200 Schaffhausen,2939,SH,real,True,15.11.2024,2690533,1284754
100961499,10019291,1614512,Ebnatstrasse,86,8200 Schaffhausen,2939,SH,real,True,15.11.2024,2690596,1284824
100961500,10025711,1614513,Zedernweg,3,8200 Schaffhausen,2939,SH,real,True,15.11.2024,2690513,1284743
100961501,10025711,1614514,Zedernweg,5,8200 Schaffhausen,2939,SH,real,True,15.11.2024,2690523,1284730
100961502,10073021,1614519,Ahornstrasse,6,8200 Schaffhausen,2939,SH,real,True,15.11.2024,2690374,1284587
100961503,10073021,1614521,Ahornstrasse,10,8200 Schaffhausen,2939,SH,real,True,15.11.2024,2690390,1284597
100961504,10073021,1614522,Ahornstrasse,12,8200 Schaffhausen,2939,SH,real,True,15.11.2024,2690395,1284588
100961506,10073021,1614524,Ahornstrasse,26,8200 Schaffhausen,2939,SH,real,True,15.11.2024,2690450,1284632
100961507,10073021,1614525,Ahornstrasse,28,8200 Schaffhausen,2939,SH,real,True,15.11.2024,2690470,1284645
100961508,10073021,1614526,Ahornstrasse,30,8200 Schaffhausen,2939,SH,real,True,15.11.2024,2690482,1284656
100961509,10073021,1614529,Ahornstrasse,36,8200 Schaffhausen,2939,SH,real,True,15.11.2024,2690532,1284692
100961510,10073021,1614531,Ahornstrasse,40,8200 Schaffhausen,2939,SH,real,True,15.11.2024,2690573,1284739
100961511,10018675,1614534,Kronenhalde,19,8200 Schaffhausen,2939,SH,real,True,15.11.2024,2690298,1284526
100961512,10086766,1614535,Klausweg,7,8200 Schaffhausen,2939,SH,real,True,15.11.2024,2690317,1284526
100961513,10086766,1614536,Klausweg,9,8200 Schaffhausen,2939,SH,real,True,15.11.2024,2690335,1284532
100961514,10086766,1614537,Klausweg,11,8200 Schaffhausen,2939,SH,real,True,15.11.2024,2690350,1284537
100961515,10086766,1614538,Klausweg,15,8200 Schaffhausen,2939,SH,real,True,15.11.2024,2690365,1284543
100961516,10086766,1614539,Klausweg,17,8200 Schaffhausen,2939,SH,real,True,15.11.2024,2690371,1284544
100961517,10086466,1614540,Ahornstieg,8,8200 Schaffhausen,2939,SH,real,True,15.11.2024,2690415,1284564
100961518,10019284,1614541,Buchenstrasse,6,8200 Schaffhausen,2939,SH,real,True,15.11.2024,2690535,1284597
100961519,10019284,1614542,Buchenstrasse,8,8200 Schaffhausen,2939,SH,real,True,15.11.2024,2690548,1284616
100961520,10019284,1614543,Buchenstrasse,10,8200 Schaffhausen,2939,SH,real,True,15.11.2024,2690562,1284637
100961521,10085753,1614545,Ulmenstrasse,26,8200 Schaffhausen,2939,SH,real,True,15.11.2024,2690535,1284647
100961522,10085753,1614546,Ulmenstrasse,24,8200 Schaffhausen,2939,SH,real,True,15.11.2024,2690520,1284637
100961523,10085753,1614547,Ulmenstrasse,22,8200 Schaffhausen,2939,SH,real,True,15.11.2024,2690505,1284628
100961524,10085753,1614548,Ulmenstrasse,20,8200 Schaffhausen,2939,SH,real,True,15.11.2024,2690492,1284609
100961525,10085753,1614550,Ulmenstrasse,16,8200 Schaffhausen,2939,SH,real,True,15.11.2024,2690446,1284587
100961526,10085753,1614551,Ulmenstrasse,14,8200 Schaffhausen,2939,SH,real,True,15.11.2024,2690429,1284575
100961527,10118359,1614552,Baumschulstrasse,1,8200 Schaffhausen,2939,SH,real,True,15.11.2024,2690552,1284581
100961528,10118359,1614553,Baumschulstrasse,3,8200 Schaffhausen,2939,SH,real,True,15.11.2024,2690568,1284601
100961529,10118359,1614554,Baumschulstrasse,5,8200 Schaffhausen,2939,SH,real,True,15.11.2024,2690584,1284621
100961532,10118359,1614557,Baumschulstrasse,6,8200 Schaffhausen,2939,SH,real,True,15.11.2024,2690613,1284624
100961533,10118359,1614558,Baumschulstrasse,8,8200 Schaffhausen,2939,SH,real,True,15.11.2024,2690629,1284610
100961534,10118359,1614559,Baumschulstrasse,12,8200 Schaffhausen,2939,SH,real,True,15.11.2024,2690642,1284656
100961535,10113193,1614560,Birkenstrasse,27,8200 Schaffhausen,2939,SH,real,True,15.11.2024,2690687,1284656
100961539,10086766,1614564,Klausweg,33,8200 Schaffhausen,2939,SH,real,True,15.11.2024,2690590,1284559
100961540,10086766,1614567,Klausweg,37,8200 Schaffhausen,2939,SH,real,True,15.11.2024,2690658,1284578
100961541,10086766,1614568,Klausweg,39,8200 Schaffhausen,2939,SH,real,True,15.11.2024,2690637,1284542
100961542,10086766,1614569,Klausweg,41,8200 Schaffhausen,2939,SH,real,True,15.11.2024,2690661,1284539
100961543,10086766,1614571,Klausweg,45,8200 Schaffhausen,2939,SH,real,True,15.11.2024,2690689,1284536
100961554,10019282,1612669,Bocksrietweg,2,8200 Schaffhausen,2939,SH,real,True,15.11.2024,2690355,1285395
100961555,10019282,1612670,Bocksrietweg,4,8200 Schaffhausen,2939,SH,real,True,15.11.2024,2690360,1285400
100961556,10019282,1612671,Bocksrietweg,6,8200 Schaffhausen,2939,SH,real,True,15.11.2024,2690366,1285405
100961557,10019282,1612673,Bocksrietweg,10,8200 Schaffhausen,2939,SH,real,True,15.11.2024,2690382,1285418
100961558,10019282,1612674,Bocksrietweg,12,8200 Schaffhausen,2939,SH,real,True,15.11.2024,2690388,1285422
100961559,10019282,1612675,Bocksrietweg,14,8200 Schaffhausen,2939,SH,real,True,15.11.2024,2690393,1285427
100961560,10019282,1612676,Bocksrietweg,16,8200 Schaffhausen,2939,SH,real,True,15.11.2024,2690399,1285431
100961561,10019282,1612677,Bocksrietweg,18,8200 Schaffhausen,2939,SH,real,True,15.11.2024,2690410,1285440
100961645,10113192,1614603,Alleeweg,16,8200 Schaffhausen,2939,SH,real,True,15.11.2024,2690963,1284650
100961646,10113192,1614604,Alleeweg,17,8200 Schaffhausen,2939,SH,real,True,15.11.2024,2690940,1284648
100961647,10046616,1614605,Eichenstrasse,1,8200 Schaffhausen,2939,SH,real,True,15.11.2024,2690861,1284618
100961648,10046616,1614606,Eichenstrasse,3,8200 Schaffhausen,2939,SH,real,True,15.11.2024,2690868,1284621
100961649,10046616,1614608,Eichenstrasse,7,8200 Schaffhausen,2939,SH,real,True,15.11.2024,2690889,1284634
100961650,10046616,1614609,Eichenstrasse,9,8200 Schaffhausen,2939,SH,real,True,15.11.2024,2690906,1284638
100961651,10046616,1614610,Eichenstrasse,11,8200 Schaffhausen,2939,SH,real,True,15.11.2024,2690913,1284640
100962619,10018150,1609104,Schelmenstieg,2,8240 Thayngen,2920,SH,real,True,15.11.2024,2696075,1289400
100962620,10018150,1609105,Schelmenstieg,4,8240 Thayngen,2920,SH,real,True,15.11.2024,2696088,1289420
100962621,10018150,1609106,Schelmenstieg,6,8240 Thayngen,2920,SH,real,True,15.11.2024,2696086,1289442
100962622,10026388,1609107,Chlenglerweg,19,8240 Thayngen,2920,SH,real,True,15.11.2024,2696086,1289395
100962623,10026388,1609108,Chlenglerweg,27,8240 Thayngen,2920,SH,real,True,15.11.2024,2696137,1289406
100962624,10026388,1609109,Chlenglerweg,29,8240 Thayngen,2920,SH,real,True,15.11.2024,2696151,1289404
100962625,10026388,1609110,Chlenglerweg,33,8240 Thayngen,2920,SH,real,True,15.11.2024,2696183,1289405
100962626,10186338,1609110,Münchbrunnenstrasse,10,8240 Thayngen,2920,SH,real,True,15.11.2024,2696186,1289426
100962627,10186338,1609111,Münchbrunnenstrasse,3,8240 Thayngen,2920,SH,real,True,15.11.2024,2696219,1289441
100962628,10186338,1609112,Münchbrunnenstrasse,4,8240 Thayngen,2920,SH,real,True,15.11.2024,2696148,1289448
100962727,10113203,1612787,Sennereistieg,12,8200 Schaffhausen,2939,SH,real,True,15.11.2024,2690782,1285643
100962728,10073065,1612788,Sennenwieshalde,2,8200 Schaffhausen,2939,SH,real,True,15.11.2024,2690847,1285695
100962729,10073065,1612789,Sennenwieshalde,4,8200 Schaffhausen,2939,SH,real,True,15.11.2024,2690855,1285699
100962730,10073065,1612790,Sennenwieshalde,6,8200 Schaffhausen,2939,SH,real,True,15.11.2024,2690863,1285703
100962731,10073065,1612791,Sennenwieshalde,8,8200 Schaffhausen,2939,SH,real,True,15.11.2024,2690871,1285708
100962732,10073065,1612792,Sennenwieshalde,10,8200 Schaffhausen,2939,SH,real,True,15.11.2024,2690880,1285721
100962733,10073065,1612793,Sennenwieshalde,12,8200 Schaffhausen,2939,SH,real,True,15.11.2024,2690888,1285725
100962734,10073065,1612794,Sennenwieshalde,14,8200 Schaffhausen,2939,SH,real,True,15.11.2024,2690896,1285730
100962735,10073065,1612795,Sennenwieshalde,16,8200 Schaffhausen,2939,SH,real,True,15.11.2024,2690904,1285734
100962847,10026395,1609020,Im Abt,16,8240 Thayngen,2920,SH,real,True,15.11.2024,2696298,1289303
100962848,10026395,1609021,Im Abt,14,8240 Thayngen,2920,SH,real,True,15.11.2024,2696267,1289310
100962849,10026395,1609022,Im Abt,10,8240 Thayngen,2920,SH,real,True,15.11.2024,2696230,1289321
100962850,10026395,1609023,Im Abt,11,8240 Thayngen,2920,SH,real,True,15.11.2024,2696256,1289334
100962851,10026395,1609024,Im Abt,13,8240 Thayngen,2920,SH,real,True,15.11.2024,2696278,1289329
100962852,10026395,1609025,Im Abt,15,8240 Thayngen,2920,SH,real,True,15.11.2024,2696298,1289335
100962853,10026395,1609026,Im Abt,17,8240 Thayngen,2920,SH,real,True,15.11.2024,2696309,1289330
100962854,10026395,1609027,Im Abt,19,8240 Thayngen,2920,SH,real,True,15.11.2024,2696318,1289327
100962855,10026395,1609028,Im Abt,21,8240 Thayngen,2920,SH,real,True,15.11.2024,2696328,1289320
100962856,10111812,1609029,Ebringerstrasse,73,8240 Thayngen,2920,SH,real,True,15.11.2024,2696327,1289280
100962857,10026395,1609030,Im Abt,7,8240 Thayngen,2920,SH,real,True,15.11.2024,2696219,1289354
100962858,10026395,1609031,Im Abt,5,8240 Thayngen,2920,SH,real,True,15.11.2024,2696204,1289361
100962859,10026388,1609032,Chlenglerweg,46,8240 Thayngen,2920,SH,real,True,15.11.2024,2696241,1289362
100962860,10026388,1609033,Chlenglerweg,48,8240 Thayngen,2920,SH,real,True,15.11.2024,2696268,1289359
100962861,10026388,1609034,Chlenglerweg,50,8240 Thayngen,2920,SH,real,True,15.11.2024,2696285,1289360
100962862,10026388,1609035,Chlenglerweg,52,8240 Thayngen,2920,SH,real,True,15.11.2024,2696313,1289358
100962863,10026388,1609036,Chlenglerweg,54,8240 Thayngen,2920,SH,real,True,15.11.2024,2696322,1289356
100962864,10026388,1609038,Chlenglerweg,64,8240 Thayngen,2920,SH,real,True,15.11.2024,2696352,1289338
100962865,10026388,1609039,Chlenglerweg,66,8240 Thayngen,2920,SH,real,True,15.11.2024,2696362,1289338
100962866,10026388,1609043,Chlenglerweg,78,8240 Thayngen,2920,SH,real,True,15.11.2024,2696478,1289333
100962867,10026388,1609044,Chlenglerweg,80,8240 Thayngen,2920,SH,real,True,15.11.2024,2696497,1289330
100962868,10026388,1609045,Chlenglerweg,94,8240 Thayngen,2920,SH,real,True,15.11.2024,2696561,1289310
100962869,10026388,1609046,Chlenglerweg,132,8240 Thayngen,2920,SH,real,True,15.11.2024,2696779,1289261
100962870,10026388,1609048,Chlenglerweg,136,8240 Thayngen,2920,SH,real,True,15.11.2024,2696810,1289252
100962871,10111812,1609049,Ebringerstrasse,155,8240 Thayngen,2920,SH,real,True,15.11.2024,2696771,1289227
100962872,10111812,1609050,Ebringerstrasse,153,8240 Thayngen,2920,SH,real,True,15.11.2024,2696751,1289228
100962873,10018345,1610754,Felsgasse,40,8200 Schaffhausen,2939,SH,real,True,15.11.2024,2691429,1282961
100962874,10018345,1610755,Felsgasse,42,8200 Schaffhausen,2939,SH,real,True,15.11.2024,2691447,1282924
100962875,10018345,1610756,Felsgasse,44,8200 Schaffhausen,2939,SH,real,True,15.11.2024,2691442,1282896
100962876,10018345,1610757,Felsgasse,46,8200 Schaffhausen,2939,SH,real,True,15.11.2024,2691464,1282899
100962877,10018345,1610758,Felsgasse,48,8200 Schaffhausen,2939,SH,real,True,15.11.2024,2691468,1282923
100962878,10108025,1610761,Kyburgweg,6,8200 Schaffhausen,2939,SH,real,True,15.11.2024,2691555,1282859
100962879,10118362,1610762,Rebhangstrasse,3,8200 Schaffhausen,2939,SH,real,True,15.11.2024,2691421,1282938
100962880,10118362,1610764,Rebhangstrasse,7,8200 Schaffhausen,2939,SH,real,True,15.11.2024,2691417,1282899
100962881,10118362,1610765,Rebhangstrasse,11,8200 Schaffhausen,2939,SH,real,True,15.11.2024,2691417,1282869
100962882,10118362,1610766,Rebhangstrasse,15,8200 Schaffhausen,2939,SH,real,True,15.11.2024,2691442,1282869
100962883,10106951,1610767,Rheinhaldenstrasse,58,8200 Schaffhausen,2939,SH,real,True,15.11.2024,2691294,1282883
100962884,10106951,1610768,Rheinhaldenstrasse,61,8200 Schaffhausen,2939,SH,real,True,15.11.2024,2691334,1282838
100962885,10106951,1610769,Rheinhaldenstrasse,62,8200 Schaffhausen,2939,SH,real,True,15.11.2024,2691347,1282826
100962886,10106951,1610772,Rheinhaldenstrasse,60,8200 Schaffhausen,2939,SH,real,True,15.11.2024,2691330,1282894
100962890,10103226,1610777,Rheinbühlstrasse,26,8200 Schaffhausen,2939,SH,real,True,15.11.2024,2691437,1282786
100962896,10103226,1610783,Rheinbühlstrasse,20,8200 Schaffhausen,2939,SH,real,True,15.11.2024,2691383,1282845
100962897,10106951,1610784,Rheinhaldenstrasse,76,8200 Schaffhausen,2939,SH,real,True,15.11.2024,2691583,1282681
100962898,10187858,1610785,Vögelingässchen,24,8200 Schaffhausen,2939,SH,real,True,15.11.2024,2691652,1282793
100962899,10187858,1610786,Vögelingässchen,28,8200 Schaffhausen,2939,SH,real,True,15.11.2024,2691679,1282778
100962900,10187858,1610789,Vögelingässchen,38,8200 Schaffhausen,2939,SH,real,True,15.11.2024,2691760,1282722
100962901,10106951,1610791,Rheinhaldenstrasse,95,8200 Schaffhausen,2939,SH,real,True,15.11.2024,2691753,1282600
100962902,10106951,1610792,Rheinhaldenstrasse,94,8200 Schaffhausen,2939,SH,real,True,15.11.2024,2691746,1282608
100962903,10106951,1610793,Rheinhaldenstrasse,93,8200 Schaffhausen,2939,SH,real,True,15.11.2024,2691743,1282613
100962904,10106951,1610794,Rheinhaldenstrasse,97,8200 Schaffhausen,2939,SH,real,True,15.11.2024,2691760,1282621
100962905,10106951,1610796,Rheinhaldenstrasse,88,8200 Schaffhausen,2939,SH,real,True,15.11.2024,2691702,1282636
100962906,10106951,1610797,Rheinhaldenstrasse,89,8200 Schaffhausen,2939,SH,real,True,15.11.2024,2691713,1282633
100962914,10187858,1610807,Vögelingässchen,56,8200 Schaffhausen,2939,SH,real,True,15.11.2024,2691978,1282649
100962915,10187858,1610808,Vögelingässchen,58,8200 Schaffhausen,2939,SH,real,True,15.11.2024,2691985,1282640
100962916,10187858,1610812,Vögelingässchen,66,8200 Schaffhausen,2939,SH,real,True,15.11.2024,2691998,1282586
100962917,10180882,1610813,Im Stemmerli,2,8200 Schaffhausen,2939,SH,real,True,15.11.2024,2691947,1282582
100962918,10180882,1610814,Im Stemmerli,4,8200 Schaffhausen,2939,SH,real,True,15.11.2024,2691940,1282591
100962919,10180882,1610816,Im Stemmerli,8,8200 Schaffhausen,2939,SH,real,True,15.11.2024,2691953,1282615
100962920,10180882,1610817,Im Stemmerli,10,8200 Schaffhausen,2939,SH,real,True,15.11.2024,2691946,1282624
100962921,10180882,1610818,Im Stemmerli,12,8200 Schaffhausen,2939,SH,real,True,15.11.2024,2691940,1282632
100962922,10180882,1610819,Im Stemmerli,7,8200 Schaffhausen,2939,SH,real,True,15.11.2024,2691927,1282557
100962923,10180882,1610820,Im Stemmerli,9,8200 Schaffhausen,2939,SH,real,True,15.11.2024,2691925,1282541
100962924,10180882,1610822,Im Stemmerli,13,8200 Schaffhausen,2939,SH,real,True,15.11.2024,2691916,1282510
100962925,10180882,1610823,Im Stemmerli,30,8200 Schaffhausen,2939,SH,real,True,15.11.2024,2691870,1282590
100962926,10180882,1610825,Im Stemmerli,19,8200 Schaffhausen,2939,SH,real,True,15.11.2024,2691880,1282538
100962927,10180882,1610827,Im Stemmerli,15,8200 Schaffhausen,2939,SH,real,True,15.11.2024,2691900,1282528
100962928,10106951,1610828,Rheinhaldenstrasse,105,8200 Schaffhausen,2939,SH,real,True,15.11.2024,2691807,1282551
100962929,10106951,1610829,Rheinhaldenstrasse,117,8200 Schaffhausen,2939,SH,real,True,15.11.2024,2691941,1282527
100962930,10106951,1610831,Rheinhaldenstrasse,118,8200 Schaffhausen,2939,SH,real,True,15.11.2024,2691930,1282490
100962931,10186931,1610832,Emmersbergstrasse,1,8200 Schaffhausen,2939,SH,real,True,15.11.2024,2689951,1284186
100962932,10019274,1610833,Bahnhofstrasse,29,8200 Schaffhausen,2939,SH,real,True,15.11.2024,2689632,1283725
100962933,10019274,1610834,Bahnhofstrasse,43,8200 Schaffhausen,2939,SH,real,True,15.11.2024,2689662,1283773
100962934,10086485,1610835,Fäsenstaubstrasse,4,8200 Schaffhausen,2939,SH,real,True,15.11.2024,2689260,1283380
100962935,10019786,1610837,Parkstrasse,2,8200 Schaffhausen,2939,SH,real,True,15.11.2024,2689259,1283266
100962936,10019786,1610838,Parkstrasse,10,8200 Schaffhausen,2939,SH,real,True,15.11.2024,2689340,1283319
100962937,10019786,1610840,Parkstrasse,18,8200 Schaffhausen,2939,SH,real,True,15.11.2024,2689414,1283342
100962938,10019786,1610841,Parkstrasse,24,8200 Schaffhausen,2939,SH,real,True,15.11.2024,2689453,1283372
100962939,10019786,1610842,Parkstrasse,26,8200 Schaffhausen,2939,SH,real,True,15.11.2024,2689473,1283384
100962940,10180884,1610843,Promenadenstrasse,19,8200 Schaffhausen,2939,SH,real,True,15.11.2024,2689306,1283369
100962941,10180884,1610844,Promenadenstrasse,23,8200 Schaffhausen,2939,SH,real,True,15.11.2024,2689285,1283417
100962942,10025691,1610847,Steigstrasse,35,8200 Schaffhausen,2939,SH,real,True,15.11.2024,2689371,1283466
100962943,10025691,1610848,Steigstrasse,37,8200 Schaffhausen,2939,SH,real,True,15.11.2024,2689355,1283485
100962944,10025691,1610849,Steigstrasse,41,8200 Schaffhausen,2939,SH,real,True,15.11.2024,2689331,1283499
100962945,10025691,1610850,Steigstrasse,43,8200 Schaffhausen,2939,SH,real,True,15.11.2024,2689324,1283490
100962946,10025691,1610851,Steigstrasse,45,8200 Schaffhausen,2939,SH,real,True,15.11.2024,2689322,1283488
100962947,10025691,1610852,Steigstrasse,47,8200 Schaffhausen,2939,SH,real,True,15.11.2024,2689311,1283475
100962948,10025691,1610853,Steigstrasse,49,8200 Schaffhausen,2939,SH,real,True,15.11.2024,2689308,1283473
100962949,10025691,1610854,Steigstrasse,51,8200 Schaffhausen,2939,SH,real,True,15.11.2024,2689323,1283518
100962950,10086485,1610857,Fäsenstaubstrasse,15,8200 Schaffhausen,2939,SH,real,True,15.11.2024,2689184,1283368
100962951,10086485,1610858,Fäsenstaubstrasse,19,8200 Schaffhausen,2939,SH,real,True,15.11.2024,2689215,1283405
100962952,10086485,1610859,Fäsenstaubstrasse,21,8200 Schaffhausen,2939,SH,real,True,15.11.2024,2689226,1283432
100962953,10086485,1610860,Fäsenstaubstrasse,23,8200 Schaffhausen,2939,SH,real,True,15.11.2024,2689231,1283455
100962954,10086485,1610862,Fäsenstaubstrasse,27,8200 Schaffhausen,2939,SH,real,True,15.11.2024,2689246,1283462
100962957,10106950,1610865,Kometsträsschen,36,8200 Schaffhausen,2939,SH,real,True,15.11.2024,2689178,1283466
100962958,10106950,1610866,Kometsträsschen,40,8200 Schaffhausen,2939,SH,real,True,15.11.2024,2689189,1283483
100962959,10106950,1610867,Kometsträsschen,50,8200 Schaffhausen,2939,SH,real,True,15.11.2024,2689213,1283522
100962961,10073034,1610871,Friedbergstrasse,60,8200 Schaffhausen,2939,SH,real,True,15.11.2024,2689198,1283614
100962962,10018645,1612632,Grünaustieg,10,8200 Schaffhausen,2939,SH,real,True,15.11.2024,2690670,1285434
100962963,10018645,1612633,Grünaustieg,12,8200 Schaffhausen,2939,SH,real,True,15.11.2024,2690677,1285439
100962964,10018645,1612634,Grünaustieg,14,8200 Schaffhausen,2939,SH,real,True,15.11.2024,2690684,1285445
100962965,10025681,1612635,Sennereistrasse,52,8200 Schaffhausen,2939,SH,real,True,15.11.2024,2690623,1285405
100962966,10025681,1612636,Sennereistrasse,66,8200 Schaffhausen,2939,SH,real,True,15.11.2024,2690706,1285477
100962967,10073068,1612637,Spitzwiesenweg,7,8200 Schaffhausen,2939,SH,real,True,15.11.2024,2690751,1285475
100962968,10073035,1612638,Fulachstrasse,233,8200 Schaffhausen,2939,SH,real,True,15.11.2024,2690775,1285491
100962969,10073035,1612639,Fulachstrasse,235,8200 Schaffhausen,2939,SH,real,True,15.11.2024,2690794,1285495
100962970,10073035,1612640,Fulachstrasse,237,8200 Schaffhausen,2939,SH,real,True,15.11.2024,2690810,1285508
100962971,10073035,1612641,Fulachstrasse,239,8200 Schaffhausen,2939,SH,real,True,15.11.2024,2690829,1285515
100962972,10073035,1612642,Fulachstrasse,241,8200 Schaffhausen,2939,SH,real,True,15.11.2024,2690842,1285526
100962973,10025681,1612643,Sennereistrasse,76,8200 Schaffhausen,2939,SH,real,True,15.11.2024,2690757,1285508
100962974,10025681,1612644,Sennereistrasse,78,8200 Schaffhausen,2939,SH,real,True,15.11.2024,2690772,1285523
100962975,10025681,1612645,Sennereistrasse,80,8200 Schaffhausen,2939,SH,real,True,15.11.2024,2690786,1285538
100962976,10025681,1612646,Sennereistrasse,82,8200 Schaffhausen,2939,SH,real,True,15.11.2024,2690802,1285555
100962977,10025681,1612647,Sennereistrasse,84,8200 Schaffhausen,2939,SH,real,True,15.11.2024,2690813,1285567
100962978,10073035,1612652,Fulachstrasse,251,8200 Schaffhausen,2939,SH,real,True,15.11.2024,2690941,1285614
100962979,10073035,1612653,Fulachstrasse,253,8200 Schaffhausen,2939,SH,real,True,15.11.2024,2690931,1285630
100962980,10073035,1612654,Fulachstrasse,255,8200 Schaffhausen,2939,SH,real,True,15.11.2024,2690975,1285641
100962981,10025681,1612656,Sennereistrasse,94,8200 Schaffhausen,2939,SH,real,True,15.11.2024,2690935,1285663
100962982,10025681,1612657,Sennereistrasse,92,8200 Schaffhausen,2939,SH,real,True,15.11.2024,2690901,1285636
100962983,10025681,1612658,Sennereistrasse,90,8200 Schaffhausen,2939,SH,real,True,15.11.2024,2690885,1285617
100962984,10113203,1612661,Sennereistieg,4,8200 Schaffhausen,2939,SH,real,True,15.11.2024,2690842,1285560
100962985,10018674,1612662,Kronenacker,2,8200 Schaffhausen,2939,SH,real,True,15.11.2024,2691068,1285773
100962986,10018674,1612663,Kronenacker,4,8200 Schaffhausen,2939,SH,real,True,15.11.2024,2691090,1285789
100962987,10018674,1612664,Kronenacker,6,8200 Schaffhausen,2939,SH,real,True,15.11.2024,2691116,1285787
100962988,10018674,1612665,Kronenacker,8,8200 Schaffhausen,2939,SH,real,True,15.11.2024,2691119,1285804
100962989,10018651,1612666,Heuweg,2,8200 Schaffhausen,2939,SH,real,True,15.11.2024,2691090,1285729
100962997,10019282,1612679,Bocksrietweg,22,8200 Schaffhausen,2939,SH,real,True,15.11.2024,2690422,1285448
100962998,10019282,1612682,Bocksrietweg,28,8200 Schaffhausen,2939,SH,real,True,15.11.2024,2690445,1285465
100962999,10019282,1612683,Bocksrietweg,30,8200 Schaffhausen,2939,SH,real,True,15.11.2024,2690451,1285469
100963000,10019282,1612684,Bocksrietweg,32,8200 Schaffhausen,2939,SH,real,True,15.11.2024,2690457,1285473
100963001,10019282,1612685,Bocksrietweg,34,8200 Schaffhausen,2939,SH,real,True,15.11.2024,2690469,1285481
100963002,10019282,1612686,Bocksrietweg,36,8200 Schaffhausen,2939,SH,real,True,15.11.2024,2690475,1285485
100963003,10019282,1612687,Bocksrietweg,38,8200 Schaffhausen,2939,SH,real,True,15.11.2024,2690481,1285489
100963004,10018654,1612689,Hochstrasse,252,8200 Schaffhausen,2939,SH,real,True,15.11.2024,2690477,1285528
100963005,10018654,1612690,Hochstrasse,250,8200 Schaffhausen,2939,SH,real,True,15.11.2024,2690455,1285511
100963006,10018654,1612691,Hochstrasse,248,8200 Schaffhausen,2939,SH,real,True,15.11.2024,2690433,1285493
100963007,10018654,1612694,Hochstrasse,242,8200 Schaffhausen,2939,SH,real,True,15.11.2024,2690367,1285441
100963009,10018654,1612695,Hochstrasse,240,8200 Schaffhausen,2939,SH,real,True,15.11.2024,2690353,1285420
100963010,10019281,1612697,Bocksrietstieg,12,8200 Schaffhausen,2939,SH,real,True,15.11.2024,2690463,1285398
100963011,10019281,1612699,Bocksrietstieg,16,8200 Schaffhausen,2939,SH,real,True,15.11.2024,2690475,1285406
100963012,10019281,1612701,Bocksrietstieg,20,8200 Schaffhausen,2939,SH,real,True,15.11.2024,2690494,1285416
100963013,10019281,1612702,Bocksrietstieg,22,8200 Schaffhausen,2939,SH,real,True,15.11.2024,2690500,1285419
100963014,10019281,1612704,Bocksrietstieg,26,8200 Schaffhausen,2939,SH,real,True,15.11.2024,2690520,1285428
100963015,10019281,1612705,Bocksrietstieg,28,8200 Schaffhausen,2939,SH,real,True,15.11.2024,2690526,1285430
100963016,10019281,1612708,Bocksrietstieg,34,8200 Schaffhausen,2939,SH,real,True,15.11.2024,2690554,1285440
100963017,10019281,1612709,Bocksrietstieg,36,8200 Schaffhausen,2939,SH,real,True,15.11.2024,2690560,1285442
100963018,10086473,1612711,Bocksrietstrasse,12,8200 Schaffhausen,2939,SH,real,True,15.11.2024,2690415,1285401
100963019,10086473,1612712,Bocksrietstrasse,14,8200 Schaffhausen,2939,SH,real,True,15.11.2024,2690421,1285406
100963020,10086473,1612713,Bocksrietstrasse,16,8200 Schaffhausen,2939,SH,real,True,15.11.2024,2690426,1285410
100963021,10086473,1612715,Bocksrietstrasse,20,8200 Schaffhausen,2939,SH,real,True,15.11.2024,2690438,1285418
100963022,10086473,1612716,Bocksrietstrasse,22,8200 Schaffhausen,2939,SH,real,True,15.11.2024,2690450,1285427
100963023,10086473,1612719,Bocksrietstrasse,28,8200 Schaffhausen,2939,SH,real,True,15.11.2024,2690468,1285438
100963024,10086473,1612720,Bocksrietstrasse,30,8200 Schaffhausen,2939,SH,real,True,15.11.2024,2690474,1285442
100963025,10086473,1612721,Bocksrietstrasse,32,8200 Schaffhausen,2939,SH,real,True,15.11.2024,2690480,1285445
100963026,10086473,1612722,Bocksrietstrasse,34,8200 Schaffhausen,2939,SH,real,True,15.11.2024,2690494,1285453
100963027,10086473,1612724,Bocksrietstrasse,38,8200 Schaffhausen,2939,SH,real,True,15.11.2024,2690506,1285459
100963028,10086473,1612725,Bocksrietstrasse,40,8200 Schaffhausen,2939,SH,real,True,15.11.2024,2690512,1285462
100963029,10086473,1612726,Bocksrietstrasse,42,8200 Schaffhausen,2939,SH,real,True,15.11.2024,2690519,1285465
100963030,10086473,1612727,Bocksrietstrasse,44,8200 Schaffhausen,2939,SH,real,True,15.11.2024,2690526,1285468
100963031,10018654,1612728,Hochstrasse,184,8200 Schaffhausen,2939,SH,real,True,15.11.2024,2690230,1285236
100963032,10018654,1612729,Hochstrasse,188,8200 Schaffhausen,2939,SH,real,True,15.11.2024,2690241,1285254
100963033,10018654,1612730,Hochstrasse,190,8200 Schaffhausen,2939,SH,real,True,15.11.2024,2690255,1285278
100963034,10018654,1612731,Hochstrasse,192,8200 Schaffhausen,2939,SH,real,True,15.11.2024,2690259,1285260
100963035,10018654,1612732,Hochstrasse,194,8200 Schaffhausen,2939,SH,real,True,15.11.2024,2690273,1285277
100963036,10018654,1612733,Hochstrasse,200,8200 Schaffhausen,2939,SH,real,True,15.11.2024,2690273,1285313
100963037,10085728,1612735,Otterngutstrasse,37,8200 Schaffhausen,2939,SH,real,True,15.11.2024,2690454,1285364
100963038,10085728,1612736,Otterngutstrasse,39,8200 Schaffhausen,2939,SH,real,True,15.11.2024,2690475,1285365
100963039,10085728,1612737,Otterngutstrasse,41,8200 Schaffhausen,2939,SH,real,True,15.11.2024,2690504,1285375
100963040,10085728,1612738,Otterngutstrasse,43,8200 Schaffhausen,2939,SH,real,True,15.11.2024,2690522,1285382
100963041,10085728,1612739,Otterngutstrasse,45,8200 Schaffhausen,2939,SH,real,True,15.11.2024,2690553,1285392
100963042,10085728,1612740,Otterngutstrasse,49,8200 Schaffhausen,2939,SH,real,True,15.11.2024,2690583,1285407
100963043,10086473,1612741,Bocksrietstrasse,48,8200 Schaffhausen,2939,SH,real,True,15.11.2024,2690604,1285499
100963044,10086473,1612743,Bocksrietstrasse,52,8200 Schaffhausen,2939,SH,real,True,15.11.2024,2690634,1285519
100963045,10086473,1612744,Bocksrietstrasse,54,8200 Schaffhausen,2939,SH,real,True,15.11.2024,2690652,1285531
100963046,10086473,1612746,Bocksrietstrasse,58,8200 Schaffhausen,2939,SH,real,True,15.11.2024,2690689,1285558
100963047,10180883,1614572,Lindenweg,1,8200 Schaffhausen,2939,SH,real,True,15.11.2024,2690721,1284536
100963048,10180883,1614573,Lindenweg,3,8200 Schaffhausen,2939,SH,real,True,15.11.2024,2690698,1284564
100963049,10180883,1614575,Lindenweg,7,8200 Schaffhausen,2939,SH,real,True,15.11.2024,2690712,1284593
100963050,10180883,1614576,Lindenweg,9,8200 Schaffhausen,2939,SH,real,True,15.11.2024,2690699,1284605
100963051,10180883,1614577,Lindenweg,11,8200 Schaffhausen,2939,SH,real,True,15.11.2024,2690685,1284618
100963052,10113193,1614580,Birkenstrasse,21,8200 Schaffhausen,2939,SH,real,True,15.11.2024,2690743,1284608
100963053,10180883,1614581,Lindenweg,6,8200 Schaffhausen,2939,SH,real,True,15.11.2024,2690756,1284582
100963054,10180883,1614582,Lindenweg,4,8200 Schaffhausen,2939,SH,real,True,15.11.2024,2690744,1284562
100963055,10180883,1614583,Lindenweg,2,8200 Schaffhausen,2939,SH,real,True,15.11.2024,2690738,1284541
100963057,10118359,1614585,Baumschulstrasse,22,8200 Schaffhausen,2939,SH,real,True,15.11.2024,2690702,1284726
100963058,10113193,1614586,Birkenstrasse,26,8200 Schaffhausen,2939,SH,real,True,15.11.2024,2690711,1284681
100963059,10113193,1614588,Birkenstrasse,22,8200 Schaffhausen,2939,SH,real,True,15.11.2024,2690761,1284634
100963060,10113193,1614589,Birkenstrasse,20,8200 Schaffhausen,2939,SH,real,True,15.11.2024,2690788,1284610
100963061,10086480,1614590,Eschenweg,1,8200 Schaffhausen,2939,SH,real,True,15.11.2024,2690837,1284614
100963062,10086480,1614592,Eschenweg,5,8200 Schaffhausen,2939,SH,real,True,15.11.2024,2690795,1284655
100963063,10086480,1614594,Eschenweg,9,8200 Schaffhausen,2939,SH,real,True,15.11.2024,2690755,1284692
100963064,10086480,1614595,Eschenweg,11,8200 Schaffhausen,2939,SH,real,True,15.11.2024,2690741,1284706
100963065,10018661,1614600,Im Eschengut,8,8200 Schaffhausen,2939,SH,real,True,15.11.2024,2690806,1284709
100963066,10018661,1614601,Im Eschengut,10,8200 Schaffhausen,2939,SH,real,True,15.11.2024,2690811,1284692
100963067,10018661,1614602,Im Eschengut,12,8200 Schaffhausen,2939,SH,real,True,15.11.2024,2690817,1284675
100963077,10046616,1614611,Eichenstrasse,13,8200 Schaffhausen,2939,SH,real,True,15.11.2024,2690930,1284643
100963078,10046616,1614612,Eichenstrasse,19,8200 Schaffhausen,2939,SH,real,True,15.11.2024,2690973,1284648
100963079,10046616,1614613,Eichenstrasse,21,8200 Schaffhausen,2939,SH,real,True,15.11.2024,2690989,1284649
100963080,10046616,1614614,Eichenstrasse,23,8200 Schaffhausen,2939,SH,real,True,15.11.2024,2690996,1284649
100963081,10046616,1614615,Eichenstrasse,25,8200 Schaffhausen,2939,SH,real,True,15.11.2024,2691013,1284650
100963082,10046616,1614616,Eichenstrasse,27,8200 Schaffhausen,2939,SH,real,True,15.11.2024,2691020,1284650
100963083,10046616,1614617,Eichenstrasse,29,8200 Schaffhausen,2939,SH,real,True,15.11.2024,2691034,1284654
100963084,10046616,1614618,Eichenstrasse,31,8200 Schaffhausen,2939,SH,real,True,15.11.2024,2691043,1284649
100963085,10046616,1614619,Eichenstrasse,33,8200 Schaffhausen,2939,SH,real,True,15.11.2024,2691060,1284643
100963086,10046616,1614620,Eichenstrasse,35,8200 Schaffhausen,2939,SH,real,True,15.11.2024,2691066,1284642
100963087,10018661,1614621,Im Eschengut,14,8200 Schaffhausen,2939,SH,real,True,15.11.2024,2690847,1284687
100963088,10018661,1614622,Im Eschengut,16,8200 Schaffhausen,2939,SH,real,True,15.11.2024,2690861,1284680
100963089,10018661,1614623,Im Eschengut,18,8200 Schaffhausen,2939,SH,real,True,15.11.2024,2690875,1284672
100963090,10018661,1614624,Im Eschengut,20,8200 Schaffhausen,2939,SH,real,True,15.11.2024,2690889,1284664
100963091,10019269,1614628,Akazienstrasse,3,8200 Schaffhausen,2939,SH,real,True,15.11.2024,2690837,1284503
100963092,10019269,1614629,Akazienstrasse,4,8200 Schaffhausen,2939,SH,real,True,15.11.2024,2690848,1284496
100963093,10019269,1614630,Akazienstrasse,5,8200 Schaffhausen,2939,SH,real,True,15.11.2024,2690846,1284517
100963094,10019269,1614632,Akazienstrasse,7,8200 Schaffhausen,2939,SH,real,True,15.11.2024,2690859,1284529
100963095,10019269,1614634,Akazienstrasse,9,8200 Schaffhausen,2939,SH,real,True,15.11.2024,2690874,1284539
100963096,10019269,1614635,Akazienstrasse,10,8200 Schaffhausen,2939,SH,real,True,15.11.2024,2690890,1284532
100963097,10019269,1614636,Akazienstrasse,11,8200 Schaffhausen,2939,SH,real,True,15.11.2024,2690889,1284547
100963098,10019269,1614637,Akazienstrasse,12,8200 Schaffhausen,2939,SH,real,True,15.11.2024,2690908,1284539
100963099,10019269,1614638,Akazienstrasse,13,8200 Schaffhausen,2939,SH,real,True,15.11.2024,2690906,1284552
100963100,10019269,1614639,Akazienstrasse,14,8200 Schaffhausen,2939,SH,real,True,15.11.2024,2690927,1284541
100963101,10019269,1614640,Akazienstrasse,15,8200 Schaffhausen,2939,SH,real,True,15.11.2024,2690924,1284555
100963102,10113192,1614643,Alleeweg,5,8200 Schaffhausen,2939,SH,real,True,15.11.2024,2690955,1284481
100963103,10113192,1614644,Alleeweg,7,8200 Schaffhausen,2939,SH,real,True,15.11.2024,2690953,1284497
100963104,10113192,1614645,Alleeweg,9,8200 Schaffhausen,2939,SH,real,True,15.11.2024,2690952,1284514
100963105,10113193,1614647,Birkenstrasse,4,8200 Schaffhausen,2939,SH,real,True,15.11.2024,2690923,1284441
100963106,10113193,1614648,Birkenstrasse,6,8200 Schaffhausen,2939,SH,real,True,15.11.2024,2690904,1284448
100963107,10113193,1614650,Birkenstrasse,10,8200 Schaffhausen,2939,SH,real,True,15.11.2024,2690868,1284461
100963108,10113193,1614651,Birkenstrasse,18,8200 Schaffhausen,2939,SH,real,True,15.11.2024,2690831,1284553
100963109,10046616,1614653,Eichenstrasse,4,8200 Schaffhausen,2939,SH,real,True,15.11.2024,2690848,1284580
100963110,10046616,1614654,Eichenstrasse,6,8200 Schaffhausen,2939,SH,real,True,15.11.2024,2690863,1284588
100963111,10046616,1614655,Eichenstrasse,8,8200 Schaffhausen,2939,SH,real,True,15.11.2024,2690870,1284591
100963112,10046616,1614657,Eichenstrasse,12,8200 Schaffhausen,2939,SH,real,True,15.11.2024,2690892,1284599
100963113,10046616,1614658,Eichenstrasse,14,8200 Schaffhausen,2939,SH,real,True,15.11.2024,2690909,1284604
100963114,10046616,1614659,Eichenstrasse,16,8200 Schaffhausen,2939,SH,real,True,15.11.2024,2690915,1284606
100963115,10046616,1614660,Eichenstrasse,18,8200 Schaffhausen,2939,SH,real,True,15.11.2024,2690932,1284609
100963116,10046616,1614661,Eichenstrasse,20,8200 Schaffhausen,2939,SH,real,True,15.11.2024,2690939,1284610
100963117,10019269,1614663,Akazienstrasse,18,8200 Schaffhausen,2939,SH,real,True,15.11.2024,2690973,1284543
100963118,10019269,1614664,Akazienstrasse,19,8200 Schaffhausen,2939,SH,real,True,15.11.2024,2690972,1284558
100963119,10019269,1614669,Akazienstrasse,24,8200 Schaffhausen,2939,SH,real,True,15.11.2024,2691027,1284546
100963120,10019269,1614670,Akazienstrasse,25,8200 Schaffhausen,2939,SH,real,True,15.11.2024,2691026,1284561
100963121,10019269,1614672,Akazienstrasse,27,8200 Schaffhausen,2939,SH,real,True,15.11.2024,2691043,1284562
100963122,10019269,1614673,Akazienstrasse,28,8200 Schaffhausen,2939,SH,real,True,15.11.2024,2691063,1284546
100963123,10019269,1614674,Akazienstrasse,29,8200 Schaffhausen,2939,SH,real,True,15.11.2024,2691059,1284562
100963124,10019269,1614675,Akazienstrasse,30,8200 Schaffhausen,2939,SH,real,True,15.11.2024,2691080,1284539
100963125,10019269,1614676,Akazienstrasse,31,8200 Schaffhausen,2939,SH,real,True,15.11.2024,2691076,1284558
100963126,10019269,1614678,Akazienstrasse,35,8200 Schaffhausen,2939,SH,real,True,15.11.2024,2691104,1284541
100963127,10113192,1614680,Alleeweg,4,8200 Schaffhausen,2939,SH,real,True,15.11.2024,2690973,1284480
100963128,10113192,1614681,Alleeweg,6,8200 Schaffhausen,2939,SH,real,True,15.11.2024,2690972,1284497
100963129,10046616,1614683,Eichenstrasse,22,8200 Schaffhausen,2939,SH,real,True,15.11.2024,2690968,1284613
100963130,10046616,1614685,Eichenstrasse,26,8200 Schaffhausen,2939,SH,real,True,15.11.2024,2690992,1284615
100963131,10046616,1614686,Eichenstrasse,28,8200 Schaffhausen,2939,SH,real,True,15.11.2024,2690999,1284616
100963132,10046616,1614687,Eichenstrasse,30,8200 Schaffhausen,2939,SH,real,True,15.11.2024,2691016,1284616
100963133,10046616,1614688,Eichenstrasse,32,8200 Schaffhausen,2939,SH,real,True,15.11.2024,2691023,1284616
100963134,10046616,1614689,Eichenstrasse,34,8200 Schaffhausen,2939,SH,real,True,15.11.2024,2691040,1284616
100963157,10073072,1614724,Tannenstrasse,13,8200 Schaffhausen,2939,SH,real,True,15.11.2024,2691030,1284416
100963158,10073072,1614725,Tannenstrasse,21,8200 Schaffhausen,2939,SH,real,True,15.11.2024,2691086,1284446
100963159,10073072,1614726,Tannenstrasse,23,8200 Schaffhausen,2939,SH,real,True,15.11.2024,2691109,1284458
100963160,10073072,1614727,Tannenstrasse,25,8200 Schaffhausen,2939,SH,real,True,15.11.2024,2691132,1284471
100963161,10025693,1614728,Stimmerstrasse,40,8200 Schaffhausen,2939,SH,real,True,15.11.2024,2690925,1284356
100963162,10073072,1614730,Tannenstrasse,6,8200 Schaffhausen,2939,SH,real,True,15.11.2024,2690963,1284367
100963448,10019792,1610920,Rammersbühlstrasse,6,8200 Schaffhausen,2939,SH,real,True,15.11.2024,2688847,1283876
100963449,10019792,1610921,Rammersbühlstrasse,10,8200 Schaffhausen,2939,SH,real,True,15.11.2024,2688855,1283846
100963450,10019792,1610922,Rammersbühlstrasse,16,8200 Schaffhausen,2939,SH,real,True,15.11.2024,2688893,1283856
100963451,10085736,1610923,Schildgutstrasse,4,8200 Schaffhausen,2939,SH,real,True,15.11.2024,2688783,1283700
100963452,10085736,1610924,Schildgutstrasse,6,8200 Schaffhausen,2939,SH,real,True,15.11.2024,2688728,1283683
100963453,10085736,1610925,Schildgutstrasse,10,8200 Schaffhausen,2939,SH,real,True,15.11.2024,2688786,1283744
100963454,10085736,1610926,Schildgutstrasse,12,8200 Schaffhausen,2939,SH,real,True,15.11.2024,2688837,1283768
100963557,10120424,1613330,Herblingerstrasse,73,8207 Schaffhausen,2939,SH,real,True,15.11.2024,2691506,1286259
100963559,10120424,1613336,Herblingerstrasse,85,8207 Schaffhausen,2939,SH,real,True,15.11.2024,2691573,1286291
100963560,10120424,1613337,Herblingerstrasse,89,8207 Schaffhausen,2939,SH,real,True,15.11.2024,2691593,1286311
100963561,10120425,1613339,Im Hägli,3,8207 Schaffhausen,2939,SH,real,True,15.11.2024,2691582,1286346
100963562,10120425,1613340,Im Hägli,5,8207 Schaffhausen,2939,SH,real,True,15.11.2024,2691579,1286351
100963565,10108024,1613343,Kirchbergstrasse,44,8207 Schaffhausen,2939,SH,real,True,15.11.2024,2691589,1286413
100963566,10120425,1613344,Im Hägli,4,8207 Schaffhausen,2939,SH,real,True,15.11.2024,2691616,1286374
100963569,10073026,1613349,Blumenweg,2,8207 Schaffhausen,2939,SH,real,True,15.11.2024,2691794,1286516
100963570,10073026,1613350,Blumenweg,4,8207 Schaffhausen,2939,SH,real,True,15.11.2024,2691782,1286530
100963571,10073026,1613351,Blumenweg,5,8207 Schaffhausen,2939,SH,real,True,15.11.2024,2691786,1286489
100963572,10073026,1613352,Blumenweg,7,8207 Schaffhausen,2939,SH,real,True,15.11.2024,2691772,1286499
100963573,10073026,1613353,Blumenweg,9,8207 Schaffhausen,2939,SH,real,True,15.11.2024,2691763,1286528
100963574,10120424,1613355,Herblingerstrasse,115,8207 Schaffhausen,2939,SH,real,True,15.11.2024,2691755,1286407
100963576,10085737,1613360,Schlossstrasse,11,8207 Schaffhausen,2939,SH,real,True,15.11.2024,2691833,1286583
100963577,10085737,1613361,Schlossstrasse,9,8207 Schaffhausen,2939,SH,real,True,15.11.2024,2691828,1286574
100963578,10085737,1613362,Schlossstrasse,5,8207 Schaffhausen,2939,SH,real,True,15.11.2024,2691818,1286555
100963579,10179717,1613363,Im Bergli,12,8207 Schaffhausen,2939,SH,real,True,15.11.2024,2691349,1286286
100963580,10086475,1615170,Buchthalerstrasse,147,8203 Schaffhausen,2939,SH,real,True,15.11.2024,2691251,1283708
100963581,10086475,1615171,Buchthalerstrasse,149,8203 Schaffhausen,2939,SH,real,True,15.11.2024,2691282,1283703
100963582,10086475,1615172,Buchthalerstrasse,155,8203 Schaffhausen,2939,SH,real,True,15.11.2024,2691306,1283722
100963583,10086475,1615174,Buchthalerstrasse,163,8203 Schaffhausen,2939,SH,real,True,15.11.2024,2691354,1283725
100963584,10086475,1615176,Buchthalerstrasse,167,8203 Schaffhausen,2939,SH,real,True,15.11.2024,2691420,1283725
100963588,10018635,1615182,Furkastrasse,17,8203 Schaffhausen,2939,SH,real,True,15.11.2024,2690846,1283451
100963589,10086475,1615183,Buchthalerstrasse,65,8200 Schaffhausen,2939,SH,real,True,15.11.2024,2690882,1283381
100963590,10086475,1615184,Buchthalerstrasse,67,8200 Schaffhausen,2939,SH,real,True,15.11.2024,2690871,1283391
100963591,10086475,1615185,Buchthalerstrasse,75,8203 Schaffhausen,2939,SH,real,True,15.11.2024,2690941,1283414
100963592,10086475,1615186,Buchthalerstrasse,83,8203 Schaffhausen,2939,SH,real,True,15.11.2024,2690972,1283432
100963593,10086475,1615187,Buchthalerstrasse,93,8203 Schaffhausen,2939,SH,real,True,15.11.2024,2691008,1283451
100963594,10086475,1615188,Buchthalerstrasse,95,8203 Schaffhausen,2939,SH,real,True,15.11.2024,2690998,1283469
100963595,10086475,1615189,Buchthalerstrasse,97,8203 Schaffhausen,2939,SH,real,True,15.11.2024,2691037,1283461
100963596,10086475,1615190,Buchthalerstrasse,99,8203 Schaffhausen,2939,SH,real,True,15.11.2024,2691028,1283479
100963597,10018635,1615191,Furkastrasse,1,8203 Schaffhausen,2939,SH,real,True,15.11.2024,2691068,1283478
100963598,10086475,1615193,Buchthalerstrasse,71,8203 Schaffhausen,2939,SH,real,True,15.11.2024,2690913,1283421
100963600,10179713,1615195,Furkastieg,2,8203 Schaffhausen,2939,SH,real,True,15.11.2024,2691090,1283533
100963601,10086475,1615197,Buchthalerstrasse,109,8203 Schaffhausen,2939,SH,real,True,15.11.2024,2691093,1283479
100963602,10086475,1615198,Buchthalerstrasse,111,8203 Schaffhausen,2939,SH,real,True,15.11.2024,2691107,1283485
100963603,10086475,1615199,Buchthalerstrasse,113,8203 Schaffhausen,2939,SH,real,True,15.11.2024,2691120,1283491
100963604,10086475,1615200,Buchthalerstrasse,115,8203 Schaffhausen,2939,SH,real,True,15.11.2024,2691111,1283513
100963605,10086475,1615201,Buchthalerstrasse,117,8203 Schaffhausen,2939,SH,real,True,15.11.2024,2691136,1283499
100963606,10086475,1615202,Buchthalerstrasse,123,8203 Schaffhausen,2939,SH,real,True,15.11.2024,2691160,1283517
100963607,10086475,1615204,Buchthalerstrasse,119,8203 Schaffhausen,2939,SH,real,True,15.11.2024,2691126,1283522
100963608,10086475,1615205,Buchthalerstrasse,121,8203 Schaffhausen,2939,SH,real,True,15.11.2024,2691111,1283555
100963609,10086475,1615206,Buchthalerstrasse,127,8203 Schaffhausen,2939,SH,real,True,15.11.2024,2691190,1283544
100963610,10086475,1615207,Buchthalerstrasse,129,8203 Schaffhausen,2939,SH,real,True,15.11.2024,2691180,1283555
100963611,10025686,1615208,Spendtrottengut,10,8203 Schaffhausen,2939,SH,real,True,15.11.2024,2691158,1283588
100963612,10025686,1615209,Spendtrottengut,12,8203 Schaffhausen,2939,SH,real,True,15.11.2024,2691128,1283571
100963613,10018635,1615210,Furkastrasse,6,8203 Schaffhausen,2939,SH,real,True,15.11.2024,2691049,1283530
100963614,10018635,1615211,Furkastrasse,8,8203 Schaffhausen,2939,SH,real,True,15.11.2024,2691045,1283544
100963615,10018635,1615214,Furkastrasse,14,8203 Schaffhausen,2939,SH,real,True,15.11.2024,2690991,1283512
100963616,10018635,1615216,Furkastrasse,18,8203 Schaffhausen,2939,SH,real,True,15.11.2024,2690967,1283496
100963617,10018635,1615217,Furkastrasse,20,8203 Schaffhausen,2939,SH,real,True,15.11.2024,2690938,1283481
100963618,10018635,1615218,Furkastrasse,26,8203 Schaffhausen,2939,SH,real,True,15.11.2024,2690909,1283469
100963619,10018635,1615219,Furkastrasse,30,8203 Schaffhausen,2939,SH,real,True,15.11.2024,2690885,1283455
100963620,10018635,1615219,Furkastrasse,32,8203 Schaffhausen,2939,SH,real,True,15.11.2024,2690887,1283463
100963621,10018635,1615219,Furkastrasse,36,8203 Schaffhausen,2939,SH,real,True,15.11.2024,2690890,1283478
100963622,10018635,1615219,Furkastrasse,38,8203 Schaffhausen,2939,SH,real,True,15.11.2024,2690892,1283486
100963623,10018635,1615219,Furkastrasse,44,8203 Schaffhausen,2939,SH,real,True,15.11.2024,2690897,1283508
100963624,10018635,1615219,Furkastrasse,42,8203 Schaffhausen,2939,SH,real,True,15.11.2024,2690895,1283501
100963625,10018635,1615219,Furkastrasse,40,8203 Schaffhausen,2939,SH,real,True,15.11.2024,2690894,1283493
100963626,10018635,1615220,Furkastrasse,46,8203 Schaffhausen,2939,SH,real,True,15.11.2024,2690871,1283471
100963627,10018635,1615220,Furkastrasse,56,8203 Schaffhausen,2939,SH,real,True,15.11.2024,2690881,1283509
100963628,10018635,1615220,Furkastrasse,48,8203 Schaffhausen,2939,SH,real,True,15.11.2024,2690873,1283479
100963629,10018635,1615220,Furkastrasse,52,8203 Schaffhausen,2939,SH,real,True,15.11.2024,2690877,1283494
100963630,10018635,1615220,Furkastrasse,54,8203 Schaffhausen,2939,SH,real,True,15.11.2024,2690879,1283502
100963631,10018635,1615220,Furkastrasse,50,8203 Schaffhausen,2939,SH,real,True,15.11.2024,2690875,1283487
100963632,10018635,1615221,Furkastrasse,58,8203 Schaffhausen,2939,SH,real,True,15.11.2024,2690857,1283485
100963633,10018635,1615221,Furkastrasse,64,8203 Schaffhausen,2939,SH,real,True,15.11.2024,2690862,1283507
100963634,10018635,1615221,Furkastrasse,60,8203 Schaffhausen,2939,SH,real,True,15.11.2024,2690859,1283493
100963635,10018635,1615221,Furkastrasse,62,8203 Schaffhausen,2939,SH,real,True,15.11.2024,2690861,1283500
100963636,10018635,1615222,Furkastrasse,66,8203 Schaffhausen,2939,SH,real,True,15.11.2024,2690800,1283478
100963637,10018635,1615222,Furkastrasse,72,8203 Schaffhausen,2939,SH,real,True,15.11.2024,2690813,1283498
100963638,10018635,1615222,Furkastrasse,68,8203 Schaffhausen,2939,SH,real,True,15.11.2024,2690804,1283485
100963639,10018635,1615222,Furkastrasse,74,8203 Schaffhausen,2939,SH,real,True,15.11.2024,2690817,1283505
100963640,10018635,1615222,Furkastrasse,70,8203 Schaffhausen,2939,SH,real,True,15.11.2024,2690808,1283492
100963641,10018635,1615223,Furkastrasse,76,8203 Schaffhausen,2939,SH,real,True,15.11.2024,2690783,1283484
100963642,10018635,1615223,Furkastrasse,82,8203 Schaffhausen,2939,SH,real,True,15.11.2024,2690795,1283504
100963643,10018635,1615223,Furkastrasse,78,8203 Schaffhausen,2939,SH,real,True,15.11.2024,2690787,1283490
100963644,10018635,1615223,Furkastrasse,80,8203 Schaffhausen,2939,SH,real,True,15.11.2024,2690791,1283497
100963645,10132132,1615224,Bruderhöflistrasse,5,8203 Schaffhausen,2939,SH,real,True,15.11.2024,2690987,1283369
100963646,10132132,1615225,Bruderhöflistrasse,7,8203 Schaffhausen,2939,SH,real,True,15.11.2024,2691004,1283372
100964053,10186338,1609113,Münchbrunnenstrasse,6,8240 Thayngen,2920,SH,real,True,15.11.2024,2696158,1289445
100964054,10186338,1609114,Münchbrunnenstrasse,12,8240 Thayngen,2920,SH,real,True,15.11.2024,2696209,1289418
100964055,10186338,1609115,Münchbrunnenstrasse,16,8240 Thayngen,2920,SH,real,True,15.11.2024,2696231,1289407
100964056,10186338,1609117,Münchbrunnenstrasse,20,8240 Thayngen,2920,SH,real,True,15.11.2024,2696241,1289401
100964057,10186338,1609118,Münchbrunnenstrasse,22,8240 Thayngen,2920,SH,real,True,15.11.2024,2696246,1289400
100964058,10186338,1609119,Münchbrunnenstrasse,24,8240 Thayngen,2920,SH,real,True,15.11.2024,2696251,1289396
100964059,10186338,1609120,Münchbrunnenstrasse,26,8240 Thayngen,2920,SH,real,True,15.11.2024,2696256,1289395
100964060,10237818,1609121,Rebbergstrasse,54,8240 Thayngen,2920,SH,real,True,15.11.2024,2696097,1289463
100964061,10237818,1609122,Rebbergstrasse,74,8240 Thayngen,2920,SH,real,True,15.11.2024,2696224,1289468
100964062,10237818,1609123,Rebbergstrasse,76,8240 Thayngen,2920,SH,real,True,15.11.2024,2696242,1289464
100964063,10237818,1609124,Rebbergstrasse,78,8240 Thayngen,2920,SH,real,True,15.11.2024,2696260,1289466
100964064,10237818,1609125,Rebbergstrasse,80,8240 Thayngen,2920,SH,real,True,15.11.2024,2696267,1289464
100964065,10237818,1609126,Rebbergstrasse,82,8240 Thayngen,2920,SH,real,True,15.11.2024,2696273,1289462
100964066,10237818,1609128,Rebbergstrasse,86,8240 Thayngen,2920,SH,real,True,15.11.2024,2696294,1289453
100964067,10237818,1609129,Rebbergstrasse,88,8240 Thayngen,2920,SH,real,True,15.11.2024,2696300,1289450
100964068,10237818,1609131,Rebbergstrasse,92,8240 Thayngen,2920,SH,real,True,15.11.2024,2696323,1289424
100964069,10237818,1609132,Rebbergstrasse,2,8240 Thayngen,2920,SH,real,True,15.11.2024,2695743,1289327
100964070,10237818,1609135,Rebbergstrasse,46,8240 Thayngen,2920,SH,real,True,15.11.2024,2696000,1289415
100964071,10237818,1609136,Rebbergstrasse,48,8240 Thayngen,2920,SH,real,True,15.11.2024,2696020,1289428
100964072,10237818,1609137,Rebbergstrasse,50,8240 Thayngen,2920,SH,real,True,15.11.2024,2696046,1289444
100964073,10237818,1609138,Rebbergstrasse,52,8240 Thayngen,2920,SH,real,True,15.11.2024,2696071,1289458
100964074,10018150,1609139,Schelmenstieg,7,8240 Thayngen,2920,SH,real,True,15.11.2024,2696069,1289428
100964075,10018150,1609141,Schelmenstieg,1,8240 Thayngen,2920,SH,real,True,15.11.2024,2696052,1289394
100964076,10026388,1609142,Chlenglerweg,13,8240 Thayngen,2920,SH,real,True,15.11.2024,2696042,1289393
100964077,10026388,1609143,Chlenglerweg,11,8240 Thayngen,2920,SH,real,True,15.11.2024,2696020,1289387
100964078,10026388,1609145,Chlenglerweg,3,8240 Thayngen,2920,SH,real,True,15.11.2024,2695976,1289385
100964079,10026388,1609146,Chlenglerweg,5,8240 Thayngen,2920,SH,real,True,15.11.2024,2695962,1289385
100964080,10026388,1609147,Chlenglerweg,1,8240 Thayngen,2920,SH,real,True,15.11.2024,2695950,1289353
100964081,10111812,1609148,Ebringerstrasse,15,8240 Thayngen,2920,SH,real,True,15.11.2024,2695855,1289339
100964082,10111812,1609149,Ebringerstrasse,13,8240 Thayngen,2920,SH,real,True,15.11.2024,2695815,1289331
100964083,10152031,1609150,Im Engelmaa,8,8240 Thayngen,2920,SH,real,True,15.11.2024,2695791,1289334
100964084,10118139,1609151,Kochenwiesliweg,10,8240 Thayngen,2920,SH,real,True,15.11.2024,2695665,1289253
100964085,10026382,1609152,Baumgartenweg,13,8240 Thayngen,2920,SH,real,True,15.11.2024,2695589,1289212
100964086,10026382,1609153,Baumgartenweg,11,8240 Thayngen,2920,SH,real,True,15.11.2024,2695613,1289208
100964087,10026382,1609154,Baumgartenweg,9,8240 Thayngen,2920,SH,real,True,15.11.2024,2695636,1289206
100964088,10026382,1609155,Baumgartenweg,7,8240 Thayngen,2920,SH,real,True,15.11.2024,2695667,1289206
100964089,10026383,1609157,Bietingerstrasse,7,8240 Thayngen,2920,SH,real,True,15.11.2024,2695700,1289293
100964090,10111812,1609159,Ebringerstrasse,6,8240 Thayngen,2920,SH,real,True,15.11.2024,2695765,1289299
100964091,10026388,1609163,Chlenglerweg,12,8240 Thayngen,2920,SH,real,True,15.11.2024,2696032,1289360
100964092,10026388,1609164,Chlenglerweg,14,8240 Thayngen,2920,SH,real,True,15.11.2024,2696059,1289364
100964093,10073034,1610872,Friedbergstrasse,62,8200 Schaffhausen,2939,SH,real,True,15.11.2024,2689220,1283622
100964094,10073034,1610873,Friedbergstrasse,74,8200 Schaffhausen,2939,SH,real,True,15.11.2024,2689247,1283665
100964095,10073034,1610874,Friedbergstrasse,78,8200 Schaffhausen,2939,SH,real,True,15.11.2024,2689244,1283705
100964097,10025691,1610878,Steigstrasse,63,8200 Schaffhausen,2939,SH,real,True,15.11.2024,2689301,1283668
100964099,10025691,1610880,Steigstrasse,75,8200 Schaffhausen,2939,SH,real,True,15.11.2024,2689281,1283703
100964100,10085748,1610882,Stokarbergstrasse,3,8200 Schaffhausen,2939,SH,real,True,15.11.2024,2689250,1283706
100964101,10106950,1610883,Kometsträsschen,19,8200 Schaffhausen,2939,SH,real,True,15.11.2024,2689108,1283363
100964102,10106950,1610886,Kometsträsschen,29,8200 Schaffhausen,2939,SH,real,True,15.11.2024,2689119,1283429
100964103,10025694,1610888,Stokarweg,6,8200 Schaffhausen,2939,SH,real,True,15.11.2024,2689009,1283464
100964104,10085754,1610889,Urwerf,14,8200 Schaffhausen,2939,SH,real,True,15.11.2024,2689010,1283334
100964106,10179726,1610892,Rietstrasse,1,8200 Schaffhausen,2939,SH,real,True,15.11.2024,2689166,1283921
100964107,10025691,1610894,Steigstrasse,79,8200 Schaffhausen,2939,SH,real,True,15.11.2024,2689241,1283734
100964108,10025691,1610895,Steigstrasse,81,8200 Schaffhausen,2939,SH,real,True,15.11.2024,2689235,1283743
100964109,10025691,1610896,Steigstrasse,85,8200 Schaffhausen,2939,SH,real,True,15.11.2024,2689231,1283777
100964110,10025691,1610897,Steigstrasse,91,8200 Schaffhausen,2939,SH,real,True,15.11.2024,2689229,1283805
100964111,10085748,1610898,Stokarbergstrasse,14,8200 Schaffhausen,2939,SH,real,True,15.11.2024,2689178,1283721
100964112,10085748,1610899,Stokarbergstrasse,24,8200 Schaffhausen,2939,SH,real,True,15.11.2024,2689130,1283741
100964113,10025706,1610901,Villenstrasse,4,8200 Schaffhausen,2939,SH,real,True,15.11.2024,2689195,1283772
100964114,10025706,1610902,Villenstrasse,5,8200 Schaffhausen,2939,SH,real,True,15.11.2024,2689200,1283747
100964115,10025706,1610903,Villenstrasse,6,8200 Schaffhausen,2939,SH,real,True,15.11.2024,2689152,1283791
100964116,10025706,1610905,Villenstrasse,10,8200 Schaffhausen,2939,SH,real,True,15.11.2024,2689211,1283839
100964117,10025706,1610906,Villenstrasse,21,8200 Schaffhausen,2939,SH,real,True,15.11.2024,2689096,1283746
100964118,10025706,1610907,Villenstrasse,23,8200 Schaffhausen,2939,SH,real,True,15.11.2024,2689076,1283745
100964119,10025706,1610908,Villenstrasse,25,8200 Schaffhausen,2939,SH,real,True,15.11.2024,2689044,1283759
100964120,10025706,1610909,Villenstrasse,35,8200 Schaffhausen,2939,SH,real,True,15.11.2024,2689156,1283852
100964121,10019287,1610910,Bühlstrasse,5,8200 Schaffhausen,2939,SH,real,True,15.11.2024,2689064,1283855
100964123,10019287,1610913,Bühlstrasse,11,8200 Schaffhausen,2939,SH,real,True,15.11.2024,2688983,1283804
100964124,10019287,1610915,Bühlstrasse,35,8200 Schaffhausen,2939,SH,real,True,15.11.2024,2688914,1283893
100964125,10019792,1610916,Rammersbühlstrasse,5,8200 Schaffhausen,2939,SH,real,True,15.11.2024,2688851,1283908
100964127,10019287,1610917,Bühlstrasse,41,8200 Schaffhausen,2939,SH,real,True,15.11.2024,2688836,1283919
100964128,10019287,1610918,Bühlstrasse,61,8200 Schaffhausen,2939,SH,real,True,15.11.2024,2688794,1283944
100964129,10019792,1610919,Rammersbühlstrasse,4,8200 Schaffhausen,2939,SH,real,True,15.11.2024,2688833,1283879
100964139,10025681,1612796,Sennereistrasse,101,8200 Schaffhausen,2939,SH,real,True,15.11.2024,2690895,1285651
100964140,10025681,1612797,Sennereistrasse,103,8200 Schaffhausen,2939,SH,real,True,15.11.2024,2690891,1285656
100964141,10025681,1612798,Sennereistrasse,105,8200 Schaffhausen,2939,SH,real,True,15.11.2024,2690886,1285661
100964142,10025681,1612799,Sennereistrasse,107,8200 Schaffhausen,2939,SH,real,True,15.11.2024,2690884,1285667
100964143,10025681,1612801,Sennereistrasse,111,8200 Schaffhausen,2939,SH,real,True,15.11.2024,2690917,1285669
100964144,10025681,1612802,Sennereistrasse,113,8200 Schaffhausen,2939,SH,real,True,15.11.2024,2690913,1285674
100964145,10025681,1612803,Sennereistrasse,115,8200 Schaffhausen,2939,SH,real,True,15.11.2024,2690909,1285679
100964146,10025681,1612804,Sennereistrasse,117,8200 Schaffhausen,2939,SH,real,True,15.11.2024,2690907,1285685
100964147,10025681,1612805,Sennereistrasse,119,8200 Schaffhausen,2939,SH,real,True,15.11.2024,2690903,1285690
100964148,10025681,1612806,Sennereistrasse,121,8200 Schaffhausen,2939,SH,real,True,15.11.2024,2690939,1285687
100964149,10025681,1612807,Sennereistrasse,123,8200 Schaffhausen,2939,SH,real,True,15.11.2024,2690935,1285692
100964150,10025681,1612808,Sennereistrasse,125,8200 Schaffhausen,2939,SH,real,True,15.11.2024,2690932,1285697
100964151,10086473,1612812,Bocksrietstrasse,108,8200 Schaffhausen,2939,SH,real,True,15.11.2024,2690947,1285769
100964152,10086473,1612813,Bocksrietstrasse,110,8200 Schaffhausen,2939,SH,real,True,15.11.2024,2690986,1285777
100964153,10086473,1612815,Bocksrietstrasse,130,8200 Schaffhausen,2939,SH,real,True,15.11.2024,2691035,1285817
100964154,10086473,1612816,Bocksrietstrasse,132,8200 Schaffhausen,2939,SH,real,True,15.11.2024,2691052,1285834
100964155,10086473,1612817,Bocksrietstrasse,134,8200 Schaffhausen,2939,SH,real,True,15.11.2024,2691077,1285851
100964156,10018674,1612818,Kronenacker,5,8200 Schaffhausen,2939,SH,real,True,15.11.2024,2691081,1285802
100964157,10018645,1612820,Grünaustieg,30,8200 Schaffhausen,2939,SH,real,True,15.11.2024,2690557,1285536
100964158,10086473,1612821,Bocksrietstrasse,55,8200 Schaffhausen,2939,SH,real,True,15.11.2024,2690657,1285568
100964159,10086473,1612822,Bocksrietstrasse,57,8200 Schaffhausen,2939,SH,real,True,15.11.2024,2690673,1285579
100964160,10086473,1612825,Bocksrietstrasse,63,8200 Schaffhausen,2939,SH,real,True,15.11.2024,2690721,1285621
100964161,10086473,1612826,Bocksrietstrasse,65,8200 Schaffhausen,2939,SH,real,True,15.11.2024,2690737,1285636
100964162,10086473,1612827,Bocksrietstrasse,67,8200 Schaffhausen,2939,SH,real,True,15.11.2024,2690755,1285653
100964163,10018654,1612828,Hochstrasse,286,8200 Schaffhausen,2939,SH,real,True,15.11.2024,2690645,1285672
100964164,10018654,1612830,Hochstrasse,290,8200 Schaffhausen,2939,SH,real,True,15.11.2024,2690673,1285638
100964165,10018654,1612831,Hochstrasse,292,8200 Schaffhausen,2939,SH,real,True,15.11.2024,2690681,1285622
100964166,10018654,1612832,Hochstrasse,296,8200 Schaffhausen,2939,SH,real,True,15.11.2024,2690702,1285673
100964167,10018654,1612835,Hochstrasse,306,8200 Schaffhausen,2939,SH,real,True,15.11.2024,2690717,1285737
100964168,10018654,1612836,Hochstrasse,308,8200 Schaffhausen,2939,SH,real,True,15.11.2024,2690726,1285725
100964169,10018654,1612838,Hochstrasse,312,8200 Schaffhausen,2939,SH,real,True,15.11.2024,2690739,1285756
100964170,10018654,1612839,Hochstrasse,314,8200 Schaffhausen,2939,SH,real,True,15.11.2024,2690750,1285745
100964171,10018654,1612840,Hochstrasse,316,8200 Schaffhausen,2939,SH,real,True,15.11.2024,2690761,1285734
100964172,10086473,1612842,Bocksrietstrasse,71a,8200 Schaffhausen,2939,SH,real,True,15.11.2024,2690734,1285680
100964173,10086473,1612843,Bocksrietstrasse,73,8200 Schaffhausen,2939,SH,real,True,15.11.2024,2690751,1285690
100964174,10086473,1612844,Bocksrietstrasse,75,8200 Schaffhausen,2939,SH,real,True,15.11.2024,2690763,1285701
100964175,10086473,1612845,Bocksrietstrasse,77,8200 Schaffhausen,2939,SH,real,True,15.11.2024,2690774,1285711
100964176,10046617,1612847,Falkenstrasse,3,8200 Schaffhausen,2939,SH,real,True,15.11.2024,2690808,1285734
100964177,10046617,1612849,Falkenstrasse,7,8200 Schaffhausen,2939,SH,real,True,15.11.2024,2690792,1285763
100964178,10046617,1612850,Falkenstrasse,9,8200 Schaffhausen,2939,SH,real,True,15.11.2024,2690785,1285777
100964179,10086473,1612852,Bocksrietstrasse,103,8200 Schaffhausen,2939,SH,real,True,15.11.2024,2690947,1285798
100964180,10018654,1612854,Hochstrasse,334,8200 Schaffhausen,2939,SH,real,True,15.11.2024,2690854,1285868
100964181,10018654,1612855,Hochstrasse,344,8200 Schaffhausen,2939,SH,real,True,15.11.2024,2690969,1285846
100964182,10018654,1612856,Hochstrasse,346,8200 Schaffhausen,2939,SH,real,True,15.11.2024,2690991,1285824
100964184,10018654,1612858,Hochstrasse,352,8200 Schaffhausen,2939,SH,real,True,15.11.2024,2691023,1285840
100964185,10046631,1612859,St. Peterstrasse,1,8200 Schaffhausen,2939,SH,real,True,15.11.2024,2690823,1285804
100964186,10046631,1612860,St. Peterstrasse,3,8200 Schaffhausen,2939,SH,real,True,15.11.2024,2690811,1285819
100964187,10046631,1612861,St. Peterstrasse,5,8200 Schaffhausen,2939,SH,real,True,15.11.2024,2690847,1285822
100964188,10046631,1612862,St. Peterstrasse,7,8200 Schaffhausen,2939,SH,real,True,15.11.2024,2690837,1285838
100964189,10046616,1614690,Eichenstrasse,36,8200 Schaffhausen,2939,SH,real,True,15.11.2024,2691047,1284615
100964190,10046616,1614693,Eichenstrasse,42,8200 Schaffhausen,2939,SH,real,True,15.11.2024,2691087,1284608
100964191,10046616,1614694,Eichenstrasse,44,8200 Schaffhausen,2939,SH,real,True,15.11.2024,2691094,1284607
100964192,10046616,1614696,Eichenstrasse,48,8200 Schaffhausen,2939,SH,real,True,15.11.2024,2691117,1284601
100964193,10025693,1614697,Stimmerstrasse,45,8200 Schaffhausen,2939,SH,real,True,15.11.2024,2690978,1284461
100964194,10025693,1614698,Stimmerstrasse,47,8200 Schaffhausen,2939,SH,real,True,15.11.2024,2691007,1284471
100964195,10025693,1614699,Stimmerstrasse,49,8200 Schaffhausen,2939,SH,real,True,15.11.2024,2691023,1284478
100964196,10025693,1614701,Stimmerstrasse,53,8200 Schaffhausen,2939,SH,real,True,15.11.2024,2691054,1284492
100964197,10025693,1614703,Stimmerstrasse,57,8200 Schaffhausen,2939,SH,real,True,15.11.2024,2691085,1284507
100964198,10025693,1614705,Stimmerstrasse,42,8200 Schaffhausen,2939,SH,real,True,15.11.2024,2690943,1284393
100964199,10025693,1614706,Stimmerstrasse,44,8200 Schaffhausen,2939,SH,real,True,15.11.2024,2690954,1284411
100964200,10025693,1614707,Stimmerstrasse,46,8200 Schaffhausen,2939,SH,real,True,15.11.2024,2690968,1284425
100964201,10025693,1614709,Stimmerstrasse,50,8200 Schaffhausen,2939,SH,real,True,15.11.2024,2690990,1284439
100964202,10025693,1614710,Stimmerstrasse,52,8200 Schaffhausen,2939,SH,real,True,15.11.2024,2691004,1284447
100964203,10025693,1614711,Stimmerstrasse,54,8200 Schaffhausen,2939,SH,real,True,15.11.2024,2691010,1284450
100964204,10025693,1614712,Stimmerstrasse,58,8200 Schaffhausen,2939,SH,real,True,15.11.2024,2691048,1284468
100964205,10025693,1614713,Stimmerstrasse,60,8200 Schaffhausen,2939,SH,real,True,15.11.2024,2691071,1284476
100964206,10025693,1614714,Stimmerstrasse,62,8200 Schaffhausen,2939,SH,real,True,15.11.2024,2691094,1284488
100964207,10025693,1614715,Stimmerstrasse,64,8200 Schaffhausen,2939,SH,real,True,15.11.2024,2691117,1284500
100964208,10085750,1614716,Tannegg,2,8200 Schaffhausen,2939,SH,real,True,15.11.2024,2691027,1284449
100964209,10085750,1614718,Tannegg,4,8200 Schaffhausen,2939,SH,real,True,15.11.2024,2691034,1284433
100964210,10073072,1614719,Tannenstrasse,3,8200 Schaffhausen,2939,SH,real,True,15.11.2024,2690982,1284391
100964211,10073072,1614720,Tannenstrasse,5,8200 Schaffhausen,2939,SH,real,True,15.11.2024,2690989,1284395
100964212,10073072,1614722,Tannenstrasse,9,8200 Schaffhausen,2939,SH,real,True,15.11.2024,2691009,1284405
100964466,10237818,1609052,Rebbergstrasse,26,8240 Thayngen,2920,SH,real,True,15.11.2024,2695834,1289394
100964467,10111812,1609053,Ebringerstrasse,200,8240 Thayngen,2920,SH,real,True,15.11.2024,2697169,1289311
100964468,10111812,1609054,Ebringerstrasse,191,8240 Thayngen,2920,SH,real,True,15.11.2024,2697045,1289330
100964469,10111812,1609055,Ebringerstrasse,123,8240 Thayngen,2920,SH,real,True,15.11.2024,2696556,1289268
100964470,10111812,1609057,Ebringerstrasse,109,8240 Thayngen,2920,SH,real,True,15.11.2024,2696460,1289290
100964471,10111812,1609058,Ebringerstrasse,107,8240 Thayngen,2920,SH,real,True,15.11.2024,2696417,1289286
100964472,10111812,1609061,Ebringerstrasse,141,8240 Thayngen,2920,SH,real,True,15.11.2024,2696645,1289245
100964473,10026388,1609065,Chlenglerweg,59,8240 Thayngen,2920,SH,real,True,15.11.2024,2696338,1289381
100964474,10026388,1609066,Chlenglerweg,63,8240 Thayngen,2920,SH,real,True,15.11.2024,2696360,1289370
100964475,10026388,1609067,Chlenglerweg,69,8240 Thayngen,2920,SH,real,True,15.11.2024,2696391,1289360
100964476,10026388,1609069,Chlenglerweg,75,8240 Thayngen,2920,SH,real,True,15.11.2024,2696438,1289354
100964477,10026388,1609070,Chlenglerweg,77,8240 Thayngen,2920,SH,real,True,15.11.2024,2696468,1289355
100964478,10026388,1609071,Chlenglerweg,79,8240 Thayngen,2920,SH,real,True,15.11.2024,2696505,1289350
100964479,10026388,1609072,Chlenglerweg,97,8240 Thayngen,2920,SH,real,True,15.11.2024,2696573,1289331
100964480,10026388,1609073,Chlenglerweg,99,8240 Thayngen,2920,SH,real,True,15.11.2024,2696592,1289329
100964481,10026388,1609074,Chlenglerweg,101,8240 Thayngen,2920,SH,real,True,15.11.2024,2696614,1289324
100964483,10018152,1609076,Stirnenstieg,1,8240 Thayngen,2920,SH,real,True,15.11.2024,2696855,1289278
100964484,10237818,1609077,Rebbergstrasse,81,8240 Thayngen,2920,SH,real,True,15.11.2024,2696253,1289490
100964485,10237818,1609078,Rebbergstrasse,83,8240 Thayngen,2920,SH,real,True,15.11.2024,2696266,1289509
100964486,10237818,1609079,Rebbergstrasse,85,8240 Thayngen,2920,SH,real,True,15.11.2024,2696282,1289502
100964487,10237818,1609080,Rebbergstrasse,87,8240 Thayngen,2920,SH,real,True,15.11.2024,2696297,1289476
100964488,10237818,1609081,Rebbergstrasse,89,8240 Thayngen,2920,SH,real,True,15.11.2024,2696313,1289473
100964489,10237818,1609082,Rebbergstrasse,91,8240 Thayngen,2920,SH,real,True,15.11.2024,2696337,1289458
100964490,10237818,1609083,Rebbergstrasse,93,8240 Thayngen,2920,SH,real,True,15.11.2024,2696361,1289449
100964491,10237818,1609084,Rebbergstrasse,96,8240 Thayngen,2920,SH,real,True,15.11.2024,2696372,1289411
100964492,10237818,1609085,Rebbergstrasse,98,8240 Thayngen,2920,SH,real,True,15.11.2024,2696395,1289408
100964493,10237818,1609086,Rebbergstrasse,100,8240 Thayngen,2920,SH,real,True,15.11.2024,2696404,1289405
100964494,10237818,1609088,Rebbergstrasse,104,8240 Thayngen,2920,SH,real,True,15.11.2024,2696454,1289384
100964495,10237818,1609089,Rebbergstrasse,124,8240 Thayngen,2920,SH,real,True,15.11.2024,2696474,1289383
100964497,10237818,1609093,Rebbergstrasse,134,8240 Thayngen,2920,SH,real,True,15.11.2024,2696630,1289355
100964498,10237818,1609096,Rebbergstrasse,156,8240 Thayngen,2920,SH,real,True,15.11.2024,2696702,1289337
100964499,10237818,1609099,Rebbergstrasse,164,8240 Thayngen,2920,SH,real,True,15.11.2024,2696763,1289329
100964500,10237818,1609100,Rebbergstrasse,166,8240 Thayngen,2920,SH,real,True,15.11.2024,2696787,1289334
100964501,10237818,1609101,Rebbergstrasse,168,8240 Thayngen,2920,SH,real,True,15.11.2024,2696801,1289334
100964502,10237818,1609102,Rebbergstrasse,170,8240 Thayngen,2920,SH,real,True,15.11.2024,2696825,1289339
100964503,10237818,1609103,Rebbergstrasse,g736,8240 Thayngen,2920,SH,real,True,23.07.2024,2696753,1289354
100964603,10117540,1609308,Franzengässli,1,8240 Thayngen,2920,SH,real,True,15.11.2024,2695605,1289347
100964604,10117540,1609309,Franzengässli,3,8240 Thayngen,2920,SH,real,True,15.11.2024,2695605,1289353
100964605,10058933,1609310,Kirchplatz,13,8240 Thayngen,2920,SH,real,True,15.11.2024,2695458,1289344
100964606,10058933,1609311,Kirchplatz,7,8240 Thayngen,2920,SH,real,True,15.11.2024,2695436,1289371
100964607,10058933,1609312,Kirchplatz,5,8240 Thayngen,2920,SH,real,True,15.11.2024,2695430,1289372
100964608,10058933,1609314,Kirchplatz,1,8240 Thayngen,2920,SH,real,True,15.11.2024,2695422,1289349
100964609,10120409,1609315,Schulstrasse,2,8240 Thayngen,2920,SH,real,True,15.11.2024,2695387,1289361
100964610,10120409,1609316,Schulstrasse,15,8240 Thayngen,2920,SH,real,True,15.11.2024,2695344,1289529
100964611,10058933,1609317,Kirchplatz,9,8240 Thayngen,2920,SH,real,True,15.11.2024,2695445,1289375
100964612,10073072,1614732,Tannenstrasse,10,8200 Schaffhausen,2939,SH,real,True,15.11.2024,2691001,1284376
100964613,10073072,1614733,Tannenstrasse,12,8200 Schaffhausen,2939,SH,real,True,15.11.2024,2691021,1284381
100964614,10073072,1614734,Tannenstrasse,14,8200 Schaffhausen,2939,SH,real,True,15.11.2024,2691030,1284396
100964615,10073072,1614735,Tannenstrasse,16,8200 Schaffhausen,2939,SH,real,True,15.11.2024,2691045,1284404
100964616,10073072,1614736,Tannenstrasse,18,8200 Schaffhausen,2939,SH,real,True,15.11.2024,2691059,1284412
100964617,10073072,1614737,Tannenstrasse,20,8200 Schaffhausen,2939,SH,real,True,15.11.2024,2691076,1284422
100964618,10073072,1614738,Tannenstrasse,22,8200 Schaffhausen,2939,SH,real,True,15.11.2024,2691096,1284432
100964619,10073072,1614739,Tannenstrasse,24,8200 Schaffhausen,2939,SH,real,True,15.11.2024,2691116,1284442
100964620,10073072,1614740,Tannenstrasse,26,8200 Schaffhausen,2939,SH,real,True,15.11.2024,2691140,1284453
100964621,10073072,1614742,Tannenstrasse,30,8200 Schaffhausen,2939,SH,real,True,15.11.2024,2691194,1284441
100964622,10019271,1614744,Artilleriestrasse,2,8200 Schaffhausen,2939,SH,real,True,15.11.2024,2691162,1284516
100964623,10019271,1614745,Artilleriestrasse,4,8200 Schaffhausen,2939,SH,real,True,15.11.2024,2691199,1284486
100964624,10025693,1614747,Stimmerstrasse,82,8200 Schaffhausen,2939,SH,real,True,15.11.2024,2691288,1284613
100964625,10025693,1614748,Stimmerstrasse,84,8200 Schaffhausen,2939,SH,real,True,15.11.2024,2691299,1284598
100964626,10025693,1614749,Stimmerstrasse,86,8200 Schaffhausen,2939,SH,real,True,15.11.2024,2691313,1284629
100964627,10025693,1614750,Stimmerstrasse,88,8200 Schaffhausen,2939,SH,real,True,15.11.2024,2691324,1284614
100964628,10025693,1614751,Stimmerstrasse,90,8200 Schaffhausen,2939,SH,real,True,15.11.2024,2691340,1284645
100964629,10025693,1614752,Stimmerstrasse,92,8200 Schaffhausen,2939,SH,real,True,15.11.2024,2691350,1284631
100964630,10025693,1614753,Stimmerstrasse,94,8200 Schaffhausen,2939,SH,real,True,15.11.2024,2691361,1284616
100964631,10025693,1614755,Stimmerstrasse,98,8200 Schaffhausen,2939,SH,real,True,15.11.2024,2691376,1284647
100964632,10025693,1614756,Stimmerstrasse,100,8200 Schaffhausen,2939,SH,real,True,15.11.2024,2691387,1284632
100964633,10025693,1614757,Stimmerstrasse,102,8200 Schaffhausen,2939,SH,real,True,15.11.2024,2691391,1284679
100964634,10025693,1614758,Stimmerstrasse,104,8200 Schaffhausen,2939,SH,real,True,15.11.2024,2691402,1284664
100964635,10025693,1614759,Stimmerstrasse,106,8200 Schaffhausen,2939,SH,real,True,15.11.2024,2691413,1284649
100964636,10025693,1614761,Stimmerstrasse,110,8200 Schaffhausen,2939,SH,real,True,15.11.2024,2691427,1284680
100964637,10025693,1614762,Stimmerstrasse,112,8200 Schaffhausen,2939,SH,real,True,15.11.2024,2691438,1284666
100964638,10018629,1614763,Fliederweg,2,8200 Schaffhausen,2939,SH,real,True,15.11.2024,2691450,1284708
100964639,10018629,1614764,Fliederweg,4,8200 Schaffhausen,2939,SH,real,True,15.11.2024,2691461,1284693
100964640,10019271,1614766,Artilleriestrasse,9,8200 Schaffhausen,2939,SH,real,True,15.11.2024,2691231,1284505
100964641,10019271,1614767,Artilleriestrasse,11,8200 Schaffhausen,2939,SH,real,True,15.11.2024,2691249,1284494
100964642,10019271,1614769,Artilleriestrasse,17,8200 Schaffhausen,2939,SH,real,True,15.11.2024,2691299,1284494
100964643,10019271,1614771,Artilleriestrasse,21,8200 Schaffhausen,2939,SH,real,True,15.11.2024,2691325,1284454
100964644,10019271,1614773,Artilleriestrasse,27,8200 Schaffhausen,2939,SH,real,True,15.11.2024,2691368,1284441
100964645,10019271,1614777,Artilleriestrasse,39,8200 Schaffhausen,2939,SH,real,True,15.11.2024,2691473,1284421
100964646,10019271,1614778,Artilleriestrasse,47,8200 Schaffhausen,2939,SH,real,True,15.11.2024,2691534,1284440
100964647,10018658,1614779,Holunderweg,10,8200 Schaffhausen,2939,SH,real,True,15.11.2024,2691428,1284549
100964649,10120420,1614781,Amsler-Laffon-Strasse,3,8200 Schaffhausen,2939,SH,real,True,15.11.2024,2690360,1284821
100964650,10019291,1614782,Ebnatstrasse,29,8200 Schaffhausen,2939,SH,real,True,15.11.2024,2690226,1284594
100964653,10019291,1614785,Ebnatstrasse,141,8200 Schaffhausen,2939,SH,real,True,15.11.2024,2691232,1285318
100964654,10046632,1614787,Ebnatring,29,8200 Schaffhausen,2939,SH,real,True,15.11.2024,2690973,1285291
100964655,10046632,1614788,Ebnatring,35,8200 Schaffhausen,2939,SH,real,True,15.11.2024,2691103,1285335
100964657,10165605,1614790,Ebnatfeld,12,8200 Schaffhausen,2939,SH,real,True,19.11.2024,2691159,1285456
100964659,10179727,1614793,Schalterweg,9,8200 Schaffhausen,2939,SH,real,True,15.11.2024,2690340,1285002
100964660,10019796,1614795,Rheinhardstrasse,1,8200 Schaffhausen,2939,SH,real,True,15.11.2024,2691002,1284865
100964661,10073022,1614797,Alpenstrasse,53,8200 Schaffhausen,2939,SH,real,True,15.11.2024,2690684,1283865
100964663,10073022,1614799,Alpenstrasse,65,8200 Schaffhausen,2939,SH,real,True,15.11.2024,2690738,1283855
100964664,10073022,1614800,Alpenstrasse,59,8200 Schaffhausen,2939,SH,real,True,15.11.2024,2690705,1283859
100964665,10085746,1614801,Stauffacherstrasse,2,8200 Schaffhausen,2939,SH,real,True,15.11.2024,2690700,1283953
100964666,10085746,1614802,Stauffacherstrasse,4,8200 Schaffhausen,2939,SH,real,True,15.11.2024,2690702,1283983
100964667,10085746,1614803,Stauffacherstrasse,6,8200 Schaffhausen,2939,SH,real,True,15.11.2024,2690731,1283978
100964668,10085746,1614804,Stauffacherstrasse,8,8200 Schaffhausen,2939,SH,real,True,15.11.2024,2690763,1283962
100964786,10179714,1612989,Gemsgasse,44,8200 Schaffhausen,2939,SH,real,True,15.11.2024,2690356,1285931
100964787,10179714,1612990,Gemsgasse,46,8200 Schaffhausen,2939,SH,real,True,15.11.2024,2690376,1285932
100964788,10187856,1612991,Spiegelgutstrasse,45,8200 Schaffhausen,2939,SH,real,True,15.11.2024,2690414,1285956
100964789,10187856,1612992,Spiegelgutstrasse,47,8200 Schaffhausen,2939,SH,real,True,15.11.2024,2690415,1285938
100964790,10187856,1612993,Spiegelgutstrasse,49,8200 Schaffhausen,2939,SH,real,True,15.11.2024,2690418,1285920
100964791,10187856,1612994,Spiegelgutstrasse,51,8200 Schaffhausen,2939,SH,real,True,15.11.2024,2690377,1285970
100964792,10187856,1612995,Spiegelgutstrasse,53,8200 Schaffhausen,2939,SH,real,True,15.11.2024,2690359,1285969
100964886,10046625,1611123,Quellenstrasse,2a,8200 Schaffhausen,2939,SH,real,True,15.11.2024,2688520,1283986
100964887,10046625,1611125,Quellenstrasse,4,8200 Schaffhausen,2939,SH,real,True,15.11.2024,2688544,1284004
100964888,10046625,1611126,Quellenstrasse,4a,8200 Schaffhausen,2939,SH,real,True,15.11.2024,2688551,1284006
100964889,10046625,1611129,Quellenstrasse,4d,8200 Schaffhausen,2939,SH,real,True,15.11.2024,2688571,1284012
100964890,10046625,1611130,Quellenstrasse,6,8200 Schaffhausen,2939,SH,real,True,15.11.2024,2688514,1284003
100964891,10046625,1611131,Quellenstrasse,6a,8200 Schaffhausen,2939,SH,real,True,15.11.2024,2688516,1284008
100964892,10085736,1610927,Schildgutstrasse,14,8200 Schaffhausen,2939,SH,real,True,15.11.2024,2688897,1283796
100964893,10085736,1610928,Schildgutstrasse,20,8200 Schaffhausen,2939,SH,real,True,15.11.2024,2688797,1283783
100964894,10085736,1610929,Schildgutstrasse,22,8200 Schaffhausen,2939,SH,real,True,15.11.2024,2688812,1283816
100964895,10085736,1610930,Schildgutstrasse,24,8200 Schaffhausen,2939,SH,real,True,15.11.2024,2688789,1283829
100964896,10085736,1610931,Schildgutstrasse,26,8200 Schaffhausen,2939,SH,real,True,15.11.2024,2688804,1283853
100964897,10085736,1610932,Schildgutstrasse,28,8200 Schaffhausen,2939,SH,real,True,15.11.2024,2688783,1283871
100964898,10085748,1610934,Stokarbergstrasse,62,8200 Schaffhausen,2939,SH,real,True,15.11.2024,2688921,1283700
100964899,10085748,1610935,Stokarbergstrasse,72,8200 Schaffhausen,2939,SH,real,True,15.11.2024,2688856,1283709
100964900,10085748,1610936,Stokarbergstrasse,76,8200 Schaffhausen,2939,SH,real,True,15.11.2024,2688824,1283672
100964901,10019287,1610938,Bühlstrasse,9,8200 Schaffhausen,2939,SH,real,True,15.11.2024,2689041,1283867
100964902,10085748,1610939,Stokarbergstrasse,78,8200 Schaffhausen,2939,SH,real,True,15.11.2024,2688769,1283670
100964903,10085748,1610941,Stokarbergstrasse,84,8200 Schaffhausen,2939,SH,real,True,15.11.2024,2688716,1283628
100964904,10073067,1610943,Sonnenburggutstrasse,6,8200 Schaffhausen,2939,SH,real,True,15.11.2024,2688666,1283659
100964905,10073067,1610944,Sonnenburggutstrasse,8,8200 Schaffhausen,2939,SH,real,True,15.11.2024,2688667,1283664
100964906,10073067,1610945,Sonnenburggutstrasse,12,8200 Schaffhausen,2939,SH,real,True,15.11.2024,2688664,1283678
100964907,10073067,1610947,Sonnenburggutstrasse,16,8200 Schaffhausen,2939,SH,real,True,15.11.2024,2688665,1283689
100964908,10073067,1610948,Sonnenburggutstrasse,14,8200 Schaffhausen,2939,SH,real,True,15.11.2024,2688664,1283683
100964909,10073067,1610949,Sonnenburggutstrasse,18,8200 Schaffhausen,2939,SH,real,True,15.11.2024,2688668,1283729
100964910,10073067,1610951,Sonnenburggutstrasse,24,8200 Schaffhausen,2939,SH,real,True,15.11.2024,2688688,1283759
100964911,10073067,1610952,Sonnenburggutstrasse,44,8200 Schaffhausen,2939,SH,real,True,15.11.2024,2688739,1283856
100964912,10073067,1610953,Sonnenburggutstrasse,4,8200 Schaffhausen,2939,SH,real,True,15.11.2024,2688665,1283654
100964913,10085736,1610954,Schildgutstrasse,3,8200 Schaffhausen,2939,SH,real,True,15.11.2024,2688747,1283650
100964914,10085736,1610957,Schildgutstrasse,9,8200 Schaffhausen,2939,SH,real,True,15.11.2024,2688709,1283734
100964915,10085736,1610959,Schildgutstrasse,17,8200 Schaffhausen,2939,SH,real,True,15.11.2024,2688774,1283798
100964916,10085736,1610960,Schildgutstrasse,19,8200 Schaffhausen,2939,SH,real,True,15.11.2024,2688770,1283806
100964917,10085736,1610961,Schildgutstrasse,21,8200 Schaffhausen,2939,SH,real,True,15.11.2024,2688769,1283832
100964918,10085736,1610962,Schildgutstrasse,23,8200 Schaffhausen,2939,SH,real,True,15.11.2024,2688748,1283829
100964919,10085736,1610964,Schildgutstrasse,31,8200 Schaffhausen,2939,SH,real,True,15.11.2024,2688766,1283909
100964920,10073067,1610965,Sonnenburggutstrasse,38,8200 Schaffhausen,2939,SH,real,True,15.11.2024,2688695,1283810
100964921,10073034,1610966,Friedbergstrasse,26,8200 Schaffhausen,2939,SH,real,True,15.11.2024,2688887,1283575
100964922,10073034,1610967,Friedbergstrasse,28,8200 Schaffhausen,2939,SH,real,True,15.11.2024,2688917,1283571
100964923,10073034,1610968,Friedbergstrasse,30,8200 Schaffhausen,2939,SH,real,True,15.11.2024,2688939,1283556
100964924,10073034,1610969,Friedbergstrasse,32,8200 Schaffhausen,2939,SH,real,True,15.11.2024,2688971,1283542
100964925,10073034,1610972,Friedbergstrasse,41,8200 Schaffhausen,2939,SH,real,True,15.11.2024,2689088,1283550
100964926,10073034,1610973,Friedbergstrasse,61,8200 Schaffhausen,2939,SH,real,True,15.11.2024,2689190,1283646
100964928,10186932,1610976,Rehgütliweg,4,8200 Schaffhausen,2939,SH,real,True,15.11.2024,2689034,1283673
100964929,10186932,1610977,Rehgütliweg,6,8200 Schaffhausen,2939,SH,real,True,15.11.2024,2689012,1283658
100964931,10186932,1610979,Rehgütliweg,8,8200 Schaffhausen,2939,SH,real,True,15.11.2024,2688960,1283652
100964932,10186932,1610980,Rehgütliweg,10,8200 Schaffhausen,2939,SH,real,True,15.11.2024,2688923,1283649
100964933,10186932,1610981,Rehgütliweg,11,8200 Schaffhausen,2939,SH,real,True,15.11.2024,2688949,1283593
100964934,10186932,1610982,Rehgütliweg,15,8200 Schaffhausen,2939,SH,real,True,15.11.2024,2688925,1283620
100964935,10186932,1610983,Rehgütliweg,17,8200 Schaffhausen,2939,SH,real,True,15.11.2024,2688892,1283616
100964936,10085748,1610984,Stokarbergstrasse,13,8200 Schaffhausen,2939,SH,real,True,15.11.2024,2689191,1283675
100964937,10085748,1610985,Stokarbergstrasse,51,8200 Schaffhausen,2939,SH,real,True,15.11.2024,2689007,1283700
100964938,10085748,1610986,Stokarbergstrasse,53,8200 Schaffhausen,2939,SH,real,True,15.11.2024,2689005,1283702
100964939,10085748,1610987,Stokarbergstrasse,59,8200 Schaffhausen,2939,SH,real,True,15.11.2024,2688974,1283700
100964940,10086473,1612748,Bocksrietstrasse,62,8200 Schaffhausen,2939,SH,real,True,15.11.2024,2690705,1285571
100964941,10086473,1612749,Bocksrietstrasse,64,8200 Schaffhausen,2939,SH,real,True,15.11.2024,2690717,1285580
100964942,10086473,1612750,Bocksrietstrasse,66,8200 Schaffhausen,2939,SH,real,True,15.11.2024,2690723,1285585
100964943,10086473,1612751,Bocksrietstrasse,68,8200 Schaffhausen,2939,SH,real,True,15.11.2024,2690739,1285600
100964944,10086473,1612752,Bocksrietstrasse,68a,8200 Schaffhausen,2939,SH,real,True,15.11.2024,2690741,1285560
100964945,10086473,1612753,Bocksrietstrasse,68b,8200 Schaffhausen,2939,SH,real,True,15.11.2024,2690747,1285567
100964946,10086473,1612754,Bocksrietstrasse,68c,8200 Schaffhausen,2939,SH,real,True,15.11.2024,2690761,1285580
100964947,10086473,1612755,Bocksrietstrasse,68d,8200 Schaffhausen,2939,SH,real,True,15.11.2024,2690767,1285587
100964948,10086473,1612757,Bocksrietstrasse,72,8200 Schaffhausen,2939,SH,real,True,15.11.2024,2690771,1285631
100964949,10025681,1612759,Sennereistrasse,51,8200 Schaffhausen,2939,SH,real,True,15.11.2024,2690603,1285424
100964950,10025681,1612760,Sennereistrasse,55,8200 Schaffhausen,2939,SH,real,True,15.11.2024,2690630,1285463
100964951,10025681,1612761,Sennereistrasse,57,8200 Schaffhausen,2939,SH,real,True,15.11.2024,2690652,1285462
100964952,10025681,1612762,Sennereistrasse,65,8200 Schaffhausen,2939,SH,real,True,15.11.2024,2690680,1285499
100964953,10025681,1612763,Sennereistrasse,71,8200 Schaffhausen,2939,SH,real,True,15.11.2024,2690746,1285520
100964954,10025681,1612765,Sennereistrasse,79,8200 Schaffhausen,2939,SH,real,True,15.11.2024,2690778,1285554
100964955,10025681,1612766,Sennereistrasse,85,8200 Schaffhausen,2939,SH,real,True,15.11.2024,2690806,1285587
100964956,10086473,1612768,Bocksrietstrasse,76,8200 Schaffhausen,2939,SH,real,True,15.11.2024,2690784,1285683
100964957,10086473,1612770,Bocksrietstrasse,88,8200 Schaffhausen,2939,SH,real,True,15.11.2024,2690818,1285710
100964958,10086473,1612772,Bocksrietstrasse,92,8200 Schaffhausen,2939,SH,real,True,15.11.2024,2690841,1285724
100964959,10086473,1612773,Bocksrietstrasse,94,8200 Schaffhausen,2939,SH,real,True,15.11.2024,2690849,1285727
100964960,10086473,1612774,Bocksrietstrasse,96,8200 Schaffhausen,2939,SH,real,True,15.11.2024,2690857,1285731
100964961,10086473,1612776,Bocksrietstrasse,100,8200 Schaffhausen,2939,SH,real,True,15.11.2024,2690874,1285748
100964962,10086473,1612777,Bocksrietstrasse,102,8200 Schaffhausen,2939,SH,real,True,15.11.2024,2690882,1285753
100964963,10086473,1612778,Bocksrietstrasse,104,8200 Schaffhausen,2939,SH,real,True,15.11.2024,2690890,1285757
100964964,10073065,1612781,Sennenwieshalde,1,8200 Schaffhausen,2939,SH,real,True,15.11.2024,2690866,1285642
100964965,10073065,1612782,Sennenwieshalde,3,8200 Schaffhausen,2939,SH,real,True,15.11.2024,2690856,1285656
100964966,10073065,1612785,Sennenwieshalde,17,8200 Schaffhausen,2939,SH,real,True,15.11.2024,2690816,1285675
100964967,10073065,1612786,Sennenwieshalde,15,8200 Schaffhausen,2939,SH,real,True,15.11.2024,2690829,1285685
100964968,10073022,1615038,Alpenstrasse,82,8200 Schaffhausen,2939,SH,real,True,15.11.2024,2690930,1283828
100964969,10085745,1615039,Splügenstrasse,2,8200 Schaffhausen,2939,SH,real,True,15.11.2024,2690937,1283799
100964970,10085745,1615040,Splügenstrasse,8,8200 Schaffhausen,2939,SH,real,True,15.11.2024,2690883,1283791
100964971,10085745,1615041,Splügenstrasse,10,8200 Schaffhausen,2939,SH,real,True,15.11.2024,2690870,1283790
100964972,10178602,1615043,Albulastrasse,2,8200 Schaffhausen,2939,SH,real,True,15.11.2024,2690967,1283821
100964973,10178602,1615044,Albulastrasse,4,8200 Schaffhausen,2939,SH,real,True,15.11.2024,2690969,1283805
100965078,10019290,1614926,Dürstlingweg,8,8203 Schaffhausen,2939,SH,real,True,15.11.2024,2691250,1283940
100965079,10019290,1614927,Dürstlingweg,10,8203 Schaffhausen,2939,SH,real,True,15.11.2024,2691236,1283962
100965080,10190888,1614928,Winkelriedstrasse,24,8203 Schaffhausen,2939,SH,real,True,15.11.2024,2691257,1284003
100965081,10190888,1614929,Winkelriedstrasse,28,8203 Schaffhausen,2939,SH,real,True,15.11.2024,2691298,1283979
100965082,10190888,1614930,Winkelriedstrasse,30,8203 Schaffhausen,2939,SH,real,True,15.11.2024,2691294,1283962
100965083,10190888,1614931,Winkelriedstrasse,32,8203 Schaffhausen,2939,SH,real,True,15.11.2024,2691319,1283985
100966063,10087053,1609318,Im Oberhof,19,8240 Thayngen,2920,SH,real,True,15.11.2024,2695508,1289409
100966064,10058933,1609319,Kirchplatz,11,8240 Thayngen,2920,SH,real,True,15.11.2024,2695444,1289343
100966065,10058933,1609321,Kirchplatz,1a,8240 Thayngen,2920,SH,real,True,15.11.2024,2695409,1289364
100966066,10087053,1609322,Im Oberhof,9,8240 Thayngen,2920,SH,real,True,15.11.2024,2695475,1289394
100966067,10073630,1609324,Steigstrasse,1,8240 Thayngen,2920,SH,real,True,15.11.2024,2695316,1289568
100966068,10073630,1609325,Steigstrasse,7,8240 Thayngen,2920,SH,real,True,15.11.2024,2695283,1289605
100966069,10073630,1609326,Steigstrasse,2,8240 Thayngen,2920,SH,real,True,15.11.2024,2695313,1289607
100966070,10073630,1609327,Steigstrasse,4,8240 Thayngen,2920,SH,real,True,15.11.2024,2695305,1289605
100966071,10073630,1609328,Steigstrasse,9,8240 Thayngen,2920,SH,real,True,15.11.2024,2695273,1289620
100966072,10106942,1609329,Schlatterweg,22,8240 Thayngen,2920,SH,real,True,15.11.2024,2695241,1289651
100966073,10073630,1609330,Steigstrasse,16,8240 Thayngen,2920,SH,real,True,15.11.2024,2695263,1289705
100966074,10073630,1609332,Steigstrasse,20,8240 Thayngen,2920,SH,real,True,15.11.2024,2695251,1289729
100966075,10073630,1609334,Steigstrasse,21,8240 Thayngen,2920,SH,real,True,15.11.2024,2695222,1289742
100966076,10073630,1609335,Steigstrasse,22,8240 Thayngen,2920,SH,real,True,15.11.2024,2695234,1289760
100966077,10073630,1609336,Steigstrasse,23,8240 Thayngen,2920,SH,real,True,15.11.2024,2695210,1289766
100966078,10073630,1609337,Steigstrasse,25,8240 Thayngen,2920,SH,real,True,15.11.2024,2695200,1289783
100966079,10129730,1609338,Bröckligraben,2,8240 Thayngen,2920,SH,real,True,15.11.2024,2695181,1289769
100966080,10129730,1609339,Bröckligraben,4,8240 Thayngen,2920,SH,real,True,15.11.2024,2695216,1289801
100966081,10129730,1609340,Bröckligraben,6,8240 Thayngen,2920,SH,real,True,15.11.2024,2695222,1289804
100966082,10129730,1609341,Bröckligraben,8,8240 Thayngen,2920,SH,real,True,15.11.2024,2695228,1289808
100966083,10129730,1609342,Bröckligraben,10,8240 Thayngen,2920,SH,real,True,15.11.2024,2695235,1289811
100966084,10026386,1609344,Bolliweg,20,8240 Thayngen,2920,SH,real,True,15.11.2024,2695261,1289811
100966085,10026386,1609345,Bolliweg,17,8240 Thayngen,2920,SH,real,True,15.11.2024,2695248,1289787
100966086,10026386,1609346,Bolliweg,18,8240 Thayngen,2920,SH,real,True,15.11.2024,2695272,1289791
100966087,10026386,1609347,Bolliweg,16,8240 Thayngen,2920,SH,real,True,15.11.2024,2695276,1289774
100966088,10026386,1609349,Bolliweg,14,8240 Thayngen,2920,SH,real,True,15.11.2024,2695287,1289757
100966089,10026386,1609350,Bolliweg,10,8240 Thayngen,2920,SH,real,True,15.11.2024,2695300,1289726
100966090,10026386,1609352,Bolliweg,6,8240 Thayngen,2920,SH,real,True,15.11.2024,2695315,1289696
100966091,10108012,1609354,Reckholdersbüelweg,2,8240 Thayngen,2920,SH,real,True,15.11.2024,2695391,1289629
100966092,10108012,1609356,Reckholdersbüelweg,14,8240 Thayngen,2920,SH,real,True,15.11.2024,2695395,1289725
100966093,10054979,1609358,Im Hammen,11,8240 Thayngen,2920,SH,real,True,15.11.2024,2695434,1289652
100966094,10073626,1609359,Hammenweg,13,8240 Thayngen,2920,SH,real,True,15.11.2024,2695448,1289611
100966095,10073626,1609361,Hammenweg,17,8240 Thayngen,2920,SH,real,True,15.11.2024,2695502,1289616
100966096,10073626,1609362,Hammenweg,20,8240 Thayngen,2920,SH,real,True,15.11.2024,2695530,1289567
100966097,10073626,1609363,Hammenweg,21,8240 Thayngen,2920,SH,real,True,15.11.2024,2695547,1289614
100966098,10073626,1609366,Hammenweg,31,8240 Thayngen,2920,SH,real,True,15.11.2024,2695663,1289627
100966099,10185483,1609368,Buchbergstrasse,1,8240 Thayngen,2920,SH,real,True,15.11.2024,2695600,1289559
100966100,10237812,1609371,Dorfstrasse,5,8240 Thayngen,2920,SH,real,True,15.11.2024,2695201,1289336
100966101,10237812,1609372,Dorfstrasse,7,8240 Thayngen,2920,SH,real,True,15.11.2024,2695219,1289340
100966102,10237812,1609374,Dorfstrasse,11,8240 Thayngen,2920,SH,real,True,15.11.2024,2695246,1289355
100966103,10237812,1609375,Dorfstrasse,13,8240 Thayngen,2920,SH,real,True,15.11.2024,2695264,1289350
100966104,10237812,1609376,Dorfstrasse,15,8240 Thayngen,2920,SH,real,True,15.11.2024,2695277,1289351
100966105,10018149,1609377,Rosengartenweg,11,8240 Thayngen,2920,SH,real,True,15.11.2024,2695243,1289461
100966106,10018143,1609379,Mühlegasse,6,8240 Thayngen,2920,SH,real,True,15.11.2024,2695208,1289395
100966107,10018143,1609383,Mühlegasse,7,8240 Thayngen,2920,SH,real,True,15.11.2024,2695195,1289388
100966108,10120409,1609384,Schulstrasse,1a,8240 Thayngen,2920,SH,real,True,15.11.2024,2695353,1289360
100966109,10120409,1609385,Schulstrasse,5,8240 Thayngen,2920,SH,real,True,15.11.2024,2695354,1289424
100966110,10120409,1609386,Schulstrasse,7,8240 Thayngen,2920,SH,real,True,15.11.2024,2695375,1289429
100966111,10120409,1609387,Schulstrasse,9,8240 Thayngen,2920,SH,real,True,15.11.2024,2695376,1289445
100966112,10106942,1609389,Schlatterweg,7,8240 Thayngen,2920,SH,real,True,15.11.2024,2695299,1289525
100966113,10018143,1609390,Mühlegasse,13,8240 Thayngen,2920,SH,real,True,15.11.2024,2695190,1289449
100966114,10018147,1609391,Ratsteig,4,8240 Thayngen,2920,SH,real,True,15.11.2024,2695311,1289388
100966115,10018147,1609392,Ratsteig,1,8240 Thayngen,2920,SH,real,True,15.11.2024,2695333,1289367
100966116,10018147,1609393,Ratsteig,5,8240 Thayngen,2920,SH,real,True,15.11.2024,2695339,1289391
100966117,10237812,1609394,Dorfstrasse,23,8240 Thayngen,2920,SH,real,True,15.11.2024,2695336,1289349
100966118,10237812,1609394,Dorfstrasse,25,8240 Thayngen,2920,SH,real,True,15.11.2024,2695345,1289347
100966119,10120409,1609395,Schulstrasse,3,8240 Thayngen,2920,SH,real,True,15.11.2024,2695358,1289389
100966120,10120406,1609399,Biberstrasse,10,8240 Thayngen,2920,SH,real,True,15.11.2024,2695111,1289373
100966121,10120406,1609400,Biberstrasse,18,8240 Thayngen,2920,SH,real,True,15.11.2024,2695097,1289413
100966122,10120406,1609401,Biberstrasse,22,8240 Thayngen,2920,SH,real,True,15.11.2024,2695093,1289427
100966123,10120406,1609402,Biberstrasse,34,8240 Thayngen,2920,SH,real,True,15.11.2024,2695067,1289494
100966125,10019781,1611107,Neherstieg,41,8200 Schaffhausen,2939,SH,real,True,15.11.2024,2688347,1283985
100966126,10019785,1611108,Oerlifallstieg,1,8200 Schaffhausen,2939,SH,real,True,15.11.2024,2688339,1284008
100966127,10019785,1611109,Oerlifallstieg,3,8200 Schaffhausen,2939,SH,real,True,15.11.2024,2688316,1284008
100966128,10019785,1611110,Oerlifallstieg,5,8200 Schaffhausen,2939,SH,real,True,15.11.2024,2688284,1284010
100966129,10019785,1611111,Oerlifallstieg,7,8200 Schaffhausen,2939,SH,real,True,15.11.2024,2688264,1284011
100966130,10179726,1611112,Rietstrasse,73,8200 Schaffhausen,2939,SH,real,True,15.11.2024,2688731,1284066
100966131,10179726,1611114,Rietstrasse,81,8200 Schaffhausen,2939,SH,real,True,15.11.2024,2688659,1284114
100966132,10179726,1611115,Rietstrasse,83,8200 Schaffhausen,2939,SH,real,True,15.11.2024,2688642,1284123
100966133,10179726,1611116,Rietstrasse,85,8200 Schaffhausen,2939,SH,real,True,15.11.2024,2688650,1284080
100966134,10179726,1611117,Rietstrasse,87,8200 Schaffhausen,2939,SH,real,True,15.11.2024,2688633,1284089
100966135,10179726,1611118,Rietstrasse,89,8200 Schaffhausen,2939,SH,real,True,15.11.2024,2688637,1284047
100966136,10179726,1611119,Rietstrasse,91,8200 Schaffhausen,2939,SH,real,True,15.11.2024,2688619,1284057
100966137,10179726,1611121,Rietstrasse,95,8200 Schaffhausen,2939,SH,real,True,15.11.2024,2688608,1284023
100966219,10087053,1609284,Im Oberhof,34,8240 Thayngen,2920,SH,real,True,15.11.2024,2695603,1289442
100966220,10087053,1609286,Im Oberhof,31,8240 Thayngen,2920,SH,real,True,15.11.2024,2695553,1289451
100966221,10087053,1609287,Im Oberhof,22,8240 Thayngen,2920,SH,real,True,15.11.2024,2695548,1289428
100966222,10087053,1609288,Im Oberhof,26,8240 Thayngen,2920,SH,real,True,15.11.2024,2695579,1289409
100966223,10087053,1609289,Im Oberhof,25,8240 Thayngen,2920,SH,real,True,15.11.2024,2695538,1289450
100966224,10087053,1609292,Im Oberhof,18,8240 Thayngen,2920,SH,real,True,15.11.2024,2695527,1289409
100966225,10087053,1609293,Im Oberhof,16,8240 Thayngen,2920,SH,real,True,15.11.2024,2695517,1289397
100966226,10087053,1609294,Im Oberhof,15,8240 Thayngen,2920,SH,real,True,15.11.2024,2695506,1289399
100966227,10087053,1609295,Im Oberhof,13,8240 Thayngen,2920,SH,real,True,15.11.2024,2695501,1289390
100966229,10087053,1609298,Im Oberhof,4,8240 Thayngen,2920,SH,real,True,15.11.2024,2695501,1289357
100966230,10087053,1609299,Im Oberhof,3,8240 Thayngen,2920,SH,real,True,15.11.2024,2695486,1289362
100966231,10087053,1609300,Im Oberhof,2,8240 Thayngen,2920,SH,real,True,15.11.2024,2695487,1289346
100966232,10018155,1609301,Wanngasse,5,8240 Thayngen,2920,SH,real,True,15.11.2024,2695501,1289335
100966233,10018155,1609304,Wanngasse,19,8240 Thayngen,2920,SH,real,True,15.11.2024,2695576,1289336
100966234,10018155,1609306,Wanngasse,21,8240 Thayngen,2920,SH,real,True,28.11.2024,2695589,1289343
100966242,10086487,1612996,Gemshalde,26,8200 Schaffhausen,2939,SH,real,True,15.11.2024,2690481,1285789
100966243,10086487,1612997,Gemshalde,28,8200 Schaffhausen,2939,SH,real,True,15.11.2024,2690469,1285801
100966244,10086487,1612998,Gemshalde,30,8200 Schaffhausen,2939,SH,real,True,15.11.2024,2690459,1285817
100966245,10118360,1612999,Jägerstrasse,17,8200 Schaffhausen,2939,SH,real,True,15.11.2024,2690464,1285888
100966246,10187856,1613002,Spiegelgutstrasse,33,8200 Schaffhausen,2939,SH,real,True,15.11.2024,2690553,1285966
100966247,10019280,1613004,Bläsihofstrasse,81,8200 Schaffhausen,2939,SH,real,True,15.11.2024,2690647,1285881
100966248,10019280,1613008,Bläsihofstrasse,85,8200 Schaffhausen,2939,SH,real,True,15.11.2024,2690683,1285900
100966249,10019280,1613009,Bläsihofstrasse,86,8200 Schaffhausen,2939,SH,real,True,15.11.2024,2690710,1285891
100966250,10019280,1613010,Bläsihofstrasse,87,8200 Schaffhausen,2939,SH,real,True,15.11.2024,2690701,1285912
100966251,10019280,1613011,Bläsihofstrasse,89,8200 Schaffhausen,2939,SH,real,True,15.11.2024,2690718,1285921
100966252,10019280,1613012,Bläsihofstrasse,91,8200 Schaffhausen,2939,SH,real,True,15.11.2024,2690736,1285930
100966253,10019803,1613013,Sandlöchlistrasse,11,8200 Schaffhausen,2939,SH,real,True,15.11.2024,2690702,1285862
100966254,10019803,1613014,Sandlöchlistrasse,13,8200 Schaffhausen,2939,SH,real,True,15.11.2024,2690716,1285868
100966255,10019803,1613015,Sandlöchlistrasse,15,8200 Schaffhausen,2939,SH,real,True,15.11.2024,2690730,1285876
100966256,10187856,1613017,Spiegelgutstrasse,9,8200 Schaffhausen,2939,SH,real,True,15.11.2024,2690763,1285895
100966257,10187856,1613019,Spiegelgutstrasse,15,8200 Schaffhausen,2939,SH,real,True,15.11.2024,2690719,1285955
100966258,10187856,1613020,Spiegelgutstrasse,17,8200 Schaffhausen,2939,SH,real,True,15.11.2024,2690701,1285963
100966259,10187856,1613021,Spiegelgutstrasse,19,8200 Schaffhausen,2939,SH,real,True,15.11.2024,2690680,1285970
100966260,10187856,1613022,Spiegelgutstrasse,21,8200 Schaffhausen,2939,SH,real,True,15.11.2024,2690658,1285972
100966261,10187856,1613023,Spiegelgutstrasse,23,8200 Schaffhausen,2939,SH,real,True,15.11.2024,2690639,1285971
100966262,10187856,1613024,Spiegelgutstrasse,25,8200 Schaffhausen,2939,SH,real,True,15.11.2024,2690601,1285948
100966263,10187856,1613025,Spiegelgutstrasse,50,8200 Schaffhausen,2939,SH,real,True,15.11.2024,2690401,1286004
100966264,10187856,1613028,Spiegelgutstrasse,56,8200 Schaffhausen,2939,SH,real,True,15.11.2024,2690363,1286019
100966265,10187856,1613033,Spiegelgutstrasse,44,8200 Schaffhausen,2939,SH,real,True,15.11.2024,2690433,1286043
100966266,10187856,1613034,Spiegelgutstrasse,46,8200 Schaffhausen,2939,SH,real,True,15.11.2024,2690406,1286070
100966267,10187856,1613035,Spiegelgutstrasse,48,8200 Schaffhausen,2939,SH,real,True,15.11.2024,2690388,1286067
100966268,10179714,1613036,Gemsgasse,72,8200 Schaffhausen,2939,SH,real,True,15.11.2024,2690339,1286129
100966269,10179714,1613037,Gemsgasse,72a,8200 Schaffhausen,2939,SH,real,True,15.11.2024,2690342,1286139
100966270,10106953,1613039,Schneckenackerstrasse,1,8200 Schaffhausen,2939,SH,real,True,15.11.2024,2690504,1286060
100966271,10106953,1613040,Schneckenackerstrasse,8,8200 Schaffhausen,2939,SH,real,True,15.11.2024,2690506,1286109
100966272,10106953,1613041,Schneckenackerstrasse,31,8200 Schaffhausen,2939,SH,real,True,15.11.2024,2690380,1286160
100966273,10106953,1613042,Schneckenackerstrasse,33,8200 Schaffhausen,2939,SH,real,True,15.11.2024,2690378,1286158
100966274,10106953,1613043,Schneckenackerstrasse,35,8200 Schaffhausen,2939,SH,real,True,15.11.2024,2690374,1286150
100966275,10106953,1613044,Schneckenackerstrasse,37,8200 Schaffhausen,2939,SH,real,True,15.11.2024,2690355,1286141
100966276,10106953,1613045,Schneckenackerstrasse,39,8200 Schaffhausen,2939,SH,real,True,15.11.2024,2690348,1286140
100966277,10106953,1613046,Schneckenackerstrasse,45,8200 Schaffhausen,2939,SH,real,True,15.11.2024,2690354,1286176
100966278,10106953,1613047,Schneckenackerstrasse,47,8200 Schaffhausen,2939,SH,real,True,15.11.2024,2690348,1286176
100966279,10106953,1613049,Schneckenackerstrasse,51,8200 Schaffhausen,2939,SH,real,True,15.11.2024,2690337,1286177
100966280,10018653,1613050,Hirschwiesenweg,12,8200 Schaffhausen,2939,SH,real,True,15.11.2024,2690611,1286064
100966282,10018653,1613053,Hirschwiesenweg,9,8200 Schaffhausen,2939,SH,real,True,15.11.2024,2690573,1286025
100966283,10187856,1613054,Spiegelgutstrasse,26,8200 Schaffhausen,2939,SH,real,True,15.11.2024,2690561,1286013
100966284,10018654,1613055,Hochstrasse,343,8200 Schaffhausen,2939,SH,real,True,15.11.2024,2690822,1285905
100966285,10018654,1613056,Hochstrasse,341,8200 Schaffhausen,2939,SH,real,True,15.11.2024,2690827,1285892
100966286,10018654,1613057,Hochstrasse,347,8200 Schaffhausen,2939,SH,real,True,15.11.2024,2690848,1285894
100966287,10018654,1613058,Hochstrasse,349,8200 Schaffhausen,2939,SH,real,True,15.11.2024,2690853,1285909
100966288,10018654,1613059,Hochstrasse,351,8200 Schaffhausen,2939,SH,real,True,15.11.2024,2690874,1285916
100966289,10018654,1613060,Hochstrasse,353,8200 Schaffhausen,2939,SH,real,True,15.11.2024,2690870,1285929
100966290,10018654,1613061,Hochstrasse,361,8200 Schaffhausen,2939,SH,real,True,15.11.2024,2691015,1285888
100966291,10018654,1613062,Hochstrasse,363,8200 Schaffhausen,2939,SH,real,True,15.11.2024,2691025,1285871
100966292,10018654,1613064,Hochstrasse,339,8200 Schaffhausen,2939,SH,real,True,15.11.2024,2690792,1285902
100966293,10180885,1613067,Spiegelguthalde,3,8200 Schaffhausen,2939,SH,real,True,15.11.2024,2690778,1285965
100966294,10180885,1613068,Spiegelguthalde,4,8200 Schaffhausen,2939,SH,real,True,15.11.2024,2690796,1285939
100966295,10180885,1613070,Spiegelguthalde,6,8200 Schaffhausen,2939,SH,real,True,15.11.2024,2690818,1285934
100966296,10180885,1613072,Spiegelguthalde,8,8200 Schaffhausen,2939,SH,real,True,15.11.2024,2690839,1285929
100966297,10180885,1613073,Spiegelguthalde,9,8200 Schaffhausen,2939,SH,real,True,15.11.2024,2690849,1285944
100966298,10187856,1613074,Spiegelgutstrasse,10,8200 Schaffhausen,2939,SH,real,True,15.11.2024,2690774,1285923
100966300,10187856,1613077,Spiegelgutstrasse,16,8200 Schaffhausen,2939,SH,real,True,15.11.2024,2690689,1285995
100966301,10187856,1613078,Spiegelgutstrasse,22,8200 Schaffhausen,2939,SH,real,True,15.11.2024,2690622,1286008
100966302,10187856,1613079,Spiegelgutstrasse,24,8200 Schaffhausen,2939,SH,real,True,15.11.2024,2690602,1286005
100966303,10018653,1613080,Hirschwiesenweg,1,8200 Schaffhausen,2939,SH,real,True,15.11.2024,2690646,1286003
100966304,10018653,1613081,Hirschwiesenweg,3,8200 Schaffhausen,2939,SH,real,True,15.11.2024,2690631,1286020
100966305,10018653,1613082,Hirschwiesenweg,10,8200 Schaffhausen,2939,SH,real,True,15.11.2024,2690636,1286041
100966306,10018653,1613083,Hirschwiesenweg,8,8200 Schaffhausen,2939,SH,real,True,15.11.2024,2690658,1286021
100966307,10018653,1613084,Hirschwiesenweg,6,8200 Schaffhausen,2939,SH,real,True,15.11.2024,2690660,1286019
100966308,10018653,1613085,Hirschwiesenweg,4,8200 Schaffhausen,2939,SH,real,True,15.11.2024,2690668,1286004
100966309,10019807,1613086,Schweizersbildstrasse,51,8200 Schaffhausen,2939,SH,real,True,15.11.2024,2690276,1286486
100966310,10019807,1613087,Schweizersbildstrasse,61,8200 Schaffhausen,2939,SH,real,True,15.11.2024,2690113,1286575
100966312,10113195,1613090,Freudentalstrasse,4,8200 Schaffhausen,2939,SH,real,True,15.11.2024,2690059,1286735
100966313,10018664,1613091,Im Schweizersbild,3,8200 Schaffhausen,2939,SH,real,True,15.11.2024,2690089,1286701
100966314,10073055,1613093,Mühlentalstrasse,333,8200 Schaffhausen,2939,SH,real,True,15.11.2024,2689303,1286904
100966315,10073055,1613095,Mühlentalstrasse,331,8200 Schaffhausen,2939,SH,real,True,15.11.2024,2689311,1286886
100966316,10073055,1613096,Mühlentalstrasse,339,8200 Schaffhausen,2939,SH,real,True,15.11.2024,2689279,1286925
100966317,10073022,1614923,Alpenstrasse,141,8203 Schaffhausen,2939,SH,real,True,15.11.2024,2691272,1283867
100966318,10185485,1609409,In Büte,9,8240 Thayngen,2920,SH,real,True,15.11.2024,2695041,1289794
100966319,10185485,1609410,In Büte,10,8240 Thayngen,2920,SH,real,True,15.11.2024,2695054,1289805
100966320,10048901,1609411,Mühlwiesstrasse,5,8240 Thayngen,2920,SH,real,True,15.11.2024,2695066,1289707
100966321,10048901,1609414,Mühlwiesstrasse,12,8240 Thayngen,2920,SH,real,True,15.11.2024,2695098,1289702
100966322,10046625,1611134,Quellenstrasse,6d,8200 Schaffhausen,2939,SH,real,True,15.11.2024,2688522,1284027
100966323,10046625,1611135,Quellenstrasse,8,8200 Schaffhausen,2939,SH,real,True,15.11.2024,2688518,1284055
100966324,10046625,1611136,Quellenstrasse,8a,8200 Schaffhausen,2939,SH,real,True,15.11.2024,2688525,1284053
100966325,10046625,1611137,Quellenstrasse,8b,8200 Schaffhausen,2939,SH,real,True,15.11.2024,2688531,1284051
100966326,10046625,1611138,Quellenstrasse,8c,8200 Schaffhausen,2939,SH,real,True,15.11.2024,2688538,1284049
100966327,10046625,1611139,Quellenstrasse,10,8200 Schaffhausen,2939,SH,real,True,15.11.2024,2688553,1284044
100966328,10046625,1611141,Quellenstrasse,10b,8200 Schaffhausen,2939,SH,real,True,15.11.2024,2688566,1284040
100966329,10046625,1611142,Quellenstrasse,10c,8200 Schaffhausen,2939,SH,real,True,15.11.2024,2688573,1284038
100966330,10179726,1611144,Rietstrasse,107,8200 Schaffhausen,2939,SH,real,True,15.11.2024,2688598,1284127
100966332,10046625,1611146,Quellenstrasse,9,8200 Schaffhausen,2939,SH,real,True,15.11.2024,2688492,1284017
100966333,10046625,1611148,Quellenstrasse,15,8200 Schaffhausen,2939,SH,real,True,15.11.2024,2688496,1284062
100966334,10046625,1611149,Quellenstrasse,17,8200 Schaffhausen,2939,SH,real,True,15.11.2024,2688496,1284100
100966335,10046625,1611150,Quellenstrasse,19,8200 Schaffhausen,2939,SH,real,True,15.11.2024,2688497,1284107
100966336,10046625,1611151,Quellenstrasse,21,8200 Schaffhausen,2939,SH,real,True,15.11.2024,2688501,1284146
100966337,10046625,1611152,Quellenstrasse,23,8200 Schaffhausen,2939,SH,real,True,15.11.2024,2688502,1284154
100966338,10046625,1611154,Quellenstrasse,29,8200 Schaffhausen,2939,SH,real,True,15.11.2024,2688486,1284212
100966339,10106952,1611156,Sandackerstrasse,2,8200 Schaffhausen,2939,SH,real,True,15.11.2024,2688445,1284060
100966340,10106952,1611157,Sandackerstrasse,4,8200 Schaffhausen,2939,SH,real,True,15.11.2024,2688444,1284087
100966341,10106952,1611158,Sandackerstrasse,6,8200 Schaffhausen,2939,SH,real,True,15.11.2024,2688444,1284095
100966342,10106952,1611159,Sandackerstrasse,8,8200 Schaffhausen,2939,SH,real,True,15.11.2024,2688445,1284105
100966343,10106952,1611163,Sandackerstrasse,16,8200 Schaffhausen,2939,SH,real,True,15.11.2024,2688452,1284138
100966344,10106952,1611165,Sandackerstrasse,20,8200 Schaffhausen,2939,SH,real,True,15.11.2024,2688449,1284158
100966345,10106952,1611166,Sandackerstrasse,22,8200 Schaffhausen,2939,SH,real,True,15.11.2024,2688449,1284161
100966346,10106952,1611167,Sandackerstrasse,24,8200 Schaffhausen,2939,SH,real,True,15.11.2024,2688450,1284171
100966347,10106952,1611168,Sandackerstrasse,26,8200 Schaffhausen,2939,SH,real,True,15.11.2024,2688450,1284174
100966348,10106952,1611169,Sandackerstrasse,28,8200 Schaffhausen,2939,SH,real,True,15.11.2024,2688454,1284198
100966349,10106952,1611170,Sandackerstrasse,30,8200 Schaffhausen,2939,SH,real,True,15.11.2024,2688463,1284201
100966350,10073078,1611171,Wieslistrasse,1,8200 Schaffhausen,2939,SH,real,True,15.11.2024,2688484,1284063
100966351,10073078,1611172,Wieslistrasse,3,8200 Schaffhausen,2939,SH,real,True,15.11.2024,2688481,1284063
100966352,10073078,1611173,Wieslistrasse,5,8200 Schaffhausen,2939,SH,real,True,15.11.2024,2688468,1284065
100966353,10073078,1611174,Wieslistrasse,7,8200 Schaffhausen,2939,SH,real,True,15.11.2024,2688465,1284065
100966354,10073078,1611175,Wieslistrasse,9,8200 Schaffhausen,2939,SH,real,True,15.11.2024,2688452,1284066
100966355,10113207,1611176,Oerlifall,55,8200 Schaffhausen,2939,SH,real,True,15.11.2024,2688194,1284019
100966356,10113207,1611177,Oerlifall,57,8200 Schaffhausen,2939,SH,real,True,15.11.2024,2688176,1284055
100966357,10019785,1611178,Oerlifallstieg,65,8200 Schaffhausen,2939,SH,real,True,15.11.2024,2688187,1284154
100966358,10106952,1611180,Sandackerstrasse,1,8200 Schaffhausen,2939,SH,real,True,15.11.2024,2688418,1284035
100966361,10179726,1611182,Rietstrasse,159,8200 Schaffhausen,2939,SH,real,True,15.11.2024,2688433,1284299
100966362,10179718,1611183,Im Riet,2,8200 Schaffhausen,2939,SH,real,True,15.11.2024,2688397,1284266
100966363,10179726,1611184,Rietstrasse,153,8200 Schaffhausen,2939,SH,real,True,15.11.2024,2688474,1284248
100966364,10179726,1611185,Rietstrasse,161,8200 Schaffhausen,2939,SH,real,True,15.11.2024,2688424,1284311
100966365,10179726,1611186,Rietstrasse,163,8200 Schaffhausen,2939,SH,real,True,15.11.2024,2688414,1284318
100966366,10179726,1611187,Rietstrasse,165,8200 Schaffhausen,2939,SH,real,True,15.11.2024,2688402,1284329
100966367,10179726,1611188,Rietstrasse,167,8200 Schaffhausen,2939,SH,real,True,15.11.2024,2688379,1284344
100966368,10179718,1611189,Im Riet,4,8200 Schaffhausen,2939,SH,real,True,15.11.2024,2688386,1284291
100966369,10179718,1611190,Im Riet,6,8200 Schaffhausen,2939,SH,real,True,15.11.2024,2688362,1284309
100966370,10179726,1611191,Rietstrasse,169,8200 Schaffhausen,2939,SH,real,True,15.11.2024,2688342,1284366
100966371,10179718,1611192,Im Riet,8,8200 Schaffhausen,2939,SH,real,True,15.11.2024,2688296,1284287
100966372,10179726,1611194,Rietstrasse,181a,8200 Schaffhausen,2939,SH,real,True,15.11.2024,2688291,1284368
100966373,10179726,1611195,Rietstrasse,183,8200 Schaffhausen,2939,SH,real,True,15.11.2024,2688313,1284387
100966374,10179726,1611196,Rietstrasse,185,8200 Schaffhausen,2939,SH,real,True,15.11.2024,2688298,1284396
100966375,10019798,1611198,Riethaldenweg,3,8200 Schaffhausen,2939,SH,real,True,15.11.2024,2688255,1284398
100966376,10019798,1611199,Riethaldenweg,7,8200 Schaffhausen,2939,SH,real,True,15.11.2024,2688253,1284364
100966377,10019798,1611200,Riethaldenweg,9,8200 Schaffhausen,2939,SH,real,True,15.11.2024,2688252,1284344
100966378,10085733,1611202,Riethaldenstieg,3,8200 Schaffhausen,2939,SH,real,True,15.11.2024,2688227,1284390
100966379,10085733,1611203,Riethaldenstieg,5,8200 Schaffhausen,2939,SH,real,True,15.11.2024,2688209,1284387
100966380,10019798,1611206,Riethaldenweg,14,8200 Schaffhausen,2939,SH,real,True,15.11.2024,2688230,1284361
100966381,10019798,1611207,Riethaldenweg,15,8200 Schaffhausen,2939,SH,real,True,15.11.2024,2688246,1284290
100966382,10019798,1611210,Riethaldenweg,20,8200 Schaffhausen,2939,SH,real,True,15.11.2024,2688213,1284302
100966383,10019798,1611211,Riethaldenweg,22,8200 Schaffhausen,2939,SH,real,True,15.11.2024,2688190,1284301
100966384,10019798,1611213,Riethaldenweg,26,8200 Schaffhausen,2939,SH,real,True,15.11.2024,2688161,1284304
100966385,10019798,1611214,Riethaldenweg,28,8200 Schaffhausen,2939,SH,real,True,15.11.2024,2688158,1284311
100966386,10019798,1611215,Riethaldenweg,30,8200 Schaffhausen,2939,SH,real,True,15.11.2024,2688155,1284319
100966387,10179718,1611216,Im Riet,23,8200 Schaffhausen,2939,SH,real,True,15.11.2024,2688221,1284276
100966388,10019798,1611218,Riethaldenweg,38,8200 Schaffhausen,2939,SH,real,True,15.11.2024,2688222,1284257
100966389,10178606,1611219,Etzelstrasse,12,8200 Schaffhausen,2939,SH,real,True,15.11.2024,2688099,1284522
100966390,10178606,1611220,Etzelstrasse,14,8200 Schaffhausen,2939,SH,real,True,15.11.2024,2688106,1284499
100966391,10178606,1611221,Etzelstrasse,20,8200 Schaffhausen,2939,SH,real,True,15.11.2024,2688114,1284452
100966392,10118360,1612980,Jägerstrasse,5,8200 Schaffhausen,2939,SH,real,True,15.11.2024,2690386,1285830
100966393,10118360,1612981,Jägerstrasse,7,8200 Schaffhausen,2939,SH,real,True,15.11.2024,2690378,1285845
100966394,10118360,1612983,Jägerstrasse,11,8200 Schaffhausen,2939,SH,real,True,15.11.2024,2690404,1285862
100966395,10118360,1612984,Jägerstrasse,13,8200 Schaffhausen,2939,SH,real,True,15.11.2024,2690444,1285862
100966396,10118360,1612985,Jägerstrasse,15,8200 Schaffhausen,2939,SH,real,True,15.11.2024,2690431,1285877
100966397,10179714,1612986,Gemsgasse,38,8200 Schaffhausen,2939,SH,real,True,15.11.2024,2690351,1285895
100966398,10026394,1609520,Hüttenlebenweg,30,8240 Thayngen,2920,SH,real,True,15.11.2024,2694182,1289902
100966399,10178606,1611224,Etzelstrasse,24,8200 Schaffhausen,2939,SH,real,True,15.11.2024,2688124,1284384
100966400,10178606,1611226,Etzelstrasse,26,8200 Schaffhausen,2939,SH,real,True,15.11.2024,2688137,1284353
100966401,10178606,1611227,Etzelstrasse,27,8200 Schaffhausen,2939,SH,real,True,15.11.2024,2688145,1284425
100966402,10178606,1611228,Etzelstrasse,29,8200 Schaffhausen,2939,SH,real,True,15.11.2024,2688155,1284377
100966403,10086770,1611229,Langhansergässchen,3,8200 Schaffhausen,2939,SH,real,True,15.11.2024,2688243,1284435
100966404,10086770,1611230,Langhansergässchen,5,8200 Schaffhausen,2939,SH,real,True,15.11.2024,2688222,1284433
100966405,10178602,1615045,Albulastrasse,4a,8200 Schaffhausen,2939,SH,real,True,15.11.2024,2690958,1283803
100966489,10086760,1611333,Holzbrunnenstrasse,17,8200 Schaffhausen,2939,SH,real,True,15.11.2024,2688591,1284348
100966490,10086760,1611334,Holzbrunnenstrasse,15,8200 Schaffhausen,2939,SH,real,True,15.11.2024,2688582,1284340
100966491,10086760,1611335,Holzbrunnenstrasse,13,8200 Schaffhausen,2939,SH,real,True,15.11.2024,2688572,1284332
100966492,10086760,1611336,Holzbrunnenstrasse,11,8200 Schaffhausen,2939,SH,real,True,15.11.2024,2688563,1284324
100966493,10086760,1611337,Holzbrunnenstrasse,9,8200 Schaffhausen,2939,SH,real,True,15.11.2024,2688554,1284316
100966494,10086760,1611338,Holzbrunnenstrasse,7,8200 Schaffhausen,2939,SH,real,True,15.11.2024,2688538,1284303
100966495,10086760,1611339,Holzbrunnenstrasse,5,8200 Schaffhausen,2939,SH,real,True,15.11.2024,2688517,1284292
100966496,10190888,1614932,Winkelriedstrasse,34,8203 Schaffhausen,2939,SH,real,True,15.11.2024,2691341,1283958
100966497,10190888,1614933,Winkelriedstrasse,38,8203 Schaffhausen,2939,SH,real,True,15.11.2024,2691380,1283966
100966498,10190888,1614935,Winkelriedstrasse,42,8203 Schaffhausen,2939,SH,real,True,15.11.2024,2691416,1283960
100966499,10190888,1614936,Winkelriedstrasse,44,8203 Schaffhausen,2939,SH,real,True,15.11.2024,2691414,1283944
100966500,10085740,1614938,Seewadelstrasse,5,8203 Schaffhausen,2939,SH,real,True,15.11.2024,2691363,1283911
100966501,10085740,1614939,Seewadelstrasse,7,8203 Schaffhausen,2939,SH,real,True,15.11.2024,2691369,1283887
100966502,10085740,1614940,Seewadelstrasse,9,8203 Schaffhausen,2939,SH,real,True,15.11.2024,2691397,1283912
100966503,10085740,1614942,Seewadelstrasse,13,8203 Schaffhausen,2939,SH,real,True,15.11.2024,2691424,1283916
100966504,10085740,1614943,Seewadelstrasse,15,8203 Schaffhausen,2939,SH,real,True,15.11.2024,2691418,1283886
100966505,10085740,1614944,Seewadelstrasse,17,8203 Schaffhausen,2939,SH,real,True,15.11.2024,2691440,1283893
100966506,10085740,1614945,Seewadelstrasse,19,8203 Schaffhausen,2939,SH,real,True,15.11.2024,2691446,1283915
100966507,10085740,1614946,Seewadelstrasse,21,8203 Schaffhausen,2939,SH,real,True,15.11.2024,2691459,1283914
100966508,10085740,1614948,Seewadelstrasse,25,8203 Schaffhausen,2939,SH,real,True,15.11.2024,2691486,1283884
100966509,10085740,1614949,Seewadelstrasse,27,8203 Schaffhausen,2939,SH,real,True,15.11.2024,2691487,1283909
100966510,10190888,1614951,Winkelriedstrasse,48,8203 Schaffhausen,2939,SH,real,True,15.11.2024,2691468,1283954
100966511,10073022,1614953,Alpenstrasse,147,8203 Schaffhausen,2939,SH,real,True,15.11.2024,2691371,1283827
100966512,10073022,1614954,Alpenstrasse,149,8203 Schaffhausen,2939,SH,real,True,15.11.2024,2691383,1283826
100966513,10073022,1614955,Alpenstrasse,151,8203 Schaffhausen,2939,SH,real,True,15.11.2024,2691402,1283810
100966514,10073022,1614956,Alpenstrasse,153,8203 Schaffhausen,2939,SH,real,True,15.11.2024,2691419,1283805
100966515,10073022,1614958,Alpenstrasse,157,8203 Schaffhausen,2939,SH,real,True,15.11.2024,2691458,1283793
100966517,10085740,1614960,Seewadelstrasse,2,8203 Schaffhausen,2939,SH,real,True,15.11.2024,2691343,1283873
100966518,10085740,1614961,Seewadelstrasse,4,8203 Schaffhausen,2939,SH,real,True,15.11.2024,2691366,1283871
100966519,10190888,1614967,Winkelriedstrasse,82,8203 Schaffhausen,2939,SH,real,True,15.11.2024,2691571,1283789
100966520,10073022,1614969,Alpenstrasse,169,8203 Schaffhausen,2939,SH,real,True,15.11.2024,2691657,1283719
100966521,10073022,1614971,Alpenstrasse,173,8203 Schaffhausen,2939,SH,real,True,15.11.2024,2691693,1283698
100966522,10073022,1614972,Alpenstrasse,175,8203 Schaffhausen,2939,SH,real,True,15.11.2024,2691742,1283678
100966523,10085730,1614973,Pilatusstrasse,8,8203 Schaffhausen,2939,SH,real,True,15.11.2024,2691693,1283763
100966524,10085730,1614974,Pilatusstrasse,10,8203 Schaffhausen,2939,SH,real,True,15.11.2024,2691706,1283760
100966525,10085730,1614975,Pilatusstrasse,12,8203 Schaffhausen,2939,SH,real,True,15.11.2024,2691723,1283750
100966526,10085730,1614976,Pilatusstrasse,14,8203 Schaffhausen,2939,SH,real,True,15.11.2024,2691736,1283747
100966527,10085730,1614977,Pilatusstrasse,16,8203 Schaffhausen,2939,SH,real,True,15.11.2024,2691715,1283784
100966528,10085730,1614979,Pilatusstrasse,20,8203 Schaffhausen,2939,SH,real,True,15.11.2024,2691740,1283802
100966529,10085730,1614980,Pilatusstrasse,22,8203 Schaffhausen,2939,SH,real,True,15.11.2024,2691729,1283826
100966530,10085730,1614981,Pilatusstrasse,24,8203 Schaffhausen,2939,SH,real,True,15.11.2024,2691734,1283851
100966531,10085730,1614983,Pilatusstrasse,28,8203 Schaffhausen,2939,SH,real,True,15.11.2024,2691743,1283882
100966532,10085730,1614986,Pilatusstrasse,34,8203 Schaffhausen,2939,SH,real,True,15.11.2024,2691740,1283911
100966533,10085730,1614987,Pilatusstrasse,36,8203 Schaffhausen,2939,SH,real,True,15.11.2024,2691723,1283932
100966534,10085730,1614988,Pilatusstrasse,38,8203 Schaffhausen,2939,SH,real,True,15.11.2024,2691735,1283933
100966535,10085730,1614989,Pilatusstrasse,42,8203 Schaffhausen,2939,SH,real,True,15.11.2024,2691684,1283900
100966536,10085730,1614990,Pilatusstrasse,44,8203 Schaffhausen,2939,SH,real,True,15.11.2024,2691705,1283923
100966537,10085730,1614991,Pilatusstrasse,46,8203 Schaffhausen,2939,SH,real,True,15.11.2024,2691692,1283925
100966538,10085730,1614992,Pilatusstrasse,48,8203 Schaffhausen,2939,SH,real,True,15.11.2024,2691680,1283930
100966539,10085730,1614994,Pilatusstrasse,9,8203 Schaffhausen,2939,SH,real,True,15.11.2024,2691626,1283797
100966540,10085730,1614996,Pilatusstrasse,21,8203 Schaffhausen,2939,SH,real,True,15.11.2024,2691660,1283787
100966541,10085730,1614997,Pilatusstrasse,23,8203 Schaffhausen,2939,SH,real,True,15.11.2024,2691690,1283790
100966542,10085730,1614998,Pilatusstrasse,25,8203 Schaffhausen,2939,SH,real,True,15.11.2024,2691697,1283809
100966543,10085730,1615000,Pilatusstrasse,29,8203 Schaffhausen,2939,SH,real,True,15.11.2024,2691669,1283835
100966544,10085730,1615001,Pilatusstrasse,31,8203 Schaffhausen,2939,SH,real,True,15.11.2024,2691694,1283860
100966545,10085730,1615002,Pilatusstrasse,33,8203 Schaffhausen,2939,SH,real,True,15.11.2024,2691672,1283877
100966546,10085730,1615003,Pilatusstrasse,35,8203 Schaffhausen,2939,SH,real,True,15.11.2024,2691663,1283881
100966547,10085730,1615004,Pilatusstrasse,37,8203 Schaffhausen,2939,SH,real,True,15.11.2024,2691633,1283875
100966548,10085730,1615007,Pilatusstrasse,43,8203 Schaffhausen,2939,SH,real,True,15.11.2024,2691643,1283846
100966549,10085730,1615008,Pilatusstrasse,45,8203 Schaffhausen,2939,SH,real,True,15.11.2024,2691645,1283839
100966551,10085730,1615009,Pilatusstrasse,47,8203 Schaffhausen,2939,SH,real,True,15.11.2024,2691646,1283832
100966552,10085730,1615010,Pilatusstrasse,49,8203 Schaffhausen,2939,SH,real,True,15.11.2024,2691646,1283823
100966553,10190888,1615013,Winkelriedstrasse,73,8203 Schaffhausen,2939,SH,real,True,15.11.2024,2691606,1283835
100966554,10190888,1615015,Winkelriedstrasse,71,8203 Schaffhausen,2939,SH,real,True,15.11.2024,2691605,1283843
100966555,10073022,1615016,Alpenstrasse,62,8200 Schaffhausen,2939,SH,real,True,15.11.2024,2690744,1283832
100966556,10073022,1615017,Alpenstrasse,64,8200 Schaffhausen,2939,SH,real,True,15.11.2024,2690769,1283831
100966557,10073022,1615018,Alpenstrasse,66,8200 Schaffhausen,2939,SH,real,True,15.11.2024,2690777,1283831
100966558,10018644,1615021,Grenzstrasse,8,8200 Schaffhausen,2939,SH,real,True,15.11.2024,2690736,1283735
100966559,10018644,1615022,Grenzstrasse,10,8200 Schaffhausen,2939,SH,real,True,15.11.2024,2690740,1283755
100966560,10018644,1615023,Grenzstrasse,12,8200 Schaffhausen,2939,SH,real,True,15.11.2024,2690739,1283762
100966561,10018644,1615024,Grenzstrasse,14,8200 Schaffhausen,2939,SH,real,True,15.11.2024,2690737,1283785
100966562,10018644,1615025,Grenzstrasse,16,8200 Schaffhausen,2939,SH,real,True,15.11.2024,2690740,1283808
100966563,10025685,1615027,Sonnmattstrasse,5,8200 Schaffhausen,2939,SH,real,True,15.11.2024,2690773,1283737
100966564,10025685,1615028,Sonnmattstrasse,7,8200 Schaffhausen,2939,SH,real,True,15.11.2024,2690805,1283728
100966565,10025685,1615029,Sonnmattstrasse,9,8200 Schaffhausen,2939,SH,real,True,15.11.2024,2690806,1283752
100966566,10025696,1615031,Sustenweg,2,8200 Schaffhausen,2939,SH,real,True,15.11.2024,2690774,1283807
100966567,10025696,1615032,Sustenweg,9,8200 Schaffhausen,2939,SH,real,True,15.11.2024,2690771,1283768
100966568,10073022,1615033,Alpenstrasse,72,8200 Schaffhausen,2939,SH,real,True,15.11.2024,2690829,1283825
100966569,10073022,1615036,Alpenstrasse,78,8200 Schaffhausen,2939,SH,real,True,15.11.2024,2690885,1283825
100966570,10073022,1615037,Alpenstrasse,80,8200 Schaffhausen,2939,SH,real,True,15.11.2024,2690904,1283827
100966571,10025702,1613199,Tälistrasse,9,8207 Schaffhausen,2939,SH,real,True,15.11.2024,2690986,1285992
100966572,10025702,1613200,Tälistrasse,15,8207 Schaffhausen,2939,SH,real,True,15.11.2024,2690991,1286025
100966573,10019782,1613201,Neutrottenstrasse,10,8207 Schaffhausen,2939,SH,real,True,15.11.2024,2690961,1286008
100966574,10019782,1613202,Neutrottenstrasse,12,8207 Schaffhausen,2939,SH,real,True,15.11.2024,2690965,1286024
100966575,10025692,1613204,Stettemerstrasse,18,8207 Schaffhausen,2939,SH,real,True,15.11.2024,2691079,1286223
100967752,10087045,1609404,Barzheimerstrasse,6,8240 Thayngen,2920,SH,real,True,15.11.2024,2695039,1289734
100967753,10087045,1609405,Barzheimerstrasse,8,8240 Thayngen,2920,SH,real,True,15.11.2024,2695069,1289750
100967754,10087045,1609406,Barzheimerstrasse,10,8240 Thayngen,2920,SH,real,True,15.11.2024,2695065,1289755
100967755,10185485,1609408,In Büte,8,8240 Thayngen,2920,SH,real,True,15.11.2024,2695067,1289790
100967763,10048901,1609416,Mühlwiesstrasse,18,8240 Thayngen,2920,SH,real,True,15.11.2024,2695126,1289723
100967764,10087055,1609417,Merzenbrunnenweg,12,8240 Thayngen,2920,SH,real,True,15.11.2024,2695136,1289689
100967765,10087055,1609419,Merzenbrunnenweg,10,8240 Thayngen,2920,SH,real,True,15.11.2024,2695149,1289666
100967766,10087055,1609420,Merzenbrunnenweg,8,8240 Thayngen,2920,SH,real,True,15.11.2024,2695160,1289652
100967767,10087055,1609422,Merzenbrunnenweg,4,8240 Thayngen,2920,SH,real,True,15.11.2024,2695220,1289583
100967768,10106942,1609423,Schlatterweg,25,8240 Thayngen,2920,SH,real,True,15.11.2024,2695191,1289680
100967769,10106942,1609425,Schlatterweg,29,8240 Thayngen,2920,SH,real,True,15.11.2024,2695174,1289710
100967770,10106942,1609426,Schlatterweg,31,8240 Thayngen,2920,SH,real,True,15.11.2024,2695165,1289722
100967771,10106942,1609427,Schlatterweg,33,8240 Thayngen,2920,SH,real,True,15.11.2024,2695154,1289735
100967772,10106942,1609428,Schlatterweg,35,8240 Thayngen,2920,SH,real,True,15.11.2024,2695133,1289772
100967773,10106942,1609430,Schlatterweg,47,8240 Thayngen,2920,SH,real,True,15.11.2024,2695054,1289851
100967774,10106942,1609432,Schlatterweg,11,8240 Thayngen,2920,SH,real,True,15.11.2024,2695229,1289622
100967775,10120406,1609433,Biberstrasse,14,8240 Thayngen,2920,SH,real,True,15.11.2024,2695105,1289391
100967776,10106942,1609434,Schlatterweg,23,8240 Thayngen,2920,SH,real,True,15.11.2024,2695201,1289665
100967777,10087045,1609435,Barzheimerstrasse,160,8240 Thayngen,2920,SH,real,True,15.11.2024,2695438,1290452
100967778,10087048,1609436,Buchhaldenweg,32,8240 Thayngen,2920,SH,real,True,15.11.2024,2695183,1290179
100967779,10108010,1609437,Buechetellenweg,23,8240 Thayngen,2920,SH,real,True,15.11.2024,2695151,1290071
100967780,10108010,1609438,Buechetellenweg,17k,8240 Thayngen,2920,SH,real,True,15.11.2024,2695116,1290105
100967781,10108010,1609440,Buechetellenweg,17b,8240 Thayngen,2920,SH,real,True,15.11.2024,2695087,1290078
100967782,10108010,1609441,Buechetellenweg,17c,8240 Thayngen,2920,SH,real,True,15.11.2024,2695094,1290079
100967783,10108010,1609443,Buechetellenweg,17e,8240 Thayngen,2920,SH,real,True,15.11.2024,2695119,1290081
100967784,10087045,1609444,Barzheimerstrasse,22,8240 Thayngen,2920,SH,real,True,15.11.2024,2695063,1289947
100967785,10129730,1609445,Bröckligraben,1,8240 Thayngen,2920,SH,real,True,15.11.2024,2695156,1289799
100967786,10026389,1609446,Chnübrecherweg,1,8240 Thayngen,2920,SH,real,True,15.11.2024,2695176,1289814
100967787,10026389,1609447,Chnübrecherweg,6,8240 Thayngen,2920,SH,real,True,15.11.2024,2695175,1289878
100967788,10026389,1609450,Chnübrecherweg,9,8240 Thayngen,2920,SH,real,True,15.11.2024,2695120,1289876
100967789,10026389,1609452,Chnübrecherweg,15,8240 Thayngen,2920,SH,real,True,15.11.2024,2695078,1289919
100967790,10026389,1609453,Chnübrecherweg,13,8240 Thayngen,2920,SH,real,True,15.11.2024,2695092,1289906
100967791,10087045,1609455,Barzheimerstrasse,18,8240 Thayngen,2920,SH,real,True,15.11.2024,2695042,1289920
100967792,10106942,1609456,Schlatterweg,48,8240 Thayngen,2920,SH,real,True,15.11.2024,2695055,1289897
100967793,10106942,1609457,Schlatterweg,46,8240 Thayngen,2920,SH,real,True,15.11.2024,2695075,1289876
100967794,10026389,1609459,Chnübrecherweg,5,8240 Thayngen,2920,SH,real,True,15.11.2024,2695138,1289846
100967795,10087047,1609462,Bröckliweg,3,8240 Thayngen,2920,SH,real,True,15.11.2024,2695264,1289870
100967796,10087047,1609463,Bröckliweg,5,8240 Thayngen,2920,SH,real,True,15.11.2024,2695238,1289870
100967797,10087047,1609464,Bröckliweg,13,8240 Thayngen,2920,SH,real,True,15.11.2024,2695193,1289926
100967798,10108010,1609465,Buechetellenweg,17d,8240 Thayngen,2920,SH,real,True,15.11.2024,2695110,1290080
100967799,10108010,1609466,Buechetellenweg,17h,8240 Thayngen,2920,SH,real,True,15.11.2024,2695096,1290104
100967800,10108010,1609467,Buechetellenweg,17a,8240 Thayngen,2920,SH,real,True,15.11.2024,2695071,1290077
100967801,10087047,1609468,Bröckliweg,11,8240 Thayngen,2920,SH,real,True,15.11.2024,2695211,1289908
100967802,10087048,1609469,Buchhaldenweg,26,8240 Thayngen,2920,SH,real,True,15.11.2024,2695133,1290163
100967803,10108010,1609471,Buechetellenweg,20,8240 Thayngen,2920,SH,real,True,15.11.2024,2695119,1290043
100967804,10026389,1609473,Chnübrecherweg,4,8240 Thayngen,2920,SH,real,True,15.11.2024,2695190,1289847
100967805,10108010,1609474,Buechetellenweg,17f,8240 Thayngen,2920,SH,real,True,15.11.2024,2695073,1290102
100967806,10108010,1609475,Buechetellenweg,25,8240 Thayngen,2920,SH,real,True,15.11.2024,2695150,1290092
100967807,10185486,1609477,Schlattergasse,16,8240 Thayngen,2920,SH,real,True,15.11.2024,2694973,1290081
100967808,10087048,1609478,Buchhaldenweg,14,8240 Thayngen,2920,SH,real,True,15.11.2024,2694993,1290090
100967810,10087048,1609480,Buchhaldenweg,2,8240 Thayngen,2920,SH,real,True,15.11.2024,2694964,1290135
100967811,10087048,1609481,Buchhaldenweg,6,8240 Thayngen,2920,SH,real,True,15.11.2024,2695002,1290145
100967812,10108010,1609483,Buechetellenweg,9e,8240 Thayngen,2920,SH,real,True,15.11.2024,2695021,1290121
100967813,10108010,1609485,Buechetellenweg,9d,8240 Thayngen,2920,SH,real,True,15.11.2024,2695031,1290101
100967814,10108010,1609486,Buechetellenweg,9c,8240 Thayngen,2920,SH,real,True,15.11.2024,2695032,1290096
100967815,10108010,1609488,Buechetellenweg,9a,8240 Thayngen,2920,SH,real,True,15.11.2024,2695032,1290083
100967816,10108010,1609489,Buechetellenweg,7,8240 Thayngen,2920,SH,real,True,15.11.2024,2695019,1290052
100967817,10106943,1609490,Wistenstrasse,1,8240 Thayngen,2920,SH,real,True,15.11.2024,2694947,1290062
100967818,10106943,1609491,Wistenstrasse,3,8240 Thayngen,2920,SH,real,True,15.11.2024,2694940,1290063
100967819,10106943,1609493,Wistenstrasse,9,8240 Thayngen,2920,SH,real,True,15.11.2024,2694896,1290075
100967820,10106943,1609494,Wistenstrasse,8,8240 Thayngen,2920,SH,real,True,15.11.2024,2694903,1290100
100967821,10106943,1609495,Wistenstrasse,10,8240 Thayngen,2920,SH,real,True,15.11.2024,2694886,1290096
100967822,10106943,1609496,Wistenstrasse,11,8240 Thayngen,2920,SH,real,True,15.11.2024,2694873,1290073
100967823,10106943,1609498,Wistenstrasse,13,8240 Thayngen,2920,SH,real,True,15.11.2024,2694849,1290067
100967824,10106943,1609499,Wistenstrasse,13a,8240 Thayngen,2920,SH,real,True,15.11.2024,2694845,1290066
100967825,10106943,1609500,Wistenstrasse,15,8240 Thayngen,2920,SH,real,True,15.11.2024,2694819,1290065
100967826,10106943,1609501,Wistenstrasse,14,8240 Thayngen,2920,SH,real,True,15.11.2024,2694825,1290087
100967827,10185486,1609502,Schlattergasse,110,8240 Thayngen,2920,SH,real,True,15.11.2024,2694727,1290593
100967828,10087051,1609503,Gygerweg,6,8240 Thayngen,2920,SH,real,True,15.11.2024,2694887,1290146
100967829,10087051,1609504,Gygerweg,4,8240 Thayngen,2920,SH,real,True,15.11.2024,2694907,1290140
100967830,10018153,1609506,Stofflerstrasse,2,8240 Thayngen,2920,SH,real,True,15.11.2024,2694974,1290028
100967831,10018153,1609507,Stofflerstrasse,14,8240 Thayngen,2920,SH,real,True,15.11.2024,2694843,1290038
100967832,10018153,1609508,Stofflerstrasse,16,8240 Thayngen,2920,SH,real,True,15.11.2024,2694816,1290038
100967833,10018153,1609510,Stofflerstrasse,12,8240 Thayngen,2920,SH,real,True,15.11.2024,2694877,1290035
100967834,10018153,1609511,Stofflerstrasse,10,8240 Thayngen,2920,SH,real,True,15.11.2024,2694900,1290032
100967835,10018153,1609512,Stofflerstrasse,8,8240 Thayngen,2920,SH,real,True,15.11.2024,2694924,1290030
100967836,10018153,1609513,Stofflerstrasse,6,8240 Thayngen,2920,SH,real,True,15.11.2024,2694935,1290030
100967837,10018153,1609514,Stofflerstrasse,4,8240 Thayngen,2920,SH,real,True,15.11.2024,2694950,1290025
100967838,10114704,1609516,Chuttlerweg,11,8240 Thayngen,2920,SH,real,True,15.11.2024,2694787,1290150
100967839,10026394,1609517,Hüttenlebenweg,6,8240 Thayngen,2920,SH,real,True,15.11.2024,2694138,1289811
100967840,10026394,1609519,Hüttenlebenweg,20,8240 Thayngen,2920,SH,real,True,15.11.2024,2694140,1289887
100967847,10086770,1611232,Langhansergässchen,9,8200 Schaffhausen,2939,SH,real,True,15.11.2024,2688219,1284456
100967849,10086770,1611235,Langhansergässchen,15,8200 Schaffhausen,2939,SH,real,True,15.11.2024,2688190,1284412
100967850,10086770,1611236,Langhansergässchen,17,8200 Schaffhausen,2939,SH,real,True,15.11.2024,2688191,1284419
100967851,10086770,1611237,Langhansergässchen,19,8200 Schaffhausen,2939,SH,real,True,15.11.2024,2688199,1284446
100967852,10086770,1611239,Langhansergässchen,23a,8200 Schaffhausen,2939,SH,real,True,15.11.2024,2688187,1284480
100967853,10086770,1611241,Langhansergässchen,27,8200 Schaffhausen,2939,SH,real,True,15.11.2024,2688162,1284488
100967854,10085733,1611242,Riethaldenstieg,6,8200 Schaffhausen,2939,SH,real,True,15.11.2024,2688200,1284398
100967855,10019798,1611245,Riethaldenweg,8,8200 Schaffhausen,2939,SH,real,True,15.11.2024,2688209,1284405
100967858,10086471,1611248,Belairstrasse,12,8200 Schaffhausen,2939,SH,real,True,15.11.2024,2688696,1284155
100967860,10179726,1611252,Rietstrasse,32,8200 Schaffhausen,2939,SH,real,True,15.11.2024,2688926,1284043
100967861,10179726,1611253,Rietstrasse,34,8200 Schaffhausen,2939,SH,real,True,15.11.2024,2688897,1284051
100967862,10179726,1611254,Rietstrasse,36,8200 Schaffhausen,2939,SH,real,True,15.11.2024,2688882,1284056
100967863,10019266,1611256,Abendstrasse,4,8200 Schaffhausen,2939,SH,real,True,15.11.2024,2688573,1284204
100967864,10019266,1611257,Abendstrasse,6,8200 Schaffhausen,2939,SH,real,True,15.11.2024,2688599,1284222
100967865,10019266,1611258,Abendstrasse,20,8200 Schaffhausen,2939,SH,real,True,15.11.2024,2688650,1284274
100967866,10019266,1611259,Abendstrasse,22,8200 Schaffhausen,2939,SH,real,True,15.11.2024,2688679,1284303
100967867,10019266,1611260,Abendstrasse,24,8200 Schaffhausen,2939,SH,real,True,15.11.2024,2688699,1284321
100967868,10086471,1611262,Belairstrasse,1,8200 Schaffhausen,2939,SH,real,True,15.11.2024,2688629,1284239
100967869,10086471,1611263,Belairstrasse,4,8200 Schaffhausen,2939,SH,real,True,15.11.2024,2688621,1284208
100967870,10086471,1611264,Belairstrasse,5,8200 Schaffhausen,2939,SH,real,True,15.11.2024,2688639,1284228
100967871,10086471,1611265,Belairstrasse,7,8200 Schaffhausen,2939,SH,real,True,15.11.2024,2688650,1284218
100967872,10086471,1611266,Belairstrasse,9,8200 Schaffhausen,2939,SH,real,True,15.11.2024,2688669,1284206
100967873,10086471,1611267,Belairstrasse,11,8200 Schaffhausen,2939,SH,real,True,15.11.2024,2688697,1284195
100967874,10086471,1611268,Belairstrasse,20,8200 Schaffhausen,2939,SH,real,True,15.11.2024,2688755,1284236
100967875,10086471,1611269,Belairstrasse,21,8200 Schaffhausen,2939,SH,real,True,15.11.2024,2688751,1284275
100967876,10086471,1611271,Belairstrasse,23,8200 Schaffhausen,2939,SH,real,True,15.11.2024,2688736,1284288
100967877,10018649,1611273,Haselweg,1,8200 Schaffhausen,2939,SH,real,True,15.11.2024,2688714,1284224
100967878,10018649,1611274,Haselweg,2,8200 Schaffhausen,2939,SH,real,True,15.11.2024,2688718,1284242
100967879,10018649,1611275,Haselweg,3,8200 Schaffhausen,2939,SH,real,True,15.11.2024,2688695,1284243
100967880,10018649,1611276,Haselweg,4,8200 Schaffhausen,2939,SH,real,True,15.11.2024,2688702,1284258
100967881,10018649,1611278,Haselweg,6,8200 Schaffhausen,2939,SH,real,True,15.11.2024,2688686,1284273
100967884,10179726,1611285,Rietstrasse,84,8200 Schaffhausen,2939,SH,real,True,15.11.2024,2688619,1284170
100967885,10019266,1611286,Abendstrasse,7,8200 Schaffhausen,2939,SH,real,True,15.11.2024,2688561,1284226
100967886,10019266,1611288,Abendstrasse,11,8200 Schaffhausen,2939,SH,real,True,15.11.2024,2688593,1284256
100967887,10019266,1611291,Abendstrasse,19,8200 Schaffhausen,2939,SH,real,True,15.11.2024,2688645,1284303
100967888,10019266,1611292,Abendstrasse,21,8200 Schaffhausen,2939,SH,real,True,15.11.2024,2688659,1284316
100967889,10019266,1611293,Abendstrasse,23,8200 Schaffhausen,2939,SH,real,True,15.11.2024,2688661,1284318
100967890,10019266,1611294,Abendstrasse,25,8200 Schaffhausen,2939,SH,real,True,15.11.2024,2688684,1284337
100967891,10086760,1611296,Holzbrunnenstrasse,2,8200 Schaffhausen,2939,SH,real,True,15.11.2024,2688528,1284244
100967892,10086760,1611298,Holzbrunnenstrasse,8,8200 Schaffhausen,2939,SH,real,True,15.11.2024,2688538,1284263
100967893,10086760,1611299,Holzbrunnenstrasse,10,8200 Schaffhausen,2939,SH,real,True,15.11.2024,2688552,1284275
100967894,10086760,1611301,Holzbrunnenstrasse,14,8200 Schaffhausen,2939,SH,real,True,15.11.2024,2688573,1284292
100967895,10086760,1611302,Holzbrunnenstrasse,16,8200 Schaffhausen,2939,SH,real,True,15.11.2024,2688582,1284300
100967896,10086760,1611303,Holzbrunnenstrasse,18,8200 Schaffhausen,2939,SH,real,True,15.11.2024,2688593,1284309
100967897,10086760,1611304,Holzbrunnenstrasse,20,8200 Schaffhausen,2939,SH,real,True,15.11.2024,2688603,1284317
100967898,10086760,1611305,Holzbrunnenstrasse,22,8200 Schaffhausen,2939,SH,real,True,15.11.2024,2688622,1284333
100967899,10086760,1611307,Holzbrunnenstrasse,26,8200 Schaffhausen,2939,SH,real,True,15.11.2024,2688656,1284362
100967901,10179726,1611309,Rietstrasse,90,8200 Schaffhausen,2939,SH,real,True,15.11.2024,2688543,1284213
100967902,10085742,1611310,Sonnenstrasse,2,8200 Schaffhausen,2939,SH,real,True,15.11.2024,2688464,1284314
100967904,10085742,1611311,Sonnenstrasse,4,8200 Schaffhausen,2939,SH,real,True,15.11.2024,2688487,1284322
100967905,10085742,1611312,Sonnenstrasse,6,8200 Schaffhausen,2939,SH,real,True,15.11.2024,2688499,1284331
100967906,10085742,1611317,Sonnenstrasse,16,8200 Schaffhausen,2939,SH,real,True,15.11.2024,2688537,1284363
100967907,10085742,1611318,Sonnenstrasse,18,8200 Schaffhausen,2939,SH,real,True,15.11.2024,2688559,1284380
100967908,10085742,1611321,Sonnenstrasse,24,8200 Schaffhausen,2939,SH,real,True,15.11.2024,2688585,1284401
100967909,10085742,1611323,Sonnenstrasse,28,8200 Schaffhausen,2939,SH,real,True,15.11.2024,2688602,1284414
100967910,10085742,1611324,Sonnenstrasse,30,8200 Schaffhausen,2939,SH,real,True,15.11.2024,2688605,1284417
100967915,10086760,1611329,Holzbrunnenstrasse,25,8200 Schaffhausen,2939,SH,real,True,15.11.2024,2688636,1284386
100967916,10086760,1611330,Holzbrunnenstrasse,23,8200 Schaffhausen,2939,SH,real,True,15.11.2024,2688620,1284371
100967917,10086760,1611331,Holzbrunnenstrasse,21,8200 Schaffhausen,2939,SH,real,True,15.11.2024,2688610,1284363
100967918,10086760,1611332,Holzbrunnenstrasse,19,8200 Schaffhausen,2939,SH,real,True,15.11.2024,2688601,1284356
100967923,10026394,1609522,Hüttenlebenweg,32,8240 Thayngen,2920,SH,real,True,15.11.2024,2694172,1289872
100967924,10026394,1609523,Hüttenlebenweg,33,8240 Thayngen,2920,SH,real,True,15.11.2024,2694120,1289914
100967925,10026394,1609525,Hüttenlebenweg,37,8240 Thayngen,2920,SH,real,True,15.11.2024,2694123,1289931
100967926,10026394,1609526,Hüttenlebenweg,38,8240 Thayngen,2920,SH,real,True,15.11.2024,2694153,1289933
100967928,10118361,1613098,Längenbergstrasse,1,8200 Schaffhausen,2939,SH,real,True,15.11.2024,2689657,1286791
100967929,10046624,1613099,Kleinbuchbergweg,10,8200 Schaffhausen,2939,SH,real,True,15.11.2024,2688816,1287259
100967930,10018633,1613100,Freudental,1,8200 Schaffhausen,2939,SH,real,True,15.11.2024,2689974,1287847
100967931,10018633,1613102,Freudental,2a,8200 Schaffhausen,2939,SH,real,True,15.11.2024,2690007,1287851
100967932,10018633,1613103,Freudental,3,8200 Schaffhausen,2939,SH,real,True,15.11.2024,2689969,1287813
100967933,10018633,1613104,Freudental,7,8200 Schaffhausen,2939,SH,real,True,15.11.2024,2689905,1288172
100967934,10086486,1613106,Geissbergstrasse,81,8208 Schaffhausen,2939,SH,real,True,15.11.2024,2689975,1285229
100967935,10086486,1613109,Geissbergstrasse,103,8200 Schaffhausen,2939,SH,real,True,15.11.2024,2690043,1285308
100967936,10086486,1613110,Geissbergstrasse,105,8200 Schaffhausen,2939,SH,real,True,15.11.2024,2690052,1285309
100967937,10086489,1613111,Grafenbuckstrasse,21,8208 Schaffhausen,2939,SH,real,True,15.11.2024,2689917,1285274
100967938,10086489,1613112,Grafenbuckstrasse,25,8208 Schaffhausen,2939,SH,real,True,23.07.2024,2689804,1285276
100967939,10018666,1613113,J.J. Wepfer-Strasse,5,8200 Schaffhausen,2939,SH,real,True,15.11.2024,2689985,1285494
100967940,10018666,1613114,J.J. Wepfer-Strasse,6,8200 Schaffhausen,2939,SH,real,True,15.11.2024,2690063,1285531
100967941,10018666,1613115,J.J. Wepfer-Strasse,12,8200 Schaffhausen,2939,SH,real,False,19.11.2024,2690095,1285653
100967942,10086762,1613116,Im Gräfler,3,8207 Schaffhausen,2939,SH,real,True,15.11.2024,2690915,1286033
100967943,10086762,1613117,Im Gräfler,5,8207 Schaffhausen,2939,SH,real,True,15.11.2024,2690878,1286035
100967944,10086762,1613118,Im Gräfler,7,8207 Schaffhausen,2939,SH,real,True,15.11.2024,2690839,1286045
100967945,10120427,1613120,Mutzentäli,34,8207 Schaffhausen,2939,SH,real,True,15.11.2024,2690885,1285994
100967946,10113197,1613122,Hohbergstrasse,1,8207 Schaffhausen,2939,SH,real,True,15.11.2024,2690946,1286227
100967947,10019807,1613123,Schweizersbildstrasse,20,8207 Schaffhausen,2939,SH,real,True,15.11.2024,2690638,1286264
100967948,10019807,1613124,Schweizersbildstrasse,30,8207 Schaffhausen,2939,SH,real,True,15.11.2024,2690570,1286276
100967949,10019807,1613125,Schweizersbildstrasse,32,8207 Schaffhausen,2939,SH,real,True,15.11.2024,2690536,1286295
100967950,10019807,1613126,Schweizersbildstrasse,40,8207 Schaffhausen,2939,SH,real,True,15.11.2024,2690427,1286423
100967951,10073043,1613127,Hohberg,1,8207 Schaffhausen,2939,SH,real,True,15.11.2024,2690942,1286310
100967952,10073043,1613128,Hohberg,4,8207 Schaffhausen,2939,SH,real,True,15.11.2024,2690985,1286343
100967953,10073043,1613129,Hohberg,4a,8207 Schaffhausen,2939,SH,real,True,15.11.2024,2690979,1286345
100967954,10073043,1613130,Hohberg,5,8207 Schaffhausen,2939,SH,real,True,15.11.2024,2690910,1286366
100967955,10073043,1613131,Hohberg,6,8207 Schaffhausen,2939,SH,real,True,15.11.2024,2690947,1286331
100967956,10073043,1613132,Hohberg,8,8207 Schaffhausen,2939,SH,real,True,15.11.2024,2690954,1286357
100967957,10025692,1613134,Stettemerstrasse,11,8207 Schaffhausen,2939,SH,real,True,15.11.2024,2691036,1286215
100967959,10025692,1613136,Stettemerstrasse,61,8207 Schaffhausen,2939,SH,real,True,15.11.2024,2691184,1286440
100967960,10025692,1613137,Stettemerstrasse,63,8207 Schaffhausen,2939,SH,real,True,15.11.2024,2691199,1286453
100967961,10025692,1613138,Stettemerstrasse,65,8207 Schaffhausen,2939,SH,real,True,15.11.2024,2691213,1286467
100967962,10025692,1613142,Stettemerstrasse,73,8207 Schaffhausen,2939,SH,real,True,15.11.2024,2691208,1286424
100967963,10025692,1613143,Stettemerstrasse,75,8207 Schaffhausen,2939,SH,real,True,15.11.2024,2691230,1286440
100967964,10025692,1613145,Stettemerstrasse,79,8207 Schaffhausen,2939,SH,real,True,15.11.2024,2691243,1286459
100967965,10025692,1613146,Stettemerstrasse,81,8207 Schaffhausen,2939,SH,real,True,15.11.2024,2691234,1286461
100967966,10025692,1613147,Stettemerstrasse,83,8207 Schaffhausen,2939,SH,real,True,15.11.2024,2691255,1286478
100967967,10025692,1613148,Stettemerstrasse,85,8207 Schaffhausen,2939,SH,real,True,15.11.2024,2691246,1286480
100967968,10025692,1613149,Stettemerstrasse,87,8207 Schaffhausen,2939,SH,real,True,15.11.2024,2691267,1286497
100967969,10025692,1613150,Stettemerstrasse,89,8207 Schaffhausen,2939,SH,real,True,15.11.2024,2691259,1286499
100967970,10025692,1613152,Stettemerstrasse,125,8207 Schaffhausen,2939,SH,real,True,15.11.2024,2691412,1286751
100967973,10025692,1613155,Stettemerstrasse,119,8207 Schaffhausen,2939,SH,real,True,15.11.2024,2691423,1286720
100967974,10025692,1613156,Stettemerstrasse,117,8207 Schaffhausen,2939,SH,real,True,15.11.2024,2691395,1286718
100967977,10025692,1613159,Stettemerstrasse,111,8207 Schaffhausen,2939,SH,real,True,15.11.2024,2691401,1286690
100967978,10025692,1613160,Stettemerstrasse,109,8207 Schaffhausen,2939,SH,real,True,15.11.2024,2691366,1286688
100967981,10025692,1613163,Stettemerstrasse,103,8207 Schaffhausen,2939,SH,real,True,15.11.2024,2691378,1286661
100967982,10025692,1613164,Stettemerstrasse,127,8207 Schaffhausen,2939,SH,real,True,15.11.2024,2691454,1286764
100967983,10025692,1613166,Stettemerstrasse,131,8207 Schaffhausen,2939,SH,real,True,15.11.2024,2691435,1286816
100967984,10025692,1613168,Stettemerstrasse,133,8207 Schaffhausen,2939,SH,real,True,15.11.2024,2691473,1286785
100967985,10025692,1613169,Stettemerstrasse,135,8207 Schaffhausen,2939,SH,real,True,15.11.2024,2691503,1286820
100967986,10025692,1613170,Stettemerstrasse,137,8207 Schaffhausen,2939,SH,real,True,15.11.2024,2691496,1286840
100967987,10025692,1613171,Stettemerstrasse,137a,8207 Schaffhausen,2939,SH,real,True,15.11.2024,2691485,1286859
100967988,10025692,1613172,Stettemerstrasse,139,8207 Schaffhausen,2939,SH,real,True,15.11.2024,2691539,1286866
100967989,10025692,1613174,Stettemerstrasse,141a,8207 Schaffhausen,2939,SH,real,True,15.11.2024,2691499,1286887
100967990,10025692,1613175,Stettemerstrasse,143,8207 Schaffhausen,2939,SH,real,True,15.11.2024,2691567,1286903
100967991,10025692,1613177,Stettemerstrasse,147,8207 Schaffhausen,2939,SH,real,True,15.11.2024,2691543,1286942
100967992,10025692,1613178,Stettemerstrasse,147a,8207 Schaffhausen,2939,SH,real,True,15.11.2024,2691555,1286957
100967993,10025692,1613179,Stettemerstrasse,149,8207 Schaffhausen,2939,SH,real,True,15.11.2024,2691599,1286944
100967994,10025692,1613181,Stettemerstrasse,153,8207 Schaffhausen,2939,SH,real,True,15.11.2024,2691623,1286980
100967995,10025692,1613182,Stettemerstrasse,155,8207 Schaffhausen,2939,SH,real,True,15.11.2024,2691606,1287013
100967996,10019782,1613183,Neutrottenstrasse,8,8207 Schaffhausen,2939,SH,real,True,15.11.2024,2690937,1286005
100967997,10019782,1613185,Neutrottenstrasse,31,8207 Schaffhausen,2939,SH,real,True,15.11.2024,2691078,1286159
100967998,10019782,1613186,Neutrottenstrasse,33,8207 Schaffhausen,2939,SH,real,True,15.11.2024,2691095,1286173
100967999,10019782,1613187,Neutrottenstrasse,35,8207 Schaffhausen,2939,SH,real,True,15.11.2024,2691109,1286188
100968000,10019782,1613188,Neutrottenstrasse,37,8207 Schaffhausen,2939,SH,real,True,15.11.2024,2691123,1286203
100968001,10019782,1613190,Neutrottenstrasse,41,8207 Schaffhausen,2939,SH,real,True,15.11.2024,2691157,1286233
100968002,10019782,1613193,Neutrottenstrasse,47,8207 Schaffhausen,2939,SH,real,True,15.11.2024,2691195,1286270
100968003,10019782,1613194,Neutrottenstrasse,49,8207 Schaffhausen,2939,SH,real,True,15.11.2024,2691209,1286286
100968005,10025692,1613195,Stettemerstrasse,2,8207 Schaffhausen,2939,SH,real,True,15.11.2024,2690979,1286089
100968006,10025702,1613198,Tälistrasse,7,8207 Schaffhausen,2939,SH,real,True,15.11.2024,2690964,1285964
100968007,10237816,1609628,Im Kloster,20,8240 Thayngen,2920,SH,real,True,15.11.2024,2694979,1289471
100968008,10237816,1609629,Im Kloster,16,8240 Thayngen,2920,SH,real,True,15.11.2024,2694990,1289454
100968009,10237816,1609630,Im Kloster,12,8240 Thayngen,2920,SH,real,True,15.11.2024,2695005,1289443
100968010,10025692,1613208,Stettemerstrasse,26,8207 Schaffhausen,2939,SH,real,True,15.11.2024,2691178,1286321
100968011,10019782,1613212,Neutrottenstrasse,71,8207 Schaffhausen,2939,SH,real,True,15.11.2024,2691331,1286435
100968012,10019782,1613213,Neutrottenstrasse,73,8207 Schaffhausen,2939,SH,real,True,15.11.2024,2691321,1286447
100968013,10025692,1613214,Stettemerstrasse,46,8207 Schaffhausen,2939,SH,real,True,15.11.2024,2691316,1286492
100968014,10025692,1613215,Stettemerstrasse,48,8207 Schaffhausen,2939,SH,real,True,15.11.2024,2691345,1286507
100968015,10025692,1613216,Stettemerstrasse,50,8207 Schaffhausen,2939,SH,real,True,15.11.2024,2691345,1286548
100968016,10019782,1613219,Neutrottenstrasse,79,8207 Schaffhausen,2939,SH,real,True,15.11.2024,2691426,1286498
100968017,10019782,1613220,Neutrottenstrasse,77,8207 Schaffhausen,2939,SH,real,True,15.11.2024,2691373,1286473
100968018,10025700,1613225,Trüllenbuck,23,8207 Schaffhausen,2939,SH,real,True,15.11.2024,2691508,1286533
100968019,10073050,1613226,Kreuzgutweg,17,8207 Schaffhausen,2939,SH,real,True,15.11.2024,2691479,1286626
100968020,10073050,1613227,Kreuzgutweg,19,8207 Schaffhausen,2939,SH,real,True,15.11.2024,2691488,1286612
100968021,10018648,1613228,Hanfpünt,39,8207 Schaffhausen,2939,SH,real,True,15.11.2024,2691569,1286723
100968022,10025685,1615046,Sonnmattstrasse,10,8200 Schaffhausen,2939,SH,real,True,15.11.2024,2690824,1283712
100968023,10025685,1615047,Sonnmattstrasse,12,8200 Schaffhausen,2939,SH,real,True,15.11.2024,2690833,1283712
100968024,10025685,1615048,Sonnmattstrasse,11,8200 Schaffhausen,2939,SH,real,True,15.11.2024,2690836,1283728
100968025,10025685,1615050,Sonnmattstrasse,4,8200 Schaffhausen,2939,SH,real,True,15.11.2024,2690762,1283711
100968026,10025685,1615051,Sonnmattstrasse,8,8200 Schaffhausen,2939,SH,real,True,15.11.2024,2690801,1283711
100968027,10025685,1615052,Sonnmattstrasse,14,8200 Schaffhausen,2939,SH,real,True,15.11.2024,2690837,1283689
100968028,10025685,1615053,Sonnmattstrasse,16,8200 Schaffhausen,2939,SH,real,True,15.11.2024,2690803,1283676
100968029,10019799,1615057,Rosenbergstrasse,1,8200 Schaffhausen,2939,SH,real,True,15.11.2024,2690750,1283631
100968030,10019799,1615058,Rosenbergstrasse,3,8200 Schaffhausen,2939,SH,real,True,15.11.2024,2690769,1283630
100968031,10019799,1615059,Rosenbergstrasse,5,8200 Schaffhausen,2939,SH,real,True,15.11.2024,2690783,1283630
100968032,10019799,1615060,Rosenbergstrasse,7,8200 Schaffhausen,2939,SH,real,True,15.11.2024,2690789,1283630
100968033,10019799,1615061,Rosenbergstrasse,9,8200 Schaffhausen,2939,SH,real,True,15.11.2024,2690805,1283630
100968034,10019799,1615062,Rosenbergstrasse,11,8200 Schaffhausen,2939,SH,real,True,15.11.2024,2690834,1283632
100968036,10019799,1615064,Rosenbergstrasse,17,8200 Schaffhausen,2939,SH,real,True,15.11.2024,2690883,1283635
100968037,10106949,1615065,Julierstrasse,3,8200 Schaffhausen,2939,SH,real,True,15.11.2024,2690867,1283689
100968038,10106949,1615066,Julierstrasse,5,8200 Schaffhausen,2939,SH,real,True,15.11.2024,2690870,1283728
100968039,10106949,1615067,Julierstrasse,7,8200 Schaffhausen,2939,SH,real,True,15.11.2024,2690869,1283745
100968040,10106949,1615068,Julierstrasse,9,8200 Schaffhausen,2939,SH,real,True,15.11.2024,2690867,1283761
100968041,10019268,1615069,Ackerstrasse,4,8200 Schaffhausen,2939,SH,real,True,15.11.2024,2690934,1283716
100968042,10085745,1615071,Splügenstrasse,3,8200 Schaffhausen,2939,SH,real,True,15.11.2024,2690929,1283775
100968043,10085745,1615072,Splügenstrasse,5,8200 Schaffhausen,2939,SH,real,True,15.11.2024,2690895,1283770
100968044,10019799,1615073,Rosenbergstrasse,19,8200 Schaffhausen,2939,SH,real,True,15.11.2024,2690907,1283649
100968045,10019799,1615074,Rosenbergstrasse,21,8200 Schaffhausen,2939,SH,real,True,15.11.2024,2690925,1283655
100968046,10019799,1615075,Rosenbergstrasse,23,8200 Schaffhausen,2939,SH,real,True,15.11.2024,2690941,1283661
100968047,10019799,1615076,Rosenbergstrasse,25,8200 Schaffhausen,2939,SH,real,True,15.11.2024,2690961,1283678
100968048,10178602,1615077,Albulastrasse,6,8200 Schaffhausen,2939,SH,real,True,15.11.2024,2690970,1283772
100968049,10178602,1615079,Albulastrasse,10,8200 Schaffhausen,2939,SH,real,True,15.11.2024,2690986,1283693
100968050,10019268,1615080,Ackerstrasse,3,8200 Schaffhausen,2939,SH,real,True,15.11.2024,2690930,1283691
100968051,10019268,1615081,Ackerstrasse,5,8200 Schaffhausen,2939,SH,real,True,15.11.2024,2690923,1283689
100968053,10019268,1615082,Ackerstrasse,7,8200 Schaffhausen,2939,SH,real,True,15.11.2024,2690898,1283683
100968054,10178602,1615083,Albulastrasse,3,8200 Schaffhausen,2939,SH,real,True,15.11.2024,2691006,1283790
100968055,10178602,1615085,Albulastrasse,9,8200 Schaffhausen,2939,SH,real,True,15.11.2024,2690996,1283759
100968056,10073039,1615086,Grimselweg,7,8203 Schaffhausen,2939,SH,real,True,15.11.2024,2691056,1283775
100968057,10046633,1615089,Unterer Schulweg,6,8203 Schaffhausen,2939,SH,real,True,15.11.2024,2691192,1283715
100968058,10073022,1615090,Alpenstrasse,130,8203 Schaffhausen,2939,SH,real,True,15.11.2024,2691212,1283841
100968059,10019784,1615091,Oberer Schulweg,2,8203 Schaffhausen,2939,SH,real,True,15.11.2024,2691190,1283770
100968060,10073022,1615092,Alpenstrasse,134,8203 Schaffhausen,2939,SH,real,True,15.11.2024,2691315,1283833
100968061,10073022,1615092,Alpenstrasse,132,8203 Schaffhausen,2939,SH,real,True,15.11.2024,2691288,1283841
100968062,10073022,1615093,Alpenstrasse,100,8203 Schaffhausen,2939,SH,real,True,15.11.2024,2691148,1283795
100968063,10179735,1615094,Zündelgutstrasse,1,8203 Schaffhausen,2939,SH,real,True,15.11.2024,2691025,1283670
100968064,10179735,1615097,Zündelgutstrasse,11,8203 Schaffhausen,2939,SH,real,True,15.11.2024,2691116,1283718
100968065,10178602,1615099,Albulastrasse,11,8200 Schaffhausen,2939,SH,real,True,15.11.2024,2691009,1283724
100968066,10073039,1615101,Grimselweg,5,8203 Schaffhausen,2939,SH,real,True,15.11.2024,2691054,1283743
100968067,10046633,1615102,Unterer Schulweg,1,8203 Schaffhausen,2939,SH,real,True,15.11.2024,2691150,1283744
100968068,10179735,1615103,Zündelgutstrasse,3,8203 Schaffhausen,2939,SH,real,True,15.11.2024,2691047,1283676
100968069,10046635,1615104,Zündelweg,17,8203 Schaffhausen,2939,SH,real,True,15.11.2024,2691068,1283608
100968070,10046635,1615107,Zündelweg,23,8203 Schaffhausen,2939,SH,real,True,15.11.2024,2690995,1283591
100968071,10046635,1615109,Zündelweg,31,8203 Schaffhausen,2939,SH,real,True,15.11.2024,2691009,1283624
100968072,10019799,1615110,Rosenbergstrasse,22,8200 Schaffhausen,2939,SH,real,True,15.11.2024,2690992,1283664
100968073,10019799,1615112,Rosenbergstrasse,18,8200 Schaffhausen,2939,SH,real,True,15.11.2024,2690944,1283622
100968074,10019799,1615113,Rosenbergstrasse,16,8200 Schaffhausen,2939,SH,real,True,15.11.2024,2690935,1283620
100968075,10019799,1615115,Rosenbergstrasse,12,8200 Schaffhausen,2939,SH,real,True,15.11.2024,2690897,1283595
100968076,10019799,1615118,Rosenbergstrasse,6,8200 Schaffhausen,2939,SH,real,True,15.11.2024,2690871,1283612
100968077,10019799,1615119,Rosenbergstrasse,4a,8200 Schaffhausen,2939,SH,real,True,15.11.2024,2690849,1283586
100968078,10019799,1615120,Rosenbergstrasse,4,8200 Schaffhausen,2939,SH,real,True,15.11.2024,2690847,1283612
100968079,10019799,1615121,Rosenbergstrasse,2a,8200 Schaffhausen,2939,SH,real,True,15.11.2024,2690800,1283611
100968080,10019795,1615123,Rheingoldstrasse,2,8200 Schaffhausen,2939,SH,real,True,15.11.2024,2690766,1283591
100968081,10019795,1615124,Rheingoldstrasse,3,8200 Schaffhausen,2939,SH,real,True,15.11.2024,2690823,1283556
100968082,10019795,1615125,Rheingoldstrasse,4,8200 Schaffhausen,2939,SH,real,True,15.11.2024,2690785,1283565
100968083,10019795,1615126,Rheingoldstrasse,6,8200 Schaffhausen,2939,SH,real,True,15.11.2024,2690802,1283544
100968084,10019795,1615127,Rheingoldstrasse,7,8200 Schaffhausen,2939,SH,real,True,15.11.2024,2690818,1283537
100968085,10187855,1615128,Rigistrasse,2,8203 Schaffhausen,2939,SH,real,True,15.11.2024,2691063,1283646
100968086,10187855,1615129,Rigistrasse,4,8203 Schaffhausen,2939,SH,real,True,15.11.2024,2691080,1283632
100968087,10187855,1615130,Rigistrasse,5,8203 Schaffhausen,2939,SH,real,True,15.11.2024,2691108,1283657
100968088,10018657,1611442,Hohlenbaumstrasse,100,8200 Schaffhausen,2939,SH,real,True,15.11.2024,2688680,1284615
100968089,10018657,1611443,Hohlenbaumstrasse,102,8200 Schaffhausen,2939,SH,real,True,15.11.2024,2688693,1284616
100968090,10018657,1611444,Hohlenbaumstrasse,104,8200 Schaffhausen,2939,SH,real,True,15.11.2024,2688701,1284616
100968091,10018657,1611445,Hohlenbaumstrasse,106,8200 Schaffhausen,2939,SH,real,True,15.11.2024,2688714,1284617
100968092,10018657,1611446,Hohlenbaumstrasse,108,8200 Schaffhausen,2939,SH,real,True,15.11.2024,2688720,1284617
100968093,10018657,1611447,Hohlenbaumstrasse,110,8200 Schaffhausen,2939,SH,real,True,15.11.2024,2688727,1284618
100969360,10026394,1609527,Hüttenlebenweg,39,8240 Thayngen,2920,SH,real,True,15.11.2024,2694118,1289951
100969361,10026394,1609528,Hüttenlebenweg,40,8240 Thayngen,2920,SH,real,True,15.11.2024,2694190,1289922
100969362,10026394,1609529,Hüttenlebenweg,42,8240 Thayngen,2920,SH,real,True,15.11.2024,2694197,1289919
100969363,10026394,1609531,Hüttenlebenweg,46,8240 Thayngen,2920,SH,real,True,15.11.2024,2694182,1289944
100969364,10026394,1609532,Hüttenlebenweg,48,8240 Thayngen,2920,SH,real,True,15.11.2024,2694151,1289954
100969365,10026394,1609533,Hüttenlebenweg,50,8240 Thayngen,2920,SH,real,True,15.11.2024,2694162,1289975
100969366,10120406,1609533,Biberstrasse,125,8240 Thayngen,2920,SH,real,True,15.11.2024,2694170,1289982
100969367,10026390,1609535,Drachenbrunnenweg,2,8240 Thayngen,2920,SH,real,True,15.11.2024,2694103,1290011
100969368,10087057,1609536,Reiatstrasse,96,8240 Thayngen,2920,SH,real,True,15.11.2024,2694087,1289944
100969369,10087057,1609539,Reiatstrasse,102,8240 Thayngen,2920,SH,real,True,15.11.2024,2694053,1289974
100969370,10018157,1609542,Zieglerweg,8,8240 Thayngen,2920,SH,real,True,15.11.2024,2694843,1289636
100969371,10073631,1609545,Sägistieg,12,8240 Thayngen,2920,SH,real,True,15.11.2024,2694929,1289638
100969372,10073631,1609546,Sägistieg,14,8240 Thayngen,2920,SH,real,True,15.11.2024,2694939,1289624
100969373,10087061,1609547,Wixlenweg,8,8240 Thayngen,2920,SH,real,True,15.11.2024,2694705,1290028
100969374,10087061,1609548,Wixlenweg,4,8240 Thayngen,2920,SH,real,True,15.11.2024,2694675,1290072
100969375,10185482,1609551,Biberweg,13,8240 Thayngen,2920,SH,real,True,15.11.2024,2694917,1289742
100969376,10120406,1609552,Biberstrasse,141,8240 Thayngen,2920,SH,real,True,15.11.2024,2693994,1290070
100969377,10120406,1609555,Biberstrasse,118,8240 Thayngen,2920,SH,real,True,15.11.2024,2694230,1289995
100969378,10120406,1609556,Biberstrasse,115,8240 Thayngen,2920,SH,real,True,15.11.2024,2694243,1289968
100969379,10120406,1609557,Biberstrasse,113,8240 Thayngen,2920,SH,real,True,15.11.2024,2694244,1289941
100969380,10120406,1609557,Biberstrasse,111,8240 Thayngen,2920,SH,real,True,15.11.2024,2694236,1289939
100969381,10120406,1609558,Biberstrasse,90,8240 Thayngen,2920,SH,real,True,15.11.2024,2694588,1289936
100969382,10120406,1609559,Biberstrasse,56,8240 Thayngen,2920,SH,real,True,15.11.2024,2694910,1289704
100969383,10120406,1609560,Biberstrasse,50,8240 Thayngen,2920,SH,real,True,15.11.2024,2694990,1289625
100969384,10018157,1609561,Zieglerweg,15,8240 Thayngen,2920,SH,real,True,15.11.2024,2694804,1289636
100969385,10018157,1609562,Zieglerweg,16,8240 Thayngen,2920,SH,real,True,15.11.2024,2694826,1289664
100969386,10018157,1609563,Zieglerweg,18,8240 Thayngen,2920,SH,real,True,15.11.2024,2694841,1289677
100969387,10018157,1609564,Zieglerweg,19,8240 Thayngen,2920,SH,real,True,15.11.2024,2694793,1289649
100969388,10018157,1609565,Zieglerweg,20,8240 Thayngen,2920,SH,real,True,15.11.2024,2694854,1289688
100969389,10018157,1609566,Zieglerweg,21,8240 Thayngen,2920,SH,real,True,15.11.2024,2694780,1289638
100969390,10018157,1609568,Zieglerweg,23,8240 Thayngen,2920,SH,real,True,15.11.2024,2694778,1289662
100969391,10018157,1609569,Zieglerweg,24,8240 Thayngen,2920,SH,real,True,15.11.2024,2694820,1289690
100969392,10018157,1609570,Zieglerweg,26,8240 Thayngen,2920,SH,real,True,15.11.2024,2694834,1289702
100969393,10018157,1609571,Zieglerweg,27,8240 Thayngen,2920,SH,real,True,15.11.2024,2694763,1289683
100969395,10121048,1609573,Oberbildweg,16,8240 Thayngen,2920,SH,real,True,15.11.2024,2694708,1289657
100969396,10121048,1609574,Oberbildweg,14,8240 Thayngen,2920,SH,real,True,15.11.2024,2694725,1289642
100969397,10121048,1609575,Oberbildweg,12,8240 Thayngen,2920,SH,real,True,15.11.2024,2694740,1289633
100969398,10121048,1609576,Oberbildweg,10,8240 Thayngen,2920,SH,real,True,15.11.2024,2694753,1289624
100969399,10121048,1609577,Oberbildweg,8,8240 Thayngen,2920,SH,real,True,15.11.2024,2694766,1289616
100969402,10018158,1609581,Zielhagweg,16,8240 Thayngen,2920,SH,real,True,15.11.2024,2694592,1289684
100969403,10018158,1609582,Zielhagweg,18,8240 Thayngen,2920,SH,real,True,15.11.2024,2694585,1289704
100969404,10018158,1609583,Zielhagweg,20,8240 Thayngen,2920,SH,real,True,15.11.2024,2694579,1289722
100969405,10018157,1609586,Zieglerweg,57,8240 Thayngen,2920,SH,real,True,15.11.2024,2694680,1289791
100969406,10018157,1609588,Zieglerweg,58,8240 Thayngen,2920,SH,real,True,15.11.2024,2694699,1289821
100969407,10018440,1609590,Zimmerweg,7,8240 Thayngen,2920,SH,real,True,15.11.2024,2694706,1289716
100969408,10018440,1609591,Zimmerweg,10,8240 Thayngen,2920,SH,real,True,15.11.2024,2694733,1289710
100969409,10018440,1609592,Zimmerweg,8,8240 Thayngen,2920,SH,real,True,15.11.2024,2694721,1289696
100969410,10018158,1609593,Zielhagweg,26,8240 Thayngen,2920,SH,real,True,15.11.2024,2694616,1289798
100969411,10048900,1609595,Lohningerweg,5,8240 Thayngen,2920,SH,real,True,15.11.2024,2694888,1289539
100969412,10048900,1609596,Lohningerweg,7,8240 Thayngen,2920,SH,real,True,15.11.2024,2694871,1289542
100969413,10048900,1609597,Lohningerweg,9,8240 Thayngen,2920,SH,real,True,15.11.2024,2694846,1289527
100969414,10048900,1609600,Lohningerweg,15,8240 Thayngen,2920,SH,real,True,15.11.2024,2694816,1289501
100969415,10120406,1609601,Biberstrasse,1,8240 Thayngen,2920,SH,real,True,15.11.2024,2695114,1289319
100969416,10120406,1609602,Biberstrasse,7,8240 Thayngen,2920,SH,real,True,15.11.2024,2695103,1289342
100969417,10120406,1609603,Biberstrasse,15,8240 Thayngen,2920,SH,real,True,15.11.2024,2695098,1289364
100969418,10120406,1609604,Biberstrasse,23,8240 Thayngen,2920,SH,real,True,15.11.2024,2695073,1289415
100969419,10120406,1609605,Biberstrasse,25,8240 Thayngen,2920,SH,real,True,15.11.2024,2695080,1289418
100969420,10120406,1609607,Biberstrasse,31,8240 Thayngen,2920,SH,real,True,15.11.2024,2695062,1289468
100969422,10120406,1609609,Biberstrasse,39,8240 Thayngen,2920,SH,real,True,15.11.2024,2695032,1289513
100969423,10018146,1609610,Predigerweg,10,8240 Thayngen,2920,SH,real,True,15.11.2024,2695006,1289524
100969424,10018146,1609611,Predigerweg,9,8240 Thayngen,2920,SH,real,True,15.11.2024,2694997,1289523
100969425,10073627,1609615,Klosterstieg,15,8240 Thayngen,2920,SH,real,True,15.11.2024,2694984,1289577
100969426,10073627,1609616,Klosterstieg,17,8240 Thayngen,2920,SH,real,True,15.11.2024,2694986,1289587
100969427,10073631,1609617,Sägistieg,3,8240 Thayngen,2920,SH,real,True,15.11.2024,2694928,1289590
100969428,10073631,1609618,Sägistieg,5,8240 Thayngen,2920,SH,real,True,15.11.2024,2694930,1289591
100969429,10073627,1609620,Klosterstieg,1,8240 Thayngen,2920,SH,real,True,15.11.2024,2694949,1289558
100969430,10073627,1609621,Klosterstieg,3,8240 Thayngen,2920,SH,real,True,15.11.2024,2694956,1289542
100969431,10073627,1609623,Klosterstieg,7,8240 Thayngen,2920,SH,real,True,15.11.2024,2694969,1289546
100969432,10237816,1609624,Im Kloster,32,8240 Thayngen,2920,SH,real,True,15.11.2024,2694950,1289527
100969433,10237816,1609626,Im Kloster,26,8240 Thayngen,2920,SH,real,True,15.11.2024,2694977,1289487
100969434,10237816,1609627,Im Kloster,22,8240 Thayngen,2920,SH,real,True,15.11.2024,2694984,1289484
100969443,10087054,1609635,In Liblose,4,8240 Thayngen,2920,SH,real,True,15.11.2024,2695072,1289337
100969444,10073628,1609636,Liblosenweg,5,8240 Thayngen,2920,SH,real,True,15.11.2024,2695058,1289418
100969445,10179726,1611341,Rietstrasse,144,8200 Schaffhausen,2939,SH,real,True,15.11.2024,2688493,1284270
100969446,10179726,1611342,Rietstrasse,148,8200 Schaffhausen,2939,SH,real,True,15.11.2024,2688476,1284288
100969449,10085742,1611348,Sonnenstrasse,25,8200 Schaffhausen,2939,SH,real,True,15.11.2024,2688587,1284451
100969450,10085742,1611349,Sonnenstrasse,23,8200 Schaffhausen,2939,SH,real,True,15.11.2024,2688573,1284439
100969451,10085742,1611350,Sonnenstrasse,21,8200 Schaffhausen,2939,SH,real,True,15.11.2024,2688559,1284428
100969452,10019279,1611352,Blumenaustrasse,38,8200 Schaffhausen,2939,SH,real,True,15.11.2024,2688528,1284481
100969453,10019279,1611353,Blumenaustrasse,32,8200 Schaffhausen,2939,SH,real,True,15.11.2024,2688509,1284467
100969454,10019279,1611354,Blumenaustrasse,28,8200 Schaffhausen,2939,SH,real,True,15.11.2024,2688488,1284449
100969456,10019279,1611356,Blumenaustrasse,20,8200 Schaffhausen,2939,SH,real,True,15.11.2024,2688457,1284424
100969457,10019279,1611358,Blumenaustrasse,12,8200 Schaffhausen,2939,SH,real,True,15.11.2024,2688434,1284398
100969458,10019279,1611361,Blumenaustrasse,6,8200 Schaffhausen,2939,SH,real,True,15.11.2024,2688409,1284384
100969459,10019279,1611362,Blumenaustrasse,2,8200 Schaffhausen,2939,SH,real,True,15.11.2024,2688395,1284372
100969460,10179726,1611363,Rietstrasse,160,8200 Schaffhausen,2939,SH,real,True,15.11.2024,2688423,1284354
100969461,10179726,1611365,Rietstrasse,156,8200 Schaffhausen,2939,SH,real,True,15.11.2024,2688435,1284339
100969462,10085742,1611367,Sonnenstrasse,3,8200 Schaffhausen,2939,SH,real,True,15.11.2024,2688462,1284349
100969463,10085742,1611368,Sonnenstrasse,5,8200 Schaffhausen,2939,SH,real,True,15.11.2024,2688477,1284362
100969464,10085742,1611369,Sonnenstrasse,7,8200 Schaffhausen,2939,SH,real,True,15.11.2024,2688490,1284372
100969465,10085742,1611370,Sonnenstrasse,9,8200 Schaffhausen,2939,SH,real,True,15.11.2024,2688503,1284383
100969466,10085742,1611371,Sonnenstrasse,11,8200 Schaffhausen,2939,SH,real,True,15.11.2024,2688511,1284389
100969467,10085742,1611372,Sonnenstrasse,13,8200 Schaffhausen,2939,SH,real,True,15.11.2024,2688519,1284395
100969468,10085742,1611374,Sonnenstrasse,17,8200 Schaffhausen,2939,SH,real,True,15.11.2024,2688538,1284411
100969469,10085742,1611375,Sonnenstrasse,19,8200 Schaffhausen,2939,SH,real,True,15.11.2024,2688546,1284418
100969470,10019279,1611376,Blumenaustrasse,46,8200 Schaffhausen,2939,SH,real,True,15.11.2024,2688563,1284509
100969471,10179726,1611377,Rietstrasse,180,8200 Schaffhausen,2939,SH,real,True,15.11.2024,2688349,1284393
100969472,10019279,1611378,Blumenaustrasse,1,8200 Schaffhausen,2939,SH,real,True,15.11.2024,2688391,1284393
100969473,10019279,1611379,Blumenaustrasse,9,8200 Schaffhausen,2939,SH,real,True,15.11.2024,2688410,1284405
100969474,10019279,1611380,Blumenaustrasse,11,8200 Schaffhausen,2939,SH,real,True,15.11.2024,2688422,1284420
100969475,10019279,1611381,Blumenaustrasse,13,8200 Schaffhausen,2939,SH,real,True,15.11.2024,2688436,1284426
100969476,10019279,1611383,Blumenaustrasse,23,8200 Schaffhausen,2939,SH,real,True,15.11.2024,2688462,1284447
100969477,10019279,1611384,Blumenaustrasse,27,8200 Schaffhausen,2939,SH,real,True,15.11.2024,2688481,1284462
100969478,10019279,1611385,Blumenaustrasse,31,8200 Schaffhausen,2939,SH,real,True,15.11.2024,2688496,1284475
100969479,10019279,1611387,Blumenaustrasse,43,8200 Schaffhausen,2939,SH,real,True,15.11.2024,2688532,1284504
100969481,10018657,1611392,Hohlenbaumstrasse,46,8200 Schaffhausen,2939,SH,real,True,15.11.2024,2688474,1284517
100969482,10018657,1611394,Hohlenbaumstrasse,50,8200 Schaffhausen,2939,SH,real,True,15.11.2024,2688486,1284502
100969483,10018657,1611395,Hohlenbaumstrasse,42,8200 Schaffhausen,2939,SH,real,True,15.11.2024,2688448,1284506
100969484,10018657,1611396,Hohlenbaumstrasse,40,8200 Schaffhausen,2939,SH,real,True,15.11.2024,2688439,1284499
100969485,10018657,1611397,Hohlenbaumstrasse,32,8200 Schaffhausen,2939,SH,real,True,15.11.2024,2688430,1284492
100969486,10018657,1611398,Hohlenbaumstrasse,34,8200 Schaffhausen,2939,SH,real,True,15.11.2024,2688434,1284486
100969487,10018657,1611402,Hohlenbaumstrasse,8,8200 Schaffhausen,2939,SH,real,True,15.11.2024,2688360,1284442
100969488,10018657,1611403,Hohlenbaumstrasse,6,8200 Schaffhausen,2939,SH,real,True,15.11.2024,2688340,1284424
100969489,10178604,1611404,Breitenaustrasse,117,8200 Schaffhausen,2939,SH,real,True,15.11.2024,2688910,1284490
100969490,10179730,1611405,Spielweg,2,8200 Schaffhausen,2939,SH,real,True,15.11.2024,2688858,1284335
100969492,10085742,1611407,Sonnenstrasse,72,8200 Schaffhausen,2939,SH,real,True,15.11.2024,2688831,1284593
100969493,10085742,1611408,Sonnenstrasse,70,8200 Schaffhausen,2939,SH,real,True,15.11.2024,2688816,1284585
100969494,10085742,1611410,Sonnenstrasse,66,8200 Schaffhausen,2939,SH,real,True,15.11.2024,2688790,1284570
100969495,10085742,1611411,Sonnenstrasse,64,8200 Schaffhausen,2939,SH,real,True,15.11.2024,2688779,1284561
100969496,10085742,1611412,Sonnenstrasse,62,8200 Schaffhausen,2939,SH,real,True,15.11.2024,2688768,1284552
100969497,10085742,1611413,Sonnenstrasse,60,8200 Schaffhausen,2939,SH,real,True,15.11.2024,2688757,1284544
100969498,10085742,1611414,Sonnenstrasse,58,8200 Schaffhausen,2939,SH,real,True,15.11.2024,2688746,1284536
100969499,10085742,1611416,Sonnenstrasse,54,8200 Schaffhausen,2939,SH,real,True,15.11.2024,2688724,1284518
100969500,10085742,1611417,Sonnenstrasse,52,8200 Schaffhausen,2939,SH,real,True,15.11.2024,2688714,1284511
100969501,10085742,1611419,Sonnenstrasse,48,8200 Schaffhausen,2939,SH,real,True,15.11.2024,2688691,1284493
100969502,10085742,1611420,Sonnenstrasse,46,8200 Schaffhausen,2939,SH,real,True,15.11.2024,2688677,1284482
100969504,10085742,1611421,Sonnenstrasse,44,8200 Schaffhausen,2939,SH,real,True,15.11.2024,2688658,1284468
100969505,10178604,1611422,Breitenaustrasse,129,8200 Schaffhausen,2939,SH,real,True,15.11.2024,2688871,1284613
100969506,10018657,1611424,Hohlenbaumstrasse,120,8200 Schaffhausen,2939,SH,real,True,15.11.2024,2688828,1284622
100969507,10018657,1611425,Hohlenbaumstrasse,124,8200 Schaffhausen,2939,SH,real,True,15.11.2024,2688862,1284627
100969508,10018657,1611426,Hohlenbaumstrasse,122,8200 Schaffhausen,2939,SH,real,True,15.11.2024,2688847,1284626
100969509,10018682,1611427,Lunastrasse,16,8200 Schaffhausen,2939,SH,real,True,15.11.2024,2688650,1284557
100969510,10018682,1611428,Lunastrasse,18,8200 Schaffhausen,2939,SH,real,True,15.11.2024,2688639,1284550
100969511,10018682,1611429,Lunastrasse,20,8200 Schaffhausen,2939,SH,real,True,15.11.2024,2688661,1284533
100969512,10018682,1611430,Lunastrasse,22,8200 Schaffhausen,2939,SH,real,True,15.11.2024,2688651,1284527
100969513,10018682,1611431,Lunastrasse,24,8200 Schaffhausen,2939,SH,real,True,15.11.2024,2688678,1284507
100969514,10085742,1611432,Sonnenstrasse,47,8200 Schaffhausen,2939,SH,real,True,15.11.2024,2688660,1284494
100969516,10018657,1611436,Hohlenbaumstrasse,90,8200 Schaffhausen,2939,SH,real,True,15.11.2024,2688597,1284599
100969517,10018657,1611437,Hohlenbaumstrasse,92,8200 Schaffhausen,2939,SH,real,True,15.11.2024,2688628,1284607
100969518,10018657,1611439,Hohlenbaumstrasse,94,8200 Schaffhausen,2939,SH,real,True,15.11.2024,2688646,1284612
100969519,10018657,1611440,Hohlenbaumstrasse,96,8200 Schaffhausen,2939,SH,real,True,15.11.2024,2688654,1284613
100969520,10018657,1611441,Hohlenbaumstrasse,98,8200 Schaffhausen,2939,SH,real,True,15.11.2024,2688671,1284614
100969521,10087052,1609734,Im Gatter,27,8240 Thayngen,2920,SH,real,True,15.11.2024,2694810,1289295
100969522,10087052,1609735,Im Gatter,35,8240 Thayngen,2920,SH,real,True,15.11.2024,2694736,1289291
100969523,10048903,1609738,Schaffhauserstrasse,8,8240 Thayngen,2920,SH,real,True,15.11.2024,2694671,1289222
100969524,10048903,1609739,Schaffhauserstrasse,10,8240 Thayngen,2920,SH,real,True,15.11.2024,2694661,1289262
100969525,10018657,1611448,Hohlenbaumstrasse,112,8200 Schaffhausen,2939,SH,real,True,15.11.2024,2688738,1284619
100969526,10018657,1611449,Hohlenbaumstrasse,114,8200 Schaffhausen,2939,SH,real,True,15.11.2024,2688746,1284619
100969527,10018657,1611450,Hohlenbaumstrasse,116,8200 Schaffhausen,2939,SH,real,True,15.11.2024,2688766,1284620
100969528,10018682,1611452,Lunastrasse,1,8200 Schaffhausen,2939,SH,real,True,15.11.2024,2688732,1284557
100969529,10018682,1611453,Lunastrasse,2,8200 Schaffhausen,2939,SH,real,True,15.11.2024,2688747,1284566
100969530,10018682,1611455,Lunastrasse,4,8200 Schaffhausen,2939,SH,real,True,15.11.2024,2688741,1284585
100969531,10018682,1611456,Lunastrasse,5,8200 Schaffhausen,2939,SH,real,True,15.11.2024,2688708,1284563
100969532,10018682,1611457,Lunastrasse,6,8200 Schaffhausen,2939,SH,real,True,15.11.2024,2688713,1284583
100969533,10018648,1613229,Hanfpünt,37,8207 Schaffhausen,2939,SH,real,True,15.11.2024,2691574,1286718
100969534,10018648,1613231,Hanfpünt,33,8207 Schaffhausen,2939,SH,real,True,15.11.2024,2691585,1286708
100969535,10018648,1613235,Hanfpünt,25,8207 Schaffhausen,2939,SH,real,True,15.11.2024,2691586,1286680
100969536,10018648,1613236,Hanfpünt,23,8207 Schaffhausen,2939,SH,real,True,15.11.2024,2691580,1286676
100969538,10073050,1613239,Kreuzgutweg,20,8207 Schaffhausen,2939,SH,real,True,15.11.2024,2691533,1286651
100969539,10018648,1613240,Hanfpünt,38,8207 Schaffhausen,2939,SH,real,True,15.11.2024,2691585,1286748
100969540,10018648,1613243,Hanfpünt,46,8207 Schaffhausen,2939,SH,real,True,15.11.2024,2691591,1286798
100969541,10018648,1613245,Hanfpünt,50,8207 Schaffhausen,2939,SH,real,True,15.11.2024,2691600,1286810
100969542,10018648,1613246,Hanfpünt,52,8207 Schaffhausen,2939,SH,real,True,15.11.2024,2691604,1286816
100969543,10073051,1613247,Krummacker,1,8207 Schaffhausen,2939,SH,real,True,15.11.2024,2691606,1286741
100969544,10073051,1613248,Krummacker,5,8207 Schaffhausen,2939,SH,real,True,15.11.2024,2691612,1286773
100969545,10073051,1613249,Krummacker,7,8207 Schaffhausen,2939,SH,real,True,15.11.2024,2691626,1286762
100969546,10018679,1613250,Lebernstrasse,30,8207 Schaffhausen,2939,SH,real,True,15.11.2024,2691650,1286816
100969547,10018679,1613251,Lebernstrasse,31,8207 Schaffhausen,2939,SH,real,True,15.11.2024,2691632,1286794
100969548,10073051,1613253,Krummacker,11,8207 Schaffhausen,2939,SH,real,True,15.11.2024,2691691,1286904
100969549,10073051,1613254,Krummacker,13,8207 Schaffhausen,2939,SH,real,True,15.11.2024,2691662,1286862
100969550,10025692,1613256,Stettemerstrasse,72,8207 Schaffhausen,2939,SH,real,True,15.11.2024,2691649,1286920
100969551,10120424,1613257,Herblingerstrasse,1,8207 Schaffhausen,2939,SH,real,True,15.11.2024,2691114,1285909
100969553,10120424,1613258,Herblingerstrasse,3,8207 Schaffhausen,2939,SH,real,True,15.11.2024,2691138,1285922
100969554,10025683,1613259,Sonnenberg,11,8207 Schaffhausen,2939,SH,real,True,15.11.2024,2691112,1285951
100969555,10025683,1613264,Sonnenberg,7,8207 Schaffhausen,2939,SH,real,True,15.11.2024,2691151,1285990
100969556,10073046,1613265,Im Glockengut,11,8207 Schaffhausen,2939,SH,real,True,15.11.2024,2691146,1286072
100969557,10073046,1613266,Im Glockengut,13,8207 Schaffhausen,2939,SH,real,True,15.11.2024,2691140,1286076
100969558,10073046,1613267,Im Glockengut,15,8207 Schaffhausen,2939,SH,real,True,15.11.2024,2691133,1286081
100969559,10073046,1613268,Im Glockengut,17,8207 Schaffhausen,2939,SH,real,True,15.11.2024,2691127,1286085
100969560,10073046,1613269,Im Glockengut,19,8207 Schaffhausen,2939,SH,real,True,15.11.2024,2691120,1286089
100969561,10073046,1613270,Im Glockengut,21,8207 Schaffhausen,2939,SH,real,True,15.11.2024,2691162,1286095
100969562,10073046,1613271,Im Glockengut,23,8207 Schaffhausen,2939,SH,real,True,15.11.2024,2691155,1286099
100969563,10073046,1613273,Im Glockengut,27,8207 Schaffhausen,2939,SH,real,True,15.11.2024,2691142,1286108
100969564,10073046,1613274,Im Glockengut,29,8207 Schaffhausen,2939,SH,real,True,15.11.2024,2691136,1286112
100969565,10073046,1613275,Im Glockengut,31,8207 Schaffhausen,2939,SH,real,True,15.11.2024,2691181,1286110
100969567,10073046,1613277,Im Glockengut,35,8207 Schaffhausen,2939,SH,real,True,15.11.2024,2691151,1286114
100969568,10073046,1613278,Im Glockengut,37,8207 Schaffhausen,2939,SH,real,True,15.11.2024,2691143,1286119
100969569,10073046,1613280,Im Glockengut,41,8207 Schaffhausen,2939,SH,real,True,15.11.2024,2691162,1286143
100969570,10073046,1613281,Im Glockengut,43,8207 Schaffhausen,2939,SH,real,True,15.11.2024,2691147,1286140
100969571,10120427,1613282,Mutzentäli,12,8207 Schaffhausen,2939,SH,real,True,15.11.2024,2691073,1285918
100969572,10120427,1613283,Mutzentäli,14,8207 Schaffhausen,2939,SH,real,True,15.11.2024,2691043,1285928
100969573,10120427,1613284,Mutzentäli,18,8207 Schaffhausen,2939,SH,real,True,15.11.2024,2691031,1285952
100969574,10120427,1613286,Mutzentäli,22,8207 Schaffhausen,2939,SH,real,True,15.11.2024,2690996,1285941
100969575,10025683,1613288,Sonnenberg,24,8207 Schaffhausen,2939,SH,real,True,15.11.2024,2691109,1285994
100969576,10025683,1613291,Sonnenberg,30,8207 Schaffhausen,2939,SH,real,True,15.11.2024,2691096,1285979
100969577,10025683,1613292,Sonnenberg,32,8207 Schaffhausen,2939,SH,real,True,15.11.2024,2691085,1286016
100969578,10025683,1613293,Sonnenberg,34,8207 Schaffhausen,2939,SH,real,True,15.11.2024,2691081,1286011
100969579,10025683,1613295,Sonnenberg,38,8207 Schaffhausen,2939,SH,real,True,15.11.2024,2691072,1286002
100969580,10025683,1613296,Sonnenberg,40,8207 Schaffhausen,2939,SH,real,True,15.11.2024,2691068,1285998
100969581,10019782,1613297,Neutrottenstrasse,20,8207 Schaffhausen,2939,SH,real,True,15.11.2024,2691057,1286108
100969582,10019782,1613299,Neutrottenstrasse,28,8207 Schaffhausen,2939,SH,real,True,15.11.2024,2691093,1286146
100969583,10019782,1613301,Neutrottenstrasse,56,8207 Schaffhausen,2939,SH,real,True,15.11.2024,2691171,1286211
100969584,10019782,1613302,Neutrottenstrasse,58,8207 Schaffhausen,2939,SH,real,True,15.11.2024,2691190,1286231
100969585,10019782,1613303,Neutrottenstrasse,62,8207 Schaffhausen,2939,SH,real,True,15.11.2024,2691225,1286267
100969586,10019782,1613304,Neutrottenstrasse,64,8207 Schaffhausen,2939,SH,real,True,15.11.2024,2691245,1286290
100969587,10019782,1613306,Neutrottenstrasse,72,8207 Schaffhausen,2939,SH,real,True,15.11.2024,2691283,1286329
100969588,10019782,1613307,Neutrottenstrasse,74,8207 Schaffhausen,2939,SH,real,True,15.11.2024,2691293,1286342
100969589,10025702,1613309,Tälistrasse,10,8207 Schaffhausen,2939,SH,real,True,15.11.2024,2690999,1285979
100969590,10025702,1613310,Tälistrasse,12,8207 Schaffhausen,2939,SH,real,True,15.11.2024,2691006,1285965
100969591,10025702,1613311,Tälistrasse,14,8207 Schaffhausen,2939,SH,real,True,15.11.2024,2691008,1285995
100969592,10025702,1613312,Tälistrasse,16,8207 Schaffhausen,2939,SH,real,True,15.11.2024,2691015,1286023
100969593,10025702,1613314,Tälistrasse,20,8207 Schaffhausen,2939,SH,real,True,15.11.2024,2691047,1286047
100969594,10025702,1613316,Tälistrasse,24,8207 Schaffhausen,2939,SH,real,True,15.11.2024,2691037,1286082
100969595,10025702,1613317,Tälistrasse,26,8207 Schaffhausen,2939,SH,real,True,15.11.2024,2691082,1286088
100969596,10025702,1613318,Tälistrasse,28,8207 Schaffhausen,2939,SH,real,True,15.11.2024,2691092,1286106
100969597,10025702,1613319,Tälistrasse,30,8207 Schaffhausen,2939,SH,real,True,15.11.2024,2691099,1286109
100969598,10179717,1613320,Im Bergli,7,8207 Schaffhausen,2939,SH,real,True,15.11.2024,2691278,1286192
100969599,10179717,1613324,Im Bergli,17,8207 Schaffhausen,2939,SH,real,True,15.11.2024,2691335,1286304
100969605,10187855,1615135,Rigistrasse,10,8203 Schaffhausen,2939,SH,real,True,15.11.2024,2691138,1283652
100969606,10187855,1615136,Rigistrasse,12,8203 Schaffhausen,2939,SH,real,True,15.11.2024,2691164,1283678
100969607,10046633,1615137,Unterer Schulweg,3,8203 Schaffhausen,2939,SH,real,True,15.11.2024,2691195,1283687
100969608,10046633,1615138,Unterer Schulweg,5,8203 Schaffhausen,2939,SH,real,True,15.11.2024,2691192,1283691
100969609,10046633,1615139,Unterer Schulweg,7,8203 Schaffhausen,2939,SH,real,True,15.11.2024,2691187,1283696
100969610,10046633,1615140,Unterer Schulweg,9,8203 Schaffhausen,2939,SH,real,True,15.11.2024,2691185,1283699
100969611,10046633,1615143,Unterer Schulweg,15,8203 Schaffhausen,2939,SH,real,True,15.11.2024,2691173,1283712
100969612,10046633,1615144,Unterer Schulweg,17,8203 Schaffhausen,2939,SH,real,True,15.11.2024,2691169,1283716
100969613,10179735,1615145,Zündelgutstrasse,2,8203 Schaffhausen,2939,SH,real,True,15.11.2024,2691040,1283653
100969614,10179735,1615146,Zündelgutstrasse,8,8203 Schaffhausen,2939,SH,real,True,15.11.2024,2691115,1283687
100969615,10046635,1615147,Zündelweg,1,8203 Schaffhausen,2939,SH,real,True,15.11.2024,2691210,1283667
100969616,10046635,1615148,Zündelweg,3,8203 Schaffhausen,2939,SH,real,True,15.11.2024,2691196,1283658
100969617,10046635,1615150,Zündelweg,7,8203 Schaffhausen,2939,SH,real,True,15.11.2024,2691165,1283635
100969618,10046635,1615151,Zündelweg,9,8203 Schaffhausen,2939,SH,real,True,15.11.2024,2691147,1283621
100969619,10046635,1615152,Zündelweg,11,8203 Schaffhausen,2939,SH,real,True,15.11.2024,2691137,1283614
100969620,10046635,1615153,Zündelweg,13,8203 Schaffhausen,2939,SH,real,True,15.11.2024,2691117,1283603
100969621,10046635,1615154,Zündelweg,15,8203 Schaffhausen,2939,SH,real,True,15.11.2024,2691100,1283597
100969622,10073022,1615156,Alpenstrasse,146,8203 Schaffhausen,2939,SH,real,True,15.11.2024,2691383,1283793
100969623,10073022,1615157,Alpenstrasse,148,8203 Schaffhausen,2939,SH,real,True,15.11.2024,2691381,1283773
100969624,10073022,1615159,Alpenstrasse,152,8203 Schaffhausen,2939,SH,real,True,15.11.2024,2691401,1283770
100969625,10073022,1615160,Alpenstrasse,154,8203 Schaffhausen,2939,SH,real,True,15.11.2024,2691423,1283778
100969626,10073022,1615161,Alpenstrasse,158,8203 Schaffhausen,2939,SH,real,True,15.11.2024,2691439,1283758
100969627,10019801,1615162,Rütiweg,3,8203 Schaffhausen,2939,SH,real,True,15.11.2024,2691315,1283785
100969628,10019801,1615163,Rütiweg,5,8203 Schaffhausen,2939,SH,real,True,15.11.2024,2691299,1283770
100969629,10019801,1615164,Rütiweg,7,8203 Schaffhausen,2939,SH,real,True,15.11.2024,2691268,1283801
100969630,10019801,1615165,Rütiweg,9,8203 Schaffhausen,2939,SH,real,True,15.11.2024,2691273,1283775
100969631,10019801,1615166,Rütiweg,9a,8203 Schaffhausen,2939,SH,real,True,15.11.2024,2691276,1283750
100969632,10086475,1615168,Buchthalerstrasse,143,8203 Schaffhausen,2939,SH,real,True,15.11.2024,2691243,1283673
100969633,10086475,1615169,Buchthalerstrasse,145,8203 Schaffhausen,2939,SH,real,True,15.11.2024,2691258,1283684
100969692,10179717,1613325,Im Bergli,21,8207 Schaffhausen,2939,SH,real,True,15.11.2024,2691285,1286296
100969693,10120424,1613327,Herblingerstrasse,61,8207 Schaffhausen,2939,SH,real,True,15.11.2024,2691407,1286209
100969694,10179717,1613328,Im Bergli,4,8207 Schaffhausen,2939,SH,real,True,15.11.2024,2691386,1286224
100969695,10120424,1613329,Herblingerstrasse,71,8207 Schaffhausen,2939,SH,real,True,15.11.2024,2691456,1286238
100970840,10087054,1609637,In Liblose,6,8240 Thayngen,2920,SH,real,True,15.11.2024,2695087,1289345
100970841,10073628,1609639,Liblosenweg,3,8240 Thayngen,2920,SH,real,True,15.11.2024,2695073,1289376
100970842,10087056,1609640,Palmenweg,,8240 Thayngen,2920,SH,real,True,23.07.2024,2695033,1289423
100970843,10087056,1609641,Palmenweg,2,8240 Thayngen,2920,SH,real,True,15.11.2024,2695028,1289405
100970844,10087056,1609642,Palmenweg,6,8240 Thayngen,2920,SH,real,True,15.11.2024,2695064,1289417
100970845,10237814,1609643,Frohsinnweg,29,8240 Thayngen,2920,SH,real,True,15.11.2024,2694780,1289474
100970846,10048904,1609644,Sonnenweg,2,8240 Thayngen,2920,SH,real,True,15.11.2024,2694756,1289469
100970847,10048904,1609645,Sonnenweg,4,8240 Thayngen,2920,SH,real,True,15.11.2024,2694730,1289467
100970848,10048904,1609646,Sonnenweg,6,8240 Thayngen,2920,SH,real,True,15.11.2024,2694712,1289466
100970849,10048904,1609647,Sonnenweg,8,8240 Thayngen,2920,SH,real,True,15.11.2024,2694693,1289465
100970850,10018142,1609648,Landheimweg,14,8240 Thayngen,2920,SH,real,True,15.11.2024,2694671,1289466
100970851,10087049,1609649,Egelseeweg,1,8240 Thayngen,2920,SH,real,True,15.11.2024,2694714,1289558
100970852,10018440,1609651,Zimmerweg,4,8240 Thayngen,2920,SH,real,True,15.11.2024,2694696,1289605
100970853,10087049,1609653,Egelseeweg,29,8240 Thayngen,2920,SH,real,True,15.11.2024,2694570,1289631
100970854,10048900,1609654,Lohningerweg,19,8240 Thayngen,2920,SH,real,True,15.11.2024,2694759,1289531
100970855,10121048,1609656,Oberbildweg,1,8240 Thayngen,2920,SH,real,True,15.11.2024,2694757,1289571
100970856,10121048,1609657,Oberbildweg,3,8240 Thayngen,2920,SH,real,True,15.11.2024,2694764,1289595
100970857,10121048,1609658,Oberbildweg,9,8240 Thayngen,2920,SH,real,True,15.11.2024,2694743,1289608
100970858,10121048,1609659,Oberbildweg,11,8240 Thayngen,2920,SH,real,True,15.11.2024,2694738,1289612
100970859,10121048,1609660,Oberbildweg,13,8240 Thayngen,2920,SH,real,True,15.11.2024,2694719,1289623
100970860,10121048,1609661,Oberbildweg,15,8240 Thayngen,2920,SH,real,True,15.11.2024,2694711,1289628
100970861,10048900,1609665,Lohningerweg,40,8240 Thayngen,2920,SH,real,True,15.11.2024,2694617,1289555
100970862,10018440,1609666,Zimmerweg,2,8240 Thayngen,2920,SH,real,True,15.11.2024,2694676,1289615
100970863,10048900,1609668,Lohningerweg,42,8240 Thayngen,2920,SH,real,True,15.11.2024,2694613,1289570
100970864,10237816,1609669,Im Kloster,27,8240 Thayngen,2920,SH,real,True,15.11.2024,2694959,1289481
100970865,10237816,1609670,Im Kloster,19,8240 Thayngen,2920,SH,real,True,15.11.2024,2694980,1289445
100970866,10237816,1609671,Im Kloster,17,8240 Thayngen,2920,SH,real,True,15.11.2024,2694983,1289439
100970867,10237816,1609673,Im Kloster,13,8240 Thayngen,2920,SH,real,True,15.11.2024,2694989,1289427
100970868,10237816,1609674,Im Kloster,11,8240 Thayngen,2920,SH,real,True,15.11.2024,2694994,1289421
100970869,10237816,1609675,Im Kloster,9,8240 Thayngen,2920,SH,real,True,15.11.2024,2694995,1289408
100970870,10237816,1609677,Im Kloster,5,8240 Thayngen,2920,SH,real,True,15.11.2024,2695008,1289388
100970871,10237816,1609678,Im Kloster,3,8240 Thayngen,2920,SH,real,True,15.11.2024,2695016,1289390
100970872,10087052,1609680,Im Gatter,4,8240 Thayngen,2920,SH,real,True,15.11.2024,2695021,1289364
100970873,10087052,1609681,Im Gatter,8,8240 Thayngen,2920,SH,real,True,15.11.2024,2694979,1289352
100970874,10087052,1609682,Im Gatter,10,8240 Thayngen,2920,SH,real,True,15.11.2024,2694966,1289347
100970875,10087052,1609683,Im Gatter,12,8240 Thayngen,2920,SH,real,True,15.11.2024,2694953,1289344
100970876,10087052,1609684,Im Gatter,14,8240 Thayngen,2920,SH,real,True,15.11.2024,2694935,1289340
100970877,10087052,1609685,Im Gatter,16,8240 Thayngen,2920,SH,real,True,15.11.2024,2694917,1289341
100970878,10087052,1609686,Im Gatter,22,8240 Thayngen,2920,SH,real,True,15.11.2024,2694858,1289322
100970879,10087052,1609687,Im Gatter,24,8240 Thayngen,2920,SH,real,True,15.11.2024,2694847,1289320
100970880,10237814,1609688,Frohsinnweg,2,8240 Thayngen,2920,SH,real,True,15.11.2024,2694808,1289322
100970881,10237814,1609689,Frohsinnweg,4,8240 Thayngen,2920,SH,real,True,15.11.2024,2694816,1289347
100970882,10237814,1609690,Frohsinnweg,6,8240 Thayngen,2920,SH,real,True,15.11.2024,2694829,1289348
100970883,10237814,1609691,Frohsinnweg,16,8240 Thayngen,2920,SH,real,True,15.11.2024,2694818,1289409
100970884,10237814,1609693,Frohsinnweg,20,8240 Thayngen,2920,SH,real,True,15.11.2024,2694867,1289411
100970885,10237814,1609695,Frohsinnweg,24,8240 Thayngen,2920,SH,real,True,15.11.2024,2694847,1289438
100970886,10237814,1609696,Frohsinnweg,26,8240 Thayngen,2920,SH,real,True,15.11.2024,2694867,1289426
100970887,10018144,1609698,Neuhausweg,31,8240 Thayngen,2920,SH,real,True,15.11.2024,2694876,1289479
100970888,10025644,1609703,Bahnhofstrasse,1,8240 Thayngen,2920,SH,real,True,15.11.2024,2695140,1289253
100970889,10046603,1609704,Tonwerkstrasse,15,8240 Thayngen,2920,SH,real,True,15.11.2024,2695293,1289069
100970891,10120407,1609706,Erlengasse,1,8240 Thayngen,2920,SH,real,True,15.11.2024,2694990,1289042
100970892,10026385,1609709,Bohlstrasse,12,8240 Thayngen,2920,SH,real,True,15.11.2024,2694845,1288978
100970893,10048902,1609710,Rietstrasse,49,8240 Thayngen,2920,SH,real,True,15.11.2024,2694433,1289039
100970894,10018141,1609711,Kesslerlochstrasse,116,8240 Thayngen,2920,SH,real,True,15.11.2024,2694342,1289108
100970895,10073629,1609712,Schenenbüelweg,14,8240 Thayngen,2920,SH,real,True,15.11.2024,2694381,1289245
100970896,10048903,1609713,Schaffhauserstrasse,53,8240 Thayngen,2920,SH,real,True,15.11.2024,2694306,1289337
100970897,10048903,1609714,Schaffhauserstrasse,55,8240 Thayngen,2920,SH,real,True,15.11.2024,2694279,1289331
100970899,10054980,1609716,Im Tal,309,8240 Thayngen,2920,SH,real,True,15.11.2024,2693967,1288225
100970900,10054981,1609718,Zum Waldhof,120,8240 Thayngen,2920,SH,real,True,15.11.2024,2695629,1288345
100970901,10128948,1609720,Grenzstrasse,88,8240 Thayngen,2920,SH,real,True,15.11.2024,2695919,1288532
100970902,10104499,1609721,Zum Neuhof,10,8240 Thayngen,2920,SH,real,True,15.11.2024,2695112,1288749
100970903,10120407,1609723,Erlengasse,12,8240 Thayngen,2920,SH,real,True,15.11.2024,2694977,1288968
100970904,10018156,1609724,Wippelstrasse,33,8240 Thayngen,2920,SH,real,True,15.11.2024,2694082,1289427
100970906,10025644,1609726,Bahnhofstrasse,31,8240 Thayngen,2920,SH,real,True,15.11.2024,2694941,1289110
100970907,10048902,1609728,Rietstrasse,29,8240 Thayngen,2920,SH,real,True,15.11.2024,2694658,1289003
100970908,10120407,1609729,Erlengasse,10,8240 Thayngen,2920,SH,real,True,15.11.2024,2694975,1288978
100970909,10087052,1609730,Im Gatter,19,8240 Thayngen,2920,SH,real,True,15.11.2024,2694901,1289312
100970911,10087052,1609733,Im Gatter,23,8240 Thayngen,2920,SH,real,True,15.11.2024,2694843,1289300
100970920,10087046,1609741,Blumenstrasse,40,8240 Thayngen,2920,SH,real,True,15.11.2024,2694708,1289218
100970922,10087046,1609743,Blumenstrasse,16,8240 Thayngen,2920,SH,real,True,15.11.2024,2694916,1289257
100970923,10087046,1609744,Blumenstrasse,14,8240 Thayngen,2920,SH,real,True,15.11.2024,2694939,1289259
100970924,10087046,1609745,Blumenstrasse,12,8240 Thayngen,2920,SH,real,True,15.11.2024,2694953,1289264
100970925,10087046,1609746,Blumenstrasse,10,8240 Thayngen,2920,SH,real,True,15.11.2024,2694970,1289266
100970926,10087050,1609747,Freihofstrasse,6,8240 Thayngen,2920,SH,real,True,15.11.2024,2694995,1289281
100970927,10087054,1609750,In Liblose,9,8240 Thayngen,2920,SH,real,True,15.11.2024,2695041,1289353
100970928,10087054,1609752,In Liblose,3,8240 Thayngen,2920,SH,real,True,15.11.2024,2695063,1289307
100970929,10087054,1609753,In Liblose,1,8240 Thayngen,2920,SH,real,True,15.11.2024,2695077,1289315
100970930,10087054,1609754,In Liblose,5,8240 Thayngen,2920,SH,real,True,15.11.2024,2695069,1289325
100970931,10120408,1609755,Kreuzplatz,3,8240 Thayngen,2920,SH,real,True,15.11.2024,2695101,1289282
100970932,10120408,1609756,Kreuzplatz,5,8240 Thayngen,2920,SH,real,True,15.11.2024,2695082,1289275
100970933,10018682,1611458,Lunastrasse,7,8200 Schaffhausen,2939,SH,real,True,15.11.2024,2688699,1284562
100970934,10018682,1611460,Lunastrasse,9,8200 Schaffhausen,2939,SH,real,True,15.11.2024,2688675,1284561
100970935,10018682,1611463,Lunastrasse,17,8200 Schaffhausen,2939,SH,real,True,15.11.2024,2688687,1284524
100970936,10085742,1611465,Sonnenstrasse,67,8200 Schaffhausen,2939,SH,real,True,15.11.2024,2688756,1284568
100970937,10085742,1611466,Sonnenstrasse,69,8200 Schaffhausen,2939,SH,real,True,15.11.2024,2688770,1284581
100970938,10085742,1611467,Sonnenstrasse,71,8200 Schaffhausen,2939,SH,real,True,15.11.2024,2688775,1284585
100970939,10085742,1611468,Sonnenstrasse,73,8200 Schaffhausen,2939,SH,real,True,15.11.2024,2688780,1284588
100970942,10018657,1611472,Hohlenbaumstrasse,196,8200 Schaffhausen,2939,SH,real,True,15.11.2024,2689141,1284885
100970943,10018676,1611473,Kurzweg,5,8200 Schaffhausen,2939,SH,real,True,15.11.2024,2689201,1284726
100970944,10018676,1611475,Kurzweg,12,8200 Schaffhausen,2939,SH,real,True,15.11.2024,2689172,1284728
100970945,10019783,1611476,Nordstrasse,121,8200 Schaffhausen,2939,SH,real,True,15.11.2024,2689222,1284729
100970946,10019783,1611477,Nordstrasse,129,8200 Schaffhausen,2939,SH,real,True,15.11.2024,2689209,1284758
100970947,10019783,1611478,Nordstrasse,133,8200 Schaffhausen,2939,SH,real,True,15.11.2024,2689187,1284768
100970948,10019783,1611479,Nordstrasse,133a,8200 Schaffhausen,2939,SH,real,True,15.11.2024,2689168,1284763
100970949,10019783,1611480,Nordstrasse,133b,8200 Schaffhausen,2939,SH,real,True,15.11.2024,2689157,1284752
100970950,10019783,1611481,Nordstrasse,135,8200 Schaffhausen,2939,SH,real,True,15.11.2024,2689200,1284810
100970951,10019783,1611482,Nordstrasse,137,8200 Schaffhausen,2939,SH,real,True,15.11.2024,2689196,1284823
100970952,10019783,1611483,Nordstrasse,139,8200 Schaffhausen,2939,SH,real,True,15.11.2024,2689193,1284835
100970953,10019783,1611484,Nordstrasse,141,8200 Schaffhausen,2939,SH,real,True,15.11.2024,2689187,1284847
100970954,10018657,1611486,Hohlenbaumstrasse,39,8200 Schaffhausen,2939,SH,real,True,15.11.2024,2688447,1284531
100970955,10018657,1611487,Hohlenbaumstrasse,41,8200 Schaffhausen,2939,SH,real,True,15.11.2024,2688459,1284542
100970956,10018657,1611488,Hohlenbaumstrasse,43,8200 Schaffhausen,2939,SH,real,True,15.11.2024,2688440,1284557
100970957,10018657,1611491,Hohlenbaumstrasse,49,8200 Schaffhausen,2939,SH,real,True,15.11.2024,2688486,1284575
100970958,10018657,1611492,Hohlenbaumstrasse,53,8200 Schaffhausen,2939,SH,real,True,15.11.2024,2688514,1284583
100970959,10018657,1611494,Hohlenbaumstrasse,61,8200 Schaffhausen,2939,SH,real,True,15.11.2024,2688551,1284612
100970960,10179720,1611496,Lahnhalde,18,8200 Schaffhausen,2939,SH,real,True,15.11.2024,2688349,1284595
100970961,10179720,1611497,Lahnhalde,20,8200 Schaffhausen,2939,SH,real,True,15.11.2024,2688369,1284620
100970962,10179720,1611498,Lahnhalde,22,8200 Schaffhausen,2939,SH,real,True,15.11.2024,2688379,1284633
100970963,10018677,1611499,Lahnstieg,2,8200 Schaffhausen,2939,SH,real,True,15.11.2024,2688404,1284520
100970964,10018677,1611500,Lahnstieg,4,8200 Schaffhausen,2939,SH,real,True,15.11.2024,2688400,1284537
100970966,10073052,1611504,Lahnstrasse,11,8200 Schaffhausen,2939,SH,real,True,15.11.2024,2688412,1284760
100970967,10073052,1611505,Lahnstrasse,15,8200 Schaffhausen,2939,SH,real,True,15.11.2024,2688390,1284752
100970968,10073052,1611506,Lahnstrasse,19,8200 Schaffhausen,2939,SH,real,True,15.11.2024,2688374,1284743
100970969,10073052,1611507,Lahnstrasse,21,8200 Schaffhausen,2939,SH,real,True,15.11.2024,2688365,1284737
100970970,10073052,1611508,Lahnstrasse,23,8200 Schaffhausen,2939,SH,real,True,15.11.2024,2688352,1284727
100970971,10073052,1611509,Lahnstrasse,27,8200 Schaffhausen,2939,SH,real,True,15.11.2024,2688330,1284709
100970973,10073023,1611511,Askaniastrasse,4,8200 Schaffhausen,2939,SH,real,True,15.11.2024,2688277,1284496
100970974,10073023,1611512,Askaniastrasse,8,8200 Schaffhausen,2939,SH,real,True,15.11.2024,2688268,1284516
100970975,10018657,1611513,Hohlenbaumstrasse,9,8200 Schaffhausen,2939,SH,real,True,15.11.2024,2688322,1284457
100970976,10018657,1611514,Hohlenbaumstrasse,19,8200 Schaffhausen,2939,SH,real,True,15.11.2024,2688368,1284482
100970977,10018657,1611515,Hohlenbaumstrasse,21,8200 Schaffhausen,2939,SH,real,True,15.11.2024,2688334,1284508
100970978,10018657,1611516,Hohlenbaumstrasse,23,8200 Schaffhausen,2939,SH,real,True,15.11.2024,2688390,1284489
100970979,10179720,1611519,Lahnhalde,12,8200 Schaffhausen,2939,SH,real,True,15.11.2024,2688304,1284549
100970980,10179720,1611520,Lahnhalde,14,8200 Schaffhausen,2939,SH,real,True,15.11.2024,2688318,1284565
100970981,10179720,1611521,Lahnhalde,16,8200 Schaffhausen,2939,SH,real,True,15.11.2024,2688329,1284574
100970982,10018677,1611522,Lahnstieg,3,8200 Schaffhausen,2939,SH,real,True,15.11.2024,2688382,1284518
100970983,10018677,1611523,Lahnstieg,5,8200 Schaffhausen,2939,SH,real,True,15.11.2024,2688368,1284539
100970984,10179726,1611525,Rietstrasse,186,8200 Schaffhausen,2939,SH,real,True,15.11.2024,2688304,1284416
100970985,10073023,1611526,Askaniastrasse,1,8200 Schaffhausen,2939,SH,real,True,15.11.2024,2688283,1284449
100970986,10073023,1611527,Askaniastrasse,3,8200 Schaffhausen,2939,SH,real,True,15.11.2024,2688275,1284469
100970987,10073023,1611528,Askaniastrasse,5,8200 Schaffhausen,2939,SH,real,True,15.11.2024,2688261,1284487
100970988,10073023,1611529,Askaniastrasse,11,8200 Schaffhausen,2939,SH,real,True,15.11.2024,2688243,1284510
100970989,10178606,1611530,Etzelstrasse,1,8200 Schaffhausen,2939,SH,real,True,15.11.2024,2688206,1284606
100970990,10178606,1611532,Etzelstrasse,5,8200 Schaffhausen,2939,SH,real,True,15.11.2024,2688231,1284590
100970991,10178606,1611534,Etzelstrasse,15,8200 Schaffhausen,2939,SH,real,True,15.11.2024,2688175,1284551
100970992,10178606,1611536,Etzelstrasse,19,8200 Schaffhausen,2939,SH,real,True,15.11.2024,2688166,1284538
100970993,10179720,1611537,Lahnhalde,1,8200 Schaffhausen,2939,SH,real,True,15.11.2024,2688208,1284501
100970994,10179720,1611539,Lahnhalde,7,8200 Schaffhausen,2939,SH,real,True,15.11.2024,2688223,1284550
100970995,10179720,1611542,Lahnhalde,17,8200 Schaffhausen,2939,SH,real,True,15.11.2024,2688311,1284579
100970996,10179720,1611544,Lahnhalde,21,8200 Schaffhausen,2939,SH,real,True,15.11.2024,2688334,1284620
100971002,10179720,1611551,Lahnhalde,29,8200 Schaffhausen,2939,SH,real,True,15.11.2024,2688363,1284650
100971008,10018677,1611559,Lahnstieg,27,8200 Schaffhausen,2939,SH,real,True,15.11.2024,2688280,1284629
100971009,10073052,1611560,Lahnstrasse,31,8200 Schaffhausen,2939,SH,real,True,15.11.2024,2688315,1284694
100971010,10073052,1611561,Lahnstrasse,35,8200 Schaffhausen,2939,SH,real,True,15.11.2024,2688299,1284671
100971011,10073052,1611562,Lahnstrasse,45,8200 Schaffhausen,2939,SH,real,True,15.11.2024,2688254,1284655
100971012,10086770,1611564,Langhansergässchen,4,8200 Schaffhausen,2939,SH,real,True,15.11.2024,2688248,1284453
100971013,10086770,1611565,Langhansergässchen,6,8200 Schaffhausen,2939,SH,real,True,15.11.2024,2688233,1284464
100971014,10086770,1611566,Langhansergässchen,12,8200 Schaffhausen,2939,SH,real,True,15.11.2024,2688161,1284509
100971015,10018677,1611567,Lahnstieg,24,8200 Schaffhausen,2939,SH,real,True,15.11.2024,2688272,1284665
100971016,10086767,1611568,Klushau,1,8200 Schaffhausen,2939,SH,real,True,15.11.2024,2688302,1284727
100971017,10086767,1611569,Klushau,2,8200 Schaffhausen,2939,SH,real,True,15.11.2024,2688295,1284746
100971018,10086767,1611570,Klushau,3,8200 Schaffhausen,2939,SH,real,True,15.11.2024,2688289,1284724
100971019,10073052,1611571,Lahnstrasse,36,8200 Schaffhausen,2939,SH,real,True,15.11.2024,2688334,1284744
100971020,10073052,1611572,Lahnstrasse,40,8200 Schaffhausen,2939,SH,real,True,15.11.2024,2688280,1284700
100971021,10178606,1611573,Etzelstrasse,2,8200 Schaffhausen,2939,SH,real,True,15.11.2024,2688182,1284611
100971022,10179717,1613365,Im Bergli,20,8207 Schaffhausen,2939,SH,real,True,15.11.2024,2691311,1286314
100971024,10179717,1613367,Im Bergli,24,8207 Schaffhausen,2939,SH,real,True,15.11.2024,2691319,1286346
100971025,10019782,1613368,Neutrottenstrasse,76,8207 Schaffhausen,2939,SH,real,True,15.11.2024,2691309,1286368
100971026,10019782,1613370,Neutrottenstrasse,82,8207 Schaffhausen,2939,SH,real,True,15.11.2024,2691345,1286381
100971027,10019782,1613371,Neutrottenstrasse,80,8207 Schaffhausen,2939,SH,real,True,15.11.2024,2691362,1286369
100971028,10019782,1613372,Neutrottenstrasse,86,8207 Schaffhausen,2939,SH,real,True,15.11.2024,2691352,1286418
100971029,10019782,1613373,Neutrottenstrasse,88,8207 Schaffhausen,2939,SH,real,True,15.11.2024,2691364,1286410
100971030,10019782,1613374,Neutrottenstrasse,90,8207 Schaffhausen,2939,SH,real,True,15.11.2024,2691381,1286412
100971031,10019782,1613375,Neutrottenstrasse,94,8207 Schaffhausen,2939,SH,real,True,15.11.2024,2691394,1286441
100971032,10019782,1613376,Neutrottenstrasse,96,8207 Schaffhausen,2939,SH,real,True,15.11.2024,2691405,1286413
100971033,10019782,1613379,Neutrottenstrasse,100,8207 Schaffhausen,2939,SH,real,True,15.11.2024,2691440,1286474
100971034,10019782,1613380,Neutrottenstrasse,102,8207 Schaffhausen,2939,SH,real,True,15.11.2024,2691460,1286476
100971035,10113198,1613382,Im Surbeck,3,8207 Schaffhausen,2939,SH,real,True,15.11.2024,2691457,1286445
100971036,10113198,1613383,Im Surbeck,5,8207 Schaffhausen,2939,SH,real,True,15.11.2024,2691442,1286435
100971037,10085749,1613384,Surbeckstieg,1,8207 Schaffhausen,2939,SH,real,True,15.11.2024,2691516,1286394
100971038,10085749,1613385,Surbeckstieg,3,8207 Schaffhausen,2939,SH,real,True,15.11.2024,2691506,1286415
100971039,10108024,1613387,Kirchbergstrasse,1,8207 Schaffhausen,2939,SH,real,True,15.11.2024,2691418,1286219
100971040,10108024,1613389,Kirchbergstrasse,9,8207 Schaffhausen,2939,SH,real,True,15.11.2024,2691369,1286299
100971041,10108024,1613392,Kirchbergstrasse,19,8207 Schaffhausen,2939,SH,real,True,15.11.2024,2691444,1286339
100971042,10108024,1613393,Kirchbergstrasse,19a,8207 Schaffhausen,2939,SH,real,True,15.11.2024,2691449,1286342
100971043,10108024,1613397,Kirchbergstrasse,19e,8207 Schaffhausen,2939,SH,real,True,15.11.2024,2691425,1286373
100971044,10108024,1613398,Kirchbergstrasse,19f,8207 Schaffhausen,2939,SH,real,True,15.11.2024,2691430,1286376
100971045,10108024,1613399,Kirchbergstrasse,19g,8207 Schaffhausen,2939,SH,real,True,15.11.2024,2691438,1286381
100971046,10108024,1613400,Kirchbergstrasse,19h,8207 Schaffhausen,2939,SH,real,True,15.11.2024,2691443,1286384
100971047,10108024,1613401,Kirchbergstrasse,21,8207 Schaffhausen,2939,SH,real,True,15.11.2024,2691474,1286379
100971048,10108024,1613402,Kirchbergstrasse,23,8207 Schaffhausen,2939,SH,real,True,15.11.2024,2691472,1286386
100971049,10108024,1613405,Kirchbergstrasse,29,8207 Schaffhausen,2939,SH,real,True,15.11.2024,2691458,1286408
100971050,10108024,1613406,Kirchbergstrasse,31,8207 Schaffhausen,2939,SH,real,True,15.11.2024,2691498,1286376
100971051,10108024,1613407,Kirchbergstrasse,33,8207 Schaffhausen,2939,SH,real,True,15.11.2024,2691480,1286406
100971052,10108024,1613408,Kirchbergstrasse,41,8207 Schaffhausen,2939,SH,real,True,15.11.2024,2691559,1286428
100971053,10108024,1613409,Kirchbergstrasse,43,8207 Schaffhausen,2939,SH,real,True,15.11.2024,2691564,1286431
100971054,10108024,1613410,Kirchbergstrasse,45,8207 Schaffhausen,2939,SH,real,True,15.11.2024,2691569,1286435
100971055,10108024,1613411,Kirchbergstrasse,47,8207 Schaffhausen,2939,SH,real,True,15.11.2024,2691574,1286439
100971056,10108024,1613412,Kirchbergstrasse,49,8207 Schaffhausen,2939,SH,real,True,15.11.2024,2691587,1286450
100971057,10108024,1613414,Kirchbergstrasse,53,8207 Schaffhausen,2939,SH,real,True,15.11.2024,2691609,1286496
100971058,10108024,1613415,Kirchbergstrasse,55,8207 Schaffhausen,2939,SH,real,True,15.11.2024,2691634,1286487
100971059,10108024,1613416,Kirchbergstrasse,57,8207 Schaffhausen,2939,SH,real,True,15.11.2024,2691652,1286496
100971060,10108024,1613417,Kirchbergstrasse,63,8207 Schaffhausen,2939,SH,real,True,15.11.2024,2691688,1286528
100971063,10108024,1613420,Kirchbergstrasse,69,8207 Schaffhausen,2939,SH,real,True,15.11.2024,2691709,1286545
100971072,10085749,1613429,Surbeckstieg,2,8207 Schaffhausen,2939,SH,real,True,15.11.2024,2691529,1286405
100971073,10085749,1613431,Surbeckstieg,6,8207 Schaffhausen,2939,SH,real,True,15.11.2024,2691521,1286417
100971074,10085749,1613432,Surbeckstieg,8,8207 Schaffhausen,2939,SH,real,True,15.11.2024,2691517,1286423
100971075,10085749,1613433,Surbeckstieg,10,8207 Schaffhausen,2939,SH,real,True,15.11.2024,2691514,1286434
100971076,10085749,1613434,Surbeckstieg,12,8207 Schaffhausen,2939,SH,real,True,15.11.2024,2691509,1286440
100971077,10085749,1613435,Surbeckstieg,14,8207 Schaffhausen,2939,SH,real,True,15.11.2024,2691506,1286447
100971078,10085749,1613436,Surbeckstieg,16,8207 Schaffhausen,2939,SH,real,True,15.11.2024,2691503,1286453
100971079,10025700,1613437,Trüllenbuck,24,8207 Schaffhausen,2939,SH,planned,False,15.11.2024,2691560,1286497
100971080,10025700,1613438,Trüllenbuck,26,8207 Schaffhausen,2939,SH,planned,False,15.11.2024,2691572,1286507
100971081,10025700,1613439,Trüllenbuck,28,8207 Schaffhausen,2939,SH,real,True,15.11.2024,2691590,1286522
100971082,10025700,1613441,Trüllenbuck,34,8207 Schaffhausen,2939,SH,real,True,15.11.2024,2691630,1286553
100971083,10025700,1613442,Trüllenbuck,38,8207 Schaffhausen,2939,SH,real,True,15.11.2024,2691661,1286573
100971084,10025700,1613443,Trüllenbuck,40,8207 Schaffhausen,2939,SH,real,True,15.11.2024,2691723,1286610
100971085,10085752,1613444,Trüllenbuckstieg,1,8207 Schaffhausen,2939,SH,real,True,15.11.2024,2691750,1286594
100971086,10087052,1609821,Im Gatter,30,8240 Thayngen,2920,SH,real,True,15.11.2024,2694763,1289319
100971087,10237814,1609823,Frohsinnweg,1,8240 Thayngen,2920,SH,real,True,15.11.2024,2694790,1289316
100971088,10237814,1609824,Frohsinnweg,3,8240 Thayngen,2920,SH,real,True,15.11.2024,2694791,1289345
100971089,10237814,1609825,Frohsinnweg,5,8240 Thayngen,2920,SH,real,True,15.11.2024,2694791,1289348
100971090,10087052,1609826,Im Gatter,32,8240 Thayngen,2920,SH,real,True,15.11.2024,2694747,1289313
100971176,10018652,1615353,Hintergasse,4,8203 Schaffhausen,2939,SH,real,True,15.11.2024,2691453,1283675
100971177,10046623,1615355,Kirchgasse,1,8203 Schaffhausen,2939,SH,real,True,15.11.2024,2691395,1283623
100971178,10046623,1615356,Kirchgasse,3,8203 Schaffhausen,2939,SH,real,True,15.11.2024,2691399,1283635
100971179,10046623,1615357,Kirchgasse,5,8203 Schaffhausen,2939,SH,real,True,15.11.2024,2691399,1283637
100971180,10046623,1615358,Kirchgasse,7,8203 Schaffhausen,2939,SH,real,True,15.11.2024,2691409,1283624
100971181,10046623,1615359,Kirchgasse,9,8203 Schaffhausen,2939,SH,real,True,15.11.2024,2691417,1283629
100971182,10046623,1615361,Kirchgasse,13,8203 Schaffhausen,2939,SH,real,True,15.11.2024,2691432,1283623
100971183,10046623,1615362,Kirchgasse,15,8203 Schaffhausen,2939,SH,real,True,15.11.2024,2691450,1283620
100971184,10046623,1615364,Kirchgasse,19,8203 Schaffhausen,2939,SH,real,True,15.11.2024,2691482,1283620
100971185,10046623,1615365,Kirchgasse,21,8203 Schaffhausen,2939,SH,real,True,15.11.2024,2691501,1283617
100971186,10018680,1615366,Lindenplatz,14,8203 Schaffhausen,2939,SH,real,True,15.11.2024,2691370,1283628
100971188,10124087,1615370,Kohlfirststrasse,13,8203 Schaffhausen,2939,SH,real,True,15.11.2024,2691343,1283509
100971189,10124087,1615371,Kohlfirststrasse,15,8203 Schaffhausen,2939,SH,real,True,15.11.2024,2691333,1283494
100971190,10124087,1615372,Kohlfirststrasse,17,8203 Schaffhausen,2939,SH,real,True,15.11.2024,2691323,1283465
100971191,10124087,1615374,Kohlfirststrasse,21,8203 Schaffhausen,2939,SH,real,True,15.11.2024,2691309,1283447
100971192,10124087,1615375,Kohlfirststrasse,25,8203 Schaffhausen,2939,SH,real,True,15.11.2024,2691296,1283420
100971193,10124087,1615376,Kohlfirststrasse,27,8203 Schaffhausen,2939,SH,real,True,15.11.2024,2691294,1283401
100971194,10124087,1615379,Kohlfirststrasse,35,8203 Schaffhausen,2939,SH,real,True,15.11.2024,2691248,1283334
100971195,10179725,1615381,Rebweg,10,8203 Schaffhausen,2939,SH,real,True,15.11.2024,2691381,1283493
100971196,10179725,1615383,Rebweg,14,8203 Schaffhausen,2939,SH,real,True,15.11.2024,2691373,1283477
100971197,10179725,1615384,Rebweg,16,8203 Schaffhausen,2939,SH,real,True,15.11.2024,2691368,1283470
100971198,10179725,1615386,Rebweg,20,8203 Schaffhausen,2939,SH,real,True,15.11.2024,2691351,1283433
100971199,10179725,1615387,Rebweg,22,8203 Schaffhausen,2939,SH,real,True,15.11.2024,2691341,1283418
100971200,10179725,1615388,Rebweg,24,8203 Schaffhausen,2939,SH,real,True,15.11.2024,2691334,1283403
100971201,10179725,1615389,Rebweg,26,8203 Schaffhausen,2939,SH,real,True,15.11.2024,2691316,1283363
100971203,10179725,1615391,Rebweg,30,8203 Schaffhausen,2939,SH,real,True,15.11.2024,2691294,1283306
100971205,10124087,1615393,Kohlfirststrasse,1,8203 Schaffhausen,2939,SH,real,True,15.11.2024,2691457,1283539
100971206,10124087,1615394,Kohlfirststrasse,7,8203 Schaffhausen,2939,SH,real,True,15.11.2024,2691424,1283541
100971207,10179725,1615395,Rebweg,11,8203 Schaffhausen,2939,SH,real,True,15.11.2024,2691396,1283484
100971208,10179725,1615397,Rebweg,15,8203 Schaffhausen,2939,SH,real,True,15.11.2024,2691414,1283448
100971210,10179725,1615400,Rebweg,25,8203 Schaffhausen,2939,SH,real,True,15.11.2024,2691350,1283380
100971211,10179725,1615401,Rebweg,27,8203 Schaffhausen,2939,SH,real,True,15.11.2024,2691334,1283360
100971212,10179725,1615402,Rebweg,29,8203 Schaffhausen,2939,SH,real,True,15.11.2024,2691324,1283335
100971213,10118147,1615403,Windeggstrasse,10,8203 Schaffhausen,2939,SH,real,True,15.11.2024,2691437,1283475
100971214,10118147,1615404,Windeggstrasse,12,8203 Schaffhausen,2939,SH,real,True,15.11.2024,2691432,1283443
100971215,10118147,1615405,Windeggstrasse,14,8203 Schaffhausen,2939,SH,real,True,15.11.2024,2691431,1283416
100971216,10118147,1615407,Windeggstrasse,20,8203 Schaffhausen,2939,SH,real,True,15.11.2024,2691414,1283381
100971217,10118147,1615408,Windeggstrasse,24,8203 Schaffhausen,2939,SH,real,True,15.11.2024,2691389,1283362
100971218,10118147,1615409,Windeggstrasse,26,8203 Schaffhausen,2939,SH,real,True,15.11.2024,2691386,1283356
100971219,10118147,1615410,Windeggstrasse,28,8203 Schaffhausen,2939,SH,real,True,15.11.2024,2691383,1283350
100971254,10073054,1613545,Muracker,33,8207 Schaffhausen,2939,SH,real,True,15.11.2024,2691276,1285975
100971256,10120424,1613547,Herblingerstrasse,6,8207 Schaffhausen,2939,SH,real,True,15.11.2024,2691196,1285913
100971257,10120424,1613548,Herblingerstrasse,10,8207 Schaffhausen,2939,SH,real,True,15.11.2024,2691195,1285944
100971258,10120424,1613549,Herblingerstrasse,14,8207 Schaffhausen,2939,SH,real,True,15.11.2024,2691203,1285958
100971259,10120424,1613550,Herblingerstrasse,18,8207 Schaffhausen,2939,SH,real,True,15.11.2024,2691212,1285971
100971260,10120424,1613551,Herblingerstrasse,22,8207 Schaffhausen,2939,SH,real,True,15.11.2024,2691242,1285972
100971261,10120424,1613552,Herblingerstrasse,24,8207 Schaffhausen,2939,SH,real,True,15.11.2024,2691255,1285993
100972454,10120408,1609757,Kreuzplatz,7,8240 Thayngen,2920,SH,real,True,15.11.2024,2695089,1289267
100972455,10120408,1609758,Kreuzplatz,9,8240 Thayngen,2920,SH,real,True,15.11.2024,2695109,1289276
100972460,10087046,1609763,Blumenstrasse,7,8240 Thayngen,2920,SH,real,True,15.11.2024,2695046,1289263
100972461,10087046,1609764,Blumenstrasse,6,8240 Thayngen,2920,SH,real,True,15.11.2024,2695029,1289280
100972465,10087052,1609769,Im Gatter,3a,8240 Thayngen,2920,SH,real,True,15.11.2024,2695017,1289348
100972466,10087046,1609770,Blumenstrasse,19,8240 Thayngen,2920,SH,real,True,15.11.2024,2694885,1289207
100972467,10025644,1609771,Bahnhofstrasse,48,8240 Thayngen,2920,SH,real,True,15.11.2024,2694863,1289141
100972469,10087046,1609773,Blumenstrasse,13,8240 Thayngen,2920,SH,real,True,15.11.2024,2694961,1289240
100972470,10087046,1609774,Blumenstrasse,11,8240 Thayngen,2920,SH,real,True,15.11.2024,2694998,1289253
100972471,10025644,1609775,Bahnhofstrasse,32,8240 Thayngen,2920,SH,real,True,15.11.2024,2694950,1289163
100972472,10025644,1609776,Bahnhofstrasse,30,8240 Thayngen,2920,SH,real,True,15.11.2024,2694989,1289150
100972473,10087050,1609778,Freihofstrasse,16,8240 Thayngen,2920,SH,real,True,15.11.2024,2695008,1289204
100972474,10111813,1609780,Speckweg,3,8240 Thayngen,2920,SH,real,True,15.11.2024,2694599,1289257
100972475,10111813,1609782,Speckweg,19,8240 Thayngen,2920,SH,real,True,15.11.2024,2694433,1289266
100972476,10111813,1609783,Speckweg,21,8240 Thayngen,2920,SH,real,True,15.11.2024,2694411,1289268
100972477,10073632,1609785,Wydenweg,1,8240 Thayngen,2920,SH,real,True,15.11.2024,2694642,1289199
100972478,10073632,1609786,Wydenweg,5,8240 Thayngen,2920,SH,real,True,15.11.2024,2694618,1289202
100972479,10073632,1609788,Wydenweg,16,8240 Thayngen,2920,SH,real,True,15.11.2024,2694462,1289228
100972480,10073632,1609789,Wydenweg,18,8240 Thayngen,2920,SH,real,True,15.11.2024,2694446,1289226
100972481,10073629,1609790,Schenenbüelweg,13,8240 Thayngen,2920,SH,real,True,15.11.2024,2694404,1289235
100972482,10073629,1609791,Schenenbüelweg,17,8240 Thayngen,2920,SH,real,True,15.11.2024,2694396,1289193
100972483,10018141,1609795,Kesslerlochstrasse,64,8240 Thayngen,2920,SH,real,True,15.11.2024,2694739,1289149
100972484,10018141,1609796,Kesslerlochstrasse,62,8240 Thayngen,2920,SH,real,True,15.11.2024,2694771,1289155
100972485,10018141,1609797,Kesslerlochstrasse,60,8240 Thayngen,2920,SH,real,True,15.11.2024,2694784,1289141
100972486,10087046,1609798,Blumenstrasse,39,8240 Thayngen,2920,SH,real,True,15.11.2024,2694686,1289196
100972487,10087046,1609799,Blumenstrasse,35,8240 Thayngen,2920,SH,real,True,15.11.2024,2694745,1289199
100972488,10087046,1609800,Blumenstrasse,31,8240 Thayngen,2920,SH,real,True,15.11.2024,2694784,1289201
100972489,10018151,1609802,Silberbergweg,2,8240 Thayngen,2920,SH,real,True,15.11.2024,2694525,1289381
100972490,10018151,1609803,Silberbergweg,4,8240 Thayngen,2920,SH,real,True,15.11.2024,2694543,1289376
100972491,10018151,1609804,Silberbergweg,6,8240 Thayngen,2920,SH,real,True,15.11.2024,2694551,1289374
100972492,10018151,1609805,Silberbergweg,8,8240 Thayngen,2920,SH,real,True,15.11.2024,2694569,1289368
100972493,10018151,1609806,Silberbergweg,10,8240 Thayngen,2920,SH,real,True,15.11.2024,2694573,1289383
100972494,10018151,1609808,Silberbergweg,14,8240 Thayngen,2920,SH,real,True,15.11.2024,2694532,1289391
100972495,10018151,1609810,Silberbergweg,18,8240 Thayngen,2920,SH,real,True,15.11.2024,2694559,1289394
100972496,10048903,1609811,Schaffhauserstrasse,15,8240 Thayngen,2920,SH,real,True,15.11.2024,2694619,1289292
100972497,10048903,1609812,Schaffhauserstrasse,14,8240 Thayngen,2920,SH,real,True,15.11.2024,2694633,1289319
100972498,10048903,1609814,Schaffhauserstrasse,19,8240 Thayngen,2920,SH,real,True,15.11.2024,2694586,1289300
100972499,10048903,1609815,Schaffhauserstrasse,21,8240 Thayngen,2920,SH,real,True,15.11.2024,2694572,1289301
100972500,10048903,1609816,Schaffhauserstrasse,23,8240 Thayngen,2920,SH,real,True,15.11.2024,2694564,1289303
100972501,10048903,1609817,Schaffhauserstrasse,25,8240 Thayngen,2920,SH,real,True,15.11.2024,2694549,1289307
100972502,10048903,1609818,Schaffhauserstrasse,27,8240 Thayngen,2920,SH,real,True,15.11.2024,2694541,1289309
100972509,10237814,1609827,Frohsinnweg,9,8240 Thayngen,2920,SH,real,True,15.11.2024,2694755,1289374
100972510,10237814,1609828,Frohsinnweg,13,8240 Thayngen,2920,SH,real,True,15.11.2024,2694715,1289363
100972511,10237814,1609830,Frohsinnweg,17,8240 Thayngen,2920,SH,real,True,15.11.2024,2694789,1289400
100972512,10237814,1609831,Frohsinnweg,19,8240 Thayngen,2920,SH,real,True,15.11.2024,2694779,1289407
100972513,10048904,1609832,Sonnenweg,1,8240 Thayngen,2920,SH,real,True,15.11.2024,2694771,1289445
100972514,10018142,1609833,Landheimweg,6,8240 Thayngen,2920,SH,real,True,15.11.2024,2694675,1289367
100972516,10048903,1609835,Schaffhauserstrasse,28,8240 Thayngen,2920,SH,real,True,15.11.2024,2694518,1289343
100972517,10048903,1609836,Schaffhauserstrasse,13,8240 Thayngen,2920,SH,real,True,15.11.2024,2694635,1289277
100972518,10087058,1609837,Schaffhauserzelgweg,7,8240 Thayngen,2920,SH,real,True,15.11.2024,2694358,1289399
100972519,10087058,1609838,Schaffhauserzelgweg,5,8240 Thayngen,2920,SH,real,True,15.11.2024,2694379,1289395
100972520,10087058,1609840,Schaffhauserzelgweg,1,8240 Thayngen,2920,SH,real,True,15.11.2024,2694428,1289390
100972521,10087058,1609841,Schaffhauserzelgweg,2,8240 Thayngen,2920,SH,real,True,15.11.2024,2694453,1289387
100972522,10048903,1609842,Schaffhauserstrasse,40,8240 Thayngen,2920,SH,real,True,15.11.2024,2694446,1289363
100972523,10048903,1609843,Schaffhauserstrasse,36,8240 Thayngen,2920,SH,real,True,15.11.2024,2694482,1289358
100972525,10048903,1609844,Schaffhauserstrasse,39,8240 Thayngen,2920,SH,real,True,15.11.2024,2694450,1289335
100972526,10048903,1609845,Schaffhauserstrasse,37,8240 Thayngen,2920,SH,real,True,15.11.2024,2694465,1289331
100972527,10048903,1609848,Schaffhauserstrasse,31,8240 Thayngen,2920,SH,real,True,15.11.2024,2694502,1289321
100972528,10018145,1609850,Pflanzweg,2,8240 Thayngen,2920,SH,real,True,15.11.2024,2694518,1289282
100972529,10111813,1609852,Speckweg,16,8240 Thayngen,2920,SH,real,True,15.11.2024,2694479,1289282
100972530,10111813,1609853,Speckweg,18,8240 Thayngen,2920,SH,real,True,15.11.2024,2694449,1289285
100972531,10111813,1609854,Speckweg,20,8240 Thayngen,2920,SH,real,True,15.11.2024,2694419,1289290
100972532,10073629,1609855,Schenenbüelweg,1,8240 Thayngen,2920,SH,real,True,15.11.2024,2694418,1289326
100972533,10018151,1609857,Silberbergweg,3,8240 Thayngen,2920,SH,real,True,15.11.2024,2694509,1289384
100972534,10048900,1609859,Lohningerweg,85,8240 Thayngen,2920,SH,real,True,15.11.2024,2694384,1289518
100972535,10048900,1609860,Lohningerweg,95,8240 Thayngen,2920,SH,real,True,15.11.2024,2694248,1289463
100972536,10019565,1609861,Altacker,175,8231 Hemmental,2939,SH,real,True,15.11.2024,2686602,1287366
100972537,10019565,1609862,Altacker,1.1,8231 Hemmental,2939,SH,real,True,23.07.2024,2686653,1287328
100972539,10019566,1609864,Brennholz,188,8231 Hemmental,2939,SH,real,True,15.11.2024,2685633,1288522
100972540,10091229,1609865,Eichhalde,173,8231 Hemmental,2939,SH,real,True,15.11.2024,2685622,1288171
100972541,10091229,1609866,Eichhalde,178,8231 Hemmental,2939,SH,real,True,15.11.2024,2685615,1288209
100972542,10091229,1609867,Eichhalde,194,8231 Hemmental,2939,SH,real,True,15.11.2024,2685546,1288285
100972543,10019568,1609868,Eichhölzli,177,8231 Hemmental,2939,SH,real,True,15.11.2024,2687027,1287541
100972544,10054984,1609869,Eisenräderhalde,165,8231 Hemmental,2939,SH,real,True,15.11.2024,2686324,1287639
100972545,10054984,1609870,Eisenräderhalde,176,8231 Hemmental,2939,SH,real,True,15.11.2024,2686386,1287507
100972546,10073655,1609871,Gehrenhalde,154,8231 Hemmental,2939,SH,real,True,15.11.2024,2686226,1287928
100972547,10112902,1609872,Gehrentobel,158,8231 Hemmental,2939,SH,real,True,15.11.2024,2686309,1288252
100972548,10019571,1609873,Im Hintern Grund,196,8231 Hemmental,2939,SH,real,True,15.11.2024,2684541,1288773
100972549,10074390,1609874,Im Hintern Stieg,166,8231 Hemmental,2939,SH,real,True,15.11.2024,2685096,1287045
100972550,10054985,1609875,Im Schönenbühl,164,8231 Hemmental,2939,SH,real,True,15.11.2024,2686722,1287252
100972551,10073052,1611576,Lahnstrasse,73,8200 Schaffhausen,2939,SH,real,True,15.11.2024,2688153,1284615
100972552,10073052,1611578,Lahnstrasse,77,8200 Schaffhausen,2939,SH,real,True,15.11.2024,2688124,1284588
100972553,10073052,1611579,Lahnstrasse,79,8200 Schaffhausen,2939,SH,real,True,15.11.2024,2688077,1284613
100972555,10073052,1611581,Lahnstrasse,81,8200 Schaffhausen,2939,SH,real,True,15.11.2024,2688093,1284584
100972556,10073052,1611583,Lahnstrasse,85,8200 Schaffhausen,2939,SH,real,True,15.11.2024,2688032,1284588
100972557,10086770,1611584,Langhansergässchen,22,8200 Schaffhausen,2939,SH,real,True,15.11.2024,2688093,1284545
100972558,10086770,1611585,Langhansergässchen,24,8200 Schaffhausen,2939,SH,real,True,15.11.2024,2688071,1284548
100972559,10086770,1611587,Langhansergässchen,26,8200 Schaffhausen,2939,SH,real,True,15.11.2024,2688048,1284550
100972560,10086770,1611588,Langhansergässchen,28,8200 Schaffhausen,2939,SH,real,True,15.11.2024,2688041,1284548
100972561,10086770,1611589,Langhansergässchen,40,8200 Schaffhausen,2939,SH,real,True,15.11.2024,2688017,1284539
100972562,10086770,1611590,Langhansergässchen,42,8200 Schaffhausen,2939,SH,real,True,15.11.2024,2687988,1284527
100972563,10086467,1611591,Albisstrasse,3,8200 Schaffhausen,2939,SH,real,True,15.11.2024,2688821,1284774
100972564,10086467,1611592,Albisstrasse,5,8200 Schaffhausen,2939,SH,real,True,15.11.2024,2688801,1284770
100972565,10086467,1611593,Albisstrasse,17,8200 Schaffhausen,2939,SH,real,True,15.11.2024,2688752,1284761
100972566,10178604,1611595,Breitenaustrasse,143,8200 Schaffhausen,2939,SH,real,True,15.11.2024,2688803,1284721
100972567,10178604,1611597,Breitenaustrasse,147,8200 Schaffhausen,2939,SH,real,True,15.11.2024,2688821,1284724
100972568,10178604,1611598,Breitenaustrasse,149,8200 Schaffhausen,2939,SH,real,True,15.11.2024,2688824,1284725
100972569,10178604,1611599,Breitenaustrasse,151,8200 Schaffhausen,2939,SH,real,True,15.11.2024,2688827,1284740
100972570,10018657,1611601,Hohlenbaumstrasse,97,8200 Schaffhausen,2939,SH,real,True,15.11.2024,2688764,1284641
100972571,10018657,1611603,Hohlenbaumstrasse,107,8200 Schaffhausen,2939,SH,real,True,15.11.2024,2688817,1284652
100972572,10018657,1611604,Hohlenbaumstrasse,109,8200 Schaffhausen,2939,SH,real,True,15.11.2024,2688813,1284675
100972573,10086467,1611606,Albisstrasse,4,8200 Schaffhausen,2939,SH,real,True,15.11.2024,2688794,1284792
100972574,10086467,1611607,Albisstrasse,8,8200 Schaffhausen,2939,SH,real,True,15.11.2024,2688773,1284782
100972575,10086467,1611608,Albisstrasse,12,8200 Schaffhausen,2939,SH,real,True,15.11.2024,2688757,1284801
100972576,10086467,1611610,Albisstrasse,20,8200 Schaffhausen,2939,SH,real,True,15.11.2024,2688698,1284770
100972577,10086467,1611611,Albisstrasse,21,8200 Schaffhausen,2939,SH,real,True,15.11.2024,2688701,1284749
100972578,10086467,1611613,Albisstrasse,23,8200 Schaffhausen,2939,SH,real,True,15.11.2024,2688669,1284743
100972579,10086467,1611614,Albisstrasse,24,8200 Schaffhausen,2939,SH,real,True,15.11.2024,2688665,1284763
100972580,10086467,1611615,Albisstrasse,25,8200 Schaffhausen,2939,SH,real,True,15.11.2024,2688652,1284739
100972581,10086467,1611618,Albisstrasse,30,8200 Schaffhausen,2939,SH,real,True,15.11.2024,2688595,1284744
100972582,10073024,1611619,Bachtelstrasse,3,8200 Schaffhausen,2939,SH,real,True,15.11.2024,2688783,1284836
100972583,10073024,1611620,Bachtelstrasse,7,8200 Schaffhausen,2939,SH,real,True,15.11.2024,2688757,1284830
100972584,10073024,1611621,Bachtelstrasse,11,8200 Schaffhausen,2939,SH,real,True,15.11.2024,2688731,1284823
100972585,10073024,1611623,Bachtelstrasse,17,8200 Schaffhausen,2939,SH,real,True,15.11.2024,2688697,1284808
100972586,10073024,1611624,Bachtelstrasse,19,8200 Schaffhausen,2939,SH,real,True,15.11.2024,2688680,1284802
100972587,10073024,1611625,Bachtelstrasse,21,8200 Schaffhausen,2939,SH,real,True,15.11.2024,2688657,1284796
100972588,10073024,1611626,Bachtelstrasse,23,8200 Schaffhausen,2939,SH,real,True,15.11.2024,2688642,1284791
100972589,10073024,1611627,Bachtelstrasse,25,8200 Schaffhausen,2939,SH,real,True,15.11.2024,2688623,1284789
100972590,10178604,1611628,Breitenaustrasse,155,8200 Schaffhausen,2939,SH,real,True,15.11.2024,2688814,1284798
100972591,10178604,1611629,Breitenaustrasse,161,8200 Schaffhausen,2939,SH,real,True,15.11.2024,2688804,1284835
100972592,10018656,1611630,Hohlenbaumstieg,18,8200 Schaffhausen,2939,SH,real,True,15.11.2024,2688736,1284784
100972769,10018652,1615345,Hintergasse,9,8203 Schaffhausen,2939,SH,real,True,15.11.2024,2691402,1283670
100972770,10018652,1615346,Hintergasse,13,8203 Schaffhausen,2939,SH,real,True,15.11.2024,2691437,1283676
100972771,10018652,1615347,Hintergasse,15,8203 Schaffhausen,2939,SH,real,True,15.11.2024,2691445,1283683
100972772,10018652,1615348,Hintergasse,17,8203 Schaffhausen,2939,SH,real,True,15.11.2024,2691463,1283689
100972773,10018652,1615349,Hintergasse,19,8203 Schaffhausen,2939,SH,real,True,15.11.2024,2691475,1283694
100972774,10018680,1615350,Lindenplatz,6,8203 Schaffhausen,2939,SH,real,True,15.11.2024,2691337,1283640
100972775,10018680,1615351,Lindenplatz,8,8203 Schaffhausen,2939,SH,real,True,15.11.2024,2691330,1283635
100972856,10073070,1615445,Stuckengässchen,36,8203 Schaffhausen,2939,SH,real,True,15.11.2024,2691593,1283142
100972857,10073070,1615446,Stuckengässchen,40,8203 Schaffhausen,2939,SH,real,True,15.11.2024,2691637,1283180
100972859,10018345,1615448,Felsgasse,61,8200 Schaffhausen,2939,SH,real,True,15.11.2024,2691448,1282977
100972860,10025709,1615449,Windegghof,70,8203 Schaffhausen,2939,SH,real,True,15.11.2024,2691377,1283151
100972861,10025709,1615450,Windegghof,69,8203 Schaffhausen,2939,SH,real,True,15.11.2024,2691388,1283161
100972862,10073070,1615451,Stuckengässchen,38,8203 Schaffhausen,2939,SH,real,True,15.11.2024,2691622,1283190
100972863,10086476,1615452,Büsingerstrasse,2,8203 Schaffhausen,2939,SH,real,True,15.11.2024,2691569,1283562
100974056,10054985,1609876,Im Schönenbühl,180,8231 Hemmental,2939,SH,real,True,15.11.2024,2686698,1287340
100974057,10120415,1609877,Im Vordern Grund,193,8231 Hemmental,2939,SH,real,True,15.11.2024,2684702,1288632
100974058,10178319,1609878,Kirchhalde,190,8231 Hemmental,2939,SH,real,True,15.11.2024,2685310,1287846
100974059,10054986,1609879,Langacker,184,8231 Hemmental,2939,SH,real,True,15.11.2024,2685030,1288681
100974060,10054986,1609880,Langacker,1,8231 Hemmental,2939,SH,real,True,23.07.2024,2685108,1288538
100974061,10186341,1609881,Langholztobel,189,8231 Hemmental,2939,SH,real,True,15.11.2024,2686910,1288421
100974062,10019574,1609882,Oberberg,137,8231 Hemmental,2939,SH,real,True,15.11.2024,2685899,1287874
100974063,10091234,1609884,Rütihalden,172,8231 Hemmental,2939,SH,real,True,15.11.2024,2685467,1287489
100974064,10054987,1609885,Sohn,168,8231 Hemmental,2939,SH,real,True,15.11.2024,2685681,1287068
100974065,10108014,1609886,Sonnhalde,195,8231 Hemmental,2939,SH,real,True,15.11.2024,2684952,1288448
100974066,10117915,1609887,Staudenhalde,185,8231 Hemmental,2939,SH,real,True,15.11.2024,2686050,1287361
100974067,10117915,1609888,Staudenhalde,192,8231 Hemmental,2939,SH,real,True,15.11.2024,2685962,1287220
100974068,10104501,1609889,Steigacker,,8231 Hemmental,2939,SH,real,True,23.07.2024,2686579,1287612
100974069,10112903,1609890,Stieg,161,8231 Hemmental,2939,SH,real,True,15.11.2024,2685434,1287145
100974070,10112903,1609891,Stieg,187,8231 Hemmental,2939,SH,real,True,15.11.2024,2685381,1287088
100974071,10178320,1609892,Stiersetze,163,8231 Hemmental,2939,SH,real,True,15.11.2024,2685162,1287154
100974072,10054988,1609893,Thierhag,174,8231 Hemmental,2939,SH,real,False,15.11.2024,2685370,1288228
100974073,10019577,1609894,Zelgli,127,8231 Hemmental,2939,SH,real,True,15.11.2024,2683220,1288883
100974074,10073655,1609895,Gehrenhalde,53,8231 Hemmental,2939,SH,real,True,15.11.2024,2686189,1287735
100974075,10019574,1609896,Oberberg,132,8231 Hemmental,2939,SH,real,True,15.11.2024,2686111,1288110
100974076,10091231,1609897,Im Herbstel,60,8231 Hemmental,2939,SH,real,True,15.11.2024,2685834,1288101
100974077,10091231,1609900,Im Herbstel,47,8231 Hemmental,2939,SH,real,True,15.11.2024,2685655,1287883
100974078,10091231,1609901,Im Herbstel,45,8231 Hemmental,2939,SH,real,True,15.11.2024,2685647,1287880
100974079,10091231,1609902,Im Herbstel,40,8231 Hemmental,2939,SH,real,True,15.11.2024,2685644,1287862
100974080,10091231,1609903,Im Herbstel,43,8231 Hemmental,2939,SH,real,True,15.11.2024,2685635,1287873
100974081,10091231,1609904,Im Herbstel,41,8231 Hemmental,2939,SH,real,True,15.11.2024,2685617,1287896
100974082,10019573,1609905,Mettlerhof,30,8231 Hemmental,2939,SH,real,True,15.11.2024,2685609,1287848
100974083,10019573,1609907,Mettlerhof,31,8231 Hemmental,2939,SH,real,True,15.11.2024,2685570,1287858
100974084,10019573,1609908,Mettlerhof,28,8231 Hemmental,2939,SH,real,True,15.11.2024,2685620,1287836
100974085,10019573,1609909,Mettlerhof,27,8231 Hemmental,2939,SH,real,True,15.11.2024,2685602,1287825
100974086,10019573,1609910,Mettlerhof,26,8231 Hemmental,2939,SH,real,True,15.11.2024,2685622,1287827
100974088,10019573,1609912,Mettlerhof,22,8231 Hemmental,2939,SH,real,True,15.11.2024,2685614,1287815
100974089,10019573,1609913,Mettlerhof,20,8231 Hemmental,2939,SH,real,True,15.11.2024,2685623,1287800
100974090,10019573,1609914,Mettlerhof,18,8231 Hemmental,2939,SH,real,True,15.11.2024,2685627,1287783
100974091,10019573,1609915,Mettlerhof,16,8231 Hemmental,2939,SH,real,True,15.11.2024,2685636,1287751
100974092,10019573,1609916,Mettlerhof,14,8231 Hemmental,2939,SH,real,True,15.11.2024,2685638,1287744
100974093,10019567,1609918,Dorfplatz,10,8231 Hemmental,2939,SH,real,True,15.11.2024,2685646,1287725
100974094,10019567,1609920,Dorfplatz,6,8231 Hemmental,2939,SH,real,True,15.11.2024,2685656,1287709
100974095,10019567,1609921,Dorfplatz,4,8231 Hemmental,2939,SH,real,True,15.11.2024,2685667,1287710
100974096,10019567,1609922,Dorfplatz,2,8231 Hemmental,2939,SH,real,True,15.11.2024,2685674,1287702
100974097,10019576,1609923,Schlatterhof,6,8231 Hemmental,2939,SH,real,True,15.11.2024,2685590,1287787
100974098,10019576,1609924,Schlatterhof,4,8231 Hemmental,2939,SH,real,True,15.11.2024,2685602,1287790
100974099,10019576,1609925,Schlatterhof,5,8231 Hemmental,2939,SH,real,True,15.11.2024,2685598,1287774
100974100,10019576,1609926,Schlatterhof,9,8231 Hemmental,2939,SH,real,True,15.11.2024,2685590,1287762
100974101,10019576,1609927,Schlatterhof,7,8231 Hemmental,2939,SH,real,True,15.11.2024,2685597,1287766
100974102,10019576,1609928,Schlatterhof,3,8231 Hemmental,2939,SH,real,True,15.11.2024,2685602,1287753
100974103,10019576,1609929,Schlatterhof,2,8231 Hemmental,2939,SH,real,True,15.11.2024,2685615,1287756
100974104,10019576,1609930,Schlatterhof,1,8231 Hemmental,2939,SH,real,True,15.11.2024,2685605,1287745
100974105,10019567,1609933,Dorfplatz,1,8231 Hemmental,2939,SH,real,True,15.11.2024,2685637,1287705
100974108,10237825,1609937,Randenstrasse,26,8231 Hemmental,2939,SH,real,True,15.11.2024,2685598,1287682
100974203,10046619,1611767,Hurbigweg,1,8200 Schaffhausen,2939,SH,real,True,15.11.2024,2688862,1284933
100974204,10046619,1611768,Hurbigweg,3,8200 Schaffhausen,2939,SH,real,True,15.11.2024,2688831,1284941
100974205,10178604,1611770,Breitenaustrasse,183,8200 Schaffhausen,2939,SH,real,True,15.11.2024,2688850,1284980
100974207,10178604,1611772,Breitenaustrasse,187,8200 Schaffhausen,2939,SH,real,True,15.11.2024,2688863,1285020
100974208,10178604,1611773,Breitenaustrasse,189,8200 Schaffhausen,2939,SH,real,True,15.11.2024,2688827,1285042
100974209,10178604,1611774,Breitenaustrasse,193,8200 Schaffhausen,2939,SH,real,True,15.11.2024,2688853,1285067
100974210,10178604,1611775,Breitenaustrasse,195,8200 Schaffhausen,2939,SH,real,True,15.11.2024,2688817,1285080
100974211,10178604,1611777,Breitenaustrasse,199,8200 Schaffhausen,2939,SH,real,True,15.11.2024,2688781,1285135
100974212,10178604,1611778,Breitenaustrasse,203,8200 Schaffhausen,2939,SH,real,True,15.11.2024,2688826,1285101
100974213,10178604,1611779,Breitenaustrasse,205,8200 Schaffhausen,2939,SH,real,True,15.11.2024,2688816,1285136
100974214,10178604,1611780,Breitenaustrasse,207,8200 Schaffhausen,2939,SH,real,True,15.11.2024,2688800,1285163
100974215,10178604,1611781,Breitenaustrasse,158,8200 Schaffhausen,2939,SH,real,True,15.11.2024,2688867,1284850
100974216,10178604,1611783,Breitenaustrasse,160,8200 Schaffhausen,2939,SH,real,True,15.11.2024,2688872,1284886
100974217,10178604,1611784,Breitenaustrasse,164,8200 Schaffhausen,2939,SH,real,True,15.11.2024,2688887,1284922
100974218,10046618,1611786,Fernsichtstrasse,14,8200 Schaffhausen,2939,SH,real,True,15.11.2024,2688969,1284842
100974219,10046618,1611787,Fernsichtstrasse,11,8200 Schaffhausen,2939,SH,real,True,15.11.2024,2688921,1284839
100974221,10046618,1611789,Fernsichtstrasse,8,8200 Schaffhausen,2939,SH,real,True,15.11.2024,2688982,1284821
100974222,10046618,1611790,Fernsichtstrasse,15,8200 Schaffhausen,2939,SH,real,True,15.11.2024,2688943,1284850
100974223,10046618,1611791,Fernsichtstrasse,16,8200 Schaffhausen,2939,SH,real,True,15.11.2024,2688968,1284865
100974224,10046618,1611792,Fernsichtstrasse,19,8200 Schaffhausen,2939,SH,real,True,15.11.2024,2688950,1284879
100974226,10046618,1611796,Fernsichtstrasse,35,8200 Schaffhausen,2939,SH,real,True,15.11.2024,2688969,1284943
100974227,10018657,1611797,Hohlenbaumstrasse,167,8200 Schaffhausen,2939,SH,real,True,15.11.2024,2689020,1284824
100974228,10018657,1611799,Hohlenbaumstrasse,177,8200 Schaffhausen,2939,SH,real,True,15.11.2024,2688995,1284864
100974229,10018657,1611801,Hohlenbaumstrasse,181,8200 Schaffhausen,2939,SH,real,True,15.11.2024,2689007,1284881
100974230,10018657,1611803,Hohlenbaumstrasse,185,8200 Schaffhausen,2939,SH,real,True,15.11.2024,2689014,1284901
100974231,10018657,1611804,Hohlenbaumstrasse,187,8200 Schaffhausen,2939,SH,real,True,15.11.2024,2689015,1284907
100974232,10018657,1611805,Hohlenbaumstrasse,189,8200 Schaffhausen,2939,SH,real,True,15.11.2024,2689017,1284912
100974234,10046615,1613627,Dützebüelstrasse,6,8207 Schaffhausen,2939,SH,real,True,15.11.2024,2691976,1286881
100974235,10046615,1613628,Dützebüelstrasse,8,8207 Schaffhausen,2939,SH,real,True,15.11.2024,2691998,1286861
100974236,10046615,1613629,Dützebüelstrasse,10,8207 Schaffhausen,2939,SH,real,True,15.11.2024,2692007,1286842
100974237,10046615,1613630,Dützebüelstrasse,14,8207 Schaffhausen,2939,SH,real,True,15.11.2024,2692022,1286787
100974238,10046615,1613632,Dützebüelstrasse,30,8207 Schaffhausen,2939,SH,real,True,15.11.2024,2692075,1286709
100974239,10046615,1613634,Dützebüelstrasse,40,8207 Schaffhausen,2939,SH,real,True,15.11.2024,2692111,1286649
100974240,10073041,1613635,Haldenwiesli,1,8207 Schaffhausen,2939,SH,real,True,15.11.2024,2691990,1286619
100974241,10073041,1613636,Haldenwiesli,13,8207 Schaffhausen,2939,SH,real,True,15.11.2024,2692062,1286610
100974244,10073040,1613641,Gugerhalde,2,8207 Schaffhausen,2939,SH,real,True,15.11.2024,2692008,1286892
100974245,10073040,1613644,Gugerhalde,10,8207 Schaffhausen,2939,SH,real,True,15.11.2024,2692132,1286963
100974246,10073040,1613646,Gugerhalde,12,8207 Schaffhausen,2939,SH,real,True,15.11.2024,2692136,1286949
100974247,10073040,1613648,Gugerhalde,16,8207 Schaffhausen,2939,SH,real,True,15.11.2024,2692146,1286919
100974248,10073040,1613649,Gugerhalde,19,8207 Schaffhausen,2939,SH,real,True,15.11.2024,2692112,1286829
100974249,10073040,1613650,Gugerhalde,22,8207 Schaffhausen,2939,SH,real,True,15.11.2024,2692165,1286853
100974250,10073040,1613651,Gugerhalde,26,8207 Schaffhausen,2939,SH,real,True,15.11.2024,2692149,1286826
100974252,10073040,1613652,Gugerhalde,27,8207 Schaffhausen,2939,SH,real,True,15.11.2024,2692081,1286817
100974253,10073040,1613653,Gugerhalde,28,8207 Schaffhausen,2939,SH,real,True,15.11.2024,2692111,1286808
100974254,10073040,1613655,Gugerhalde,30,8207 Schaffhausen,2939,SH,real,True,15.11.2024,2692086,1286798
100974255,10073040,1613656,Gugerhalde,32,8207 Schaffhausen,2939,SH,real,True,15.11.2024,2692057,1286789
100974256,10186345,1613657,Beckenwäldli,2,8207 Schaffhausen,2939,SH,real,True,15.11.2024,2692012,1287164
100974257,10186345,1613658,Beckenwäldli,4,8207 Schaffhausen,2939,SH,real,True,15.11.2024,2692018,1287148
100974258,10186345,1613659,Beckenwäldli,5,8207 Schaffhausen,2939,SH,real,True,15.11.2024,2692041,1287134
100974259,10186345,1613660,Beckenwäldli,6,8207 Schaffhausen,2939,SH,real,True,15.11.2024,2692024,1287132
100974260,10186345,1613662,Beckenwäldli,9,8207 Schaffhausen,2939,SH,real,True,15.11.2024,2692053,1287104
100974261,10186345,1613663,Beckenwäldli,14,8207 Schaffhausen,2939,SH,real,True,15.11.2024,2692038,1287075
100974262,10186345,1613664,Beckenwäldli,15,8207 Schaffhausen,2939,SH,real,True,15.11.2024,2692063,1287056
100974263,10186345,1613665,Beckenwäldli,18,8207 Schaffhausen,2939,SH,real,True,15.11.2024,2692044,1287038
100974264,10186345,1613666,Beckenwäldli,19,8207 Schaffhausen,2939,SH,real,True,15.11.2024,2692090,1287016
100974265,10186345,1613667,Beckenwäldli,20,8207 Schaffhausen,2939,SH,real,True,15.11.2024,2692062,1287007
100974266,10186345,1613669,Beckenwäldli,22,8207 Schaffhausen,2939,SH,real,True,15.11.2024,2692095,1286990
100974267,10073040,1613671,Gugerhalde,1,8207 Schaffhausen,2939,SH,real,True,15.11.2024,2692021,1286919
100974268,10073040,1613672,Gugerhalde,3,8207 Schaffhausen,2939,SH,real,True,15.11.2024,2692048,1286933
100974269,10073040,1613673,Gugerhalde,5,8207 Schaffhausen,2939,SH,real,True,15.11.2024,2692068,1286943
100974270,10018665,1613675,Im Trenschen,2,8207 Schaffhausen,2939,SH,real,True,15.11.2024,2692007,1286934
100974271,10018665,1613676,Im Trenschen,12,8207 Schaffhausen,2939,SH,real,True,15.11.2024,2691999,1287014
100974272,10018665,1613677,Im Trenschen,14,8207 Schaffhausen,2939,SH,real,True,15.11.2024,2692000,1287036
100974274,10108013,1610037,Im Gehren,20,8231 Hemmental,2939,SH,real,True,15.11.2024,2686297,1287746
100974275,10108013,1610038,Im Gehren,23,8231 Hemmental,2939,SH,real,True,15.11.2024,2686324,1287770
100974276,10108013,1610039,Im Gehren,26,8231 Hemmental,2939,SH,real,True,15.11.2024,2686278,1287649
100974277,10091230,1610040,Hauptstrasse,63,8231 Hemmental,2939,SH,real,True,15.11.2024,2686324,1287495
100974278,10091230,1610041,Hauptstrasse,70,8231 Hemmental,2939,SH,real,True,15.11.2024,2686328,1287408
100974279,10091230,1610042,Hauptstrasse,66,8231 Hemmental,2939,SH,real,True,15.11.2024,2686296,1287483
100974280,10091230,1610043,Hauptstrasse,72,8231 Hemmental,2939,SH,real,True,15.11.2024,2686334,1287386
100974281,10091232,1610044,Im Tobel,77,8231 Hemmental,2939,SH,real,True,15.11.2024,2686378,1287396
100974282,10086476,1615453,Büsingerstrasse,4,8203 Schaffhausen,2939,SH,real,True,15.11.2024,2691584,1283562
100974283,10086476,1615454,Büsingerstrasse,6,8203 Schaffhausen,2939,SH,real,True,15.11.2024,2691610,1283598
100974284,10086476,1615455,Büsingerstrasse,8,8203 Schaffhausen,2939,SH,real,True,15.11.2024,2691612,1283581
100974285,10086476,1615457,Büsingerstrasse,12,8203 Schaffhausen,2939,SH,real,True,15.11.2024,2691623,1283562
100974286,10086476,1615458,Büsingerstrasse,14,8203 Schaffhausen,2939,SH,real,True,15.11.2024,2691640,1283599
100974287,10086476,1615459,Büsingerstrasse,16,8203 Schaffhausen,2939,SH,real,True,15.11.2024,2691674,1283603
100974288,10086476,1615460,Büsingerstrasse,18,8203 Schaffhausen,2939,SH,real,True,15.11.2024,2691674,1283591
100974289,10086476,1615462,Büsingerstrasse,26,8203 Schaffhausen,2939,SH,real,True,15.11.2024,2691725,1283544
100974290,10086476,1615464,Büsingerstrasse,34,8203 Schaffhausen,2939,SH,real,True,15.11.2024,2691748,1283566
100974291,10118147,1615465,Windeggstrasse,7,8203 Schaffhausen,2939,SH,real,True,15.11.2024,2691489,1283523
100974292,10118147,1615466,Windeggstrasse,11,8203 Schaffhausen,2939,SH,real,True,15.11.2024,2691465,1283500
100974293,10118147,1615467,Windeggstrasse,13,8203 Schaffhausen,2939,SH,real,True,15.11.2024,2691473,1283482
100974294,10118147,1615469,Windeggstrasse,17,8203 Schaffhausen,2939,SH,real,True,15.11.2024,2691454,1283410
100974295,10118147,1615470,Windeggstrasse,17a,8203 Schaffhausen,2939,SH,real,True,15.11.2024,2691461,1283410
100974296,10118147,1615471,Windeggstrasse,19a,8203 Schaffhausen,2939,SH,real,True,15.11.2024,2691465,1283387
100974297,10118147,1615472,Windeggstrasse,21,8203 Schaffhausen,2939,SH,real,True,15.11.2024,2691453,1283365
100974298,10118147,1615475,Windeggstrasse,19,8203 Schaffhausen,2939,SH,real,True,15.11.2024,2691450,1283387
100974299,10073070,1615476,Stuckengässchen,5,8203 Schaffhausen,2939,SH,real,True,15.11.2024,2691472,1283303
100974300,10073070,1615478,Stuckengässchen,13,8203 Schaffhausen,2939,SH,real,True,15.11.2024,2691517,1283260
100974301,10122077,1615481,Widlenstrasse,2,8203 Schaffhausen,2939,SH,real,True,15.11.2024,2691978,1283724
100974303,10086476,1615484,Büsingerstrasse,56,8203 Schaffhausen,2939,SH,real,True,15.11.2024,2691920,1283670
100974304,10086476,1615485,Büsingerstrasse,60,8203 Schaffhausen,2939,SH,real,True,15.11.2024,2691921,1283649
100974306,10086476,1615487,Büsingerstrasse,64,8203 Schaffhausen,2939,SH,real,True,15.11.2024,2691977,1283672
100974307,10085727,1615488,Nägelseestrasse,4,8203 Schaffhausen,2939,SH,real,True,15.11.2024,2691897,1283623
100974308,10085727,1615489,Nägelseestrasse,75,8203 Schaffhausen,2939,SH,real,True,15.11.2024,2692213,1283517
100974309,10031939,1615828,Wagenhauserstrasse,26,8260 Stein am Rhein,2964,SH,real,True,15.11.2024,2706411,1279490
100974310,10031939,1615829,Wagenhauserstrasse,30,8260 Stein am Rhein,2964,SH,real,True,15.11.2024,2706389,1279506
100974311,10031939,1615830,Wagenhauserstrasse,28,8260 Stein am Rhein,2964,SH,real,True,15.11.2024,2706427,1279515
100974312,10110819,1615833,Espiweg,25,8260 Stein am Rhein,2964,SH,real,True,15.11.2024,2706461,1279573
100974313,10031939,1615834,Wagenhauserstrasse,36,8260 Stein am Rhein,2964,SH,real,True,15.11.2024,2706331,1279527
100974315,10031939,1615838,Wagenhauserstrasse,31,8260 Stein am Rhein,2964,SH,real,True,15.11.2024,2706307,1279485
100974316,10031939,1615839,Wagenhauserstrasse,33,8260 Stein am Rhein,2964,SH,real,True,15.11.2024,2706289,1279519
100974317,10031939,1615840,Wagenhauserstrasse,38,8260 Stein am Rhein,2964,SH,real,True,15.11.2024,2706303,1279539
100974318,10031939,1615841,Wagenhauserstrasse,39,8260 Stein am Rhein,2964,SH,real,True,15.11.2024,2706261,1279531
100974319,10031939,1615842,Wagenhauserstrasse,49,8260 Stein am Rhein,2964,SH,real,True,15.11.2024,2706175,1279542
100974320,10031939,1615844,Wagenhauserstrasse,44,8260 Stein am Rhein,2964,SH,real,True,15.11.2024,2706221,1279566
100974321,10031939,1615846,Wagenhauserstrasse,41,8260 Stein am Rhein,2964,SH,real,True,15.11.2024,2706235,1279540
100974322,10110819,1615847,Espiweg,45,8260 Stein am Rhein,2964,SH,real,True,15.11.2024,2706291,1279577
100974323,10110819,1615851,Espiweg,38,8260 Stein am Rhein,2964,SH,real,True,15.11.2024,2706301,1279652
100974324,10110819,1615852,Espiweg,34,8260 Stein am Rhein,2964,SH,real,True,15.11.2024,2706345,1279667
100974325,10110819,1615854,Espiweg,33,8260 Stein am Rhein,2964,SH,real,True,15.11.2024,2706401,1279604
100974326,10110819,1615855,Espiweg,40,8260 Stein am Rhein,2964,SH,real,True,15.11.2024,2706253,1279646
100974327,10031939,1615857,Wagenhauserstrasse,10,8260 Stein am Rhein,2964,SH,real,True,15.11.2024,2706495,1279453
100974328,10031939,1615858,Wagenhauserstrasse,8,8260 Stein am Rhein,2964,SH,real,True,15.11.2024,2706510,1279446
100974329,10031939,1615859,Wagenhauserstrasse,12,8260 Stein am Rhein,2964,SH,real,True,15.11.2024,2706471,1279459
100974330,10031939,1615860,Wagenhauserstrasse,18,8260 Stein am Rhein,2964,SH,real,True,15.11.2024,2706519,1279493
100974331,10031939,1615861,Wagenhauserstrasse,16,8260 Stein am Rhein,2964,SH,real,True,15.11.2024,2706499,1279526
100974332,10031939,1615863,Wagenhauserstrasse,20,8260 Stein am Rhein,2964,SH,real,True,15.11.2024,2706436,1279476
100974333,10110819,1615865,Espiweg,26,8260 Stein am Rhein,2964,SH,real,True,15.11.2024,2706513,1279567
100974334,10110819,1615866,Espiweg,20,8260 Stein am Rhein,2964,SH,real,True,15.11.2024,2706552,1279543
100974335,10110819,1615869,Espiweg,18,8260 Stein am Rhein,2964,SH,real,True,15.11.2024,2706566,1279543
100974336,10110819,1615870,Espiweg,13,8260 Stein am Rhein,2964,SH,real,True,15.11.2024,2706581,1279529
100974337,10110819,1615871,Espiweg,11,8260 Stein am Rhein,2964,SH,real,True,15.11.2024,2706598,1279521
100974338,10110819,1615872,Espiweg,4,8260 Stein am Rhein,2964,SH,real,True,15.11.2024,2706623,1279521
100974355,10018665,1613679,Im Trenschen,24,8207 Schaffhausen,2939,SH,real,True,15.11.2024,2691994,1287130
100974356,10018665,1613680,Im Trenschen,26,8207 Schaffhausen,2939,SH,real,True,15.11.2024,2692039,1287165
100974357,10018665,1613681,Im Trenschen,28,8207 Schaffhausen,2939,SH,real,True,15.11.2024,2692042,1287157
100974358,10018665,1613682,Im Trenschen,32,8207 Schaffhausen,2939,SH,real,True,15.11.2024,2692059,1287156
100974359,10018665,1613683,Im Trenschen,34,8207 Schaffhausen,2939,SH,real,True,15.11.2024,2692071,1287145
100974360,10018665,1613684,Im Trenschen,36,8207 Schaffhausen,2939,SH,real,True,15.11.2024,2692079,1287131
100974361,10018665,1613685,Im Trenschen,38,8207 Schaffhausen,2939,SH,real,True,15.11.2024,2692085,1287115
100974362,10018665,1613686,Im Trenschen,40,8207 Schaffhausen,2939,SH,real,True,15.11.2024,2692093,1287102
100974449,10031927,1615911,Köhlerweid,12,8260 Stein am Rhein,2964,SH,real,True,15.11.2024,2706001,1279237
100974450,10031927,1615912,Köhlerweid,11,8260 Stein am Rhein,2964,SH,real,True,15.11.2024,2706004,1279236
100974451,10031922,1615914,Hanfacker,36,8260 Stein am Rhein,2964,SH,real,True,15.11.2024,2706100,1279297
100974452,10031922,1615915,Hanfacker,34,8260 Stein am Rhein,2964,SH,real,True,15.11.2024,2706092,1279272
100974453,10031922,1615917,Hanfacker,6,8260 Stein am Rhein,2964,SH,real,True,15.11.2024,2706085,1279344
100974454,10031922,1615918,Hanfacker,8,8260 Stein am Rhein,2964,SH,real,True,15.11.2024,2706080,1279346
100974546,10087230,1616007,Burgackerstrasse,7,8260 Stein am Rhein,2964,SH,real,True,15.11.2024,2706645,1279258
100974547,10087230,1616008,Burgackerstrasse,3,8260 Stein am Rhein,2964,SH,real,True,15.11.2024,2706624,1279228
100974548,10031916,1616009,Chnebelstrasse,7,8260 Stein am Rhein,2964,SH,real,True,15.11.2024,2706662,1279193
100974549,10031916,1616010,Chnebelstrasse,6,8260 Stein am Rhein,2964,SH,real,True,15.11.2024,2706653,1279224
100974550,10031916,1616012,Chnebelstrasse,5,8260 Stein am Rhein,2964,SH,real,True,15.11.2024,2706674,1279207
100974551,10031916,1616013,Chnebelstrasse,3,8260 Stein am Rhein,2964,SH,real,True,15.11.2024,2706687,1279226
100975729,10187855,1615131,Rigistrasse,6,8203 Schaffhausen,2939,SH,real,True,15.11.2024,2691106,1283632
100975730,10187855,1615132,Rigistrasse,7,8203 Schaffhausen,2939,SH,real,True,15.11.2024,2691137,1283674
100975731,10187855,1615133,Rigistrasse,8,8203 Schaffhausen,2939,SH,real,True,15.11.2024,2691124,1283644
100975732,10187855,1615134,Rigistrasse,9,8203 Schaffhausen,2939,SH,real,True,15.11.2024,2691145,1283696
100975733,10120424,1613553,Herblingerstrasse,26,8207 Schaffhausen,2939,SH,real,True,15.11.2024,2691236,1286010
100975734,10120424,1613554,Herblingerstrasse,28,8207 Schaffhausen,2939,SH,real,True,15.11.2024,2691247,1286026
100975735,10120424,1613556,Herblingerstrasse,30a,8207 Schaffhausen,2939,SH,real,True,15.11.2024,2691270,1286020
100975736,10120424,1613557,Herblingerstrasse,34,8207 Schaffhausen,2939,SH,real,True,15.11.2024,2691276,1286062
100975737,10120424,1613558,Herblingerstrasse,40,8207 Schaffhausen,2939,SH,real,True,15.11.2024,2691288,1286077
100975738,10120424,1613560,Herblingerstrasse,50,8207 Schaffhausen,2939,SH,real,True,15.11.2024,2691343,1286134
100975739,10120424,1613561,Herblingerstrasse,52,8207 Schaffhausen,2939,SH,real,True,15.11.2024,2691395,1286154
100975742,10120424,1613564,Herblingerstrasse,20,8207 Schaffhausen,2939,SH,real,True,15.11.2024,2691220,1285985
100975745,10073030,1613567,Dreispitz,2,8207 Schaffhausen,2939,SH,real,True,15.11.2024,2691518,1286210
100975746,10120424,1613568,Herblingerstrasse,58,8207 Schaffhausen,2939,SH,real,True,15.11.2024,2691456,1286182
100975749,10120424,1613572,Herblingerstrasse,114,8207 Schaffhausen,2939,SH,real,True,15.11.2024,2691764,1286380
100975750,10120424,1613573,Herblingerstrasse,116,8207 Schaffhausen,2939,SH,real,True,15.11.2024,2691793,1286403
100975751,10073030,1613574,Dreispitz,11,8207 Schaffhausen,2939,SH,real,True,15.11.2024,2691589,1286192
100975752,10086761,1613576,Im Brüel,12,8207 Schaffhausen,2939,SH,real,True,15.11.2024,2691914,1286315
100975753,10086761,1613577,Im Brüel,10,8207 Schaffhausen,2939,SH,real,True,15.11.2024,2691892,1286335
100975754,10086761,1613578,Im Brüel,8,8207 Schaffhausen,2939,SH,real,True,15.11.2024,2691873,1286348
100975756,10086761,1613580,Im Brüel,4,8207 Schaffhausen,2939,SH,real,True,15.11.2024,2691845,1286388
100975757,10086488,1613582,Gennersbrunnerstrasse,15,8207 Schaffhausen,2939,SH,real,True,15.11.2024,2691839,1286317
100975758,10086488,1613583,Gennersbrunnerstrasse,11,8207 Schaffhausen,2939,SH,real,True,15.11.2024,2691835,1286340
100975759,10086488,1613586,Gennersbrunnerstrasse,5,8207 Schaffhausen,2939,SH,real,True,15.11.2024,2691825,1286397
100975760,10086488,1613587,Gennersbrunnerstrasse,1,8207 Schaffhausen,2939,SH,real,True,15.11.2024,2691823,1286418
100975761,10086761,1613588,Im Brüel,15,8207 Schaffhausen,2939,SH,real,True,15.11.2024,2691898,1286376
100975762,10086761,1613589,Im Brüel,19,8207 Schaffhausen,2939,SH,real,True,15.11.2024,2691910,1286358
100975763,10025695,1613590,Stüdliackerstrasse,11,8207 Schaffhausen,2939,SH,real,True,15.11.2024,2691959,1286331
100975764,10086761,1613592,Im Brüel,1,8207 Schaffhausen,2939,SH,real,True,15.11.2024,2691864,1286430
100975765,10086761,1613594,Im Brüel,5,8207 Schaffhausen,2939,SH,real,True,15.11.2024,2691885,1286405
100975766,10085726,1613595,Neutalstrasse,22,8207 Schaffhausen,2939,SH,real,True,15.11.2024,2691989,1286461
100975767,10085726,1613597,Neutalstrasse,20,8207 Schaffhausen,2939,SH,real,True,15.11.2024,2691967,1286450
100975768,10085726,1613598,Neutalstrasse,16,8207 Schaffhausen,2939,SH,real,True,15.11.2024,2691938,1286434
100975769,10085726,1613599,Neutalstrasse,14,8207 Schaffhausen,2939,SH,real,True,15.11.2024,2691921,1286428
100975770,10025695,1613600,Stüdliackerstrasse,15,8207 Schaffhausen,2939,SH,real,True,15.11.2024,2692010,1286379
100975771,10085726,1613603,Neutalstrasse,28,8207 Schaffhausen,2939,SH,real,True,15.11.2024,2692029,1286451
100975773,10085726,1613607,Neutalstrasse,10,8207 Schaffhausen,2939,SH,real,True,15.11.2024,2692005,1286535
100975774,10085726,1613610,Neutalstrasse,42,8207 Schaffhausen,2939,SH,real,True,15.11.2024,2692062,1286490
100975775,10085726,1613611,Neutalstrasse,44,8207 Schaffhausen,2939,SH,real,True,15.11.2024,2692076,1286481
100975776,10073041,1613612,Haldenwiesli,20,8207 Schaffhausen,2939,SH,real,True,15.11.2024,2692128,1286540
100975777,10085726,1613613,Neutalstrasse,3,8207 Schaffhausen,2939,SH,real,True,15.11.2024,2691980,1286580
100975778,10085726,1613614,Neutalstrasse,7,8207 Schaffhausen,2939,SH,real,True,15.11.2024,2692009,1286558
100975780,10019277,1613619,Berghaldenweg,6,8207 Schaffhausen,2939,SH,real,True,15.11.2024,2691958,1286835
100975781,10019277,1613620,Berghaldenweg,11,8207 Schaffhausen,2939,SH,real,True,15.11.2024,2691987,1286779
100975783,10019277,1613622,Berghaldenweg,21,8207 Schaffhausen,2939,SH,real,True,15.11.2024,2691997,1286687
100975784,10019277,1613623,Berghaldenweg,23,8207 Schaffhausen,2939,SH,real,True,15.11.2024,2692004,1286674
100975785,10019277,1613625,Berghaldenweg,32,8207 Schaffhausen,2939,SH,real,True,15.11.2024,2692009,1286644
100975786,10118147,1615411,Windeggstrasse,30,8203 Schaffhausen,2939,SH,real,True,15.11.2024,2691380,1283343
100975787,10118147,1615412,Windeggstrasse,32,8203 Schaffhausen,2939,SH,real,True,15.11.2024,2691377,1283337
100975788,10118147,1615413,Windeggstrasse,34,8203 Schaffhausen,2939,SH,real,True,15.11.2024,2691374,1283331
100975789,10086493,1615417,Hofackerstrasse,5,8203 Schaffhausen,2939,SH,real,True,15.11.2024,2691530,1283685
100975790,10086493,1615418,Hofackerstrasse,5a,8203 Schaffhausen,2939,SH,real,True,15.11.2024,2691522,1283687
100975791,10086493,1615419,Hofackerstrasse,5b,8203 Schaffhausen,2939,SH,real,True,15.11.2024,2691517,1283698
100975792,10086493,1615420,Hofackerstrasse,7,8203 Schaffhausen,2939,SH,real,True,15.11.2024,2691545,1283692
100975793,10086493,1615422,Hofackerstrasse,9,8203 Schaffhausen,2939,SH,real,True,15.11.2024,2691555,1283661
100975794,10086476,1615423,Büsingerstrasse,1,8203 Schaffhausen,2939,SH,real,True,15.11.2024,2691572,1283624
100975795,10086476,1615424,Büsingerstrasse,3,8203 Schaffhausen,2939,SH,real,True,15.11.2024,2691560,1283637
100975796,10086476,1615426,Büsingerstrasse,7,8203 Schaffhausen,2939,SH,real,True,15.11.2024,2691631,1283622
100975797,10086476,1615427,Büsingerstrasse,9,8203 Schaffhausen,2939,SH,planned,False,23.07.2024,2691658,1283625
100975798,10086476,1615428,Büsingerstrasse,11,8203 Schaffhausen,2939,SH,real,True,15.11.2024,2691700,1283629
100975799,10073022,1615431,Alpenstrasse,164,8203 Schaffhausen,2939,SH,real,True,15.11.2024,2691539,1283730
100975800,10073022,1615433,Alpenstrasse,168,8203 Schaffhausen,2939,SH,real,True,15.11.2024,2691557,1283728
100975801,10073022,1615434,Alpenstrasse,170,8203 Schaffhausen,2939,SH,real,True,15.11.2024,2691576,1283718
100975802,10073022,1615435,Alpenstrasse,180,8203 Schaffhausen,2939,SH,real,True,15.11.2024,2691676,1283672
100975803,10018662,1615437,Im Freien,10,8203 Schaffhausen,2939,SH,real,True,15.11.2024,2691739,1283131
100975804,10018662,1615438,Im Freien,14,8203 Schaffhausen,2939,SH,real,True,15.11.2024,2691735,1283085
100975805,10018662,1615440,Im Freien,22,8203 Schaffhausen,2939,SH,real,True,15.11.2024,2691781,1283094
100975806,10018662,1615443,Im Freien,20,8203 Schaffhausen,2939,SH,real,True,15.11.2024,2691749,1283059
100975807,10018657,1611750,Hohlenbaumstrasse,149,8200 Schaffhausen,2939,SH,real,True,15.11.2024,2688930,1284743
100975808,10018657,1611751,Hohlenbaumstrasse,151,8200 Schaffhausen,2939,SH,real,True,15.11.2024,2688927,1284749
100975809,10018657,1611752,Hohlenbaumstrasse,153,8200 Schaffhausen,2939,SH,real,True,15.11.2024,2688925,1284756
100975810,10018657,1611753,Hohlenbaumstrasse,155,8200 Schaffhausen,2939,SH,real,True,15.11.2024,2688922,1284761
100975811,10108022,1611754,Holzwiesenweg,3,8200 Schaffhausen,2939,SH,real,True,15.11.2024,2688897,1284706
100975813,10108022,1611755,Holzwiesenweg,8,8200 Schaffhausen,2939,SH,real,True,15.11.2024,2688897,1284737
100975814,10108022,1611756,Holzwiesenweg,9,8200 Schaffhausen,2939,SH,real,True,15.11.2024,2688882,1284746
100975816,10018665,1613687,Im Trenschen,42,8207 Schaffhausen,2939,SH,real,True,15.11.2024,2692106,1287071
100975817,10018665,1613688,Im Trenschen,46,8207 Schaffhausen,2939,SH,real,True,15.11.2024,2692116,1287054
100975818,10018665,1613689,Im Trenschen,48,8207 Schaffhausen,2939,SH,real,True,15.11.2024,2692116,1287019
100975819,10073073,1613690,Trenschenstieg,4,8207 Schaffhausen,2939,SH,real,True,15.11.2024,2692041,1286973
100975820,10018665,1613692,Im Trenschen,1,8207 Schaffhausen,2939,SH,real,True,15.11.2024,2691990,1286931
100975821,10018665,1613695,Im Trenschen,11,8207 Schaffhausen,2939,SH,real,True,15.11.2024,2691977,1287013
100975822,10018665,1613696,Im Trenschen,19,8207 Schaffhausen,2939,SH,real,True,15.11.2024,2691970,1287075
100975823,10018665,1613697,Im Trenschen,23,8207 Schaffhausen,2939,SH,real,True,15.11.2024,2691970,1287107
100975824,10085751,1613698,Thayngerstrasse,50,8207 Schaffhausen,2939,SH,real,True,15.11.2024,2691956,1286990
100975825,10085751,1613699,Thayngerstrasse,52,8207 Schaffhausen,2939,SH,real,True,15.11.2024,2691954,1286999
100975826,10085751,1613700,Thayngerstrasse,54,8207 Schaffhausen,2939,SH,real,True,15.11.2024,2691938,1286981
100975827,10085751,1613701,Thayngerstrasse,66,8207 Schaffhausen,2939,SH,real,True,15.11.2024,2691925,1287061
100975828,10086488,1613703,Gennersbrunnerstrasse,60,8207 Schaffhausen,2939,SH,planned,False,15.11.2024,2691811,1285908
100975829,10117546,1613705,Industriestrasse,16,8207 Schaffhausen,2939,SH,real,False,15.11.2024,2692309,1286235
100975830,10085741,1613707,Solenbergstrasse,33,8207 Schaffhausen,2939,SH,real,True,15.11.2024,2692543,1286181
100975831,10117546,1613708,Industriestrasse,32,8207 Schaffhausen,2939,SH,real,True,15.11.2024,2692426,1286791
100975832,10120423,1613711,Gennersbrunn,2,8207 Schaffhausen,2939,SH,real,True,15.11.2024,2693804,1285368
100975833,10120423,1613712,Gennersbrunn,6,8207 Schaffhausen,2939,SH,real,True,15.11.2024,2693819,1285350
100975834,10186931,1613716,Emmersbergstrasse,44,8200 Schaffhausen,2939,SH,real,True,15.11.2024,2690143,1284091
100975835,10186931,1613717,Emmersbergstrasse,46,8200 Schaffhausen,2939,SH,real,True,15.11.2024,2690163,1284089
100975836,10128950,1613718,Frohbergstrasse,1,8200 Schaffhausen,2939,SH,real,True,15.11.2024,2690183,1284055
100975837,10128950,1613719,Frohbergstrasse,2,8200 Schaffhausen,2939,SH,real,True,15.11.2024,2690173,1284070
100975838,10128950,1613721,Frohbergstrasse,5,8200 Schaffhausen,2939,SH,real,True,15.11.2024,2690131,1284045
100975839,10128950,1613722,Frohbergstrasse,6,8200 Schaffhausen,2939,SH,real,True,15.11.2024,2690141,1284063
100975840,10128950,1613723,Frohbergstrasse,8,8200 Schaffhausen,2939,SH,real,True,15.11.2024,2690119,1284061
100975841,10128950,1613724,Frohbergstrasse,9,8200 Schaffhausen,2939,SH,real,True,15.11.2024,2690083,1284042
100975842,10128950,1613725,Frohbergstrasse,11,8200 Schaffhausen,2939,SH,real,True,15.11.2024,2690059,1284037
100975843,10128950,1613726,Frohbergstrasse,14,8200 Schaffhausen,2939,SH,real,True,15.11.2024,2690048,1284077
100975844,10128950,1613728,Frohbergstrasse,18,8200 Schaffhausen,2939,SH,real,True,15.11.2024,2690027,1284050
100975847,10086483,1613731,Frohbergstieg,25,8200 Schaffhausen,2939,SH,real,True,15.11.2024,2690096,1284068
100975848,10086483,1613732,Frohbergstieg,22,8200 Schaffhausen,2939,SH,real,True,15.11.2024,2690083,1284072
100975849,10086483,1613733,Frohbergstieg,20,8200 Schaffhausen,2939,SH,real,True,15.11.2024,2690085,1284094
100975850,10086483,1613734,Frohbergstieg,23,8200 Schaffhausen,2939,SH,real,True,15.11.2024,2690098,1284091
100975851,10086483,1613735,Frohbergstieg,21,8200 Schaffhausen,2939,SH,real,True,15.11.2024,2690124,1284093
100975852,10187854,1613736,Pestalozzistrasse,15,8200 Schaffhausen,2939,SH,real,True,15.11.2024,2690000,1284065
100975853,10187854,1613737,Pestalozzistrasse,25,8200 Schaffhausen,2939,SH,real,True,15.11.2024,2690063,1283969
100975854,10187854,1613738,Pestalozzistrasse,20,8200 Schaffhausen,2939,SH,real,True,15.11.2024,2690047,1283925
100975855,10187854,1613740,Pestalozzistrasse,27,8200 Schaffhausen,2939,SH,real,True,15.11.2024,2690116,1283949
100975856,10019778,1613742,Munotstrasse,53,8200 Schaffhausen,2939,SH,real,True,15.11.2024,2690200,1283905
100975857,10019778,1613743,Munotstrasse,55,8200 Schaffhausen,2939,SH,real,True,15.11.2024,2690208,1283907
100975858,10019778,1613745,Munotstrasse,61,8200 Schaffhausen,2939,SH,real,True,15.11.2024,2690243,1283923
100975859,10019778,1613746,Munotstrasse,59,8200 Schaffhausen,2939,SH,real,True,15.11.2024,2690231,1283916
100975860,10187854,1613748,Pestalozzistrasse,46,8200 Schaffhausen,2939,SH,real,True,15.11.2024,2690217,1283935
100975861,10025689,1613749,Sportweg,46,8200 Schaffhausen,2939,SH,real,True,15.11.2024,2690175,1283913
100975862,10046613,1613750,Bürgerstrasse,49,8200 Schaffhausen,2939,SH,real,True,15.11.2024,2690281,1283893
100975863,10110819,1615874,Espiweg,14,8260 Stein am Rhein,2964,SH,real,True,15.11.2024,2706600,1279551
100975864,10110819,1615875,Espiweg,6a,8260 Stein am Rhein,2964,SH,real,True,15.11.2024,2706619,1279538
100975865,10087231,1615877,Charregass,2,8260 Stein am Rhein,2964,SH,real,True,15.11.2024,2706650,1279532
100975866,10087231,1615878,Charregass,6,8260 Stein am Rhein,2964,SH,real,True,15.11.2024,2706640,1279514
100975867,10087231,1615880,Charregass,14,8260 Stein am Rhein,2964,SH,real,True,15.11.2024,2706620,1279463
100975868,10110819,1615882,Espiweg,10,8260 Stein am Rhein,2964,SH,real,True,15.11.2024,2706606,1279544
100975869,10071981,1615883,Bahnhofstrasse,2,8260 Stein am Rhein,2964,SH,real,True,15.11.2024,2706457,1279420
100975870,10071981,1615886,Bahnhofstrasse,11,8260 Stein am Rhein,2964,SH,real,True,15.11.2024,2706436,1279355
100975871,10071981,1615888,Bahnhofstrasse,5,8260 Stein am Rhein,2964,SH,real,True,15.11.2024,2706530,1279377
100975872,10090057,1615890,Kaltenbacherstrasse,6,8260 Stein am Rhein,2964,SH,real,True,15.11.2024,2706581,1279259
100975873,10031935,1615891,Roseberg,11,8260 Stein am Rhein,2964,SH,real,True,15.11.2024,2706538,1279298
100975874,10031935,1615892,Roseberg,15,8260 Stein am Rhein,2964,SH,real,True,15.11.2024,2706511,1279315
100975875,10031939,1615894,Wagenhauserstrasse,5,8260 Stein am Rhein,2964,SH,real,True,15.11.2024,2706566,1279375
100975876,10071981,1615895,Bahnhofstrasse,18,8260 Stein am Rhein,2964,SH,real,True,15.11.2024,2706267,1279458
100975877,10071981,1615896,Bahnhofstrasse,1,8260 Stein am Rhein,2964,SH,real,True,15.11.2024,2706502,1279388
100975878,10031919,1615898,Degerfelderweg,44,8260 Stein am Rhein,2964,SH,real,True,15.11.2024,2705914,1279177
100975879,10031919,1615899,Degerfelderweg,42,8260 Stein am Rhein,2964,SH,real,True,15.11.2024,2705946,1279162
100975880,10031927,1615901,Köhlerweid,22,8260 Stein am Rhein,2964,SH,real,True,15.11.2024,2705960,1279211
100975881,10031927,1615903,Köhlerweid,20,8260 Stein am Rhein,2964,SH,real,True,15.11.2024,2705964,1279221
100975882,10031927,1615905,Köhlerweid,18,8260 Stein am Rhein,2964,SH,real,True,15.11.2024,2705969,1279230
100975883,10031927,1615906,Köhlerweid,17,8260 Stein am Rhein,2964,SH,real,True,15.11.2024,2705970,1279233
100975884,10031927,1615908,Köhlerweid,15,8260 Stein am Rhein,2964,SH,real,True,15.11.2024,2705985,1279245
100975885,10018637,1611838,Gartenstrasse,11,8200 Schaffhausen,2939,SH,real,True,15.11.2024,2689268,1284524
100975886,10018637,1611839,Gartenstrasse,14,8200 Schaffhausen,2939,SH,real,True,15.11.2024,2689267,1284541
100975887,10018637,1611840,Gartenstrasse,18,8200 Schaffhausen,2939,SH,real,True,15.11.2024,2689244,1284540
100975888,10179723,1611841,Nelkenstrasse,8,8200 Schaffhausen,2939,SH,real,True,15.11.2024,2689290,1284589
100975889,10179723,1611842,Nelkenstrasse,11,8200 Schaffhausen,2939,SH,real,True,15.11.2024,2689274,1284598
100975891,10019289,1611844,Dahlienstrasse,6,8200 Schaffhausen,2939,SH,real,True,15.11.2024,2689317,1284582
100975892,10019289,1611845,Dahlienstrasse,7,8200 Schaffhausen,2939,SH,real,True,15.11.2024,2689298,1284562
100975893,10031922,1615919,Hanfacker,32,8260 Stein am Rhein,2964,SH,real,True,15.11.2024,2706092,1279237
100975894,10031922,1615921,Hanfacker,29,8260 Stein am Rhein,2964,SH,real,True,15.11.2024,2706071,1279280
100975895,10031922,1615922,Hanfacker,28,8260 Stein am Rhein,2964,SH,real,True,15.11.2024,2706041,1279266
100975896,10031922,1615925,Hanfacker,16,8260 Stein am Rhein,2964,SH,real,True,15.11.2024,2706025,1279319
100975897,10031922,1615926,Hanfacker,14,8260 Stein am Rhein,2964,SH,real,True,15.11.2024,2706038,1279339
100975898,10031922,1615927,Hanfacker,18,8260 Stein am Rhein,2964,SH,real,True,15.11.2024,2706013,1279300
100975899,10031922,1615929,Hanfacker,12,8260 Stein am Rhein,2964,SH,real,True,15.11.2024,2706049,1279364
100975900,10031922,1615930,Hanfacker,20,8260 Stein am Rhein,2964,SH,real,True,15.11.2024,2705995,1279285
100975901,10031922,1615931,Hanfacker,22,8260 Stein am Rhein,2964,SH,real,True,15.11.2024,2706004,1279275
100975902,10031922,1615932,Hanfacker,24,8260 Stein am Rhein,2964,SH,real,True,15.11.2024,2706002,1279270
100975903,10031922,1615934,Hanfacker,19,8260 Stein am Rhein,2964,SH,real,True,15.11.2024,2706050,1279297
100975904,10031917,1615935,Chrüzerwis,12,8260 Stein am Rhein,2964,SH,real,True,15.11.2024,2706144,1279303
100975905,10031917,1615936,Chrüzerwis,14,8260 Stein am Rhein,2964,SH,real,True,15.11.2024,2706133,1279280
100975906,10031917,1615937,Chrüzerwis,16,8260 Stein am Rhein,2964,SH,real,True,15.11.2024,2706124,1279255
100975907,10031917,1615938,Chrüzerwis,18,8260 Stein am Rhein,2964,SH,real,True,15.11.2024,2706116,1279223
100975908,10031917,1615939,Chrüzerwis,20,8260 Stein am Rhein,2964,SH,real,True,15.11.2024,2706111,1279202
100975910,10046636,1615940,Flurweg,1,8260 Stein am Rhein,2964,SH,real,True,15.11.2024,2706534,1279185
100975912,10090057,1615943,Kaltenbacherstrasse,12,8260 Stein am Rhein,2964,SH,real,True,15.11.2024,2706493,1279158
100975913,10090057,1615944,Kaltenbacherstrasse,14,8260 Stein am Rhein,2964,SH,real,True,15.11.2024,2706442,1279144
100975914,10107218,1615945,Hofwisenstrasse,12,8260 Stein am Rhein,2964,SH,real,True,15.11.2024,2706508,1278808
100975915,10090057,1615946,Kaltenbacherstrasse,26,8260 Stein am Rhein,2964,SH,real,True,15.11.2024,2706404,1279132
100975917,10046636,1615950,Flurweg,5,8260 Stein am Rhein,2964,SH,real,True,15.11.2024,2706449,1279258
100975918,10046636,1615951,Flurweg,6,8260 Stein am Rhein,2964,SH,real,True,15.11.2024,2706427,1279275
100975919,10031940,1615954,Zum Nägelisee,4,8260 Stein am Rhein,2964,SH,real,True,15.11.2024,2706273,1279187
100975920,10031940,1615955,Zum Nägelisee,8,8260 Stein am Rhein,2964,SH,real,True,15.11.2024,2706251,1279153
100975922,10031919,1615957,Degerfelderweg,19,8260 Stein am Rhein,2964,SH,real,True,15.11.2024,2706184,1279199
100975923,10031919,1615959,Degerfelderweg,13,8260 Stein am Rhein,2964,SH,real,True,15.11.2024,2706215,1279210
100975924,10031919,1615961,Degerfelderweg,9,8260 Stein am Rhein,2964,SH,real,True,15.11.2024,2706231,1279214
100975925,10031919,1615963,Degerfelderweg,5,8260 Stein am Rhein,2964,SH,real,True,15.11.2024,2706246,1279218
100975926,10031919,1615964,Degerfelderweg,2,8260 Stein am Rhein,2964,SH,real,True,15.11.2024,2706308,1279266
100975927,10031919,1615965,Degerfelderweg,4,8260 Stein am Rhein,2964,SH,real,True,15.11.2024,2706270,1279251
100975928,10031919,1615966,Degerfelderweg,6,8260 Stein am Rhein,2964,SH,real,True,15.11.2024,2706262,1279255
100975929,10031919,1615967,Degerfelderweg,8,8260 Stein am Rhein,2964,SH,real,True,15.11.2024,2706245,1279263
100975930,10031919,1615969,Degerfelderweg,12,8260 Stein am Rhein,2964,SH,real,True,15.11.2024,2706215,1279269
100975931,10031919,1615970,Degerfelderweg,14,8260 Stein am Rhein,2964,SH,real,True,15.11.2024,2706212,1279270
100975932,10031919,1615971,Degerfelderweg,16,8260 Stein am Rhein,2964,SH,real,True,15.11.2024,2706189,1279254
100975933,10031919,1615972,Degerfelderweg,18,8260 Stein am Rhein,2964,SH,real,True,15.11.2024,2706188,1279251
100975934,10031917,1615975,Chrüzerwis,19,8260 Stein am Rhein,2964,SH,real,True,15.11.2024,2706144,1279219
100975935,10031917,1615977,Chrüzerwis,15,8260 Stein am Rhein,2964,SH,real,True,15.11.2024,2706158,1279264
100975936,10031917,1615978,Chrüzerwis,13,8260 Stein am Rhein,2964,SH,real,True,15.11.2024,2706166,1279285
100975937,10031917,1615979,Chrüzerwis,11,8260 Stein am Rhein,2964,SH,real,True,15.11.2024,2706187,1279308
100975938,10031917,1615980,Chrüzerwis,9,8260 Stein am Rhein,2964,SH,real,True,15.11.2024,2706213,1279307
100975939,10031917,1615981,Chrüzerwis,7,8260 Stein am Rhein,2964,SH,real,True,15.11.2024,2706235,1279295
100975940,10031917,1615983,Chrüzerwis,3,8260 Stein am Rhein,2964,SH,real,True,15.11.2024,2706279,1279281
100975941,10087230,1615984,Burgackerstrasse,2,8260 Stein am Rhein,2964,SH,real,True,15.11.2024,2706602,1279198
100975942,10087230,1615987,Burgackerstrasse,10,8260 Stein am Rhein,2964,SH,real,True,15.11.2024,2706659,1279160
100975943,10087230,1615988,Burgackerstrasse,8,8260 Stein am Rhein,2964,SH,real,True,15.11.2024,2706644,1279137
100975977,10025697,1613777,Säntisstrasse,30,8200 Schaffhausen,2939,SH,real,True,15.11.2024,2690507,1283606
100975978,10025697,1613778,Säntisstrasse,32,8200 Schaffhausen,2939,SH,real,True,15.11.2024,2690517,1283556
100975979,10025697,1613779,Säntisstrasse,34,8200 Schaffhausen,2939,SH,real,True,15.11.2024,2690540,1283551
100975980,10025697,1613780,Säntisstrasse,36,8200 Schaffhausen,2939,SH,real,True,15.11.2024,2690550,1283548
100975981,10025697,1613781,Säntisstrasse,50,8200 Schaffhausen,2939,SH,real,True,15.11.2024,2690598,1283580
100975982,10025697,1613782,Säntisstrasse,60,8200 Schaffhausen,2939,SH,real,True,15.11.2024,2690633,1283555
100975983,10187867,1616016,Eschenzerstrasse,2,8260 Stein am Rhein,2964,SH,real,True,15.11.2024,2706647,1279299
100975984,10087232,1616017,Chnebelgässli,2,8260 Stein am Rhein,2964,SH,real,True,15.11.2024,2706723,1279266
100975985,10031617,1616018,Bruggsteg,4,8260 Stein am Rhein,2964,SH,real,True,15.11.2024,2706761,1279232
100975986,10031617,1616019,Bruggsteg,6,8260 Stein am Rhein,2964,SH,real,True,15.11.2024,2706774,1279217
100975987,10087230,1616021,Burgackerstrasse,13,8260 Stein am Rhein,2964,SH,real,True,15.11.2024,2706685,1279178
100975988,10187867,1616022,Eschenzerstrasse,10,8260 Stein am Rhein,2964,SH,real,True,15.11.2024,2706720,1279224
100975989,10087231,1616025,Charregass,3,8260 Stein am Rhein,2964,SH,real,True,15.11.2024,2706668,1279499
100975990,10053531,1616027,Burgstieg,4,8260 Stein am Rhein,2964,SH,real,True,15.11.2024,2706674,1279470
100975991,10031933,1616028,Rhiweg,1,8260 Stein am Rhein,2964,SH,real,True,15.11.2024,2706679,1279506
100975992,10031933,1616029,Rhiweg,6,8260 Stein am Rhein,2964,SH,real,True,15.11.2024,2706690,1279491
100975993,10031933,1616030,Rhiweg,8,8260 Stein am Rhein,2964,SH,real,True,15.11.2024,2706696,1279486
100975994,10031933,1616031,Rhiweg,5,8260 Stein am Rhein,2964,SH,real,True,15.11.2024,2706701,1279492
100975995,10031933,1616033,Rhiweg,14,8260 Stein am Rhein,2964,SH,real,True,15.11.2024,2706718,1279472
100975996,10031933,1616035,Rhiweg,15,8260 Stein am Rhein,2964,SH,real,True,15.11.2024,2706734,1279471
100975997,10031933,1616036,Rhiweg,20,8260 Stein am Rhein,2964,SH,real,True,15.11.2024,2706740,1279457
100975998,10031933,1616038,Rhiweg,24,8260 Stein am Rhein,2964,SH,real,True,15.11.2024,2706762,1279445
100975999,10031933,1616041,Rhiweg,34,8260 Stein am Rhein,2964,SH,real,True,15.11.2024,2706845,1279343
100976000,10031933,1616043,Rhiweg,38,8260 Stein am Rhein,2964,SH,real,True,15.11.2024,2706874,1279308
100976001,10031933,1616044,Rhiweg,40,8260 Stein am Rhein,2964,SH,real,True,15.11.2024,2706884,1279288
100976002,10031933,1616045,Rhiweg,42,8260 Stein am Rhein,2964,SH,real,True,15.11.2024,2706897,1279251
100976003,10031933,1616047,Rhiweg,44,8260 Stein am Rhein,2964,SH,real,True,15.11.2024,2706924,1279218
100976004,10087231,1616050,Charregass,9,8260 Stein am Rhein,2964,SH,real,True,15.11.2024,2706641,1279468
100976005,10180892,1616051,Römerweg,5,8260 Stein am Rhein,2964,SH,real,True,15.11.2024,2706756,1279396
100976006,10031617,1616052,Bruggsteg,18,8260 Stein am Rhein,2964,SH,real,True,15.11.2024,2706834,1279304
100976007,10031617,1616054,Bruggsteg,17,8260 Stein am Rhein,2964,SH,real,True,15.11.2024,2706819,1279290
100976008,10031617,1616055,Bruggsteg,14,8260 Stein am Rhein,2964,SH,real,True,15.11.2024,2706833,1279258
100976009,10087232,1616056,Chnebelgässli,5,8260 Stein am Rhein,2964,SH,real,True,15.11.2024,2706744,1279310
100976010,10180892,1616059,Römerweg,3,8260 Stein am Rhein,2964,SH,real,True,15.11.2024,2706721,1279341
100976011,10187866,1616061,Uf Burg,5,8260 Stein am Rhein,2964,SH,real,True,15.11.2024,2706731,1279402
100976012,10187866,1616062,Uf Burg,3,8260 Stein am Rhein,2964,SH,real,True,15.11.2024,2706667,1279432
100976013,10031933,1616065,Rhiweg,10,8260 Stein am Rhein,2964,SH,real,True,15.11.2024,2706705,1279482
100976014,10031933,1616067,Rhiweg,16,8260 Stein am Rhein,2964,SH,real,True,15.11.2024,2706723,1279469
100976015,10113217,1616069,Chirchhofplatz,12,8260 Stein am Rhein,2964,SH,real,True,15.11.2024,2706825,1279646
100976016,10090059,1616070,Oberstadt,12,8260 Stein am Rhein,2964,SH,real,True,15.11.2024,2706804,1279703
100976017,10113217,1616071,Chirchhofplatz,16,8260 Stein am Rhein,2964,SH,real,True,15.11.2024,2706845,1279623
100976018,10113217,1616072,Chirchhofplatz,18,8260 Stein am Rhein,2964,SH,real,True,15.11.2024,2706847,1279640
100976019,10113217,1616073,Chirchhofplatz,20,8260 Stein am Rhein,2964,SH,real,True,15.11.2024,2706845,1279652
100976020,10090059,1616075,Oberstadt,16,8260 Stein am Rhein,2964,SH,real,True,15.11.2024,2706836,1279699
100976021,10090059,1616076,Oberstadt,13,8260 Stein am Rhein,2964,SH,real,True,15.11.2024,2706817,1279716
100976022,10090059,1616077,Oberstadt,11,8260 Stein am Rhein,2964,SH,real,True,15.11.2024,2706808,1279713
100976023,10090059,1616079,Oberstadt,9,8260 Stein am Rhein,2964,SH,real,True,15.11.2024,2706797,1279711
100976024,10090059,1616081,Oberstadt,5,8260 Stein am Rhein,2964,SH,real,True,15.11.2024,2706775,1279711
100976025,10090059,1616082,Oberstadt,1,8260 Stein am Rhein,2964,SH,real,True,15.11.2024,2706752,1279718
100976026,10031932,1616083,Rathausplatz,2,8260 Stein am Rhein,2964,SH,real,True,15.11.2024,2706744,1279722
100976027,10053530,1616084,Bim Chretzeturm,1,8260 Stein am Rhein,2964,SH,real,True,15.11.2024,2706805,1279800
100976028,10031619,1616085,Chlini Schanz,21,8260 Stein am Rhein,2964,SH,real,True,15.11.2024,2706805,1279792
100976029,10031930,1616087,Obergass,22,8260 Stein am Rhein,2964,SH,real,True,15.11.2024,2706791,1279781
100976030,10031930,1616088,Obergass,16,8260 Stein am Rhein,2964,SH,real,True,15.11.2024,2706806,1279763
100976031,10031930,1616089,Obergass,18,8260 Stein am Rhein,2964,SH,real,True,15.11.2024,2706802,1279769
100976032,10031930,1616090,Obergass,10,8260 Stein am Rhein,2964,SH,real,True,15.11.2024,2706817,1279750
100976033,10031930,1616092,Obergass,6,8260 Stein am Rhein,2964,SH,real,True,15.11.2024,2706826,1279733
100976034,10031930,1616096,Obergass,5,8260 Stein am Rhein,2964,SH,real,True,15.11.2024,2706814,1279740
100976035,10031930,1616097,Obergass,3,8260 Stein am Rhein,2964,SH,real,True,15.11.2024,2706820,1279730
100976036,10031930,1616098,Obergass,12,8260 Stein am Rhein,2964,SH,real,True,15.11.2024,2706812,1279756
100976037,10090059,1616100,Oberstadt,14,8260 Stein am Rhein,2964,SH,real,True,15.11.2024,2706816,1279705
100976038,10031618,1616102,Bärengass,11,8260 Stein am Rhein,2964,SH,real,True,15.11.2024,2706647,1279695
100976039,10031618,1616103,Bärengass,9,8260 Stein am Rhein,2964,SH,real,True,15.11.2024,2706654,1279689
100976040,10031618,1616104,Bärengass,7,8260 Stein am Rhein,2964,SH,real,True,15.11.2024,2706668,1279683
100976041,10031618,1616105,Bärengass,3,8260 Stein am Rhein,2964,SH,real,True,15.11.2024,2706685,1279670
100976054,10085743,1613873,Speerstrasse,18,8200 Schaffhausen,2939,SH,real,True,15.11.2024,2690567,1283729
100976055,10085743,1613874,Speerstrasse,20,8200 Schaffhausen,2939,SH,real,True,15.11.2024,2690575,1283728
100976056,10085743,1613875,Speerstrasse,22,8200 Schaffhausen,2939,SH,real,True,15.11.2024,2690586,1283727
100976057,10085743,1613876,Speerstrasse,24,8200 Schaffhausen,2939,SH,real,True,15.11.2024,2690610,1283721
100976058,10085743,1613877,Speerstrasse,26,8200 Schaffhausen,2939,SH,real,True,15.11.2024,2690616,1283719
100976059,10085743,1613878,Speerstrasse,28,8200 Schaffhausen,2939,SH,real,True,15.11.2024,2690638,1283713
100976060,10085743,1613879,Speerstrasse,30,8200 Schaffhausen,2939,SH,real,True,15.11.2024,2690646,1283711
100976061,10085743,1613880,Speerstrasse,32,8200 Schaffhausen,2939,SH,real,True,15.11.2024,2690671,1283709
100976062,10085743,1613881,Speerstrasse,36,8200 Schaffhausen,2939,SH,real,True,15.11.2024,2690706,1283703
100976145,10186933,1613983,Wagenstrasse,17,8200 Schaffhausen,2939,SH,real,True,15.11.2024,2690333,1284188
100976146,10186933,1613984,Wagenstrasse,18,8200 Schaffhausen,2939,SH,real,True,15.11.2024,2690343,1284176
100976147,10091104,1616107,Rhigass,4,8260 Stein am Rhein,2964,SH,real,True,15.11.2024,2706727,1279672
100976148,10031618,1616108,Bärengass,16,8260 Stein am Rhein,2964,SH,real,True,15.11.2024,2706658,1279700
100976149,10113217,1616109,Chirchhofplatz,2,8260 Stein am Rhein,2964,SH,real,True,15.11.2024,2706748,1279674
100976150,10118150,1616110,Fischmarkt,3,8260 Stein am Rhein,2964,SH,real,True,15.11.2024,2706747,1279626
100976151,10091104,1616111,Rhigass,5,8260 Stein am Rhein,2964,SH,real,True,15.11.2024,2706730,1279659
100976152,10031932,1616112,Rathausplatz,5,8260 Stein am Rhein,2964,SH,real,True,15.11.2024,2706726,1279695
100976247,10179755,1616202,Fronhofgass,3,8260 Stein am Rhein,2964,SH,real,True,15.11.2024,2706620,1279885
100976248,10031932,1616203,Rathausplatz,4,8260 Stein am Rhein,2964,SH,real,True,15.11.2024,2706733,1279728
100976249,10031932,1616204,Rathausplatz,6,8260 Stein am Rhein,2964,SH,real,True,15.11.2024,2706726,1279734
100976250,10031932,1616206,Rathausplatz,10,8260 Stein am Rhein,2964,SH,real,True,15.11.2024,2706715,1279748
100976251,10031932,1616207,Rathausplatz,12,8260 Stein am Rhein,2964,SH,real,True,15.11.2024,2706712,1279753
100976252,10031932,1616208,Rathausplatz,14,8260 Stein am Rhein,2964,SH,real,True,15.11.2024,2706709,1279759
100977326,10025679,1610104,Schützengraben,24,8200 Schaffhausen,2939,SH,real,True,15.11.2024,2689847,1283827
100977327,10113206,1610105,Vorstadt,50,8200 Schaffhausen,2939,SH,real,True,15.11.2024,2689809,1283844
100977328,10113206,1610106,Vorstadt,54,8200 Schaffhausen,2939,SH,real,True,15.11.2024,2689814,1283851
100977329,10113206,1610106,Vorstadt,56,8200 Schaffhausen,2939,SH,real,True,15.11.2024,2689817,1283856
100977330,10086470,1610107,Bachstrasse,51,8200 Schaffhausen,2939,SH,real,True,15.11.2024,2689842,1283860
100977331,10113206,1610108,Vorstadt,66,8200 Schaffhausen,2939,SH,real,True,15.11.2024,2689828,1283881
100977332,10025679,1610109,Schützengraben,28,8200 Schaffhausen,2939,SH,real,True,15.11.2024,2689828,1283833
100977333,10085756,1610110,Webergasse,34,8200 Schaffhausen,2939,SH,real,True,15.11.2024,2689847,1283765
100977334,10085756,1610111,Webergasse,36,8200 Schaffhausen,2939,SH,real,True,15.11.2024,2689842,1283766
100977335,10085756,1610112,Webergasse,32,8200 Schaffhausen,2939,SH,real,True,15.11.2024,2689853,1283765
100977336,10085756,1610113,Webergasse,38,8200 Schaffhausen,2939,SH,real,True,15.11.2024,2689834,1283766
100977337,10085756,1610114,Webergasse,40,8200 Schaffhausen,2939,SH,real,True,15.11.2024,2689829,1283766
100977338,10085756,1610115,Webergasse,44,8200 Schaffhausen,2939,SH,real,True,15.11.2024,2689822,1283767
100977339,10085756,1610116,Webergasse,46,8200 Schaffhausen,2939,SH,real,True,15.11.2024,2689816,1283768
100977340,10085756,1610117,Webergasse,48,8200 Schaffhausen,2939,SH,real,True,15.11.2024,2689810,1283770
100977341,10085756,1610118,Webergasse,52,8200 Schaffhausen,2939,SH,real,True,15.11.2024,2689805,1283770
100977342,10085756,1610119,Webergasse,56,8200 Schaffhausen,2939,SH,real,True,15.11.2024,2689793,1283772
100977343,10085756,1610120,Webergasse,58,8200 Schaffhausen,2939,SH,real,True,15.11.2024,2689790,1283773
100977351,10086491,1611846,Haldenstrasse,9,8200 Schaffhausen,2939,SH,real,True,15.11.2024,2689334,1284589
100977352,10019783,1611847,Nordstrasse,100,8200 Schaffhausen,2939,SH,real,True,15.11.2024,2689240,1284596
100977353,10019783,1611848,Nordstrasse,96,8200 Schaffhausen,2939,SH,real,True,15.11.2024,2689239,1284569
100977354,10019783,1611850,Nordstrasse,86,8200 Schaffhausen,2939,SH,real,True,15.11.2024,2689271,1284484
100977355,10019783,1611851,Nordstrasse,84,8200 Schaffhausen,2939,SH,real,True,15.11.2024,2689289,1284483
100977356,10019783,1611853,Nordstrasse,88,8200 Schaffhausen,2939,SH,real,True,15.11.2024,2689237,1284488
100977357,10086474,1611854,Breitestieg,6,8200 Schaffhausen,2939,SH,real,True,15.11.2024,2689382,1284582
100977358,10086474,1611856,Breitestieg,12,8200 Schaffhausen,2939,SH,real,True,15.11.2024,2689323,1284621
100977359,10086474,1611858,Breitestieg,26,8200 Schaffhausen,2939,SH,real,True,15.11.2024,2689261,1284617
100977360,10086491,1611859,Haldenstrasse,12,8200 Schaffhausen,2939,SH,real,True,15.11.2024,2689351,1284585
100977361,10086491,1611861,Haldenstrasse,20,8200 Schaffhausen,2939,SH,real,True,15.11.2024,2689352,1284631
100977362,10086491,1611862,Haldenstrasse,22,8200 Schaffhausen,2939,SH,real,True,15.11.2024,2689352,1284663
100977363,10086491,1611864,Haldenstrasse,26,8200 Schaffhausen,2939,SH,real,True,15.11.2024,2689348,1284677
100977364,10086491,1611866,Haldenstrasse,28,8200 Schaffhausen,2939,SH,real,True,15.11.2024,2689348,1284679
100977365,10086491,1611867,Haldenstrasse,29,8200 Schaffhausen,2939,SH,real,True,15.11.2024,2689300,1284686
100977366,10086491,1611869,Haldenstrasse,33,8200 Schaffhausen,2939,SH,real,True,15.11.2024,2689283,1284687
100977367,10019783,1611870,Nordstrasse,104,8200 Schaffhausen,2939,SH,real,True,15.11.2024,2689240,1284622
100977368,10019783,1611872,Nordstrasse,112,8200 Schaffhausen,2939,SH,real,True,15.11.2024,2689245,1284672
100977369,10019783,1611874,Nordstrasse,114,8200 Schaffhausen,2939,SH,real,True,15.11.2024,2689240,1284691
100977370,10019783,1611875,Nordstrasse,114a,8200 Schaffhausen,2939,SH,real,True,15.11.2024,2689263,1284690
100977371,10019783,1611876,Nordstrasse,116,8200 Schaffhausen,2939,SH,real,True,15.11.2024,2689242,1284714
100977372,10018344,1611878,Felsenstieg,6,8200 Schaffhausen,2939,SH,real,True,15.11.2024,2689300,1284874
100977374,10018344,1611880,Felsenstieg,10,8200 Schaffhausen,2939,SH,real,True,15.11.2024,2689322,1284878
100977375,10018344,1611881,Felsenstieg,12,8200 Schaffhausen,2939,SH,real,True,15.11.2024,2689341,1284874
100977376,10018344,1611882,Felsenstieg,14,8200 Schaffhausen,2939,SH,real,True,15.11.2024,2689361,1284871
100977377,10085721,1611883,Lochstrasse,6,8200 Schaffhausen,2939,SH,real,True,15.11.2024,2689253,1284759
100977378,10085721,1611885,Lochstrasse,14,8200 Schaffhausen,2939,SH,real,True,15.11.2024,2689259,1284813
100977379,10085721,1611886,Lochstrasse,18,8200 Schaffhausen,2939,SH,real,True,15.11.2024,2689258,1284831
100977380,10085721,1611887,Lochstrasse,20,8200 Schaffhausen,2939,SH,real,True,15.11.2024,2689279,1284858
100977381,10085721,1611888,Lochstrasse,22,8200 Schaffhausen,2939,SH,real,True,15.11.2024,2689277,1284885
100977382,10019783,1611889,Nordstrasse,118,8200 Schaffhausen,2939,SH,real,True,15.11.2024,2689244,1284729
100977383,10085731,1611890,Querstrasse,6,8200 Schaffhausen,2939,SH,real,True,15.11.2024,2689280,1284833
100977384,10085731,1611891,Querstrasse,10,8200 Schaffhausen,2939,SH,real,True,15.11.2024,2689299,1284829
100977385,10085731,1611893,Querstrasse,14,8200 Schaffhausen,2939,SH,real,True,15.11.2024,2689315,1284825
100977386,10085731,1611895,Querstrasse,17,8200 Schaffhausen,2939,SH,real,True,15.11.2024,2689336,1284841
100977387,10085731,1611896,Querstrasse,18,8200 Schaffhausen,2939,SH,real,True,15.11.2024,2689332,1284822
100977388,10085731,1611897,Querstrasse,19,8200 Schaffhausen,2939,SH,real,True,15.11.2024,2689355,1284832
100977389,10085731,1611898,Querstrasse,20,8200 Schaffhausen,2939,SH,real,True,15.11.2024,2689354,1284817
100977390,10018344,1611899,Felsenstieg,5,8200 Schaffhausen,2939,SH,real,True,15.11.2024,2689311,1284902
100977396,10085721,1611905,Lochstrasse,30,8200 Schaffhausen,2939,SH,real,True,15.11.2024,2689286,1284911
100977397,10085721,1611906,Lochstrasse,32,8200 Schaffhausen,2939,SH,real,True,15.11.2024,2689292,1284924
100977398,10085721,1611908,Lochstrasse,36,8200 Schaffhausen,2939,SH,real,True,15.11.2024,2689324,1284980
100977401,10108021,1611912,Hauentalstrasse,11,8200 Schaffhausen,2939,SH,real,True,15.11.2024,2689082,1284993
100977402,10108021,1611913,Hauentalstrasse,21,8200 Schaffhausen,2939,SH,real,True,15.11.2024,2689082,1285006
100977404,10108021,1611915,Hauentalstrasse,25,8200 Schaffhausen,2939,SH,real,True,15.11.2024,2689073,1285035
100977406,10018657,1611917,Hohlenbaumstrasse,195,8200 Schaffhausen,2939,SH,real,True,15.11.2024,2689079,1284898
100977407,10108021,1611918,Hauentalstrasse,31,8200 Schaffhausen,2939,SH,real,True,15.11.2024,2689053,1285088
100977408,10108021,1611921,Hauentalstrasse,37,8200 Schaffhausen,2939,SH,real,True,15.11.2024,2689023,1285176
100977409,10108021,1611922,Hauentalstrasse,39,8200 Schaffhausen,2939,SH,real,True,15.11.2024,2689014,1285206
100977410,10108021,1611923,Hauentalstrasse,43,8200 Schaffhausen,2939,SH,real,True,15.11.2024,2689003,1285240
100977411,10108021,1611924,Hauentalstrasse,47,8200 Schaffhausen,2939,SH,real,True,15.11.2024,2688993,1285273
100977412,10019778,1613752,Munotstrasse,50,8200 Schaffhausen,2939,SH,real,True,15.11.2024,2690240,1283835
100977413,10187854,1613753,Pestalozzistrasse,40,8200 Schaffhausen,2939,SH,real,True,15.11.2024,2690177,1283925
100977414,10187854,1613754,Pestalozzistrasse,44,8200 Schaffhausen,2939,SH,real,True,15.11.2024,2690201,1283931
100977415,10187854,1613755,Pestalozzistrasse,48,8200 Schaffhausen,2939,SH,real,True,15.11.2024,2690224,1283937
100977416,10187854,1613756,Pestalozzistrasse,52,8200 Schaffhausen,2939,SH,real,True,15.11.2024,2690249,1283944
100977417,10187854,1613757,Pestalozzistrasse,42,8200 Schaffhausen,2939,SH,real,True,15.11.2024,2690193,1283929
100977418,10025697,1613761,Säntisstrasse,2,8200 Schaffhausen,2939,SH,real,True,15.11.2024,2690328,1283655
100977419,10025697,1613762,Säntisstrasse,4,8200 Schaffhausen,2939,SH,real,True,15.11.2024,2690302,1283625
100977420,10025697,1613763,Säntisstrasse,6,8200 Schaffhausen,2939,SH,real,True,15.11.2024,2690301,1283576
100977421,10025697,1613764,Säntisstrasse,6a,8200 Schaffhausen,2939,SH,real,True,15.11.2024,2690310,1283577
100977422,10025697,1613765,Säntisstrasse,8,8200 Schaffhausen,2939,SH,real,True,15.11.2024,2690331,1283621
100977423,10025697,1613766,Säntisstrasse,10,8200 Schaffhausen,2939,SH,real,True,15.11.2024,2690343,1283620
100977424,10025697,1613767,Säntisstrasse,12,8200 Schaffhausen,2939,SH,real,True,15.11.2024,2690377,1283624
100977425,10025697,1613769,Säntisstrasse,16,8200 Schaffhausen,2939,SH,real,True,15.11.2024,2690426,1283616
100977426,10025697,1613770,Säntisstrasse,16a,8200 Schaffhausen,2939,SH,real,True,15.11.2024,2690422,1283587
100977427,10025697,1613771,Säntisstrasse,18,8200 Schaffhausen,2939,SH,real,True,15.11.2024,2690450,1283612
100977428,10025697,1613772,Säntisstrasse,20,8200 Schaffhausen,2939,SH,real,True,15.11.2024,2690458,1283611
100977429,10025697,1613773,Säntisstrasse,22,8200 Schaffhausen,2939,SH,real,True,15.11.2024,2690486,1283613
100977430,10025697,1613774,Säntisstrasse,24,8200 Schaffhausen,2939,SH,real,True,15.11.2024,2690485,1283592
100977431,10113206,1610121,Vorstadt,40,8200 Schaffhausen,2939,SH,real,True,15.11.2024,2689781,1283799
100977432,10113206,1610121,Vorstadt,42,8200 Schaffhausen,2939,SH,real,True,15.11.2024,2689784,1283805
100977433,10113206,1610122,Vorstadt,38,8200 Schaffhausen,2939,SH,real,True,15.11.2024,2689779,1283794
100977434,10113206,1610123,Vorstadt,46,8200 Schaffhausen,2939,SH,real,True,15.11.2024,2689792,1283816
100977435,10025679,1610123,Schützengraben,31,8200 Schaffhausen,2939,SH,real,True,15.11.2024,2689801,1283825
100977436,10025679,1610126,Schützengraben,21,8200 Schaffhausen,2939,SH,real,True,15.11.2024,2689867,1283804
100977437,10025697,1613783,Säntisstrasse,62,8200 Schaffhausen,2939,SH,real,True,15.11.2024,2690621,1283581
100977438,10025697,1613785,Säntisstrasse,74,8200 Schaffhausen,2939,SH,real,True,15.11.2024,2690697,1283604
100977439,10018641,1613787,Glärnischstrasse,14,8200 Schaffhausen,2939,SH,real,True,15.11.2024,2690732,1283547
100977440,10018641,1613788,Glärnischstrasse,16,8200 Schaffhausen,2939,SH,real,True,15.11.2024,2690745,1283532
100977442,10046613,1613792,Bürgerstrasse,28,8200 Schaffhausen,2939,SH,real,True,15.11.2024,2690328,1283815
100977443,10046613,1613793,Bürgerstrasse,30,8200 Schaffhausen,2939,SH,real,True,15.11.2024,2690326,1283823
100977444,10073049,1613794,Korallenstieg,7,8200 Schaffhausen,2939,SH,real,True,15.11.2024,2690368,1283830
100977445,10073049,1613795,Korallenstieg,9,8200 Schaffhausen,2939,SH,real,True,15.11.2024,2690378,1283808
100977446,10073049,1613796,Korallenstieg,11,8200 Schaffhausen,2939,SH,real,True,15.11.2024,2690386,1283789
100977447,10073049,1613797,Korallenstieg,13,8200 Schaffhausen,2939,SH,real,True,15.11.2024,2690405,1283767
100977448,10046613,1613798,Bürgerstrasse,36,8200 Schaffhausen,2939,SH,real,True,15.11.2024,2690339,1283886
100977449,10046613,1613800,Bürgerstrasse,40,8200 Schaffhausen,2939,SH,real,True,15.11.2024,2690310,1283915
100977451,10086768,1613803,Korallenstrasse,2,8200 Schaffhausen,2939,SH,real,True,15.11.2024,2690402,1283893
100977452,10086768,1613804,Korallenstrasse,3,8200 Schaffhausen,2939,SH,real,True,15.11.2024,2690428,1283885
100977453,10086768,1613805,Korallenstrasse,7,8200 Schaffhausen,2939,SH,real,True,15.11.2024,2690432,1283864
100977454,10086768,1613807,Korallenstrasse,12,8200 Schaffhausen,2939,SH,real,True,15.11.2024,2690423,1283827
100977455,10086768,1613808,Korallenstrasse,14,8200 Schaffhausen,2939,SH,real,True,15.11.2024,2690427,1283807
100977456,10086768,1613809,Korallenstrasse,15,8200 Schaffhausen,2939,SH,real,True,15.11.2024,2690441,1283822
100977457,10086768,1613810,Korallenstrasse,16,8200 Schaffhausen,2939,SH,real,True,15.11.2024,2690424,1283785
100977458,10086768,1613811,Korallenstrasse,17,8200 Schaffhausen,2939,SH,real,True,15.11.2024,2690446,1283800
100977459,10086768,1613813,Korallenstrasse,20,8200 Schaffhausen,2939,SH,real,True,15.11.2024,2690436,1283768
100977460,10086768,1613814,Korallenstrasse,21,8200 Schaffhausen,2939,SH,real,True,15.11.2024,2690450,1283778
100977461,10086768,1613815,Korallenstrasse,22,8200 Schaffhausen,2939,SH,real,True,15.11.2024,2690437,1283761
100977462,10086768,1613816,Korallenstrasse,23,8200 Schaffhausen,2939,SH,real,True,15.11.2024,2690459,1283762
100977463,10046628,1613818,Ringstrasse,6,8200 Schaffhausen,2939,SH,real,True,15.11.2024,2690463,1283853
100977464,10046628,1613819,Ringstrasse,8,8200 Schaffhausen,2939,SH,real,True,15.11.2024,2690468,1283838
100977465,10046628,1613820,Ringstrasse,10,8200 Schaffhausen,2939,SH,real,True,15.11.2024,2690470,1283830
100977466,10046628,1613821,Ringstrasse,16,8200 Schaffhausen,2939,SH,real,True,15.11.2024,2690479,1283794
100977468,10073048,1613826,Kamorstrasse,5,8200 Schaffhausen,2939,SH,real,True,15.11.2024,2690369,1283723
100977469,10073048,1613827,Kamorstrasse,7,8200 Schaffhausen,2939,SH,real,True,15.11.2024,2690383,1283716
100977470,10073048,1613828,Kamorstrasse,9,8200 Schaffhausen,2939,SH,real,True,15.11.2024,2690407,1283704
100977471,10073048,1613829,Kamorstrasse,11,8200 Schaffhausen,2939,SH,real,True,15.11.2024,2690424,1283696
100977472,10073048,1613830,Kamorstrasse,13,8200 Schaffhausen,2939,SH,real,True,15.11.2024,2690444,1283690
100977473,10073048,1613831,Kamorstrasse,15,8200 Schaffhausen,2939,SH,real,True,15.11.2024,2690458,1283685
100977474,10073048,1613833,Kamorstrasse,19,8200 Schaffhausen,2939,SH,real,True,15.11.2024,2690493,1283675
100977475,10073048,1613834,Kamorstrasse,21,8200 Schaffhausen,2939,SH,real,True,15.11.2024,2690511,1283669
100977476,10073048,1613835,Kamorstrasse,23,8200 Schaffhausen,2939,SH,real,True,15.11.2024,2690517,1283668
100977477,10073048,1613836,Kamorstrasse,25,8200 Schaffhausen,2939,SH,real,True,15.11.2024,2690522,1283666
100977478,10073048,1613837,Kamorstrasse,27,8200 Schaffhausen,2939,SH,real,True,15.11.2024,2690528,1283665
100977479,10073048,1613838,Kamorstrasse,29,8200 Schaffhausen,2939,SH,real,True,15.11.2024,2690533,1283663
100977480,10073048,1613839,Kamorstrasse,31,8200 Schaffhausen,2939,SH,real,True,15.11.2024,2690539,1283662
100977481,10073048,1613840,Kamorstrasse,33,8200 Schaffhausen,2939,SH,real,True,15.11.2024,2690544,1283660
100977482,10073048,1613843,Kamorstrasse,39,8200 Schaffhausen,2939,SH,real,True,15.11.2024,2690561,1283655
100977483,10046613,1613847,Bürgerstrasse,18,8200 Schaffhausen,2939,SH,real,True,15.11.2024,2690350,1283742
100977484,10046613,1613848,Bürgerstrasse,20,8200 Schaffhausen,2939,SH,real,True,15.11.2024,2690377,1283750
100977486,10073049,1613850,Korallenstieg,16,8200 Schaffhausen,2939,SH,real,True,15.11.2024,2690435,1283732
100977487,10178605,1613851,Churfirstenweg,2,8200 Schaffhausen,2939,SH,real,True,15.11.2024,2690445,1283724
100977488,10178605,1613853,Churfirstenweg,12,8200 Schaffhausen,2939,SH,real,True,15.11.2024,2690515,1283706
100977489,10178605,1613856,Churfirstenweg,20,8200 Schaffhausen,2939,SH,real,True,15.11.2024,2690605,1283692
100977490,10178605,1613857,Churfirstenweg,22,8200 Schaffhausen,2939,SH,real,True,15.11.2024,2690619,1283692
100977491,10073048,1613858,Kamorstrasse,45,8200 Schaffhausen,2939,SH,real,True,15.11.2024,2690616,1283650
100977492,10073048,1613860,Kamorstrasse,49,8200 Schaffhausen,2939,SH,real,True,15.11.2024,2690642,1283654
100977493,10073048,1613861,Kamorstrasse,51,8200 Schaffhausen,2939,SH,real,True,15.11.2024,2690654,1283656
100977494,10073048,1613862,Kamorstrasse,53,8200 Schaffhausen,2939,SH,real,True,15.11.2024,2690668,1283658
100977495,10073048,1613863,Kamorstrasse,55,8200 Schaffhausen,2939,SH,real,True,15.11.2024,2690680,1283660
100977496,10073048,1613865,Kamorstrasse,59,8200 Schaffhausen,2939,SH,real,True,15.11.2024,2690706,1283664
100977497,10085743,1613866,Speerstrasse,2,8200 Schaffhausen,2939,SH,real,True,15.11.2024,2690476,1283740
100977498,10085743,1613867,Speerstrasse,6,8200 Schaffhausen,2939,SH,real,True,15.11.2024,2690494,1283742
100977499,10087230,1615989,Burgackerstrasse,18,8260 Stein am Rhein,2964,SH,real,True,15.11.2024,2706733,1279106
100977500,10087230,1615990,Burgackerstrasse,20,8260 Stein am Rhein,2964,SH,real,True,15.11.2024,2706722,1279092
100977501,10087230,1615991,Burgackerstrasse,22,8260 Stein am Rhein,2964,SH,real,True,15.11.2024,2706765,1279085
100977502,10087230,1615992,Burgackerstrasse,24,8260 Stein am Rhein,2964,SH,real,True,15.11.2024,2706755,1279071
100977503,10087230,1615993,Burgackerstrasse,28,8260 Stein am Rhein,2964,SH,real,True,15.11.2024,2706786,1279051
100977504,10087230,1615994,Burgackerstrasse,26,8260 Stein am Rhein,2964,SH,real,True,15.11.2024,2706797,1279065
100977505,10187867,1615995,Eschenzerstrasse,14,8260 Stein am Rhein,2964,SH,real,True,15.11.2024,2706758,1279182
100977506,10087230,1615996,Burgackerstrasse,17,8260 Stein am Rhein,2964,SH,real,True,15.11.2024,2706726,1279141
100977507,10187867,1615997,Eschenzerstrasse,18,8260 Stein am Rhein,2964,SH,real,True,15.11.2024,2706766,1279145
100977508,10187867,1615998,Eschenzerstrasse,16,8260 Stein am Rhein,2964,SH,real,True,15.11.2024,2706778,1279159
100977509,10187867,1615999,Eschenzerstrasse,20,8260 Stein am Rhein,2964,SH,real,True,15.11.2024,2706798,1279138
100977510,10187867,1616000,Eschenzerstrasse,22,8260 Stein am Rhein,2964,SH,real,True,15.11.2024,2706810,1279125
100977511,10071983,1616001,Burgwisstrasse,1,8260 Stein am Rhein,2964,SH,real,True,15.11.2024,2706811,1279099
100977512,10090057,1616002,Kaltenbacherstrasse,3,8260 Stein am Rhein,2964,SH,real,True,15.11.2024,2706629,1279280
100977513,10090057,1616003,Kaltenbacherstrasse,5,8260 Stein am Rhein,2964,SH,real,True,15.11.2024,2706615,1279255
100977514,10090057,1616004,Kaltenbacherstrasse,7,8260 Stein am Rhein,2964,SH,real,True,15.11.2024,2706604,1279238
100977515,10087230,1616005,Burgackerstrasse,9,8260 Stein am Rhein,2964,SH,real,True,15.11.2024,2706638,1279207
100977516,10087230,1616006,Burgackerstrasse,5,8260 Stein am Rhein,2964,SH,real,True,15.11.2024,2706633,1279242
100977517,10110816,1611938,Stahlwerkstrasse,17,8200 Schaffhausen,2939,SH,real,True,15.11.2024,2689191,1284968
100977518,10110816,1611939,Stahlwerkstrasse,19,8200 Schaffhausen,2939,SH,real,True,15.11.2024,2689197,1284982
100977519,10018630,1611940,Floraweg,21,8200 Schaffhausen,2939,SH,real,True,15.11.2024,2689251,1285033
100977520,10018630,1611941,Floraweg,23,8200 Schaffhausen,2939,SH,real,True,15.11.2024,2689221,1285019
100977521,10085721,1611942,Lochstrasse,19,8200 Schaffhausen,2939,SH,real,True,15.11.2024,2689264,1284931
100977522,10085721,1611943,Lochstrasse,21,8200 Schaffhausen,2939,SH,real,True,15.11.2024,2689273,1284935
100977523,10073048,1613883,Kamorstrasse,6,8200 Schaffhausen,2939,SH,real,True,15.11.2024,2690377,1283702
100977524,10073048,1613884,Kamorstrasse,8,8200 Schaffhausen,2939,SH,real,True,15.11.2024,2690384,1283698
100977525,10073048,1613888,Kamorstrasse,16,8200 Schaffhausen,2939,SH,real,True,15.11.2024,2690422,1283680
100977526,10073048,1613889,Kamorstrasse,28,8200 Schaffhausen,2939,SH,real,True,15.11.2024,2690520,1283645
100977527,10025697,1613890,Säntisstrasse,3,8200 Schaffhausen,2939,SH,real,True,15.11.2024,2690350,1283691
100977528,10025697,1613891,Säntisstrasse,1,8200 Schaffhausen,2939,SH,real,True,15.11.2024,2690354,1283709
100977529,10025697,1613892,Säntisstrasse,5,8200 Schaffhausen,2939,SH,real,True,15.11.2024,2690349,1283683
100977530,10025697,1613894,Säntisstrasse,9,8200 Schaffhausen,2939,SH,real,True,15.11.2024,2690347,1283659
100977531,10025697,1613895,Säntisstrasse,11,8200 Schaffhausen,2939,SH,real,True,15.11.2024,2690365,1283645
100977532,10025697,1613897,Säntisstrasse,23,8200 Schaffhausen,2939,SH,real,True,15.11.2024,2690410,1283644
100977533,10025697,1613899,Säntisstrasse,27,8200 Schaffhausen,2939,SH,real,True,15.11.2024,2690453,1283639
100977534,10025697,1613900,Säntisstrasse,29,8200 Schaffhausen,2939,SH,real,True,15.11.2024,2690483,1283631
100977535,10073048,1613901,Kamorstrasse,40,8200 Schaffhausen,2939,SH,real,True,15.11.2024,2690624,1283632
100977536,10025697,1613902,Säntisstrasse,43,8200 Schaffhausen,2939,SH,real,True,15.11.2024,2690536,1283614
100977537,10025697,1613903,Säntisstrasse,45,8200 Schaffhausen,2939,SH,real,True,15.11.2024,2690546,1283610
100977538,10025697,1613904,Säntisstrasse,55,8200 Schaffhausen,2939,SH,real,True,15.11.2024,2690591,1283614
100977539,10025697,1613905,Säntisstrasse,61,8200 Schaffhausen,2939,SH,real,True,15.11.2024,2690616,1283600
100977540,10025697,1613907,Säntisstrasse,51,8200 Schaffhausen,2939,SH,real,True,15.11.2024,2690571,1283629
100977541,10025697,1613908,Säntisstrasse,67,8200 Schaffhausen,2939,SH,real,True,15.11.2024,2690648,1283603
100977542,10025697,1613909,Säntisstrasse,71,8200 Schaffhausen,2939,SH,real,True,15.11.2024,2690670,1283613
100977543,10025697,1613910,Säntisstrasse,77,8200 Schaffhausen,2939,SH,real,True,15.11.2024,2690691,1283624
100977544,10019286,1613912,Bäumlistrasse,3,8200 Schaffhausen,2939,SH,real,True,15.11.2024,2690534,1283842
100977545,10019286,1613913,Bäumlistrasse,4,8200 Schaffhausen,2939,SH,real,True,15.11.2024,2690514,1283847
100977546,10019776,1613918,Morgenstrasse,11,8200 Schaffhausen,2939,SH,real,True,15.11.2024,2690583,1283815
100977547,10019776,1613919,Morgenstrasse,13,8200 Schaffhausen,2939,SH,real,True,15.11.2024,2690583,1283824
100977548,10019804,1613920,Schildstrasse,15,8200 Schaffhausen,2939,SH,real,True,15.11.2024,2690605,1283815
100977549,10019804,1613921,Schildstrasse,17,8200 Schaffhausen,2939,SH,real,True,15.11.2024,2690607,1283824
100977550,10073022,1613923,Alpenstrasse,44,8200 Schaffhausen,2939,SH,real,True,15.11.2024,2690588,1283851
100977551,10073022,1613925,Alpenstrasse,36,8200 Schaffhausen,2939,SH,real,True,15.11.2024,2690548,1283859
100977552,10073022,1613926,Alpenstrasse,34,8200 Schaffhausen,2939,SH,real,True,15.11.2024,2690532,1283862
100977553,10073022,1613927,Alpenstrasse,26,8200 Schaffhausen,2939,SH,real,True,15.11.2024,2690481,1283882
100977554,10046628,1613928,Ringstrasse,7,8200 Schaffhausen,2939,SH,real,True,15.11.2024,2690486,1283836
100977555,10019776,1613931,Morgenstrasse,4,8200 Schaffhausen,2939,SH,real,True,15.11.2024,2690517,1283804
100977556,10019776,1613934,Morgenstrasse,10,8200 Schaffhausen,2939,SH,real,True,15.11.2024,2690536,1283803
100977557,10019776,1613935,Morgenstrasse,12,8200 Schaffhausen,2939,SH,real,True,15.11.2024,2690558,1283801
100977558,10019776,1613936,Morgenstrasse,14,8200 Schaffhausen,2939,SH,real,True,15.11.2024,2690591,1283796
100977559,10019804,1613938,Schildstrasse,5,8200 Schaffhausen,2939,SH,real,True,15.11.2024,2690593,1283764
100977560,10085743,1613939,Speerstrasse,19,8200 Schaffhausen,2939,SH,real,True,15.11.2024,2690572,1283744
100977561,10085743,1613940,Speerstrasse,21,8200 Schaffhausen,2939,SH,real,True,15.11.2024,2690584,1283742
100977562,10120422,1613941,Erlenstrasse,4,8200 Schaffhausen,2939,SH,real,True,15.11.2024,2690534,1283766
100977563,10073022,1613943,Alpenstrasse,50,8200 Schaffhausen,2939,SH,real,True,15.11.2024,2690663,1283842
100977564,10073022,1613944,Alpenstrasse,52,8200 Schaffhausen,2939,SH,real,True,15.11.2024,2690669,1283841
100977565,10073022,1613945,Alpenstrasse,54,8200 Schaffhausen,2939,SH,real,True,15.11.2024,2690678,1283841
100977566,10073022,1613948,Alpenstrasse,60,8200 Schaffhausen,2939,SH,real,True,15.11.2024,2690715,1283838
100977567,10018644,1613949,Grenzstrasse,5,8200 Schaffhausen,2939,SH,real,True,15.11.2024,2690714,1283741
100977568,10018644,1613950,Grenzstrasse,7,8200 Schaffhausen,2939,SH,real,True,15.11.2024,2690705,1283743
100977569,10018644,1613951,Grenzstrasse,17,8200 Schaffhausen,2939,SH,real,True,15.11.2024,2690719,1283805
100977570,10019804,1613953,Schildstrasse,10,8200 Schaffhausen,2939,SH,real,True,15.11.2024,2690611,1283762
100977571,10019804,1613954,Schildstrasse,12,8200 Schaffhausen,2939,SH,real,True,15.11.2024,2690618,1283778
100977572,10019804,1613955,Schildstrasse,14,8200 Schaffhausen,2939,SH,real,True,15.11.2024,2690618,1283798
100977574,10019804,1613957,Schildstrasse,18,8200 Schaffhausen,2939,SH,real,True,15.11.2024,2690622,1283815
100977575,10019804,1613959,Schildstrasse,22,8200 Schaffhausen,2939,SH,real,True,15.11.2024,2690626,1283841
100977576,10085743,1613961,Speerstrasse,37,8200 Schaffhausen,2939,SH,real,True,15.11.2024,2690705,1283719
100977577,10025703,1613962,Tödistrasse,3,8200 Schaffhausen,2939,SH,real,True,15.11.2024,2690705,1283769
100977578,10025703,1613963,Tödistrasse,6,8200 Schaffhausen,2939,SH,real,True,15.11.2024,2690690,1283790
100977579,10025703,1613964,Tödistrasse,8,8200 Schaffhausen,2939,SH,real,True,15.11.2024,2690678,1283792
100977580,10025703,1613966,Tödistrasse,11,8200 Schaffhausen,2939,SH,real,True,15.11.2024,2690667,1283751
100977581,10025703,1613968,Tödistrasse,16,8200 Schaffhausen,2939,SH,real,True,15.11.2024,2690654,1283797
100977582,10025703,1613969,Tödistrasse,20,8200 Schaffhausen,2939,SH,real,True,15.11.2024,2690652,1283776
100977583,10025703,1613970,Tödistrasse,22,8200 Schaffhausen,2939,SH,real,True,15.11.2024,2690652,1283757
100977584,10186931,1613971,Emmersbergstrasse,63,8200 Schaffhausen,2939,SH,real,True,15.11.2024,2690232,1284067
100977585,10186931,1613972,Emmersbergstrasse,65,8200 Schaffhausen,2939,SH,real,True,15.11.2024,2690238,1284053
100977586,10186931,1613973,Emmersbergstrasse,69,8200 Schaffhausen,2939,SH,real,True,15.11.2024,2690252,1284038
100977587,10186931,1613974,Emmersbergstrasse,73,8200 Schaffhausen,2939,SH,real,True,15.11.2024,2690261,1284020
100977588,10186931,1613975,Emmersbergstrasse,75,8200 Schaffhausen,2939,SH,real,True,15.11.2024,2690265,1284017
100977589,10086490,1613976,Grubenstrasse,2,8200 Schaffhausen,2939,SH,real,True,15.11.2024,2690201,1284096
100977590,10086490,1613977,Grubenstrasse,4,8200 Schaffhausen,2939,SH,real,True,15.11.2024,2690225,1284107
100977591,10086490,1613978,Grubenstrasse,6,8200 Schaffhausen,2939,SH,real,True,15.11.2024,2690249,1284097
100977592,10186933,1613980,Wagenstrasse,10,8200 Schaffhausen,2939,SH,real,True,15.11.2024,2690323,1284134
100977593,10186933,1613981,Wagenstrasse,15,8200 Schaffhausen,2939,SH,real,True,15.11.2024,2690327,1284183
100977594,10085721,1612050,Lochstrasse,61,8200 Schaffhausen,2939,SH,real,True,15.11.2024,2689352,1285088
100977595,10085721,1612051,Lochstrasse,65,8200 Schaffhausen,2939,SH,real,True,15.11.2024,2689354,1285109
100977596,10085721,1612052,Lochstrasse,69,8200 Schaffhausen,2939,SH,real,True,15.11.2024,2689356,1285131
100977597,10085721,1612053,Lochstrasse,73,8200 Schaffhausen,2939,SH,real,True,15.11.2024,2689357,1285143
100977598,10085721,1612054,Lochstrasse,75,8200 Schaffhausen,2939,SH,real,True,15.11.2024,2689358,1285158
100977599,10019272,1612055,Auf der Platte,4,8200 Schaffhausen,2939,SH,real,True,15.11.2024,2689243,1285192
100977601,10019272,1612057,Auf der Platte,12,8200 Schaffhausen,2939,SH,real,True,15.11.2024,2689282,1285221
100977603,10031618,1616113,Bärengass,8,8260 Stein am Rhein,2964,SH,real,True,15.11.2024,2706690,1279677
100977604,10031932,1616115,Rathausplatz,17,8260 Stein am Rhein,2964,SH,real,True,15.11.2024,2706701,1279732
100977605,10123291,1616115,Schwarzhorngass,3,8260 Stein am Rhein,2964,SH,real,True,15.11.2024,2706673,1279720
100977606,10031932,1616116,Rathausplatz,11,8260 Stein am Rhein,2964,SH,real,True,15.11.2024,2706714,1279712
100977608,10031932,1616117,Rathausplatz,15,8260 Stein am Rhein,2964,SH,real,True,15.11.2024,2706706,1279724
100977609,10031932,1616118,Rathausplatz,13,8260 Stein am Rhein,2964,SH,real,True,15.11.2024,2706711,1279716
100977610,10031932,1616119,Rathausplatz,3,8260 Stein am Rhein,2964,SH,real,True,15.11.2024,2706730,1279690
100977611,10091104,1616120,Rhigass,3,8260 Stein am Rhein,2964,SH,real,True,15.11.2024,2706735,1279671
100977612,10091104,1616121,Rhigass,7,8260 Stein am Rhein,2964,SH,real,True,15.11.2024,2706726,1279652
100977613,10179758,1616122,Undergass,2,8260 Stein am Rhein,2964,SH,real,True,15.11.2024,2706647,1279723
100977614,10073094,1616124,Metzggass,1,8260 Stein am Rhein,2964,SH,real,True,15.11.2024,2706638,1279812
100977615,10179758,1616125,Undergass,12,8260 Stein am Rhein,2964,SH,real,True,15.11.2024,2706612,1279761
100977616,10031938,1616128,Understadt,7,8260 Stein am Rhein,2964,SH,real,True,15.11.2024,2706664,1279803
100977617,10031938,1616129,Understadt,5,8260 Stein am Rhein,2964,SH,real,True,15.11.2024,2706670,1279796
100977618,10031938,1616131,Understadt,1,8260 Stein am Rhein,2964,SH,real,True,15.11.2024,2706677,1279787
100977619,10031932,1616132,Rathausplatz,33,8260 Stein am Rhein,2964,SH,real,True,15.11.2024,2706681,1279784
100977620,10031932,1616135,Rathausplatz,27,8260 Stein am Rhein,2964,SH,real,True,15.11.2024,2706687,1279771
100977621,10031932,1616137,Rathausplatz,21,8260 Stein am Rhein,2964,SH,real,True,15.11.2024,2706694,1279750
100977622,10031932,1616138,Rathausplatz,19,8260 Stein am Rhein,2964,SH,real,True,15.11.2024,2706696,1279743
100977623,10123291,1616139,Schwarzhorngass,6,8260 Stein am Rhein,2964,SH,real,True,15.11.2024,2706659,1279722
100977624,10073089,1616140,Choligass,11,8260 Stein am Rhein,2964,SH,real,True,15.11.2024,2706566,1279824
100977625,10073089,1616141,Choligass,9,8260 Stein am Rhein,2964,SH,real,True,15.11.2024,2706575,1279831
100977626,10073089,1616143,Choligass,2,8260 Stein am Rhein,2964,SH,real,True,15.11.2024,2706596,1279859
100977627,10073089,1616144,Choligass,4,8260 Stein am Rhein,2964,SH,real,True,15.11.2024,2706586,1279851
100977628,10073089,1616145,Choligass,6,8260 Stein am Rhein,2964,SH,real,True,15.11.2024,2706578,1279844
100977629,10073089,1616147,Choligass,10,8260 Stein am Rhein,2964,SH,real,True,15.11.2024,2706565,1279833
100977630,10073089,1616148,Choligass,12,8260 Stein am Rhein,2964,SH,real,True,15.11.2024,2706553,1279824
100977631,10031938,1616149,Understadt,27,8260 Stein am Rhein,2964,SH,real,True,15.11.2024,2706611,1279856
100977632,10031938,1616151,Understadt,23,8260 Stein am Rhein,2964,SH,real,True,15.11.2024,2706618,1279848
100977633,10031938,1616153,Understadt,19,8260 Stein am Rhein,2964,SH,real,True,15.11.2024,2706628,1279839
100977634,10031938,1616154,Understadt,17,8260 Stein am Rhein,2964,SH,real,True,15.11.2024,2706631,1279835
100977635,10031938,1616156,Understadt,13,8260 Stein am Rhein,2964,SH,real,True,15.11.2024,2706640,1279826
100977636,10073094,1616156,Metzggass,2,8260 Stein am Rhein,2964,SH,real,True,15.11.2024,2706637,1279818
100977637,10073094,1616157,Metzggass,6,8260 Stein am Rhein,2964,SH,real,True,15.11.2024,2706612,1279798
100977638,10179758,1616158,Undergass,24,8260 Stein am Rhein,2964,SH,real,True,15.11.2024,2706575,1279815
100977639,10179758,1616160,Undergass,18,8260 Stein am Rhein,2964,SH,real,True,15.11.2024,2706584,1279796
100977640,10179758,1616161,Undergass,13,8260 Stein am Rhein,2964,SH,real,True,15.11.2024,2706594,1279769
100977642,10179758,1616163,Undergass,5,8260 Stein am Rhein,2964,SH,real,True,15.11.2024,2706617,1279719
100977643,10179758,1616164,Undergass,1,8260 Stein am Rhein,2964,SH,real,True,15.11.2024,2706642,1279721
100977644,10123291,1616165,Schwarzhorngass,12,8260 Stein am Rhein,2964,SH,real,True,15.11.2024,2706638,1279706
100977645,10031936,1616167,Schiffländi,5,8260 Stein am Rhein,2964,SH,real,True,15.11.2024,2706584,1279742
100977646,10073094,1616168,Metzggass,10,8260 Stein am Rhein,2964,SH,real,True,15.11.2024,2706580,1279774
100977647,10031936,1616169,Schiffländi,8,8260 Stein am Rhein,2964,SH,real,True,15.11.2024,2706558,1279787
100977648,10179758,1616169,Undergass,17,8260 Stein am Rhein,2964,SH,real,True,15.11.2024,2706571,1279799
100977650,10031936,1616171,Schiffländi,10,8260 Stein am Rhein,2964,SH,real,True,15.11.2024,2706545,1279805
100977651,10179758,1616172,Undergass,7,8260 Stein am Rhein,2964,SH,real,True,15.11.2024,2706621,1279740
100977652,10031938,1616175,Understadt,14,8260 Stein am Rhein,2964,SH,real,True,15.11.2024,2706651,1279833
100977653,10031938,1616176,Understadt,16,8260 Stein am Rhein,2964,SH,real,True,15.11.2024,2706647,1279837
100977654,10031938,1616178,Understadt,22,8260 Stein am Rhein,2964,SH,real,True,15.11.2024,2706629,1279853
100977655,10031938,1616179,Understadt,24,8260 Stein am Rhein,2964,SH,real,True,15.11.2024,2706625,1279857
100977656,10031938,1616181,Understadt,28,8260 Stein am Rhein,2964,SH,real,True,15.11.2024,2706615,1279867
100977657,10179755,1616181,Fronhofgass,2,8260 Stein am Rhein,2964,SH,real,True,15.11.2024,2706621,1279877
100977658,10031921,1616182,Fronhof,29,8260 Stein am Rhein,2964,SH,real,True,15.11.2024,2706643,1279879
100977659,10031921,1616183,Fronhof,27,8260 Stein am Rhein,2964,SH,real,True,15.11.2024,2706648,1279875
100977660,10031934,1616187,Roggengarbgass,3,8260 Stein am Rhein,2964,SH,real,True,15.11.2024,2706680,1279836
100977661,10031921,1616188,Fronhof,2,8260 Stein am Rhein,2964,SH,real,True,15.11.2024,2706740,1279861
100977662,10031921,1616189,Fronhof,4,8260 Stein am Rhein,2964,SH,real,True,15.11.2024,2706730,1279867
100977663,10031619,1616189,Chlini Schanz,35,8260 Stein am Rhein,2964,SH,real,True,15.11.2024,2706733,1279875
100977664,10031921,1616192,Fronhof,10,8260 Stein am Rhein,2964,SH,real,True,15.11.2024,2706704,1279875
100977665,10031921,1616193,Fronhof,12,8260 Stein am Rhein,2964,SH,real,True,15.11.2024,2706696,1279877
100977666,10031921,1616194,Fronhof,14,8260 Stein am Rhein,2964,SH,real,True,15.11.2024,2706690,1279880
100977667,10031921,1616196,Fronhof,18,8260 Stein am Rhein,2964,SH,real,True,15.11.2024,2706673,1279889
100977668,10031921,1616197,Fronhof,20,8260 Stein am Rhein,2964,SH,real,True,15.11.2024,2706664,1279890
100977669,10031921,1616198,Fronhof,26,8260 Stein am Rhein,2964,SH,real,True,15.11.2024,2706639,1279892
100977670,10179755,1616199,Fronhofgass,1,8260 Stein am Rhein,2964,SH,real,True,15.11.2024,2706608,1279874
100977671,10031921,1616200,Fronhof,22,8260 Stein am Rhein,2964,SH,real,True,15.11.2024,2706658,1279891
100977672,10031921,1616201,Fronhof,24,8260 Stein am Rhein,2964,SH,real,True,15.11.2024,2706650,1279893
100977673,10019278,1612158,Birchweg,17,8200 Schaffhausen,2939,SH,real,True,15.11.2024,2689418,1285525
100977674,10019278,1612159,Birchweg,19,8200 Schaffhausen,2939,SH,planned,False,15.11.2024,2689394,1285510
100977675,10186933,1613985,Wagenstrasse,19,8200 Schaffhausen,2939,SH,real,True,15.11.2024,2690346,1284201
100977676,10186933,1613987,Wagenstrasse,21,8200 Schaffhausen,2939,SH,real,True,15.11.2024,2690351,1284206
100977677,10186933,1613988,Wagenstrasse,22,8200 Schaffhausen,2939,SH,real,True,15.11.2024,2690361,1284193
100977678,10085758,1613989,Zweigstrasse,1,8200 Schaffhausen,2939,SH,real,True,15.11.2024,2690388,1284238
100977679,10085758,1613990,Zweigstrasse,3,8200 Schaffhausen,2939,SH,real,True,15.11.2024,2690393,1284230
100977680,10085758,1613991,Zweigstrasse,4,8200 Schaffhausen,2939,SH,real,True,15.11.2024,2690385,1284212
100977681,10031928,1616209,Neugass,9,8260 Stein am Rhein,2964,SH,real,True,15.11.2024,2706735,1279783
100977768,10073022,1614093,Alpenstrasse,43,8200 Schaffhausen,2939,SH,real,True,15.11.2024,2690592,1283870
100977769,10086492,1614094,Hegaustrasse,30,8200 Schaffhausen,2939,SH,real,True,15.11.2024,2690593,1284058
100977770,10073044,1614095,Hohentwielstrasse,3,8200 Schaffhausen,2939,SH,real,True,15.11.2024,2690601,1283893
100977771,10073044,1614096,Hohentwielstrasse,5,8200 Schaffhausen,2939,SH,real,True,15.11.2024,2690601,1283913
100977772,10073044,1614097,Hohentwielstrasse,7,8200 Schaffhausen,2939,SH,real,True,15.11.2024,2690601,1283935
100977773,10073044,1614098,Hohentwielstrasse,9,8200 Schaffhausen,2939,SH,real,True,15.11.2024,2690600,1283951
100977774,10073044,1614099,Hohentwielstrasse,11,8200 Schaffhausen,2939,SH,real,True,15.11.2024,2690599,1283959
100977866,10031931,1616308,Orichhöhe,12,8260 Stein am Rhein,2964,SH,real,True,15.11.2024,2707462,1279657
100977867,10031931,1616309,Orichhöhe,16,8260 Stein am Rhein,2964,SH,real,True,15.11.2024,2707520,1279656
100977868,10031931,1616310,Orichhöhe,24,8260 Stein am Rhein,2964,SH,real,True,15.11.2024,2707611,1279660
100977869,10031931,1616311,Orichhöhe,18,8260 Stein am Rhein,2964,SH,real,True,15.11.2024,2707540,1279655
100977870,10031931,1616312,Orichhöhe,22,8260 Stein am Rhein,2964,SH,real,True,15.11.2024,2707594,1279661
100977871,10031931,1616314,Orichhöhe,26,8260 Stein am Rhein,2964,SH,real,True,15.11.2024,2707636,1279664
100977872,10031931,1616315,Orichhöhe,28,8260 Stein am Rhein,2964,SH,real,True,15.11.2024,2707673,1279664
100978762,10091232,1610046,Im Tobel,75,8231 Hemmental,2939,SH,real,True,15.11.2024,2686369,1287380
100978763,10091230,1610047,Hauptstrasse,91,8231 Hemmental,2939,SH,real,True,15.11.2024,2686420,1287225
100978764,10091233,1610048,Langwiesen,24,8231 Hemmental,2939,SH,real,True,15.11.2024,2686257,1287295
100978766,10019569,1610052,Hochrahn,41,8231 Hemmental,2939,SH,real,True,15.11.2024,2686271,1287366
100978767,10019569,1610053,Hochrahn,43,8231 Hemmental,2939,SH,real,True,15.11.2024,2686245,1287363
100978768,10019569,1610054,Hochrahn,47,8231 Hemmental,2939,SH,real,True,15.11.2024,2686233,1287382
100978769,10019569,1610056,Hochrahn,49,8231 Hemmental,2939,SH,real,True,15.11.2024,2686265,1287420
100978770,10019569,1610057,Hochrahn,51,8231 Hemmental,2939,SH,real,True,15.11.2024,2686224,1287407
100978771,10019569,1610058,Hochrahn,53,8231 Hemmental,2939,SH,real,True,15.11.2024,2686257,1287453
100978772,10019569,1610059,Hochrahn,59,8231 Hemmental,2939,SH,real,True,15.11.2024,2686207,1287449
100978773,10019569,1610060,Hochrahn,61,8231 Hemmental,2939,SH,real,True,15.11.2024,2686232,1287483
100978774,10019569,1610061,Hochrahn,63,8231 Hemmental,2939,SH,real,True,15.11.2024,2686207,1287465
100978775,10019569,1610062,Hochrahn,65,8231 Hemmental,2939,SH,real,True,15.11.2024,2686218,1287503
100978776,10018634,1610063,Fronwagplatz,9,8200 Schaffhausen,2939,SH,real,True,15.11.2024,2689680,1283594
100978777,10018634,1610064,Fronwagplatz,11,8200 Schaffhausen,2939,SH,real,True,15.11.2024,2689680,1283601
100978778,10018634,1610065,Fronwagplatz,13,8200 Schaffhausen,2939,SH,real,True,15.11.2024,2689679,1283610
100978779,10019790,1610065,Posthof,10,8200 Schaffhausen,2939,SH,real,True,15.11.2024,2689657,1283610
100978780,10073057,1610066,Oberstadt,6,8200 Schaffhausen,2939,SH,real,True,15.11.2024,2689658,1283570
100978781,10073057,1610067,Oberstadt,8,8200 Schaffhausen,2939,SH,real,True,15.11.2024,2689651,1283571
100978782,10073057,1610068,Oberstadt,14,8200 Schaffhausen,2939,SH,real,True,15.11.2024,2689630,1283572
100978783,10073057,1610069,Oberstadt,16,8200 Schaffhausen,2939,SH,real,True,15.11.2024,2689623,1283572
100978784,10073057,1610070,Oberstadt,18,8200 Schaffhausen,2939,SH,real,True,15.11.2024,2689611,1283574
100978785,10073057,1610071,Oberstadt,22,8200 Schaffhausen,2939,SH,real,True,15.11.2024,2689589,1283577
100978788,10073057,1610073,Oberstadt,24,8200 Schaffhausen,2939,SH,real,True,15.11.2024,2689585,1283578
100978789,10019274,1610073,Bahnhofstrasse,4,8200 Schaffhausen,2939,SH,real,True,15.11.2024,2689573,1283612
100978790,10073057,1610074,Oberstadt,10,8200 Schaffhausen,2939,SH,real,True,15.11.2024,2689644,1283571
100978791,10019790,1610074,Posthof,2,8200 Schaffhausen,2939,SH,real,True,15.11.2024,2689642,1283588
100978792,10019808,1610078,Schwertstrasse,9,8200 Schaffhausen,2939,SH,real,True,15.11.2024,2689611,1283648
100978793,10113206,1610079,Vorstadt,25,8200 Schaffhausen,2939,SH,real,True,15.11.2024,2689738,1283752
100978794,10113206,1610080,Vorstadt,19,8200 Schaffhausen,2939,SH,real,True,15.11.2024,2689734,1283743
100978795,10113206,1610081,Vorstadt,17,8200 Schaffhausen,2939,SH,real,True,15.11.2024,2689726,1283726
100978796,10113206,1610082,Vorstadt,13,8200 Schaffhausen,2939,SH,real,True,15.11.2024,2689722,1283717
100978797,10113206,1610083,Vorstadt,9,8200 Schaffhausen,2939,SH,real,True,15.11.2024,2689714,1283700
100978798,10113206,1610084,Vorstadt,5,8200 Schaffhausen,2939,SH,real,True,15.11.2024,2689709,1283689
100978799,10113206,1610085,Vorstadt,3,8200 Schaffhausen,2939,SH,real,True,15.11.2024,2689705,1283682
100978800,10018634,1610087,Fronwagplatz,25,8200 Schaffhausen,2939,SH,real,True,15.11.2024,2689695,1283668
100978801,10019274,1610089,Bahnhofstrasse,30,8200 Schaffhausen,2939,SH,real,True,15.11.2024,2689649,1283702
100978802,10019274,1610090,Bahnhofstrasse,46,8200 Schaffhausen,2939,SH,real,True,15.11.2024,2689689,1283763
100978803,10019775,1610090,Löwengässchen,5,8200 Schaffhausen,2939,SH,real,True,15.11.2024,2689704,1283777
100978804,10019775,1610091,Löwengässchen,3,8200 Schaffhausen,2939,SH,real,True,15.11.2024,2689718,1283771
100978805,10113206,1610091,Vorstadt,27,8200 Schaffhausen,2939,SH,real,True,15.11.2024,2689742,1283759
100978806,10113206,1610092,Vorstadt,33,8200 Schaffhausen,2939,SH,real,True,15.11.2024,2689755,1283780
100978807,10019274,1610093,Bahnhofstrasse,54,8200 Schaffhausen,2939,SH,real,True,15.11.2024,2689716,1283807
100978808,10019274,1610094,Bahnhofstrasse,56,8200 Schaffhausen,2939,SH,real,True,15.11.2024,2689724,1283820
100978809,10019274,1610095,Bahnhofstrasse,62,8200 Schaffhausen,2939,SH,real,True,15.11.2024,2689735,1283840
100978810,10019274,1610096,Bahnhofstrasse,50,8200 Schaffhausen,2939,SH,real,True,15.11.2024,2689705,1283788
100978811,10019775,1610096,Löwengässchen,12,8200 Schaffhausen,2939,SH,real,True,15.11.2024,2689706,1283781
100978812,10113206,1610097,Vorstadt,39,8200 Schaffhausen,2939,SH,real,True,15.11.2024,2689768,1283804
100978813,10113206,1610098,Vorstadt,63,8200 Schaffhausen,2939,SH,real,True,15.11.2024,2689818,1283892
100978814,10019274,1610100,Bahnhofstrasse,70,8200 Schaffhausen,2939,SH,real,True,15.11.2024,2689766,1283888
100978818,10086470,1610102,Bachstrasse,53,8200 Schaffhausen,2939,SH,real,True,15.11.2024,2689842,1283871
100978819,10113206,1610102,Vorstadt,64,8200 Schaffhausen,2939,SH,real,True,15.11.2024,2689824,1283872
100978820,10113206,1610102,Vorstadt,62,8200 Schaffhausen,2939,SH,real,True,15.11.2024,2689823,1283869
100978821,10025679,1610103,Schützengraben,20,8200 Schaffhausen,2939,SH,real,True,15.11.2024,2689858,1283824
100978822,10019783,1611808,Nordstrasse,38,8200 Schaffhausen,2939,SH,real,True,15.11.2024,2689251,1284202
100978823,10019783,1611809,Nordstrasse,34,8200 Schaffhausen,2939,SH,real,True,15.11.2024,2689255,1284166
100978824,10019783,1611810,Nordstrasse,30,8200 Schaffhausen,2939,SH,real,True,15.11.2024,2689259,1284129
100978826,10019783,1611812,Nordstrasse,26,8200 Schaffhausen,2939,SH,real,True,15.11.2024,2689284,1284108
100978827,10019783,1611814,Nordstrasse,20,8200 Schaffhausen,2939,SH,real,True,15.11.2024,2689299,1283971
100978828,10019783,1611815,Nordstrasse,18,8200 Schaffhausen,2939,SH,real,True,15.11.2024,2689303,1283938
100978829,10025691,1611817,Steigstrasse,94,8200 Schaffhausen,2939,SH,real,True,15.11.2024,2689240,1283830
100978830,10086482,1611819,Freistrasse,2,8200 Schaffhausen,2939,SH,real,True,15.11.2024,2689232,1283978
100978831,10019783,1611820,Nordstrasse,54,8200 Schaffhausen,2939,SH,real,True,15.11.2024,2689241,1284305
100978832,10019783,1611821,Nordstrasse,58,8200 Schaffhausen,2939,SH,real,True,15.11.2024,2689247,1284330
100978833,10019783,1611823,Nordstrasse,58b,8200 Schaffhausen,2939,SH,real,True,15.11.2024,2689276,1284335
100978834,10019783,1611824,Nordstrasse,60,8200 Schaffhausen,2939,SH,real,True,15.11.2024,2689238,1284373
100978835,10019783,1611825,Nordstrasse,60a,8200 Schaffhausen,2939,SH,real,True,15.11.2024,2689256,1284367
100978836,10019783,1611826,Nordstrasse,60b,8200 Schaffhausen,2939,SH,real,True,15.11.2024,2689273,1284368
100978837,10019783,1611827,Nordstrasse,62,8200 Schaffhausen,2939,SH,real,True,15.11.2024,2689239,1284388
100978838,10019783,1611828,Nordstrasse,64,8200 Schaffhausen,2939,SH,real,True,15.11.2024,2689238,1284410
100978839,10019783,1611830,Nordstrasse,68,8200 Schaffhausen,2939,SH,real,True,15.11.2024,2689260,1284406
100978840,10019783,1611831,Nordstrasse,70,8200 Schaffhausen,2939,SH,real,True,15.11.2024,2689263,1284425
100978841,10019783,1611832,Nordstrasse,72,8200 Schaffhausen,2939,SH,real,True,15.11.2024,2689237,1284427
100978842,10019783,1611833,Nordstrasse,74,8200 Schaffhausen,2939,SH,real,True,15.11.2024,2689236,1284445
100978843,10019783,1611834,Nordstrasse,78,8200 Schaffhausen,2939,SH,real,True,15.11.2024,2689284,1284458
100978844,10019783,1611835,Nordstrasse,82,8200 Schaffhausen,2939,SH,real,True,15.11.2024,2689237,1284464
100978853,10025679,1610129,Schützengraben,9,8200 Schaffhausen,2939,SH,real,True,15.11.2024,2689902,1283799
100978854,10025679,1610131,Schützengraben,17,8200 Schaffhausen,2939,SH,real,True,15.11.2024,2689881,1283802
100978855,10025679,1610132,Schützengraben,19,8200 Schaffhausen,2939,SH,real,True,15.11.2024,2689876,1283802
100978856,10085756,1610133,Webergasse,8,8200 Schaffhausen,2939,SH,real,True,15.11.2024,2689920,1283766
100978857,10085756,1610134,Webergasse,12,8200 Schaffhausen,2939,SH,real,True,15.11.2024,2689909,1283766
100978858,10085756,1610134,Webergasse,10,8200 Schaffhausen,2939,SH,real,True,15.11.2024,2689913,1283766
100978859,10085756,1610136,Webergasse,16,8200 Schaffhausen,2939,SH,real,True,15.11.2024,2689893,1283764
100978860,10085756,1610138,Webergasse,22,8200 Schaffhausen,2939,SH,real,True,15.11.2024,2689877,1283764
100978861,10085756,1610138,Webergasse,20,8200 Schaffhausen,2939,SH,real,True,15.11.2024,2689882,1283764
100978862,10085756,1610139,Webergasse,24,8200 Schaffhausen,2939,SH,real,True,15.11.2024,2689872,1283764
100978863,10085756,1610140,Webergasse,26,8200 Schaffhausen,2939,SH,real,True,15.11.2024,2689867,1283764
100978864,10085756,1610141,Webergasse,28,8200 Schaffhausen,2939,SH,real,True,15.11.2024,2689863,1283764
100978865,10025679,1610142,Schützengraben,13,8200 Schaffhausen,2939,SH,real,True,15.11.2024,2689890,1283800
100978866,10046621,1610144,Karstgässchen,10,8200 Schaffhausen,2939,SH,real,True,15.11.2024,2689759,1283730
100978867,10113206,1610144,Vorstadt,20,8200 Schaffhausen,2939,SH,real,True,15.11.2024,2689745,1283737
100978868,10046621,1610145,Karstgässchen,6,8200 Schaffhausen,2939,SH,real,True,15.11.2024,2689772,1283726
100978869,10113206,1610145,Vorstadt,24,8200 Schaffhausen,2939,SH,real,True,15.11.2024,2689751,1283750
100978870,10046621,1610146,Karstgässchen,4,8200 Schaffhausen,2939,SH,real,True,15.11.2024,2689782,1283722
100978871,10046621,1610147,Karstgässchen,2,8200 Schaffhausen,2939,SH,real,True,15.11.2024,2689788,1283720
100978872,10019789,1610148,Walther-Bringolf-Platz,6,8200 Schaffhausen,2939,SH,real,True,15.11.2024,2689792,1283718
100978873,10019789,1610149,Walther-Bringolf-Platz,8,8200 Schaffhausen,2939,SH,real,True,15.11.2024,2689805,1283712
100978875,10085756,1610151,Webergasse,49,8200 Schaffhausen,2939,SH,real,True,15.11.2024,2689775,1283773
100978876,10113206,1610151,Vorstadt,30,8200 Schaffhausen,2939,SH,real,True,15.11.2024,2689762,1283767
100978877,10113206,1610151,Vorstadt,32,8200 Schaffhausen,2939,SH,real,True,15.11.2024,2689768,1283777
100978878,10085756,1610152,Webergasse,47,8200 Schaffhausen,2939,SH,real,True,15.11.2024,2689787,1283768
100978879,10085756,1610153,Webergasse,45,8200 Schaffhausen,2939,SH,real,True,15.11.2024,2689789,1283767
100978880,10085756,1610154,Webergasse,43,8200 Schaffhausen,2939,SH,real,True,15.11.2024,2689795,1283765
100978881,10085756,1610155,Webergasse,41,8200 Schaffhausen,2939,SH,real,True,15.11.2024,2689808,1283761
100978883,10113206,1610157,Vorstadt,26,8200 Schaffhausen,2939,SH,real,True,15.11.2024,2689755,1283755
100978884,10085756,1610158,Webergasse,35,8200 Schaffhausen,2939,SH,real,True,15.11.2024,2689826,1283760
100978885,10085756,1610159,Webergasse,33,8200 Schaffhausen,2939,SH,real,True,15.11.2024,2689833,1283759
100978886,10085756,1610160,Webergasse,31,8200 Schaffhausen,2939,SH,real,True,15.11.2024,2689839,1283758
100978887,10085756,1610161,Webergasse,29,8200 Schaffhausen,2939,SH,real,True,15.11.2024,2689844,1283758
100978888,10085756,1610162,Webergasse,27,8200 Schaffhausen,2939,SH,real,True,15.11.2024,2689852,1283757
100978889,10019800,1610163,Rosengässchen,7,8200 Schaffhausen,2939,SH,real,True,15.11.2024,2689864,1283749
100978890,10019800,1610164,Rosengässchen,5,8200 Schaffhausen,2939,SH,real,True,15.11.2024,2689864,1283737
100978891,10019800,1610165,Rosengässchen,3,8200 Schaffhausen,2939,SH,real,True,15.11.2024,2689866,1283724
100978892,10019789,1610166,Walther-Bringolf-Platz,11,8200 Schaffhausen,2939,SH,real,True,15.11.2024,2689832,1283705
100978894,10019789,1610168,Walther-Bringolf-Platz,9,8200 Schaffhausen,2939,SH,real,True,15.11.2024,2689813,1283709
100978895,10046626,1610169,Repfergasse,40,8200 Schaffhausen,2939,SH,real,True,15.11.2024,2689841,1283725
100978896,10046626,1610171,Repfergasse,32,8200 Schaffhausen,2939,SH,real,True,15.11.2024,2689852,1283705
100978897,10046626,1610172,Repfergasse,6,8200 Schaffhausen,2939,SH,real,True,15.11.2024,2689946,1283714
100978898,10046626,1610173,Repfergasse,8,8200 Schaffhausen,2939,SH,real,True,15.11.2024,2689937,1283712
100978899,10046626,1610174,Repfergasse,10,8200 Schaffhausen,2939,SH,real,True,15.11.2024,2689928,1283710
100978900,10046626,1610175,Repfergasse,12,8200 Schaffhausen,2939,SH,real,True,15.11.2024,2689922,1283710
100978901,10046626,1610176,Repfergasse,16,8200 Schaffhausen,2939,SH,real,True,15.11.2024,2689912,1283708
100978902,10046626,1610177,Repfergasse,20,8200 Schaffhausen,2939,SH,real,True,15.11.2024,2689899,1283707
100978903,10046626,1610178,Repfergasse,26,8200 Schaffhausen,2939,SH,real,True,15.11.2024,2689885,1283706
100978904,10019800,1610180,Rosengässchen,4,8200 Schaffhausen,2939,SH,real,True,15.11.2024,2689872,1283721
100978905,10019800,1610181,Rosengässchen,6,8200 Schaffhausen,2939,SH,real,True,15.11.2024,2689872,1283728
100978906,10019800,1610182,Rosengässchen,10,8200 Schaffhausen,2939,SH,real,True,15.11.2024,2689870,1283746
100978907,10085739,1610184,Schwesterngasse,5,8200 Schaffhausen,2939,SH,real,True,15.11.2024,2689944,1283743
100978908,10085756,1610185,Webergasse,3,8200 Schaffhausen,2939,SH,real,True,15.11.2024,2689926,1283760
100978909,10085739,1610185,Schwesterngasse,9,8200 Schaffhausen,2939,SH,real,True,15.11.2024,2689937,1283756
100978910,10085756,1610187,Webergasse,7,8200 Schaffhausen,2939,SH,real,True,15.11.2024,2689913,1283758
100978911,10085756,1610187,Webergasse,9,8200 Schaffhausen,2939,SH,real,True,15.11.2024,2689919,1283740
100978912,10085756,1610188,Webergasse,11,8200 Schaffhausen,2939,SH,real,True,15.11.2024,2689907,1283757
100978913,10085756,1610188,Webergasse,11a,8200 Schaffhausen,2939,SH,real,True,15.11.2024,2689914,1283738
100978916,10085756,1610191,Webergasse,21,8200 Schaffhausen,2939,SH,real,True,15.11.2024,2689878,1283756
100978918,10018634,1610193,Fronwagplatz,24,8200 Schaffhausen,2939,SH,real,True,15.11.2024,2689705,1283649
100978919,10046621,1610194,Karstgässchen,1,8200 Schaffhausen,2939,SH,real,True,15.11.2024,2689781,1283715
100978920,10123290,1610195,Krummgasse,15,8200 Schaffhausen,2939,SH,real,True,15.11.2024,2689750,1283662
100978921,10123290,1610196,Krummgasse,19,8200 Schaffhausen,2939,SH,real,True,15.11.2024,2689755,1283670
100978923,10113206,1610198,Vorstadt,14,8200 Schaffhausen,2939,SH,real,True,15.11.2024,2689734,1283709
100978924,10113206,1610199,Vorstadt,10,8200 Schaffhausen,2939,SH,real,True,15.11.2024,2689725,1283692
100978925,10113206,1610200,Vorstadt,8,8200 Schaffhausen,2939,SH,real,True,15.11.2024,2689722,1283687
100978926,10113206,1610201,Vorstadt,4,8200 Schaffhausen,2939,SH,real,True,15.11.2024,2689715,1283678
100978927,10113206,1610202,Vorstadt,2,8200 Schaffhausen,2939,SH,real,True,15.11.2024,2689713,1283673
100978928,10123290,1610203,Krummgasse,21,8200 Schaffhausen,2939,SH,real,True,15.11.2024,2689758,1283675
100978929,10025690,1610204,Stadthausgasse,16,8200 Schaffhausen,2939,SH,real,True,15.11.2024,2689739,1283610
100978931,10018634,1610206,Fronwagplatz,28,8200 Schaffhausen,2939,SH,real,True,15.11.2024,2689710,1283665
100978932,10108021,1611925,Hauentalstrasse,51,8200 Schaffhausen,2939,SH,real,True,15.11.2024,2688983,1285307
100978933,10018630,1611926,Floraweg,41,8200 Schaffhausen,2939,SH,real,True,15.11.2024,2689124,1285010
100978934,10018630,1611927,Floraweg,43,8200 Schaffhausen,2939,SH,real,True,15.11.2024,2689113,1284988
100978935,10108021,1611928,Hauentalstrasse,8,8200 Schaffhausen,2939,SH,real,True,15.11.2024,2689116,1284947
100978936,10108021,1611929,Hauentalstrasse,10,8200 Schaffhausen,2939,SH,real,True,15.11.2024,2689109,1284964
100978937,10085721,1611931,Lochstrasse,1,8200 Schaffhausen,2939,SH,real,True,15.11.2024,2689233,1284784
100978938,10085721,1611932,Lochstrasse,9,8200 Schaffhausen,2939,SH,real,True,15.11.2024,2689236,1284834
100978939,10085738,1611933,Schwarzadlerstrasse,21,8200 Schaffhausen,2939,SH,real,True,15.11.2024,2689201,1285005
100978940,10110816,1611934,Stahlwerkstrasse,9,8200 Schaffhausen,2939,SH,real,True,15.11.2024,2689136,1284955
100978949,10085721,1611945,Lochstrasse,33,8200 Schaffhausen,2939,SH,real,True,15.11.2024,2689286,1284952
100978950,10085721,1611946,Lochstrasse,35,8200 Schaffhausen,2939,SH,real,True,15.11.2024,2689289,1284957
100978951,10085721,1611947,Lochstrasse,37,8200 Schaffhausen,2939,SH,real,True,15.11.2024,2689292,1284962
100978952,10085721,1611949,Lochstrasse,41,8200 Schaffhausen,2939,SH,real,True,15.11.2024,2689293,1284977
100978953,10085721,1611950,Lochstrasse,45,8200 Schaffhausen,2939,SH,real,True,15.11.2024,2689303,1284991
100978954,10085738,1611954,Schwarzadlerstrasse,12,8200 Schaffhausen,2939,SH,real,True,15.11.2024,2689241,1284952
100978955,10085738,1611956,Schwarzadlerstrasse,20,8200 Schaffhausen,2939,SH,real,True,15.11.2024,2689223,1284989
100978956,10110816,1611957,Stahlwerkstrasse,23,8200 Schaffhausen,2939,SH,real,True,15.11.2024,2689234,1284983
100978957,10110816,1611959,Stahlwerkstrasse,25,8200 Schaffhausen,2939,SH,real,True,15.11.2024,2689243,1284988
100978958,10110816,1611961,Stahlwerkstrasse,27,8200 Schaffhausen,2939,SH,real,True,15.11.2024,2689249,1284992
100978959,10110816,1611962,Stahlwerkstrasse,28,8200 Schaffhausen,2939,SH,real,True,15.11.2024,2689258,1284980
100978960,10110816,1611963,Stahlwerkstrasse,29,8200 Schaffhausen,2939,SH,real,True,15.11.2024,2689256,1284995
100978961,10110816,1611965,Stahlwerkstrasse,31,8200 Schaffhausen,2939,SH,real,True,15.11.2024,2689262,1284998
100978962,10110816,1611966,Stahlwerkstrasse,32,8200 Schaffhausen,2939,SH,real,True,15.11.2024,2689278,1284987
100978963,10110816,1611968,Stahlwerkstrasse,35,8200 Schaffhausen,2939,SH,real,True,15.11.2024,2689275,1285006
100978964,10110816,1611969,Stahlwerkstrasse,36,8200 Schaffhausen,2939,SH,real,True,15.11.2024,2689298,1284999
100978965,10110816,1611970,Stahlwerkstrasse,37,8200 Schaffhausen,2939,SH,real,True,15.11.2024,2689282,1285010
100978967,10108021,1611972,Hauentalstrasse,34,8200 Schaffhausen,2939,SH,real,True,15.11.2024,2689075,1285081
100978968,10108021,1611973,Hauentalstrasse,36,8200 Schaffhausen,2939,SH,real,True,15.11.2024,2689071,1285093
100978970,10103225,1611975,Plattenhalde,7,8200 Schaffhausen,2939,SH,real,True,15.11.2024,2689120,1285078
100978971,10103225,1611979,Plattenhalde,6,8200 Schaffhausen,2939,SH,real,True,15.11.2024,2689136,1285097
100978972,10103225,1611980,Plattenhalde,8,8200 Schaffhausen,2939,SH,real,True,15.11.2024,2689129,1285115
100978976,10019788,1611985,Plattenweg,21,8200 Schaffhausen,2939,SH,real,True,15.11.2024,2689221,1285085
100978977,10019788,1611988,Plattenweg,27,8200 Schaffhausen,2939,SH,real,True,15.11.2024,2689220,1285108
100978978,10019788,1611991,Plattenweg,33,8200 Schaffhausen,2939,SH,real,True,15.11.2024,2689196,1285166
100978979,10019788,1611992,Plattenweg,45,8200 Schaffhausen,2939,SH,real,True,15.11.2024,2689185,1285190
100978980,10085738,1611993,Schwarzadlerstrasse,32,8200 Schaffhausen,2939,SH,real,True,15.11.2024,2689205,1285045
100978981,10085738,1611994,Schwarzadlerstrasse,34,8200 Schaffhausen,2939,SH,real,True,15.11.2024,2689199,1285077
100978982,10085738,1611995,Schwarzadlerstrasse,40,8200 Schaffhausen,2939,SH,real,True,15.11.2024,2689194,1285106
100978983,10085738,1611996,Schwarzadlerstrasse,50,8200 Schaffhausen,2939,SH,real,True,15.11.2024,2689172,1285157
100978984,10085738,1611997,Schwarzadlerstrasse,52,8200 Schaffhausen,2939,SH,real,True,15.11.2024,2689168,1285186
100978985,10019788,1611998,Plattenweg,19,8200 Schaffhausen,2939,SH,real,True,15.11.2024,2689248,1285066
100978987,10108021,1612000,Hauentalstrasse,40,8200 Schaffhausen,2939,SH,real,True,15.11.2024,2689063,1285123
100978988,10108021,1612001,Hauentalstrasse,46,8200 Schaffhausen,2939,SH,real,True,15.11.2024,2689056,1285144
100978989,10108021,1612002,Hauentalstrasse,50,8200 Schaffhausen,2939,SH,real,True,15.11.2024,2689049,1285163
100978990,10108021,1612003,Hauentalstrasse,52,8200 Schaffhausen,2939,SH,real,True,15.11.2024,2689042,1285184
100978991,10108021,1612005,Hauentalstrasse,56,8200 Schaffhausen,2939,SH,real,True,15.11.2024,2689030,1285222
100978992,10108021,1612008,Hauentalstrasse,62,8200 Schaffhausen,2939,SH,real,True,15.11.2024,2689035,1285254
100978993,10108021,1612009,Hauentalstrasse,64,8200 Schaffhausen,2939,SH,real,True,15.11.2024,2689041,1285256
100978994,10108021,1612010,Hauentalstrasse,66,8200 Schaffhausen,2939,SH,real,True,15.11.2024,2689048,1285258
100978995,10103225,1612013,Plattenhalde,15,8200 Schaffhausen,2939,SH,real,True,15.11.2024,2689098,1285146
100978996,10103225,1612014,Plattenhalde,23,8200 Schaffhausen,2939,SH,real,True,15.11.2024,2689064,1285230
100978997,10108021,1612015,Hauentalstrasse,80,8200 Schaffhausen,2939,SH,real,True,15.11.2024,2689000,1285329
100978998,10108021,1612016,Hauentalstrasse,86,8200 Schaffhausen,2939,SH,real,True,15.11.2024,2688987,1285360
100978999,10103225,1612017,Plattenhalde,22,8200 Schaffhausen,2939,SH,real,True,15.11.2024,2689127,1285171
100979000,10103225,1612018,Plattenhalde,24,8200 Schaffhausen,2939,SH,real,True,15.11.2024,2689086,1285228
100979001,10103225,1612019,Plattenhalde,26,8200 Schaffhausen,2939,SH,real,True,15.11.2024,2689073,1285254
100979003,10103225,1612021,Plattenhalde,34,8200 Schaffhausen,2939,SH,real,True,15.11.2024,2689052,1285334
100979004,10019788,1612023,Plattenweg,53,8200 Schaffhausen,2939,SH,real,True,15.11.2024,2689174,1285213
100979005,10019788,1612025,Plattenweg,57,8200 Schaffhausen,2939,SH,real,True,15.11.2024,2689160,1285244
100979006,10019788,1612026,Plattenweg,59,8200 Schaffhausen,2939,SH,real,True,15.11.2024,2689149,1285268
100979007,10019788,1612027,Plattenweg,61,8200 Schaffhausen,2939,SH,real,True,15.11.2024,2689133,1285291
100979008,10019788,1612028,Plattenweg,63,8200 Schaffhausen,2939,SH,real,True,15.11.2024,2689114,1285322
100979009,10085738,1612029,Schwarzadlerstrasse,41,8200 Schaffhausen,2939,SH,real,True,15.11.2024,2689155,1285151
100979010,10085738,1612030,Schwarzadlerstrasse,43,8200 Schaffhausen,2939,SH,real,True,15.11.2024,2689150,1285192
100979011,10019788,1612031,Plattenweg,2,8200 Schaffhausen,2939,SH,real,True,15.11.2024,2689318,1285012
100979012,10019788,1612032,Plattenweg,8,8200 Schaffhausen,2939,SH,real,True,15.11.2024,2689316,1285045
100979013,10019788,1612033,Plattenweg,4,8200 Schaffhausen,2939,SH,real,True,15.11.2024,2689303,1285030
100979014,10019788,1612034,Plattenweg,6,8200 Schaffhausen,2939,SH,real,True,15.11.2024,2689298,1285035
100979015,10019788,1612035,Plattenweg,10,8200 Schaffhausen,2939,SH,real,True,15.11.2024,2689306,1285055
100979017,10018630,1612037,Floraweg,7,8200 Schaffhausen,2939,SH,real,True,15.11.2024,2689321,1285126
100979018,10073053,1612039,Maienweg,3,8200 Schaffhausen,2939,SH,real,True,15.11.2024,2689329,1285075
100979019,10073053,1612040,Maienweg,5,8200 Schaffhausen,2939,SH,real,True,15.11.2024,2689324,1285080
100979020,10073053,1612041,Maienweg,9,8200 Schaffhausen,2939,SH,planned,False,15.11.2024,2689313,1285084
100979021,10018630,1612042,Floraweg,11,8200 Schaffhausen,2939,SH,real,True,15.11.2024,2689292,1285095
100979022,10085743,1613868,Speerstrasse,8,8200 Schaffhausen,2939,SH,real,True,15.11.2024,2690502,1283743
100979023,10085743,1613870,Speerstrasse,12,8200 Schaffhausen,2939,SH,real,True,15.11.2024,2690530,1283737
100979024,10085743,1613871,Speerstrasse,16,8200 Schaffhausen,2939,SH,real,True,15.11.2024,2690545,1283734
100979025,10085743,1613872,Speerstrasse,14,8200 Schaffhausen,2939,SH,real,True,15.11.2024,2690540,1283734
100979026,10046626,1610220,Repfergasse,11,8200 Schaffhausen,2939,SH,real,True,15.11.2024,2689898,1283702
100979027,10046626,1610221,Repfergasse,15,8200 Schaffhausen,2939,SH,real,True,15.11.2024,2689878,1283700
100979028,10046626,1610222,Repfergasse,17,8200 Schaffhausen,2939,SH,real,True,15.11.2024,2689864,1283699
100979029,10046626,1610222,Repfergasse,19,8200 Schaffhausen,2939,SH,real,True,15.11.2024,2689861,1283699
100979030,10046626,1610223,Repfergasse,21,8200 Schaffhausen,2939,SH,real,True,15.11.2024,2689853,1283698
100979031,10019802,1610225,Safrangasse,6,8200 Schaffhausen,2939,SH,real,True,15.11.2024,2689820,1283643
100979032,10025690,1610226,Stadthausgasse,2,8200 Schaffhausen,2939,SH,real,True,15.11.2024,2689863,1283613
100979033,10018630,1612059,Floraweg,6,8200 Schaffhausen,2939,SH,real,True,15.11.2024,2689319,1285167
100979034,10018630,1612062,Floraweg,16,8200 Schaffhausen,2939,SH,real,True,15.11.2024,2689258,1285096
100979035,10085721,1612064,Lochstrasse,83,8200 Schaffhausen,2939,SH,real,True,15.11.2024,2689358,1285209
100979036,10085721,1612065,Lochstrasse,85,8200 Schaffhausen,2939,SH,real,True,15.11.2024,2689358,1285213
100979037,10085721,1612066,Lochstrasse,87,8200 Schaffhausen,2939,SH,real,True,15.11.2024,2689356,1285237
100979038,10085721,1612067,Lochstrasse,89,8200 Schaffhausen,2939,SH,real,True,15.11.2024,2689306,1285237
100979039,10019788,1612068,Plattenweg,24,8200 Schaffhausen,2939,SH,real,True,15.11.2024,2689243,1285117
100979040,10019788,1612069,Plattenweg,26,8200 Schaffhausen,2939,SH,real,True,15.11.2024,2689256,1285128
100979041,10019788,1612070,Plattenweg,30,8200 Schaffhausen,2939,SH,real,True,15.11.2024,2689239,1285136
100979042,10019788,1612071,Plattenweg,32,8200 Schaffhausen,2939,SH,real,True,15.11.2024,2689227,1285152
100979043,10019788,1612073,Plattenweg,36,8200 Schaffhausen,2939,SH,real,True,15.11.2024,2689209,1285204
100979044,10019788,1612074,Plattenweg,38,8200 Schaffhausen,2939,SH,real,True,15.11.2024,2689195,1285217
100979045,10019788,1612077,Plattenweg,44,8200 Schaffhausen,2939,SH,real,True,15.11.2024,2689168,1285275
100979046,10019788,1612078,Plattenweg,46,8200 Schaffhausen,2939,SH,real,True,15.11.2024,2689182,1285306
100979047,10019788,1612080,Plattenweg,50,8200 Schaffhausen,2939,SH,real,True,15.11.2024,2689159,1285318
100979048,10085721,1612083,Lochstrasse,79,8200 Schaffhausen,2939,SH,real,True,15.11.2024,2689340,1285207
100979050,10085721,1612085,Lochstrasse,93,8200 Schaffhausen,2939,SH,real,True,15.11.2024,2689397,1285349
100979051,10085721,1612086,Lochstrasse,95,8200 Schaffhausen,2939,SH,real,True,15.11.2024,2689438,1285344
100979053,10108021,1612088,Hauentalstrasse,87,8200 Schaffhausen,2939,SH,real,True,15.11.2024,2688967,1285336
100979054,10108021,1612089,Hauentalstrasse,95,8200 Schaffhausen,2939,SH,real,True,15.11.2024,2688898,1285390
100979055,10108021,1612091,Hauentalstrasse,99,8200 Schaffhausen,2939,SH,real,True,15.11.2024,2688857,1285374
100979056,10108021,1612092,Hauentalstrasse,101,8200 Schaffhausen,2939,SH,real,True,15.11.2024,2688867,1285416
100979057,10108021,1612093,Hauentalstrasse,103,8200 Schaffhausen,2939,SH,real,True,15.11.2024,2688846,1285408
100979058,10108021,1612094,Hauentalstrasse,105,8200 Schaffhausen,2939,SH,real,True,15.11.2024,2688852,1285447
100979059,10108021,1612095,Hauentalstrasse,107,8200 Schaffhausen,2939,SH,real,True,15.11.2024,2688831,1285439
100979060,10108021,1612097,Hauentalstrasse,111,8200 Schaffhausen,2939,SH,real,True,15.11.2024,2688789,1285532
100979061,10108021,1612099,Hauentalstrasse,153,8200 Schaffhausen,2939,SH,real,True,15.11.2024,2688743,1285601
100979062,10108021,1612101,Hauentalstrasse,157,8200 Schaffhausen,2939,SH,real,True,15.11.2024,2688687,1285686
100979063,10108021,1612103,Hauentalstrasse,161,8200 Schaffhausen,2939,SH,real,True,15.11.2024,2688658,1285727
100979064,10108021,1612104,Hauentalstrasse,163,8200 Schaffhausen,2939,SH,real,True,15.11.2024,2688657,1285757
100979065,10108021,1612105,Hauentalstrasse,169,8200 Schaffhausen,2939,SH,real,True,15.11.2024,2688620,1285813
100979066,10108021,1612106,Hauentalstrasse,171,8200 Schaffhausen,2939,SH,real,True,15.11.2024,2688619,1285840
100979067,10108023,1612107,Im Radacker,2,8200 Schaffhausen,2939,SH,real,True,15.11.2024,2688590,1283411
100979068,10108021,1612108,Hauentalstrasse,134,8200 Schaffhausen,2939,SH,real,True,15.11.2024,2688839,1285547
100979069,10108021,1612109,Hauentalstrasse,223,8200 Schaffhausen,2939,SH,real,True,15.11.2024,2688494,1286156
100979070,10108021,1612110,Hauentalstrasse,225,8200 Schaffhausen,2939,SH,real,True,15.11.2024,2688480,1286175
100979071,10108021,1612111,Hauentalstrasse,227,8200 Schaffhausen,2939,SH,real,True,15.11.2024,2688460,1286192
100979072,10108021,1612112,Hauentalstrasse,229,8200 Schaffhausen,2939,SH,real,True,15.11.2024,2688448,1286199
100979073,10108021,1612114,Hauentalstrasse,233,8200 Schaffhausen,2939,SH,real,True,15.11.2024,2688398,1286218
100979074,10108021,1612115,Hauentalstrasse,241,8200 Schaffhausen,2939,SH,real,True,15.11.2024,2688308,1286238
100979075,10025682,1612118,Sommerwiesstrasse,3,8200 Schaffhausen,2939,SH,real,True,15.11.2024,2688523,1286057
100979076,10025682,1612119,Sommerwiesstrasse,4,8200 Schaffhausen,2939,SH,real,True,15.11.2024,2688510,1286099
100979077,10025682,1612121,Sommerwiesstrasse,6,8200 Schaffhausen,2939,SH,real,True,15.11.2024,2688493,1286114
100979078,10025682,1612122,Sommerwiesstrasse,7,8200 Schaffhausen,2939,SH,real,True,15.11.2024,2688489,1286087
100979079,10025682,1612123,Sommerwiesstrasse,8,8200 Schaffhausen,2939,SH,real,True,15.11.2024,2688480,1286138
100979080,10025682,1612124,Sommerwiesstrasse,9,8200 Schaffhausen,2939,SH,real,True,15.11.2024,2688473,1286103
100979081,10025682,1612125,Sommerwiesstrasse,10,8200 Schaffhausen,2939,SH,real,True,15.11.2024,2688458,1286142
100979082,10025682,1612127,Sommerwiesstrasse,12,8200 Schaffhausen,2939,SH,real,True,15.11.2024,2688440,1286156
100979083,10025682,1612129,Sommerwiesstrasse,14,8200 Schaffhausen,2939,SH,real,True,15.11.2024,2688427,1286162
100979084,10025682,1612131,Sommerwiesstrasse,17,8200 Schaffhausen,2939,SH,real,True,15.11.2024,2688416,1286141
100979085,10025682,1612132,Sommerwiesstrasse,19,8200 Schaffhausen,2939,SH,real,True,15.11.2024,2688390,1286154
100979086,10025682,1612133,Sommerwiesstrasse,21,8200 Schaffhausen,2939,SH,real,True,15.11.2024,2688388,1286155
100979087,10025682,1612134,Sommerwiesstrasse,23,8200 Schaffhausen,2939,SH,real,True,15.11.2024,2688364,1286167
100979088,10025682,1612135,Sommerwiesstrasse,24,8200 Schaffhausen,2939,SH,real,True,15.11.2024,2688402,1286176
100979089,10025682,1612136,Sommerwiesstrasse,25,8200 Schaffhausen,2939,SH,real,True,15.11.2024,2688347,1286168
100979090,10025682,1612138,Sommerwiesstrasse,27,8200 Schaffhausen,2939,SH,real,True,15.11.2024,2688328,1286173
100979091,10025682,1612139,Sommerwiesstrasse,28,8200 Schaffhausen,2939,SH,real,True,15.11.2024,2688366,1286191
100979092,10025682,1612141,Sommerwiesstrasse,30,8200 Schaffhausen,2939,SH,real,True,15.11.2024,2688346,1286198
100979093,10025682,1612142,Sommerwiesstrasse,31,8200 Schaffhausen,2939,SH,real,True,15.11.2024,2688281,1286191
100979094,10025682,1612143,Sommerwiesstrasse,32,8200 Schaffhausen,2939,SH,real,True,15.11.2024,2688335,1286209
100979095,10025682,1612144,Sommerwiesstrasse,33,8200 Schaffhausen,2939,SH,real,True,15.11.2024,2688262,1286207
100979096,10025682,1612145,Sommerwiesstrasse,34,8200 Schaffhausen,2939,SH,real,True,15.11.2024,2688306,1286209
100979097,10108021,1612148,Hauentalstrasse,260,8200 Schaffhausen,2939,SH,real,True,15.11.2024,2688094,1286304
100979098,10108021,1612149,Hauentalstrasse,240,8200 Schaffhausen,2939,SH,real,True,15.11.2024,2688186,1286259
100979099,10019278,1612150,Birchweg,1,8200 Schaffhausen,2939,SH,real,True,15.11.2024,2689421,1285459
100979101,10019278,1612153,Birchweg,7,8200 Schaffhausen,2939,SH,real,True,15.11.2024,2689407,1285487
100979102,10019278,1612155,Birchweg,11,8200 Schaffhausen,2939,SH,real,True,15.11.2024,2689451,1285517
100979103,10019278,1612156,Birchweg,13,8200 Schaffhausen,2939,SH,real,True,15.11.2024,2689447,1285556
100979104,10019278,1612157,Birchweg,15,8200 Schaffhausen,2939,SH,real,True,15.11.2024,2689439,1285541
100979105,10073057,1610333,Oberstadt,17,8200 Schaffhausen,2939,SH,real,True,15.11.2024,2689609,1283564
100979106,10073057,1610335,Oberstadt,5,8200 Schaffhausen,2939,SH,real,True,15.11.2024,2689647,1283558
100979107,10073056,1610337,Neustadt,62,8200 Schaffhausen,2939,SH,real,True,15.11.2024,2689610,1283497
100979108,10117547,1610337,Rebleutgang,2,8200 Schaffhausen,2939,SH,real,True,15.11.2024,2689625,1283492
100979109,10073071,1610338,Tanne,3,8200 Schaffhausen,2939,SH,real,True,15.11.2024,2689659,1283503
100979110,10073071,1610340,Tanne,11,8200 Schaffhausen,2939,SH,real,True,15.11.2024,2689670,1283542
100979111,10073042,1610341,Herrenacker,19,8200 Schaffhausen,2939,SH,real,True,15.11.2024,2689632,1283474
100979112,10085758,1613992,Zweigstrasse,5,8200 Schaffhausen,2939,SH,real,True,15.11.2024,2690399,1284222
100979113,10085758,1613994,Zweigstrasse,7,8200 Schaffhausen,2939,SH,real,True,15.11.2024,2690405,1284212
100979114,10085758,1613995,Zweigstrasse,8,8200 Schaffhausen,2939,SH,real,True,15.11.2024,2690396,1284197
100979115,10085758,1613997,Zweigstrasse,12,8200 Schaffhausen,2939,SH,real,True,15.11.2024,2690408,1284181
100979116,10073031,1613998,Feldstrasse,43,8200 Schaffhausen,2939,SH,real,True,15.11.2024,2690452,1284218
100979117,10073031,1613999,Feldstrasse,45,8200 Schaffhausen,2939,SH,real,True,15.11.2024,2690446,1284235
100979118,10179732,1614001,Tellstrasse,28,8200 Schaffhausen,2939,SH,real,True,15.11.2024,2690409,1284146
100979119,10179732,1614002,Tellstrasse,30,8200 Schaffhausen,2939,SH,real,True,15.11.2024,2690415,1284151
100979120,10179732,1614003,Tellstrasse,32,8200 Schaffhausen,2939,SH,real,True,15.11.2024,2690423,1284161
100979121,10179732,1614004,Tellstrasse,34,8200 Schaffhausen,2939,SH,real,True,15.11.2024,2690428,1284165
100979122,10179732,1614005,Tellstrasse,36,8200 Schaffhausen,2939,SH,real,True,15.11.2024,2690433,1284169
100979123,10179732,1614006,Tellstrasse,38,8200 Schaffhausen,2939,SH,real,True,15.11.2024,2690439,1284173
100979124,10179732,1614009,Tellstrasse,44,8200 Schaffhausen,2939,SH,real,True,15.11.2024,2690462,1284184
100979125,10179732,1614010,Tellstrasse,46,8200 Schaffhausen,2939,SH,real,True,15.11.2024,2690469,1284189
100979126,10073022,1614014,Alpenstrasse,7,8200 Schaffhausen,2939,SH,real,True,15.11.2024,2690347,1283941
100979127,10186931,1614015,Emmersbergstrasse,79,8200 Schaffhausen,2939,SH,real,True,15.11.2024,2690274,1283992
100979128,10186931,1614016,Emmersbergstrasse,81,8200 Schaffhausen,2939,SH,real,True,15.11.2024,2690277,1283984
100979129,10179732,1614017,Tellstrasse,2,8200 Schaffhausen,2939,SH,real,True,15.11.2024,2690271,1284009
100979130,10179732,1614018,Tellstrasse,6,8200 Schaffhausen,2939,SH,real,True,15.11.2024,2690301,1284027
100979131,10179732,1614019,Tellstrasse,8,8200 Schaffhausen,2939,SH,real,True,15.11.2024,2690313,1284048
100979132,10179732,1614020,Tellstrasse,10,8200 Schaffhausen,2939,SH,real,True,15.11.2024,2690329,1284038
100979133,10179732,1614022,Tellstrasse,16,8200 Schaffhausen,2939,SH,real,True,15.11.2024,2690340,1284078
100979134,10179732,1614023,Tellstrasse,18,8200 Schaffhausen,2939,SH,real,True,15.11.2024,2690359,1284091
100979135,10179732,1614024,Tellstrasse,20,8200 Schaffhausen,2939,SH,real,True,15.11.2024,2690354,1284095
100979136,10179732,1614025,Tellstrasse,22,8200 Schaffhausen,2939,SH,real,True,15.11.2024,2690365,1284108
100979137,10179732,1614026,Tellstrasse,24,8200 Schaffhausen,2939,SH,real,True,15.11.2024,2690376,1284123
100979138,10179732,1614027,Tellstrasse,26,8200 Schaffhausen,2939,SH,real,True,15.11.2024,2690389,1284138
100979139,10018660,1614028,Höhenweg,1,8200 Schaffhausen,2939,SH,real,True,15.11.2024,2690380,1283927
100979140,10018660,1614029,Höhenweg,5,8200 Schaffhausen,2939,SH,real,True,15.11.2024,2690381,1283958
100979141,10018660,1614030,Höhenweg,9,8200 Schaffhausen,2939,SH,real,True,15.11.2024,2690381,1283984
100979142,10018660,1614031,Höhenweg,15,8200 Schaffhausen,2939,SH,real,True,15.11.2024,2690383,1284014
100979143,10018660,1614032,Höhenweg,17,8200 Schaffhausen,2939,SH,real,True,15.11.2024,2690384,1284036
100979144,10018660,1614034,Höhenweg,21,8200 Schaffhausen,2939,SH,real,True,15.11.2024,2690403,1284070
100979145,10018660,1614036,Höhenweg,25,8200 Schaffhausen,2939,SH,real,True,15.11.2024,2690425,1284103
100979146,10179732,1614038,Tellstrasse,4,8200 Schaffhausen,2939,SH,real,True,15.11.2024,2690304,1284005
100979148,10018660,1614041,Höhenweg,2,8200 Schaffhausen,2939,SH,real,True,15.11.2024,2690396,1283921
100979150,10018660,1614043,Höhenweg,10,8200 Schaffhausen,2939,SH,real,True,15.11.2024,2690398,1283962
100979151,10018660,1614044,Höhenweg,14,8200 Schaffhausen,2939,SH,real,True,15.11.2024,2690399,1283981
100979152,10018660,1614045,Höhenweg,18,8200 Schaffhausen,2939,SH,real,True,15.11.2024,2690399,1284001
100979153,10018660,1614047,Höhenweg,24,8200 Schaffhausen,2939,SH,real,True,15.11.2024,2690401,1284039
100979154,10018660,1614048,Höhenweg,26,8200 Schaffhausen,2939,SH,real,True,15.11.2024,2690413,1284056
100979155,10073031,1614051,Feldstrasse,9,8200 Schaffhausen,2939,SH,real,True,15.11.2024,2690440,1283956
100979156,10073031,1614053,Feldstrasse,13,8200 Schaffhausen,2939,SH,real,True,15.11.2024,2690440,1283985
100979157,10073031,1614054,Feldstrasse,17,8200 Schaffhausen,2939,SH,real,True,15.11.2024,2690439,1284019
100979158,10073031,1614055,Feldstrasse,19,8200 Schaffhausen,2939,SH,real,True,15.11.2024,2690439,1284043
100979159,10073031,1614059,Feldstrasse,8,8200 Schaffhausen,2939,SH,real,True,15.11.2024,2690457,1283958
100979160,10073031,1614060,Feldstrasse,10,8200 Schaffhausen,2939,SH,real,True,15.11.2024,2690456,1283977
100979161,10073031,1614061,Feldstrasse,14,8200 Schaffhausen,2939,SH,real,True,15.11.2024,2690455,1284011
100979162,10073031,1614062,Feldstrasse,16,8200 Schaffhausen,2939,SH,real,True,15.11.2024,2690456,1284022
100979163,10086492,1614063,Hegaustrasse,1,8200 Schaffhausen,2939,SH,real,True,15.11.2024,2690490,1283902
100979164,10086492,1614064,Hegaustrasse,3,8200 Schaffhausen,2939,SH,real,True,15.11.2024,2690493,1283930
100979165,10086492,1614065,Hegaustrasse,5,8200 Schaffhausen,2939,SH,real,True,15.11.2024,2690492,1283947
100979166,10086492,1614066,Hegaustrasse,7,8200 Schaffhausen,2939,SH,real,True,15.11.2024,2690491,1283955
100979167,10086492,1614067,Hegaustrasse,9,8200 Schaffhausen,2939,SH,real,True,15.11.2024,2690491,1283972
100979168,10086492,1614068,Hegaustrasse,11,8200 Schaffhausen,2939,SH,real,True,15.11.2024,2690491,1283988
100979169,10086492,1614069,Hegaustrasse,13,8200 Schaffhausen,2939,SH,real,True,15.11.2024,2690491,1284005
100979170,10073063,1614072,Sandweg,2,8200 Schaffhausen,2939,SH,real,True,15.11.2024,2690460,1284052
100979171,10073022,1614074,Alpenstrasse,33,8200 Schaffhausen,2939,SH,real,True,15.11.2024,2690510,1283892
100979172,10073022,1614075,Alpenstrasse,35,8200 Schaffhausen,2939,SH,real,True,15.11.2024,2690524,1283888
100979173,10073022,1614076,Alpenstrasse,37,8200 Schaffhausen,2939,SH,real,True,15.11.2024,2690537,1283884
100979174,10086492,1614077,Hegaustrasse,4,8200 Schaffhausen,2939,SH,real,True,15.11.2024,2690508,1283914
100979175,10086492,1614078,Hegaustrasse,6,8200 Schaffhausen,2939,SH,real,True,15.11.2024,2690509,1283934
100979176,10086492,1614079,Hegaustrasse,8,8200 Schaffhausen,2939,SH,real,True,15.11.2024,2690508,1283950
100979177,10086492,1614080,Hegaustrasse,10,8200 Schaffhausen,2939,SH,real,True,15.11.2024,2690508,1283968
100979178,10086492,1614081,Hegaustrasse,12,8200 Schaffhausen,2939,SH,real,True,15.11.2024,2690507,1283984
100979179,10113201,1614085,Reiatstrasse,7,8200 Schaffhausen,2939,SH,real,True,15.11.2024,2690544,1283915
100979180,10113201,1614086,Reiatstrasse,9,8200 Schaffhausen,2939,SH,real,True,15.11.2024,2690543,1283933
100979181,10113201,1614088,Reiatstrasse,15,8200 Schaffhausen,2939,SH,real,True,15.11.2024,2690542,1283960
100979182,10113201,1614089,Reiatstrasse,17,8200 Schaffhausen,2939,SH,real,True,15.11.2024,2690542,1283978
100979183,10113201,1614090,Reiatstrasse,19,8200 Schaffhausen,2939,SH,real,True,15.11.2024,2690542,1283986
100979184,10113201,1614091,Reiatstrasse,25,8200 Schaffhausen,2939,SH,real,True,15.11.2024,2690541,1284008
100979185,10073022,1614092,Alpenstrasse,41,8200 Schaffhausen,2939,SH,real,True,15.11.2024,2690573,1283877
100979186,10019779,1612182,Mühlentalsträsschen,17,8200 Schaffhausen,2939,SH,real,True,15.11.2024,2689368,1284036
100979187,10019779,1612184,Mühlentalsträsschen,25,8200 Schaffhausen,2939,SH,real,True,15.11.2024,2689372,1284086
100979188,10019779,1612185,Mühlentalsträsschen,39,8200 Schaffhausen,2939,SH,real,True,15.11.2024,2689367,1284154
100979189,10019779,1612186,Mühlentalsträsschen,47,8200 Schaffhausen,2939,SH,real,True,15.11.2024,2689374,1284201
100979190,10019779,1612187,Mühlentalsträsschen,53,8200 Schaffhausen,2939,SH,real,True,15.11.2024,2689351,1284224
100979191,10019295,1612190,Felsenaustrasse,19,8200 Schaffhausen,2939,SH,real,True,15.11.2024,2689558,1285274
100979192,10073044,1614100,Hohentwielstrasse,13,8200 Schaffhausen,2939,SH,real,True,15.11.2024,2690599,1283975
100979193,10073044,1614101,Hohentwielstrasse,15,8200 Schaffhausen,2939,SH,real,True,15.11.2024,2690599,1283983
100979194,10073044,1614102,Hohentwielstrasse,17,8200 Schaffhausen,2939,SH,real,True,15.11.2024,2690598,1283999
100979195,10031932,1616210,Rathausplatz,18,8260 Stein am Rhein,2964,SH,real,True,15.11.2024,2706701,1279774
100979196,10031928,1616210,Neugass,11,8260 Stein am Rhein,2964,SH,real,True,15.11.2024,2706727,1279787
100979198,10031938,1616211,Understadt,4,8260 Stein am Rhein,2964,SH,real,True,15.11.2024,2706683,1279799
100979199,10031938,1616212,Understadt,6,8260 Stein am Rhein,2964,SH,real,True,15.11.2024,2706678,1279805
100979200,10031938,1616213,Understadt,8,8260 Stein am Rhein,2964,SH,real,True,15.11.2024,2706672,1279812
100979201,10031934,1616214,Roggengarbgass,4,8260 Stein am Rhein,2964,SH,real,True,15.11.2024,2706682,1279829
100979202,10031921,1616218,Fronhof,5,8260 Stein am Rhein,2964,SH,real,True,15.11.2024,2706702,1279862
100979203,10031921,1616219,Fronhof,3,8260 Stein am Rhein,2964,SH,real,True,15.11.2024,2706720,1279861
100979204,10031930,1616220,Obergass,24,8260 Stein am Rhein,2964,SH,real,True,15.11.2024,2706778,1279799
100979205,10031930,1616221,Obergass,26,8260 Stein am Rhein,2964,SH,real,True,15.11.2024,2706773,1279805
100979206,10031930,1616225,Obergass,36,8260 Stein am Rhein,2964,SH,real,True,15.11.2024,2706743,1279833
100979207,10031930,1616226,Obergass,23,8260 Stein am Rhein,2964,SH,real,True,15.11.2024,2706747,1279813
100979208,10071982,1616226,Brodlaubegass,10,8260 Stein am Rhein,2964,SH,real,True,15.11.2024,2706729,1279818
100979209,10031930,1616228,Obergass,19,8260 Stein am Rhein,2964,SH,real,True,15.11.2024,2706770,1279792
100979210,10031619,1616230,Chlini Schanz,27,8260 Stein am Rhein,2964,SH,real,True,15.11.2024,2706786,1279827
100979211,10071982,1616233,Brodlaubegass,6,8260 Stein am Rhein,2964,SH,real,True,15.11.2024,2706714,1279803
100979212,10071982,1616234,Brodlaubegass,17,8260 Stein am Rhein,2964,SH,real,True,15.11.2024,2706735,1279846
100979213,10071982,1616235,Brodlaubegass,15,8260 Stein am Rhein,2964,SH,real,True,15.11.2024,2706730,1279837
100979214,10071982,1616236,Brodlaubegass,13,8260 Stein am Rhein,2964,SH,real,True,15.11.2024,2706726,1279831
100979215,10071982,1616239,Brodlaubegass,3,8260 Stein am Rhein,2964,SH,real,True,15.11.2024,2706708,1279807
100979216,10071982,1616240,Brodlaubegass,7,8260 Stein am Rhein,2964,SH,real,True,15.11.2024,2706697,1279824
100979217,10071982,1616241,Brodlaubegass,2,8260 Stein am Rhein,2964,SH,real,True,15.11.2024,2706701,1279788
100979218,10113219,1616242,Landhusweg,1,8260 Stein am Rhein,2964,SH,real,True,15.11.2024,2707530,1279839
100979219,10113219,1616243,Landhusweg,3,8260 Stein am Rhein,2964,SH,real,True,15.11.2024,2707512,1279839
100979220,10113219,1616245,Landhusweg,7,8260 Stein am Rhein,2964,SH,real,True,15.11.2024,2707477,1279822
100979221,10113219,1616246,Landhusweg,11,8260 Stein am Rhein,2964,SH,real,True,15.11.2024,2707462,1279801
100979222,10113219,1616247,Landhusweg,9,8260 Stein am Rhein,2964,SH,real,True,15.11.2024,2707458,1279813
100979223,10113219,1616250,Landhusweg,12,8260 Stein am Rhein,2964,SH,real,True,15.11.2024,2707430,1279835
100979224,10113219,1616252,Landhusweg,4,8260 Stein am Rhein,2964,SH,real,True,15.11.2024,2707506,1279858
100979225,10031616,1616254,Bollstieg,20,8260 Stein am Rhein,2964,SH,real,True,15.11.2024,2707465,1279873
100979226,10113219,1616255,Landhusweg,6,8260 Stein am Rhein,2964,SH,real,True,15.11.2024,2707482,1279848
100979227,10031616,1616256,Bollstieg,22,8260 Stein am Rhein,2964,SH,real,True,15.11.2024,2707466,1279858
100979228,10031616,1616257,Bollstieg,18,8260 Stein am Rhein,2964,SH,real,True,15.11.2024,2707449,1279862
100979229,10031616,1616258,Bollstieg,16,8260 Stein am Rhein,2964,SH,real,True,15.11.2024,2707441,1279856
100979230,10031926,1616259,Im Boll,6,8260 Stein am Rhein,2964,SH,real,True,15.11.2024,2707368,1279850
100979231,10031926,1616260,Im Boll,16,8260 Stein am Rhein,2964,SH,real,True,15.11.2024,2707282,1279847
100979232,10031926,1616261,Im Boll,14,8260 Stein am Rhein,2964,SH,real,True,15.11.2024,2707287,1279833
100979233,10031926,1616263,Im Boll,20,8260 Stein am Rhein,2964,SH,real,True,15.11.2024,2707244,1279824
100979234,10031616,1616266,Bollstieg,6a,8260 Stein am Rhein,2964,SH,real,True,15.11.2024,2707402,1279760
100979235,10031616,1616267,Bollstieg,2,8260 Stein am Rhein,2964,SH,real,True,15.11.2024,2707341,1279733
100979236,10179753,1616270,Alte Zollstrasse,13,8260 Stein am Rhein,2964,SH,real,True,15.11.2024,2707476,1279770
100979237,10179753,1616271,Alte Zollstrasse,17,8260 Stein am Rhein,2964,SH,real,True,15.11.2024,2707539,1279791
100979238,10179753,1616272,Alte Zollstrasse,19,8260 Stein am Rhein,2964,SH,real,True,15.11.2024,2707567,1279805
100979239,10117741,1616273,Oehningerstrasse,4,8260 Stein am Rhein,2964,SH,real,True,15.11.2024,2706937,1279726
100979240,10117741,1616275,Oehningerstrasse,8,8260 Stein am Rhein,2964,SH,real,True,15.11.2024,2706969,1279732
100979241,10091107,1616276,Zollikof,4,8260 Stein am Rhein,2964,SH,real,True,15.11.2024,2707003,1279658
100979242,10117741,1616277,Oehningerstrasse,10,8260 Stein am Rhein,2964,SH,real,True,15.11.2024,2707009,1279730
100979244,10117741,1616278,Oehningerstrasse,7,8260 Stein am Rhein,2964,SH,real,True,15.11.2024,2706998,1279757
100979245,10090058,1616280,Mühlenstrasse,10,8260 Stein am Rhein,2964,SH,real,True,15.11.2024,2706994,1279843
100979247,10117741,1616283,Oehningerstrasse,14,8260 Stein am Rhein,2964,SH,real,True,15.11.2024,2707131,1279672
100979248,10117741,1616284,Oehningerstrasse,18,8260 Stein am Rhein,2964,SH,real,True,15.11.2024,2707205,1279668
100979249,10117741,1616286,Oehningerstrasse,22,8260 Stein am Rhein,2964,SH,real,True,15.11.2024,2707253,1279638
100979250,10117741,1616287,Oehningerstrasse,11,8260 Stein am Rhein,2964,SH,real,True,15.11.2024,2707048,1279741
100979251,10091107,1616288,Zollikof,7,8260 Stein am Rhein,2964,SH,real,True,15.11.2024,2707044,1279645
100979252,10091107,1616289,Zollikof,5,8260 Stein am Rhein,2964,SH,real,True,15.11.2024,2707029,1279653
100979253,10031931,1616290,Orichhöhe,2,8260 Stein am Rhein,2964,SH,real,True,15.11.2024,2707314,1279683
100979254,10117741,1616291,Oehningerstrasse,23,8260 Stein am Rhein,2964,SH,real,True,15.11.2024,2707284,1279664
100979255,10117741,1616292,Oehningerstrasse,24,8260 Stein am Rhein,2964,SH,real,True,15.11.2024,2707291,1279640
100979256,10117741,1616293,Oehningerstrasse,25,8260 Stein am Rhein,2964,SH,real,True,15.11.2024,2707314,1279659
100979257,10117741,1616294,Oehningerstrasse,26,8260 Stein am Rhein,2964,SH,real,True,15.11.2024,2707325,1279626
100979258,10117741,1616297,Oehningerstrasse,59,8260 Stein am Rhein,2964,SH,real,True,15.11.2024,2707734,1279705
100979259,10117741,1616298,Oehningerstrasse,65,8260 Stein am Rhein,2964,SH,real,True,15.11.2024,2707802,1279797
100979261,10117741,1616303,Oehningerstrasse,37,8260 Stein am Rhein,2964,SH,real,True,15.11.2024,2707488,1279620
100979262,10113201,1614118,Reiatstrasse,28,8200 Schaffhausen,2939,SH,real,True,15.11.2024,2690556,1284036
100979263,10073022,1614119,Alpenstrasse,49,8200 Schaffhausen,2939,SH,real,True,15.11.2024,2690621,1283866
100979264,10073022,1614120,Alpenstrasse,51,8200 Schaffhausen,2939,SH,real,True,15.11.2024,2690643,1283865
100979265,10086492,1614121,Hegaustrasse,19,8200 Schaffhausen,2939,SH,real,True,15.11.2024,2690508,1284049
100979266,10086492,1614122,Hegaustrasse,21,8200 Schaffhausen,2939,SH,real,True,15.11.2024,2690518,1284051
100979267,10086492,1614123,Hegaustrasse,23,8200 Schaffhausen,2939,SH,real,True,15.11.2024,2690542,1284053
100979268,10086492,1614124,Hegaustrasse,25,8200 Schaffhausen,2939,SH,real,True,15.11.2024,2690564,1284071
100979269,10031931,1616317,Orichhöhe,15,8260 Stein am Rhein,2964,SH,real,True,15.11.2024,2707516,1279688
100979270,10031931,1616319,Orichhöhe,19,8260 Stein am Rhein,2964,SH,real,True,15.11.2024,2707510,1279742
100979271,10179757,1616320,Rhigüetli,1,8260 Stein am Rhein,2964,SH,real,True,15.11.2024,2707799,1279410
100979272,10117741,1616324,Oehningerstrasse,2,8260 Stein am Rhein,2964,SH,real,True,15.11.2024,2706871,1279702
100979274,10073090,1616326,Grossi Schanz,4,8260 Stein am Rhein,2964,SH,real,True,15.11.2024,2706925,1279799
100979275,10073090,1616327,Grossi Schanz,6,8260 Stein am Rhein,2964,SH,real,True,15.11.2024,2706891,1279812
100979276,10031619,1616328,Chlini Schanz,4,8260 Stein am Rhein,2964,SH,real,True,15.11.2024,2706848,1279790
100979354,10031937,1616337,Spittelmüli,4,8260 Stein am Rhein,2964,SH,real,True,15.11.2024,2706909,1279849
100979355,10031937,1616338,Spittelmüli,6,8260 Stein am Rhein,2964,SH,real,True,15.11.2024,2706920,1279843
100979356,10031937,1616339,Spittelmüli,8,8260 Stein am Rhein,2964,SH,real,True,15.11.2024,2706935,1279833
100979357,10179756,1616340,Langstuck,5,8260 Stein am Rhein,2964,SH,real,True,15.11.2024,2706825,1279978
100979358,10073090,1616341,Grossi Schanz,14,8260 Stein am Rhein,2964,SH,real,True,15.11.2024,2706799,1279990
100979359,10073090,1616343,Grossi Schanz,16,8260 Stein am Rhein,2964,SH,real,True,15.11.2024,2706776,1279997
100979360,10073090,1616344,Grossi Schanz,22,8260 Stein am Rhein,2964,SH,real,True,15.11.2024,2706678,1280010
100980421,10018634,1610208,Fronwagplatz,26,8200 Schaffhausen,2939,SH,real,True,15.11.2024,2689707,1283656
100980422,10123290,1610209,Krummgasse,25,8200 Schaffhausen,2939,SH,real,True,15.11.2024,2689772,1283675
100980423,10113206,1610210,Vorstadt,18,8200 Schaffhausen,2939,SH,real,True,15.11.2024,2689739,1283722
100980424,10113206,1610211,Vorstadt,12,8200 Schaffhausen,2939,SH,real,True,15.11.2024,2689729,1283700
100980425,10123290,1610212,Krummgasse,2,8200 Schaffhausen,2939,SH,real,True,15.11.2024,2689760,1283613
100980426,10123290,1610213,Krummgasse,8,8200 Schaffhausen,2939,SH,real,True,15.11.2024,2689761,1283650
100980427,10019789,1610214,Walther-Bringolf-Platz,3,8200 Schaffhausen,2939,SH,real,True,15.11.2024,2689790,1283682
100980428,10019802,1610215,Safrangasse,5,8200 Schaffhausen,2939,SH,real,True,15.11.2024,2689812,1283649
100980429,10019802,1610216,Safrangasse,7,8200 Schaffhausen,2939,SH,real,True,15.11.2024,2689811,1283656
100980430,10104965,1610217,Kirchhofplatz,12,8200 Schaffhausen,2939,SH,real,True,15.11.2024,2689872,1283622
100980431,10104965,1610218,Kirchhofplatz,13,8200 Schaffhausen,2939,SH,real,True,15.11.2024,2689878,1283630
100980432,10104965,1610219,Kirchhofplatz,14,8200 Schaffhausen,2939,SH,real,True,15.11.2024,2689893,1283632
100980433,10179724,1610220,Pfrundhausgasse,15,8200 Schaffhausen,2939,SH,real,True,15.11.2024,2689902,1283696
100980443,10025690,1610227,Stadthausgasse,4,8200 Schaffhausen,2939,SH,real,True,15.11.2024,2689853,1283614
100980444,10104965,1610230,Kirchhofplatz,19,8200 Schaffhausen,2939,SH,real,True,15.11.2024,2689912,1283591
100980445,10104965,1610231,Kirchhofplatz,15,8200 Schaffhausen,2939,SH,real,True,15.11.2024,2689921,1283635
100980446,10179724,1610232,Pfrundhausgasse,8,8200 Schaffhausen,2939,SH,real,True,15.11.2024,2689913,1283671
100980447,10018634,1610233,Fronwagplatz,10,8200 Schaffhausen,2939,SH,real,True,15.11.2024,2689708,1283573
100980448,10018634,1610234,Fronwagplatz,12,8200 Schaffhausen,2939,SH,real,True,15.11.2024,2689707,1283584
100980449,10018634,1610235,Fronwagplatz,14,8200 Schaffhausen,2939,SH,real,True,15.11.2024,2689706,1283591
100980450,10025688,1610236,Sporrengasse,5,8200 Schaffhausen,2939,SH,real,True,15.11.2024,2689782,1283571
100980451,10025688,1610238,Sporrengasse,9,8200 Schaffhausen,2939,SH,real,True,15.11.2024,2689780,1283589
100980452,10025690,1610240,Stadthausgasse,19,8200 Schaffhausen,2939,SH,real,True,15.11.2024,2689761,1283604
100980453,10025690,1610241,Stadthausgasse,21,8200 Schaffhausen,2939,SH,real,True,15.11.2024,2689754,1283603
100980454,10025690,1610243,Stadthausgasse,27,8200 Schaffhausen,2939,SH,real,True,15.11.2024,2689735,1283602
100980455,10025690,1610244,Stadthausgasse,29,8200 Schaffhausen,2939,SH,real,True,15.11.2024,2689726,1283601
100980456,10073076,1610245,Vordergasse,70,8200 Schaffhausen,2939,SH,real,True,15.11.2024,2689770,1283549
100980458,10073076,1610247,Vordergasse,74,8200 Schaffhausen,2939,SH,real,True,15.11.2024,2689754,1283550
100980459,10073076,1610248,Vordergasse,76,8200 Schaffhausen,2939,SH,real,True,15.11.2024,2689747,1283551
100980460,10073076,1610249,Vordergasse,84,8200 Schaffhausen,2939,SH,real,True,15.11.2024,2689724,1283553
100980461,10073076,1610249,Vordergasse,80,8200 Schaffhausen,2939,SH,real,True,15.11.2024,2689733,1283553
100980462,10073076,1610249,Vordergasse,82,8200 Schaffhausen,2939,SH,real,True,15.11.2024,2689730,1283553
100980463,10073076,1610250,Vordergasse,86,8200 Schaffhausen,2939,SH,real,True,15.11.2024,2689718,1283554
100980464,10018634,1610250,Fronwagplatz,6,8200 Schaffhausen,2939,SH,real,True,15.11.2024,2689709,1283564
100980465,10104965,1610252,Kirchhofplatz,7,8200 Schaffhausen,2939,SH,real,True,15.11.2024,2689858,1283575
100980466,10104965,1610253,Kirchhofplatz,10,8200 Schaffhausen,2939,SH,real,True,15.11.2024,2689865,1283600
100980467,10086769,1610254,Kronengässchen,3,8200 Schaffhausen,2939,SH,real,True,15.11.2024,2689854,1283556
100980469,10073076,1610256,Vordergasse,56,8200 Schaffhausen,2939,SH,real,True,15.11.2024,2689830,1283541
100980470,10025701,1610256,Tunnelgässchen,2,8200 Schaffhausen,2939,SH,real,True,15.11.2024,2689829,1283561
100980471,10073076,1610257,Vordergasse,60,8200 Schaffhausen,2939,SH,real,True,15.11.2024,2689810,1283546
100980472,10073076,1610258,Vordergasse,62,8200 Schaffhausen,2939,SH,real,True,15.11.2024,2689802,1283547
100980473,10025688,1610259,Sporrengasse,2,8200 Schaffhausen,2939,SH,real,True,15.11.2024,2689787,1283563
100980474,10025688,1610260,Sporrengasse,10,8200 Schaffhausen,2939,SH,real,True,15.11.2024,2689783,1283605
100980475,10104965,1610262,Kirchhofplatz,9,8200 Schaffhausen,2939,SH,real,True,15.11.2024,2689863,1283595
100980476,10073076,1610263,Vordergasse,36,8200 Schaffhausen,2939,SH,real,True,15.11.2024,2689923,1283529
100980477,10073076,1610264,Vordergasse,34,8200 Schaffhausen,2939,SH,real,True,15.11.2024,2689935,1283526
100980478,10073076,1610264,Vordergasse,32,8200 Schaffhausen,2939,SH,real,True,15.11.2024,2689941,1283527
100980479,10073076,1610265,Vordergasse,30,8200 Schaffhausen,2939,SH,real,True,15.11.2024,2689949,1283528
100980480,10073076,1610265,Vordergasse,30a,8200 Schaffhausen,2939,SH,real,True,15.11.2024,2689944,1283545
100980481,10073076,1610266,Vordergasse,28,8200 Schaffhausen,2939,SH,real,True,15.11.2024,2689957,1283529
100980482,10073076,1610267,Vordergasse,26,8200 Schaffhausen,2939,SH,real,True,15.11.2024,2689969,1283530
100980483,10073076,1610268,Vordergasse,24,8200 Schaffhausen,2939,SH,real,True,15.11.2024,2689974,1283530
100980484,10086468,1610269,Ampelngasse,1,8200 Schaffhausen,2939,SH,real,True,15.11.2024,2689981,1283539
100980485,10086468,1610270,Ampelngasse,3,8200 Schaffhausen,2939,SH,real,True,15.11.2024,2689981,1283553
100980486,10073059,1610271,Pfarrhofgasse,9,8200 Schaffhausen,2939,SH,real,True,15.11.2024,2689961,1283582
100980487,10073059,1610271,Pfarrhofgasse,11,8200 Schaffhausen,2939,SH,real,True,15.11.2024,2689956,1283580
100980488,10086468,1610272,Ampelngasse,8,8200 Schaffhausen,2939,SH,real,True,15.11.2024,2689992,1283554
100980490,10086468,1610274,Ampelngasse,12,8200 Schaffhausen,2939,SH,real,True,15.11.2024,2690006,1283563
100980491,10086470,1610274,Bachstrasse,23,8200 Schaffhausen,2939,SH,real,True,15.11.2024,2690015,1283564
100980494,10073028,1610277,Brunnengasse,2,8200 Schaffhausen,2939,SH,real,True,15.11.2024,2690021,1283525
100980495,10086470,1610277,Bachstrasse,15,8200 Schaffhausen,2939,SH,real,True,15.11.2024,2690023,1283532
100980496,10073028,1610278,Brunnengasse,4,8200 Schaffhausen,2939,SH,real,True,15.11.2024,2690008,1283522
100980497,10073028,1610279,Brunnengasse,8,8200 Schaffhausen,2939,SH,real,True,15.11.2024,2689992,1283523
100980498,10073076,1610280,Vordergasse,4,8200 Schaffhausen,2939,SH,real,True,15.11.2024,2690020,1283498
100980499,10073028,1610280,Brunnengasse,1,8200 Schaffhausen,2939,SH,real,True,15.11.2024,2690015,1283519
100980500,10086470,1610280,Bachstrasse,13,8200 Schaffhausen,2939,SH,real,True,15.11.2024,2690029,1283505
100980501,10073076,1610281,Vordergasse,6,8200 Schaffhausen,2939,SH,real,True,15.11.2024,2690016,1283497
100980502,10073076,1610281,Vordergasse,8,8200 Schaffhausen,2939,SH,real,True,15.11.2024,2690006,1283497
100980506,10073076,1610284,Vordergasse,14,8200 Schaffhausen,2939,SH,real,True,15.11.2024,2689984,1283504
100980507,10073028,1610284,Brunnengasse,9,8200 Schaffhausen,2939,SH,real,True,15.11.2024,2689989,1283517
100980508,10073076,1610286,Vordergasse,18,8200 Schaffhausen,2939,SH,real,True,15.11.2024,2689974,1283508
100980509,10073028,1610287,Brunnengasse,3,8200 Schaffhausen,2939,SH,real,True,15.11.2024,2690012,1283518
100980510,10073028,1610287,Brunnengasse,5,8200 Schaffhausen,2939,SH,real,True,15.11.2024,2690004,1283517
100980511,10073056,1610288,Neustadt,75,8200 Schaffhausen,2939,SH,real,True,15.11.2024,2689596,1283507
100980512,10073056,1610290,Neustadt,79,8200 Schaffhausen,2939,SH,real,True,15.11.2024,2689597,1283518
100980513,10073056,1610291,Neustadt,81,8200 Schaffhausen,2939,SH,real,True,15.11.2024,2689598,1283523
100980514,10073056,1610292,Neustadt,83,8200 Schaffhausen,2939,SH,real,True,15.11.2024,2689597,1283536
100980515,10073056,1610293,Neustadt,85,8200 Schaffhausen,2939,SH,real,True,15.11.2024,2689597,1283542
100980516,10073057,1610294,Oberstadt,19,8200 Schaffhausen,2939,SH,real,True,15.11.2024,2689595,1283564
100980517,10073056,1610294,Neustadt,87,8200 Schaffhausen,2939,SH,real,True,15.11.2024,2689597,1283549
100980518,10073057,1610295,Oberstadt,21,8200 Schaffhausen,2939,SH,real,True,15.11.2024,2689587,1283565
100980519,10018642,1610297,Grabenstrasse,64,8200 Schaffhausen,2939,SH,real,True,15.11.2024,2689568,1283485
100980520,10073056,1610298,Neustadt,53,8200 Schaffhausen,2939,SH,real,True,15.11.2024,2689593,1283440
100980521,10073056,1610299,Neustadt,57,8200 Schaffhausen,2939,SH,real,True,15.11.2024,2689593,1283453
100980522,10073056,1610300,Neustadt,59,8200 Schaffhausen,2939,SH,real,True,15.11.2024,2689593,1283458
100980523,10073056,1610301,Neustadt,61,8200 Schaffhausen,2939,SH,real,True,15.11.2024,2689594,1283464
100980524,10073056,1610302,Neustadt,63,8200 Schaffhausen,2939,SH,real,True,15.11.2024,2689594,1283470
100980525,10073056,1610303,Neustadt,65,8200 Schaffhausen,2939,SH,real,True,15.11.2024,2689594,1283476
100980526,10073056,1610304,Neustadt,67,8200 Schaffhausen,2939,SH,real,True,15.11.2024,2689594,1283482
100980527,10073056,1610305,Neustadt,69,8200 Schaffhausen,2939,SH,real,True,15.11.2024,2689595,1283488
100980529,10018630,1612044,Floraweg,15,8200 Schaffhausen,2939,SH,real,True,15.11.2024,2689290,1285078
100980530,10018630,1612045,Floraweg,17,8200 Schaffhausen,2939,SH,real,True,15.11.2024,2689279,1285063
100980531,10085721,1612046,Lochstrasse,49,8200 Schaffhausen,2939,SH,real,True,15.11.2024,2689333,1285031
100980532,10085721,1612047,Lochstrasse,51,8200 Schaffhausen,2939,SH,real,True,15.11.2024,2689336,1285036
100984794,10161547,191559832,Im Brand,26,8200 Schaffhausen,2939,SH,real,True,15.11.2024,2690288,1286708
100987803,10085754,1611024,Urwerf,17,8200 Schaffhausen,2939,SH,real,True,15.11.2024,2688879,1283360
100987804,10085754,1611025,Urwerf,17a,8200 Schaffhausen,2939,SH,real,True,15.11.2024,2688869,1283363
100987805,10085754,1611027,Urwerf,27,8200 Schaffhausen,2939,SH,real,True,15.11.2024,2688920,1283391
100987806,10085754,1611028,Urwerf,31,8200 Schaffhausen,2939,SH,real,True,15.11.2024,2688846,1283349
100987807,10085754,1611029,Urwerf,33,8200 Schaffhausen,2939,SH,real,True,15.11.2024,2688856,1283347
100987808,10085754,1611030,Urwerf,35,8200 Schaffhausen,2939,SH,real,True,15.11.2024,2688862,1283343
100987889,10237812,1609209,Dorfstrasse,32,8240 Thayngen,2920,SH,real,True,15.11.2024,2695373,1289333
100987890,10237812,1609210,Dorfstrasse,26,8240 Thayngen,2920,SH,real,True,15.11.2024,2695343,1289301
100987891,10237812,1609211,Dorfstrasse,12,8240 Thayngen,2920,SH,real,True,15.11.2024,2695286,1289337
100987892,10058933,1609212,Kirchplatz,2,8240 Thayngen,2920,SH,real,True,15.11.2024,2695411,1289309
100987893,10058933,1609213,Kirchplatz,12,8240 Thayngen,2920,SH,real,True,15.11.2024,2695474,1289292
100987984,10120421,1614826,Brünigstrasse,14,8200 Schaffhausen,2939,SH,real,True,15.11.2024,2690735,1283902
100987985,10018655,1614827,Hohenkrähenstrasse,6,8200 Schaffhausen,2939,SH,real,True,15.11.2024,2690666,1283917
100987986,10018655,1614828,Hohenkrähenstrasse,8,8200 Schaffhausen,2939,SH,real,True,15.11.2024,2690666,1283925
100987987,10018655,1614829,Hohenkrähenstrasse,10,8200 Schaffhausen,2939,SH,real,True,15.11.2024,2690668,1283944
100987988,10018655,1614830,Hohenkrähenstrasse,12,8200 Schaffhausen,2939,SH,real,True,15.11.2024,2690669,1283953
100988070,10073066,1612893,Sommerau,3,8200 Schaffhausen,2939,SH,real,True,15.11.2024,2690478,1285617
100988071,10073069,1612894,Steingutstrasse,18,8200 Schaffhausen,2939,SH,real,True,15.11.2024,2690454,1285607
100988072,10073069,1612895,Steingutstrasse,56,8200 Schaffhausen,2939,SH,real,True,15.11.2024,2690568,1285718
100989035,10026388,1609166,Chlenglerweg,28,8240 Thayngen,2920,SH,real,True,15.11.2024,2696142,1289374
100989036,10026388,1609167,Chlenglerweg,32,8240 Thayngen,2920,SH,real,True,15.11.2024,2696168,1289380
100989037,10026388,1609168,Chlenglerweg,34,8240 Thayngen,2920,SH,real,True,15.11.2024,2696186,1289379
100989038,10026395,1609169,Im Abt,1,8240 Thayngen,2920,SH,real,True,15.11.2024,2696181,1289342
100989039,10111812,1609170,Ebringerstrasse,62,8240 Thayngen,2920,SH,real,True,15.11.2024,2696150,1289294
100989040,10111812,1609171,Ebringerstrasse,63,8240 Thayngen,2920,SH,real,True,15.11.2024,2696160,1289324
100989041,10111812,1609172,Ebringerstrasse,57,8240 Thayngen,2920,SH,real,True,15.11.2024,2696147,1289323
100989042,10111812,1609173,Ebringerstrasse,55,8240 Thayngen,2920,SH,real,True,15.11.2024,2696116,1289325
100989043,10111812,1609174,Ebringerstrasse,54,8240 Thayngen,2920,SH,real,True,15.11.2024,2696104,1289297
100989044,10111812,1609175,Ebringerstrasse,52,8240 Thayngen,2920,SH,real,True,15.11.2024,2696096,1289297
100989045,10111812,1609176,Ebringerstrasse,39,8240 Thayngen,2920,SH,real,True,15.11.2024,2696026,1289326
100989046,10111812,1609177,Ebringerstrasse,37,8240 Thayngen,2920,SH,real,True,15.11.2024,2695999,1289330
100989047,10026393,1609178,Hugisauweg,6,8240 Thayngen,2920,SH,real,True,15.11.2024,2696210,1289256
100989048,10026393,1609180,Hugisauweg,10,8240 Thayngen,2920,SH,real,True,15.11.2024,2696171,1289252
100989049,10026393,1609181,Hugisauweg,12,8240 Thayngen,2920,SH,real,True,15.11.2024,2696154,1289250
100989050,10026393,1609182,Hugisauweg,14,8240 Thayngen,2920,SH,real,True,15.11.2024,2696136,1289249
100989051,10185484,1609183,Guggenbüelweg,2,8240 Thayngen,2920,SH,real,True,15.11.2024,2695511,1289187
100989052,10185484,1609184,Guggenbüelweg,4,8240 Thayngen,2920,SH,real,True,15.11.2024,2695520,1289183
100989053,10185484,1609186,Guggenbüelweg,15,8240 Thayngen,2920,SH,real,True,15.11.2024,2695605,1289175
100989054,10185484,1609187,Guggenbüelweg,17,8240 Thayngen,2920,SH,real,True,15.11.2024,2695638,1289165
100989055,10185484,1609188,Guggenbüelweg,18,8240 Thayngen,2920,SH,real,True,15.11.2024,2695633,1289153
100989056,10185484,1609191,Guggenbüelweg,23,8240 Thayngen,2920,SH,real,True,15.11.2024,2695709,1289173
100989057,10185484,1609192,Guggenbüelweg,24,8240 Thayngen,2920,SH,real,True,15.11.2024,2695688,1289153
100989058,10026381,1609194,Bahnweg,25,8240 Thayngen,2920,SH,real,True,15.11.2024,2695735,1289137
100989059,10026381,1609195,Bahnweg,23,8240 Thayngen,2920,SH,real,True,15.11.2024,2695703,1289135
100989060,10026381,1609197,Bahnweg,17,8240 Thayngen,2920,SH,real,True,15.11.2024,2695653,1289142
100989061,10026381,1609198,Bahnweg,1,8240 Thayngen,2920,SH,real,True,15.11.2024,2695492,1289137
100989062,10026381,1609199,Bahnweg,3,8240 Thayngen,2920,SH,real,True,15.11.2024,2695520,1289132
100989063,10026381,1609201,Bahnweg,7,8240 Thayngen,2920,SH,real,True,15.11.2024,2695577,1289129
100989064,10115148,1609204,Lochgässli,1,8240 Thayngen,2920,SH,real,True,15.11.2024,2695284,1289318
100989065,10237812,1609206,Dorfstrasse,6,8240 Thayngen,2920,SH,real,True,15.11.2024,2695238,1289323
100989066,10237812,1609207,Dorfstrasse,10,8240 Thayngen,2920,SH,real,True,15.11.2024,2695257,1289332
100989172,10180886,1611032,Urwerfhalde,8,8200 Schaffhausen,2939,SH,real,True,15.11.2024,2688964,1283491
100989173,10180886,1611033,Urwerfhalde,10,8200 Schaffhausen,2939,SH,real,True,15.11.2024,2688949,1283511
100989174,10180886,1611034,Urwerfhalde,12,8200 Schaffhausen,2939,SH,real,True,15.11.2024,2688926,1283528
100989175,10180886,1611035,Urwerfhalde,14,8200 Schaffhausen,2939,SH,real,True,15.11.2024,2688884,1283544
100989176,10085754,1611036,Urwerf,45,8200 Schaffhausen,2939,SH,real,True,15.11.2024,2688863,1283498
100989177,10085748,1611038,Stokarbergstrasse,114,8200 Schaffhausen,2939,SH,real,True,15.11.2024,2688596,1283458
100989178,10025707,1611039,Vorderenge,15,8200 Schaffhausen,2939,SH,real,True,15.11.2024,2688520,1283411
100989179,10025707,1611040,Vorderenge,9,8200 Schaffhausen,2939,SH,real,True,15.11.2024,2688552,1283447
100989180,10025707,1611042,Vorderenge,5,8200 Schaffhausen,2939,SH,real,True,15.11.2024,2688574,1283477
100989181,10108023,1611043,Im Radacker,4,8200 Schaffhausen,2939,SH,real,True,15.11.2024,2688572,1283415
100989182,10108023,1611044,Im Radacker,6,8200 Schaffhausen,2939,SH,real,True,15.11.2024,2688547,1283407
100989183,10073079,1611045,Oelbergstrasse,3,8200 Schaffhausen,2939,SH,real,True,15.11.2024,2688565,1283598
100989184,10073079,1611046,Oelbergstrasse,11,8200 Schaffhausen,2939,SH,real,True,15.11.2024,2688512,1283650
100989185,10019285,1611047,Burggütliweg,17,8200 Schaffhausen,2939,SH,real,True,15.11.2024,2688418,1283729
100989186,10019285,1611048,Burggütliweg,21,8200 Schaffhausen,2939,SH,real,True,15.11.2024,2688396,1283703
100989187,10179716,1611050,Hermann Rorschach-Strasse,3,8200 Schaffhausen,2939,SH,real,True,15.11.2024,2688512,1283944
100989188,10179716,1611052,Hermann Rorschach-Strasse,7,8200 Schaffhausen,2939,SH,real,True,15.11.2024,2688496,1283898
100989189,10179716,1611053,Hermann Rorschach-Strasse,9,8200 Schaffhausen,2939,SH,real,True,15.11.2024,2688485,1283866
100989190,10179716,1611054,Hermann Rorschach-Strasse,11,8200 Schaffhausen,2939,SH,real,True,15.11.2024,2688513,1283826
100989192,10179716,1611057,Hermann Rorschach-Strasse,25,8200 Schaffhausen,2939,SH,real,True,15.11.2024,2688546,1283705
100989193,10179716,1611059,Hermann Rorschach-Strasse,29,8200 Schaffhausen,2939,SH,real,True,15.11.2024,2688584,1283717
100989196,10073067,1611061,Sonnenburggutstrasse,7,8200 Schaffhausen,2939,SH,real,True,15.11.2024,2688617,1283631
100989198,10073067,1611063,Sonnenburggutstrasse,15,8200 Schaffhausen,2939,SH,real,True,15.11.2024,2688633,1283717
100989199,10073067,1611066,Sonnenburggutstrasse,51,8200 Schaffhausen,2939,SH,real,True,15.11.2024,2688656,1283882
100989200,10073067,1611067,Sonnenburggutstrasse,53,8200 Schaffhausen,2939,SH,real,True,15.11.2024,2688626,1283910
100989201,10179716,1611069,Hermann Rorschach-Strasse,2,8200 Schaffhausen,2939,SH,real,True,15.11.2024,2688477,1283951
100989202,10086479,1611070,Engehaldenweg,31,8200 Schaffhausen,2939,SH,real,True,15.11.2024,2688296,1283852
100989203,10086479,1611071,Engehaldenweg,32,8200 Schaffhausen,2939,SH,real,True,15.11.2024,2688306,1283867
100989204,10086479,1611072,Engehaldenweg,33,8200 Schaffhausen,2939,SH,real,True,15.11.2024,2688288,1283869
100989205,10086479,1611073,Engehaldenweg,34,8200 Schaffhausen,2939,SH,real,True,15.11.2024,2688299,1283885
100989206,10086479,1611076,Engehaldenweg,37,8200 Schaffhausen,2939,SH,real,True,15.11.2024,2688272,1283899
100989207,10086479,1611077,Engehaldenweg,38,8200 Schaffhausen,2939,SH,real,True,15.11.2024,2688283,1283912
100989208,10086479,1611078,Engehaldenweg,39,8200 Schaffhausen,2939,SH,real,True,15.11.2024,2688265,1283916
100989209,10086479,1611079,Engehaldenweg,40,8200 Schaffhausen,2939,SH,real,True,15.11.2024,2688277,1283927
100989210,10086479,1611080,Engehaldenweg,41,8200 Schaffhausen,2939,SH,real,True,15.11.2024,2688259,1283932
100989211,10086479,1611081,Engehaldenweg,42,8200 Schaffhausen,2939,SH,real,True,15.11.2024,2688270,1283941
100989212,10086479,1611083,Engehaldenweg,44,8200 Schaffhausen,2939,SH,real,True,15.11.2024,2688266,1283960
100989213,10086479,1611084,Engehaldenweg,45,8200 Schaffhausen,2939,SH,real,True,15.11.2024,2688250,1283961
100989214,10086479,1611085,Engehaldenweg,46,8200 Schaffhausen,2939,SH,real,True,15.11.2024,2688262,1283973
100989215,10086479,1611086,Engehaldenweg,47,8200 Schaffhausen,2939,SH,real,True,15.11.2024,2688245,1283978
100989216,10086479,1611088,Engehaldenweg,49,8200 Schaffhausen,2939,SH,real,True,15.11.2024,2688235,1283997
100989217,10180880,1611090,Engemattstrasse,31,8200 Schaffhausen,2939,SH,real,True,15.11.2024,2688328,1283879
100989218,10180880,1611092,Engemattstrasse,33,8200 Schaffhausen,2939,SH,real,True,15.11.2024,2688321,1283897
100989219,10180880,1611093,Engemattstrasse,34,8200 Schaffhausen,2939,SH,real,True,15.11.2024,2688326,1283928
100989220,10180880,1611094,Engemattstrasse,35,8200 Schaffhausen,2939,SH,real,True,15.11.2024,2688314,1283916
100989221,10180880,1611095,Engemattstrasse,36,8200 Schaffhausen,2939,SH,real,True,15.11.2024,2688319,1283948
100989222,10180880,1611096,Engemattstrasse,37,8200 Schaffhausen,2939,SH,real,True,15.11.2024,2688308,1283934
100989223,10180880,1611097,Engemattstrasse,38,8200 Schaffhausen,2939,SH,real,True,15.11.2024,2688313,1283967
100989224,10180880,1611098,Engemattstrasse,39,8200 Schaffhausen,2939,SH,real,True,15.11.2024,2688302,1283952
100989225,10180880,1611099,Engemattstrasse,40,8200 Schaffhausen,2939,SH,real,True,15.11.2024,2688308,1283987
100989226,10180880,1611100,Engemattstrasse,41,8200 Schaffhausen,2939,SH,real,True,15.11.2024,2688297,1283970
100989227,10180880,1611101,Engemattstrasse,43,8200 Schaffhausen,2939,SH,real,True,15.11.2024,2688292,1283988
100989228,10019781,1611103,Neherstieg,33,8200 Schaffhausen,2939,SH,real,True,15.11.2024,2688365,1283914
100989229,10019781,1611104,Neherstieg,35,8200 Schaffhausen,2939,SH,real,True,15.11.2024,2688357,1283935
100989230,10019781,1611105,Neherstieg,37,8200 Schaffhausen,2939,SH,real,True,15.11.2024,2688353,1283950
100989231,10019781,1611106,Neherstieg,39,8200 Schaffhausen,2939,SH,real,True,15.11.2024,2688344,1283972
100989232,10046631,1612863,St. Peterstrasse,11,8200 Schaffhausen,2939,SH,real,True,15.11.2024,2690867,1285844
100989233,10046631,1612864,St. Peterstrasse,15,8200 Schaffhausen,2939,SH,real,True,15.11.2024,2690932,1285821
100989234,10046631,1612865,St. Peterstrasse,17,8200 Schaffhausen,2939,SH,real,True,15.11.2024,2690945,1285831
100989235,10046631,1612866,St. Peterstrasse,19,8200 Schaffhausen,2939,SH,real,True,15.11.2024,2690926,1285799
100989236,10018654,1612868,Hochstrasse,239,8200 Schaffhausen,2939,SH,real,True,15.11.2024,2690328,1285452
100989237,10018654,1612869,Hochstrasse,241,8200 Schaffhausen,2939,SH,real,True,15.11.2024,2690347,1285473
100989239,10018654,1612871,Hochstrasse,245,8200 Schaffhausen,2939,SH,real,True,15.11.2024,2690376,1285493
100989240,10018654,1612872,Hochstrasse,247,8200 Schaffhausen,2939,SH,real,True,15.11.2024,2690365,1285508
100989241,10018654,1612873,Hochstrasse,249,8200 Schaffhausen,2939,SH,real,True,15.11.2024,2690352,1285522
100989242,10018654,1612874,Hochstrasse,251,8200 Schaffhausen,2939,SH,real,True,15.11.2024,2690405,1285512
100989243,10018654,1612876,Hochstrasse,255,8200 Schaffhausen,2939,SH,real,True,15.11.2024,2690378,1285544
100989244,10018654,1612877,Hochstrasse,257,8200 Schaffhausen,2939,SH,real,True,15.11.2024,2690431,1285533
100989245,10018654,1612880,Hochstrasse,263,8200 Schaffhausen,2939,SH,real,True,15.11.2024,2690457,1285553
100989246,10018654,1612881,Hochstrasse,265,8200 Schaffhausen,2939,SH,real,True,15.11.2024,2690443,1285571
100989247,10018654,1612882,Hochstrasse,269,8200 Schaffhausen,2939,SH,real,True,15.11.2024,2690481,1285575
100989248,10018654,1612883,Hochstrasse,271,8200 Schaffhausen,2939,SH,real,True,15.11.2024,2690468,1285591
100989249,10018654,1612885,Hochstrasse,273,8200 Schaffhausen,2939,SH,real,True,15.11.2024,2690491,1285584
100989250,10018654,1612888,Hochstrasse,283,8200 Schaffhausen,2939,SH,real,True,15.11.2024,2690546,1285635
100989251,10018654,1612890,Hochstrasse,291,8200 Schaffhausen,2939,SH,real,True,15.11.2024,2690575,1285647
100989258,10026382,1609215,Baumgartenweg,15,8240 Thayngen,2920,SH,real,True,15.11.2024,2695561,1289214
100989259,10087059,1609216,Schärrersgässli,3,8240 Thayngen,2920,SH,real,True,15.11.2024,2695471,1289205
100989260,10026387,1609217,Brühlstrasse,21,8240 Thayngen,2920,SH,real,True,15.11.2024,2695430,1289201
100989261,10058933,1609219,Kirchplatz,8,8240 Thayngen,2920,SH,real,True,15.11.2024,2695476,1289326
100989262,10018155,1609220,Wanngasse,20,8240 Thayngen,2920,SH,real,True,15.11.2024,2695606,1289321
100989263,10018155,1609221,Wanngasse,26,8240 Thayngen,2920,SH,real,True,15.11.2024,2695627,1289315
100989264,10018155,1609221,Wanngasse,28,8240 Thayngen,2920,SH,real,True,15.11.2024,2695639,1289313
100989265,10018155,1609222,Wanngasse,6,8240 Thayngen,2920,SH,real,True,15.11.2024,2695501,1289327
100989266,10018155,1609224,Wanngasse,12,8240 Thayngen,2920,SH,real,True,15.11.2024,2695538,1289323
100989267,10018155,1609225,Wanngasse,16,8240 Thayngen,2920,SH,real,True,15.11.2024,2695563,1289322
100989268,10018139,1609227,Im Winkel,2,8240 Thayngen,2920,SH,real,True,15.11.2024,2695453,1289271
100989269,10018139,1609228,Im Winkel,4,8240 Thayngen,2920,SH,real,True,15.11.2024,2695463,1289256
100989270,10018139,1609229,Im Winkel,5,8240 Thayngen,2920,SH,real,True,15.11.2024,2695491,1289259
100989271,10018139,1609230,Im Winkel,6,8240 Thayngen,2920,SH,real,True,15.11.2024,2695479,1289243
100989272,10018139,1609231,Im Winkel,9,8240 Thayngen,2920,SH,real,True,15.11.2024,2695516,1289275
100989273,10018139,1609233,Im Winkel,11,8240 Thayngen,2920,SH,real,True,15.11.2024,2695496,1289284
100989274,10018155,1609235,Wanngasse,22,8240 Thayngen,2920,SH,real,True,15.11.2024,2695600,1289314
100989275,10018155,1609236,Wanngasse,24,8240 Thayngen,2920,SH,real,True,15.11.2024,2695595,1289307
100989276,10111811,1609237,Barterweg,15,8240 Thayngen,2920,SH,real,True,15.11.2024,2695746,1289478
100989277,10185483,1609238,Buchbergstrasse,24,8240 Thayngen,2920,SH,real,True,15.11.2024,2695800,1289468
100989278,10185483,1609239,Buchbergstrasse,17,8240 Thayngen,2920,SH,real,True,15.11.2024,2695753,1289519
100989279,10185483,1609240,Buchbergstrasse,15,8240 Thayngen,2920,SH,real,True,15.11.2024,2695737,1289531
100989280,10185483,1609241,Buchbergstrasse,14,8240 Thayngen,2920,SH,real,True,15.11.2024,2695726,1289542
100989281,10111811,1609242,Barterweg,13,8240 Thayngen,2920,SH,real,True,15.11.2024,2695717,1289486
100989282,10185483,1609245,Buchbergstrasse,11,8240 Thayngen,2920,SH,real,True,15.11.2024,2695677,1289557
100989283,10087044,1609246,Aeckerlistrasse,9,8240 Thayngen,2920,SH,real,True,15.11.2024,2695644,1289494
100989284,10087044,1609247,Aeckerlistrasse,11,8240 Thayngen,2920,SH,real,True,15.11.2024,2695660,1289492
100989285,10087044,1609248,Aeckerlistrasse,7,8240 Thayngen,2920,SH,real,True,15.11.2024,2695636,1289495
100989286,10087044,1609249,Aeckerlistrasse,5,8240 Thayngen,2920,SH,real,True,15.11.2024,2695620,1289518
100989287,10111811,1609250,Barterweg,12,8240 Thayngen,2920,SH,real,True,15.11.2024,2695681,1289478
100989288,10087044,1609251,Aeckerlistrasse,17,8240 Thayngen,2920,SH,real,True,15.11.2024,2695680,1289464
100989289,10087044,1609252,Aeckerlistrasse,20,8240 Thayngen,2920,SH,real,True,15.11.2024,2695644,1289422
100989290,10185483,1609253,Buchbergstrasse,16,8240 Thayngen,2920,SH,real,True,15.11.2024,2695738,1289503
100989291,10087044,1609254,Aeckerlistrasse,26,8240 Thayngen,2920,SH,real,True,15.11.2024,2695702,1289386
100989292,10111811,1609255,Barterweg,14,8240 Thayngen,2920,SH,real,True,15.11.2024,2695710,1289466
100989293,10111811,1609257,Barterweg,18,8240 Thayngen,2920,SH,real,True,15.11.2024,2695741,1289443
100989294,10111811,1609258,Barterweg,25,8240 Thayngen,2920,SH,real,True,15.11.2024,2695805,1289432
100989295,10111811,1609259,Barterweg,27,8240 Thayngen,2920,SH,real,True,15.11.2024,2695823,1289436
100989296,10111811,1609260,Barterweg,29,8240 Thayngen,2920,SH,real,True,15.11.2024,2695843,1289421
100989297,10185483,1609261,Buchbergstrasse,22,8240 Thayngen,2920,SH,real,True,15.11.2024,2695775,1289472
100989298,10237818,1609263,Rebbergstrasse,5,8240 Thayngen,2920,SH,real,True,15.11.2024,2695729,1289354
100989299,10018155,1609264,Wanngasse,39,8240 Thayngen,2920,SH,real,True,15.11.2024,2695705,1289312
100989300,10018155,1609265,Wanngasse,37,8240 Thayngen,2920,SH,real,True,15.11.2024,2695687,1289315
100989301,10018155,1609266,Wanngasse,27,8240 Thayngen,2920,SH,real,True,15.11.2024,2695641,1289331
100989302,10018155,1609267,Wanngasse,25,8240 Thayngen,2920,SH,real,True,15.11.2024,2695629,1289334
100989303,10117540,1609268,Franzengässli,4,8240 Thayngen,2920,SH,real,True,15.11.2024,2695611,1289360
100989304,10117540,1609270,Franzengässli,10,8240 Thayngen,2920,SH,real,True,15.11.2024,2695606,1289391
100989305,10237818,1609271,Rebbergstrasse,49,8240 Thayngen,2920,SH,real,True,15.11.2024,2695988,1289454
100989306,10237818,1609273,Rebbergstrasse,53,8240 Thayngen,2920,SH,real,True,15.11.2024,2696034,1289471
100989307,10237818,1609274,Rebbergstrasse,55,8240 Thayngen,2920,SH,real,True,15.11.2024,2696045,1289475
100989308,10237818,1609277,Rebbergstrasse,75,8240 Thayngen,2920,SH,real,True,15.11.2024,2696205,1289499
100989309,10185483,1609278,Buchbergstrasse,46,8240 Thayngen,2920,SH,real,True,15.11.2024,2696031,1289528
100989310,10018155,1609280,Wanngasse,29,8240 Thayngen,2920,SH,real,True,15.11.2024,2695654,1289328
100989311,10120409,1609282,Schulstrasse,4,8240 Thayngen,2920,SH,real,True,15.11.2024,2695385,1289392
100989312,10085748,1610991,Stokarbergstrasse,95,8200 Schaffhausen,2939,SH,real,True,15.11.2024,2688746,1283617
100989313,10085748,1610992,Stokarbergstrasse,97,8200 Schaffhausen,2939,SH,real,True,15.11.2024,2688723,1283599
100989314,10085748,1610993,Stokarbergstrasse,99,8200 Schaffhausen,2939,SH,real,True,15.11.2024,2688698,1283592
100989315,10085748,1610995,Stokarbergstrasse,119,8200 Schaffhausen,2939,SH,real,True,15.11.2024,2688634,1283543
100989316,10085748,1610996,Stokarbergstrasse,125,8200 Schaffhausen,2939,SH,real,True,15.11.2024,2688628,1283498
100989317,10085748,1610998,Stokarbergstrasse,21,8200 Schaffhausen,2939,SH,real,True,15.11.2024,2689126,1283705
100989318,10086764,1610999,Im Storchen,2,8212 Neuhausen am Rheinfall,2939,SH,real,True,15.11.2024,2688742,1283394
100989319,10086764,1611000,Im Storchen,3,8212 Neuhausen am Rheinfall,2939,SH,real,True,15.11.2024,2688702,1283434
100989320,10086764,1611001,Im Storchen,4,8212 Neuhausen am Rheinfall,2939,SH,real,True,15.11.2024,2688752,1283421
100989321,10086764,1611002,Im Storchen,6,8212 Neuhausen am Rheinfall,2939,SH,real,True,15.11.2024,2688745,1283448
100989322,10085748,1611003,Stokarbergstrasse,105,8200 Schaffhausen,2939,SH,real,True,15.11.2024,2688732,1283533
100989323,10025694,1611005,Stokarweg,3,8200 Schaffhausen,2939,SH,real,True,15.11.2024,2689010,1283500
100989324,10085754,1611007,Urwerf,9b,8200 Schaffhausen,2939,SH,real,True,15.11.2024,2688849,1283308
100989325,10085754,1611008,Urwerf,7,8200 Schaffhausen,2939,SH,real,True,15.11.2024,2688892,1283274
100989326,10085754,1611010,Urwerf,5,8200 Schaffhausen,2939,SH,real,True,15.11.2024,2688917,1283286
100989327,10085754,1611011,Urwerf,5a,8200 Schaffhausen,2939,SH,real,True,15.11.2024,2688913,1283291
100989328,10085754,1611016,Urwerf,9,8200 Schaffhausen,2939,SH,real,True,15.11.2024,2688865,1283303
100989329,10085754,1611017,Urwerf,11,8200 Schaffhausen,2939,SH,real,True,15.11.2024,2688918,1283323
100989330,10085754,1611018,Urwerf,11a,8200 Schaffhausen,2939,SH,real,True,15.11.2024,2688914,1283327
100989331,10085754,1611019,Urwerf,13,8200 Schaffhausen,2939,SH,real,True,15.11.2024,2688922,1283351
100989332,10085754,1611020,Urwerf,13a,8200 Schaffhausen,2939,SH,real,True,15.11.2024,2688916,1283354
100989333,10085754,1611021,Urwerf,13b,8200 Schaffhausen,2939,SH,real,True,15.11.2024,2688905,1283356
100989334,10085754,1611022,Urwerf,15,8200 Schaffhausen,2939,SH,real,True,15.11.2024,2688888,1283353
100989335,10085754,1611023,Urwerf,15a,8200 Schaffhausen,2939,SH,real,True,15.11.2024,2688884,1283357
100989343,10018655,1614831,Hohenkrähenstrasse,14,8200 Schaffhausen,2939,SH,real,True,15.11.2024,2690671,1283972
100989344,10018655,1614832,Hohenkrähenstrasse,16,8200 Schaffhausen,2939,SH,real,True,15.11.2024,2690672,1283981
100989345,10085746,1614833,Stauffacherstrasse,14,8200 Schaffhausen,2939,SH,real,True,15.11.2024,2690787,1283932
100989346,10085746,1614835,Stauffacherstrasse,18,8200 Schaffhausen,2939,SH,real,True,15.11.2024,2690815,1283953
100989347,10085746,1614836,Stauffacherstrasse,22,8200 Schaffhausen,2939,SH,real,True,15.11.2024,2690847,1283939
100989348,10085746,1614838,Stauffacherstrasse,26,8200 Schaffhausen,2939,SH,real,True,15.11.2024,2690873,1283926
100989349,10073022,1614839,Alpenstrasse,69,8200 Schaffhausen,2939,SH,real,True,15.11.2024,2690777,1283855
100989351,10073022,1614842,Alpenstrasse,77,8200 Schaffhausen,2939,SH,real,True,15.11.2024,2690829,1283847
100989352,10073022,1614843,Alpenstrasse,79,8200 Schaffhausen,2939,SH,real,True,15.11.2024,2690847,1283847
100989353,10179721,1614845,Lohnstrasse,1,8200 Schaffhausen,2939,SH,real,True,15.11.2024,2690874,1283875
100989354,10179721,1614846,Lohnstrasse,3,8200 Schaffhausen,2939,SH,real,True,15.11.2024,2690879,1283893
100989355,10179721,1614848,Lohnstrasse,7,8200 Schaffhausen,2939,SH,real,True,15.11.2024,2690863,1283890
100989356,10179721,1614849,Lohnstrasse,9,8200 Schaffhausen,2939,SH,real,True,15.11.2024,2690853,1283874
100989357,10179721,1614850,Lohnstrasse,11,8200 Schaffhausen,2939,SH,real,True,15.11.2024,2690836,1283880
100989358,10179721,1614851,Lohnstrasse,15,8200 Schaffhausen,2939,SH,real,True,15.11.2024,2690837,1283899
100989359,10179721,1614852,Lohnstrasse,17,8200 Schaffhausen,2939,SH,real,True,15.11.2024,2690843,1283916
100989360,10179721,1614853,Lohnstrasse,19,8200 Schaffhausen,2939,SH,real,True,15.11.2024,2690879,1283914
100989361,10085746,1614854,Stauffacherstrasse,32,8200 Schaffhausen,2939,SH,real,True,15.11.2024,2690947,1283903
100989362,10179721,1614855,Lohnstrasse,2,8200 Schaffhausen,2939,SH,real,True,15.11.2024,2690907,1283877
100989363,10179721,1614856,Lohnstrasse,4,8200 Schaffhausen,2939,SH,real,True,15.11.2024,2690905,1283895
100989364,10073022,1614857,Alpenstrasse,115,8200 Schaffhausen,2939,SH,real,True,15.11.2024,2691080,1283864
100989365,10073022,1614858,Alpenstrasse,113,8200 Schaffhausen,2939,SH,real,True,15.11.2024,2691072,1283863
100989366,10073022,1614860,Alpenstrasse,89,8200 Schaffhausen,2939,SH,real,True,15.11.2024,2690938,1283852
100989367,10073022,1614861,Alpenstrasse,83,8200 Schaffhausen,2939,SH,real,True,15.11.2024,2690892,1283852
100989368,10085746,1614863,Stauffacherstrasse,1,8200 Schaffhausen,2939,SH,real,True,15.11.2024,2690695,1284048
100989369,10085746,1614864,Stauffacherstrasse,17,8200 Schaffhausen,2939,SH,real,True,15.11.2024,2690837,1283979
100989370,10085746,1614865,Stauffacherstrasse,19,8200 Schaffhausen,2939,SH,real,True,15.11.2024,2690858,1283993
100989371,10085746,1614866,Stauffacherstrasse,21,8200 Schaffhausen,2939,SH,real,True,15.11.2024,2690875,1284000
100989372,10085746,1614867,Stauffacherstrasse,23,8200 Schaffhausen,2939,SH,real,True,15.11.2024,2690900,1284003
100989373,10018669,1614868,Kesselstrasse,20,8200 Schaffhausen,2939,SH,real,True,15.11.2024,2690939,1283990
100989374,10018669,1614869,Kesselstrasse,22,8200 Schaffhausen,2939,SH,real,True,15.11.2024,2690943,1283968
100989375,10018669,1614870,Kesselstrasse,24,8200 Schaffhausen,2939,SH,real,True,15.11.2024,2690973,1283964
100989376,10085746,1614873,Stauffacherstrasse,27,8200 Schaffhausen,2939,SH,real,True,15.11.2024,2690917,1283945
100989377,10190888,1614874,Winkelriedstrasse,7,8200 Schaffhausen,2939,SH,real,True,15.11.2024,2691000,1284040
100989378,10190888,1614876,Winkelriedstrasse,1,8200 Schaffhausen,2939,SH,real,True,15.11.2024,2691023,1283991
100989379,10190888,1614879,Winkelriedstrasse,11,8200 Schaffhausen,2939,SH,real,True,15.11.2024,2691036,1284043
100989380,10190888,1614880,Winkelriedstrasse,13,8200 Schaffhausen,2939,SH,real,True,15.11.2024,2691034,1284094
100989381,10190888,1614881,Winkelriedstrasse,15,8200 Schaffhausen,2939,SH,real,True,15.11.2024,2691066,1284069
100989382,10190888,1614882,Winkelriedstrasse,17,8200 Schaffhausen,2939,SH,real,True,15.11.2024,2691084,1284069
100989383,10190888,1614887,Winkelriedstrasse,25,8200 Schaffhausen,2939,SH,real,True,15.11.2024,2691217,1284041
100989384,10190888,1614888,Winkelriedstrasse,27,8203 Schaffhausen,2939,SH,real,True,15.11.2024,2691272,1284026
100989388,10190888,1614892,Winkelriedstrasse,35,8203 Schaffhausen,2939,SH,real,True,15.11.2024,2691351,1284004
100989389,10190888,1614893,Winkelriedstrasse,37,8203 Schaffhausen,2939,SH,real,True,15.11.2024,2691368,1283997
100989390,10190888,1614894,Winkelriedstrasse,39,8203 Schaffhausen,2939,SH,real,True,15.11.2024,2691385,1283991
100989391,10190888,1614896,Winkelriedstrasse,43,8203 Schaffhausen,2939,SH,real,True,15.11.2024,2691420,1283984
100989392,10073022,1614897,Alpenstrasse,117,8203 Schaffhausen,2939,SH,real,True,15.11.2024,2691114,1283869
100989393,10073022,1614898,Alpenstrasse,119,8203 Schaffhausen,2939,SH,real,True,15.11.2024,2691122,1283869
100989394,10073022,1614900,Alpenstrasse,123,8203 Schaffhausen,2939,SH,real,True,15.11.2024,2691144,1283870
100989395,10073022,1614902,Alpenstrasse,127,8203 Schaffhausen,2939,SH,real,True,15.11.2024,2691171,1283869
100989396,10073022,1614903,Alpenstrasse,129,8203 Schaffhausen,2939,SH,real,True,15.11.2024,2691188,1283869
100989397,10019290,1614904,Dürstlingweg,7,8203 Schaffhausen,2939,SH,real,True,15.11.2024,2691195,1283919
100989398,10019293,1614906,Einfangstrasse,18,8203 Schaffhausen,2939,SH,real,True,15.11.2024,2691140,1283928
100989399,10019293,1614907,Einfangstrasse,20,8203 Schaffhausen,2939,SH,real,True,15.11.2024,2691159,1283924
100989400,10018669,1614908,Kesselstrasse,31,8200 Schaffhausen,2939,SH,real,True,15.11.2024,2691095,1283912
100989401,10190888,1614910,Winkelriedstrasse,4,8200 Schaffhausen,2939,SH,real,True,15.11.2024,2691053,1283988
100989402,10190888,1614911,Winkelriedstrasse,6,8200 Schaffhausen,2939,SH,real,True,15.11.2024,2691087,1284026
100989403,10018669,1614913,Kesselstrasse,25,8200 Schaffhausen,2939,SH,real,True,15.11.2024,2691045,1283953
100989404,10190888,1614916,Winkelriedstrasse,14,8200 Schaffhausen,2939,SH,real,True,15.11.2024,2691155,1283997
100989405,10190888,1614917,Winkelriedstrasse,16,8200 Schaffhausen,2939,SH,real,True,15.11.2024,2691151,1283981
100989406,10190888,1614918,Winkelriedstrasse,18,8200 Schaffhausen,2939,SH,real,True,15.11.2024,2691147,1283962
100989407,10019293,1614919,Einfangstrasse,21,8203 Schaffhausen,2939,SH,real,True,15.11.2024,2691199,1283938
100989408,10190888,1614920,Winkelriedstrasse,20,8203 Schaffhausen,2939,SH,real,True,15.11.2024,2691210,1284009
100989409,10190888,1614921,Winkelriedstrasse,22,8203 Schaffhausen,2939,SH,real,True,15.11.2024,2691209,1283994
100989427,10073069,1612896,Steingutstrasse,58,8200 Schaffhausen,2939,SH,real,True,15.11.2024,2690582,1285729
100989428,10073069,1612897,Steingutstrasse,60,8200 Schaffhausen,2939,SH,real,True,15.11.2024,2690588,1285735
100989429,10073069,1612898,Steingutstrasse,62,8200 Schaffhausen,2939,SH,real,True,15.11.2024,2690593,1285739
100989430,10073069,1612899,Steingutstrasse,64,8200 Schaffhausen,2939,SH,real,True,15.11.2024,2690600,1285744
100989431,10073069,1612900,Steingutstrasse,66a,8200 Schaffhausen,2939,SH,real,True,15.11.2024,2690676,1285793
100989432,10018654,1612901,Hochstrasse,305,8200 Schaffhausen,2939,SH,real,True,15.11.2024,2690619,1285717
100989433,10018654,1612902,Hochstrasse,307,8200 Schaffhausen,2939,SH,real,True,15.11.2024,2690653,1285734
100989434,10018654,1612903,Hochstrasse,309,8200 Schaffhausen,2939,SH,real,True,15.11.2024,2690642,1285746
100989435,10018654,1612904,Hochstrasse,313,8200 Schaffhausen,2939,SH,real,True,15.11.2024,2690662,1285766
100989436,10018654,1612906,Hochstrasse,331,8200 Schaffhausen,2939,SH,real,True,15.11.2024,2690752,1285850
100989437,10018654,1612906,Hochstrasse,329,8200 Schaffhausen,2939,SH,real,True,15.11.2024,2690759,1285827
100989438,10018654,1612908,Hochstrasse,301,8200 Schaffhausen,2939,SH,real,True,15.11.2024,2690629,1285705
100989439,10019803,1612910,Sandlöchlistrasse,1,8200 Schaffhausen,2939,SH,real,True,15.11.2024,2690713,1285781
100989440,10187856,1612912,Spiegelgutstrasse,1,8200 Schaffhausen,2939,SH,real,True,15.11.2024,2690773,1285858
100989441,10018654,1612913,Hochstrasse,325,8200 Schaffhausen,2939,SH,real,True,15.11.2024,2690734,1285802
100989442,10018654,1612916,Hochstrasse,319,8200 Schaffhausen,2939,SH,real,True,15.11.2024,2690690,1285762
100989443,10018654,1612917,Hochstrasse,327,8200 Schaffhausen,2939,SH,real,True,15.11.2024,2690748,1285818
100989444,10085747,1612918,Steinguthalde,4,8200 Schaffhausen,2939,SH,real,True,15.11.2024,2690377,1285624
100989445,10085747,1612920,Steinguthalde,8,8200 Schaffhausen,2939,SH,real,True,15.11.2024,2690420,1285658
100989446,10085747,1612921,Steinguthalde,2,8200 Schaffhausen,2939,SH,real,True,15.11.2024,2690355,1285607
100989447,10073069,1612922,Steingutstrasse,1,8200 Schaffhausen,2939,SH,real,True,15.11.2024,2690346,1285559
100989448,10073069,1612924,Steingutstrasse,17,8200 Schaffhausen,2939,SH,real,True,15.11.2024,2690423,1285618
100989449,10073069,1612926,Steingutstrasse,11,8200 Schaffhausen,2939,SH,real,True,15.11.2024,2690402,1285600
100989450,10086487,1612927,Gemshalde,2,8200 Schaffhausen,2939,SH,real,True,15.11.2024,2690360,1285657
100989451,10086487,1612928,Gemshalde,4,8200 Schaffhausen,2939,SH,real,True,15.11.2024,2690381,1285673
100989452,10086487,1612929,Gemshalde,6,8200 Schaffhausen,2939,SH,real,True,15.11.2024,2690404,1285687
100989453,10086487,1612930,Gemshalde,8,8200 Schaffhausen,2939,SH,real,True,15.11.2024,2690430,1285704
100989454,10086487,1612931,Gemshalde,10,8200 Schaffhausen,2939,SH,real,True,15.11.2024,2690445,1285725
100989455,10086487,1612932,Gemshalde,12,8200 Schaffhausen,2939,SH,real,True,15.11.2024,2690454,1285733
100989457,10073069,1612935,Steingutstrasse,25,8200 Schaffhausen,2939,SH,real,True,15.11.2024,2690463,1285683
100989458,10073069,1612936,Steingutstrasse,27,8200 Schaffhausen,2939,SH,real,True,15.11.2024,2690449,1285696
100989459,10073069,1612937,Steingutstrasse,29,8200 Schaffhausen,2939,SH,real,True,15.11.2024,2690484,1285686
100989460,10073069,1612938,Steingutstrasse,31,8200 Schaffhausen,2939,SH,real,True,15.11.2024,2690505,1285693
100989461,10073069,1612941,Steingutstrasse,63,8200 Schaffhausen,2939,SH,real,True,15.11.2024,2690602,1285801
100989462,10073069,1612942,Steingutstrasse,65,8200 Schaffhausen,2939,SH,real,True,15.11.2024,2690646,1285807
100989463,10073069,1612943,Steingutstrasse,67,8200 Schaffhausen,2939,SH,real,True,15.11.2024,2690635,1285822
100989464,10073038,1612946,Gemsstieg,4,8200 Schaffhausen,2939,SH,real,True,15.11.2024,2690527,1285759
100989465,10073038,1612947,Gemsstieg,2,8200 Schaffhausen,2939,SH,real,True,15.11.2024,2690518,1285751
100989466,10073069,1612948,Steingutstrasse,47,8200 Schaffhausen,2939,SH,real,True,15.11.2024,2690534,1285734
100989467,10073069,1612949,Steingutstrasse,49,8200 Schaffhausen,2939,SH,real,True,15.11.2024,2690542,1285741
100989468,10073069,1612950,Steingutstrasse,51,8200 Schaffhausen,2939,SH,real,True,15.11.2024,2690561,1285761
100989469,10073069,1612951,Steingutstrasse,53,8200 Schaffhausen,2939,SH,real,True,15.11.2024,2690565,1285765
100989470,10073069,1612952,Steingutstrasse,57,8200 Schaffhausen,2939,SH,real,True,15.11.2024,2690578,1285775
100989471,10019803,1612954,Sandlöchlistrasse,7,8200 Schaffhausen,2939,SH,real,True,15.11.2024,2690673,1285845
100989472,10019803,1612955,Sandlöchlistrasse,9,8200 Schaffhausen,2939,SH,real,True,15.11.2024,2690687,1285853
100989473,10073069,1612957,Steingutstrasse,55,8200 Schaffhausen,2939,SH,real,True,15.11.2024,2690574,1285771
100989474,10179714,1612959,Gemsgasse,22,8200 Schaffhausen,2939,SH,real,True,15.11.2024,2690350,1285726
100989475,10179714,1612960,Gemsgasse,24,8200 Schaffhausen,2939,SH,real,True,15.11.2024,2690350,1285750
100989476,10086487,1612961,Gemshalde,3,8200 Schaffhausen,2939,SH,real,True,15.11.2024,2690376,1285713
100989477,10086487,1612963,Gemshalde,7,8200 Schaffhausen,2939,SH,real,True,15.11.2024,2690424,1285745
100989478,10086487,1612964,Gemshalde,15,8200 Schaffhausen,2939,SH,real,True,15.11.2024,2690449,1285783
100989479,10086487,1612965,Gemshalde,17,8200 Schaffhausen,2939,SH,real,True,15.11.2024,2690438,1285799
100989480,10118360,1612966,Jägerstrasse,2,8200 Schaffhausen,2939,SH,real,True,15.11.2024,2690354,1285782
100989481,10118360,1612967,Jägerstrasse,4,8200 Schaffhausen,2939,SH,real,True,15.11.2024,2690369,1285791
100989482,10118360,1612969,Jägerstrasse,8,8200 Schaffhausen,2939,SH,real,True,15.11.2024,2690417,1285814
100989483,10085744,1612970,Spiegelweg,1,8200 Schaffhausen,2939,SH,real,True,15.11.2024,2690389,1285749
100989484,10085744,1612971,Spiegelweg,2,8200 Schaffhausen,2939,SH,real,True,15.11.2024,2690414,1285764
100989486,10085744,1612973,Spiegelweg,4,8200 Schaffhausen,2939,SH,real,True,15.11.2024,2690423,1285769
100989487,10085744,1612974,Spiegelweg,5,8200 Schaffhausen,2939,SH,real,True,15.11.2024,2690381,1285771
100989488,10085744,1612975,Spiegelweg,6,8200 Schaffhausen,2939,SH,real,True,15.11.2024,2690405,1285784
100989489,10085744,1612976,Spiegelweg,7,8200 Schaffhausen,2939,SH,real,True,15.11.2024,2690372,1285766
100989490,10118360,1612978,Jägerstrasse,1,8200 Schaffhausen,2939,SH,real,True,15.11.2024,2690359,1285817
100989491,10085746,1614805,Stauffacherstrasse,10,8200 Schaffhausen,2939,SH,real,True,15.11.2024,2690759,1283942
100989492,10073074,1614806,Tulpenstrasse,1,8200 Schaffhausen,2939,SH,real,True,15.11.2024,2690668,1283872
100989493,10073074,1614807,Tulpenstrasse,2,8200 Schaffhausen,2939,SH,real,True,15.11.2024,2690691,1283863
100989494,10073074,1614810,Tulpenstrasse,6,8200 Schaffhausen,2939,SH,real,True,15.11.2024,2690686,1283892
100989495,10073074,1614811,Tulpenstrasse,8,8200 Schaffhausen,2939,SH,real,True,15.11.2024,2690687,1283912
100989496,10073074,1614812,Tulpenstrasse,10,8200 Schaffhausen,2939,SH,real,True,15.11.2024,2690688,1283917
100989497,10120421,1614813,Brünigstrasse,1,8200 Schaffhausen,2939,SH,real,True,15.11.2024,2690709,1283879
100989498,10120421,1614814,Brünigstrasse,2,8200 Schaffhausen,2939,SH,real,True,15.11.2024,2690724,1283860
100989499,10120421,1614815,Brünigstrasse,3,8200 Schaffhausen,2939,SH,real,True,15.11.2024,2690711,1283893
100989500,10120421,1614817,Brünigstrasse,5,8200 Schaffhausen,2939,SH,real,True,15.11.2024,2690714,1283914
100989501,10120421,1614818,Brünigstrasse,6,8200 Schaffhausen,2939,SH,real,True,15.11.2024,2690726,1283877
100989502,10120421,1614819,Brünigstrasse,7,8200 Schaffhausen,2939,SH,real,True,15.11.2024,2690709,1283915
100989503,10120421,1614820,Brünigstrasse,8,8200 Schaffhausen,2939,SH,real,True,15.11.2024,2690742,1283880
100989504,10120421,1614821,Brünigstrasse,10,8200 Schaffhausen,2939,SH,real,True,15.11.2024,2690744,1283885
100989505,10120421,1614822,Brünigstrasse,12,8200 Schaffhausen,2939,SH,real,True,15.11.2024,2690728,1283892
100989506,10120421,1614823,Brünigstrasse,16,8200 Schaffhausen,2939,SH,real,True,15.11.2024,2690748,1283906
100989507,10120421,1614825,Brünigstrasse,20,8200 Schaffhausen,2939,SH,real,True,15.11.2024,2690732,1283923
101010713,10086475,1615235,Buchthalerstrasse,88,8203 Schaffhausen,2939,SH,real,True,15.11.2024,2690982,1283406
101010714,10086475,1615236,Buchthalerstrasse,94,8203 Schaffhausen,2939,SH,real,True,15.11.2024,2690994,1283417
101010715,10086475,1615237,Buchthalerstrasse,96,8203 Schaffhausen,2939,SH,real,True,15.11.2024,2691001,1283420
101010716,10086475,1615238,Buchthalerstrasse,98,8203 Schaffhausen,2939,SH,real,True,15.11.2024,2691006,1283423
101010717,10086475,1615239,Buchthalerstrasse,100,8203 Schaffhausen,2939,SH,real,True,15.11.2024,2691013,1283426
101010718,10086475,1615242,Buchthalerstrasse,110,8203 Schaffhausen,2939,SH,real,True,15.11.2024,2691104,1283454
101010719,10086475,1615243,Buchthalerstrasse,112,8203 Schaffhausen,2939,SH,real,True,15.11.2024,2691124,1283464
101010720,10132132,1615244,Bruderhöflistrasse,2,8203 Schaffhausen,2939,SH,real,True,15.11.2024,2691020,1283365
101010721,10132132,1615245,Bruderhöflistrasse,8,8203 Schaffhausen,2939,SH,real,True,15.11.2024,2691044,1283376
101010722,10132132,1615248,Bruderhöflistrasse,32,8203 Schaffhausen,2939,SH,real,True,15.11.2024,2691145,1283379
101010723,10132132,1615249,Bruderhöflistrasse,36,8203 Schaffhausen,2939,SH,real,True,15.11.2024,2691148,1283414
101010724,10132132,1615250,Bruderhöflistrasse,38,8203 Schaffhausen,2939,SH,real,True,15.11.2024,2691154,1283410
101010725,10132132,1615252,Bruderhöflistrasse,42,8203 Schaffhausen,2939,SH,real,True,15.11.2024,2691151,1283449
101010726,10132132,1615253,Bruderhöflistrasse,44,8203 Schaffhausen,2939,SH,real,True,15.11.2024,2691157,1283444
101010727,10132132,1615254,Bruderhöflistrasse,46,8203 Schaffhausen,2939,SH,real,True,15.11.2024,2691163,1283440
101010728,10132132,1615255,Bruderhöflistrasse,4,8203 Schaffhausen,2939,SH,real,True,15.11.2024,2691026,1283367
101010729,10132132,1615259,Bruderhöflistrasse,26,8203 Schaffhausen,2939,SH,real,True,15.11.2024,2691127,1283393
101010730,10132132,1615260,Bruderhöflistrasse,30,8203 Schaffhausen,2939,SH,real,True,15.11.2024,2691139,1283383
101010731,10132132,1615261,Bruderhöflistrasse,34,8203 Schaffhausen,2939,SH,real,True,15.11.2024,2691142,1283419
101010732,10025710,1615262,Windeggstieg,1,8203 Schaffhausen,2939,SH,real,True,15.11.2024,2691056,1283358
101010733,10025710,1615263,Windeggstieg,5,8203 Schaffhausen,2939,SH,real,True,15.11.2024,2691126,1283360
101010734,10132132,1615264,Bruderhöflistrasse,48,8203 Schaffhausen,2939,SH,real,True,15.11.2024,2691169,1283435
101010735,10132132,1615266,Bruderhöflistrasse,50,8203 Schaffhausen,2939,SH,real,True,15.11.2024,2691170,1283470
101010736,10132132,1615267,Bruderhöflistrasse,52,8203 Schaffhausen,2939,SH,real,True,15.11.2024,2691162,1283487
101010737,10132132,1615268,Bruderhöflistrasse,54,8203 Schaffhausen,2939,SH,real,True,15.11.2024,2691172,1283480
101010738,10086475,1615271,Buchthalerstrasse,116,8203 Schaffhausen,2939,SH,real,True,15.11.2024,2691199,1283490
101010739,10086475,1615272,Buchthalerstrasse,118,8203 Schaffhausen,2939,SH,real,True,15.11.2024,2691201,1283497
101010740,10086475,1615273,Buchthalerstrasse,120,8203 Schaffhausen,2939,SH,real,True,15.11.2024,2691203,1283503
101010741,10086475,1615275,Buchthalerstrasse,124,8203 Schaffhausen,2939,SH,real,True,15.11.2024,2691223,1283461
101010742,10086475,1615276,Buchthalerstrasse,126,8203 Schaffhausen,2939,SH,real,True,15.11.2024,2691225,1283468
101010743,10086475,1615277,Buchthalerstrasse,128,8203 Schaffhausen,2939,SH,real,True,15.11.2024,2691227,1283474
101010744,10086475,1615278,Buchthalerstrasse,130,8203 Schaffhausen,2939,SH,real,True,15.11.2024,2691208,1283524
101010745,10086475,1615279,Buchthalerstrasse,132,8203 Schaffhausen,2939,SH,real,True,15.11.2024,2691215,1283522
101010746,10086475,1615280,Buchthalerstrasse,134,8203 Schaffhausen,2939,SH,real,True,15.11.2024,2691221,1283520
101010796,10108024,1613445,Kirchbergstrasse,79,8207 Schaffhausen,2939,SH,real,True,15.11.2024,2691730,1286563
101010797,10108024,1613446,Kirchbergstrasse,91,8207 Schaffhausen,2939,SH,real,True,15.11.2024,2691769,1286607
101010798,10108024,1613447,Kirchbergstrasse,93,8207 Schaffhausen,2939,SH,real,True,15.11.2024,2691790,1286628
101010799,10108024,1613448,Kirchbergstrasse,95,8207 Schaffhausen,2939,SH,real,True,15.11.2024,2691816,1286647
101010800,10085737,1613449,Schlossstrasse,23,8207 Schaffhausen,2939,SH,real,True,15.11.2024,2691848,1286666
101010801,10085737,1613450,Schlossstrasse,25,8207 Schaffhausen,2939,SH,real,True,15.11.2024,2691844,1286679
101010802,10085737,1613451,Schlossstrasse,29,8207 Schaffhausen,2939,SH,real,True,15.11.2024,2691855,1286690
101010803,10085737,1613452,Schlossstrasse,33,8207 Schaffhausen,2939,SH,real,True,15.11.2024,2691858,1286726
101010804,10025700,1613453,Trüllenbuck,60,8207 Schaffhausen,2939,SH,real,True,15.11.2024,2691796,1286666
101012154,10046620,1611640,Irchelstrasse,30,8200 Schaffhausen,2939,SH,real,True,15.11.2024,2688609,1284702
101012155,10046620,1611641,Irchelstrasse,32,8200 Schaffhausen,2939,SH,real,True,15.11.2024,2688592,1284717
101012156,10046620,1611642,Irchelstrasse,34,8200 Schaffhausen,2939,SH,real,True,15.11.2024,2688582,1284717
101012157,10073024,1611643,Bachtelstrasse,18,8200 Schaffhausen,2939,SH,real,True,15.11.2024,2688695,1284830
101012158,10073024,1611644,Bachtelstrasse,20,8200 Schaffhausen,2939,SH,real,True,15.11.2024,2688678,1284830
101012159,10073024,1611645,Bachtelstrasse,22,8200 Schaffhausen,2939,SH,real,True,27.11.2024,2688647,1284821
101012160,10073024,1611646,Bachtelstrasse,24,8200 Schaffhausen,2939,SH,real,True,15.11.2024,2688618,1284817
101012161,10073024,1611647,Bachtelstrasse,26,8200 Schaffhausen,2939,SH,real,True,15.11.2024,2688610,1284816
101012162,10073024,1611648,Bachtelstrasse,28,8200 Schaffhausen,2939,SH,real,True,15.11.2024,2688596,1284799
101012167,10178604,1611653,Breitenaustrasse,163,8200 Schaffhausen,2939,SH,real,True,15.11.2024,2688804,1284875
101012169,10110815,1611655,Lägernstrasse,1,8200 Schaffhausen,2939,SH,real,True,15.11.2024,2688780,1284864
101012170,10110815,1611656,Lägernstrasse,3,8200 Schaffhausen,2939,SH,real,True,15.11.2024,2688759,1284862
101012171,10110815,1611657,Lägernstrasse,5,8200 Schaffhausen,2939,SH,real,True,15.11.2024,2688736,1284859
101012172,10110815,1611658,Lägernstrasse,7,8200 Schaffhausen,2939,SH,real,True,15.11.2024,2688705,1284856
101012173,10110815,1611660,Lägernstrasse,2,8200 Schaffhausen,2939,SH,real,True,15.11.2024,2688782,1284878
101012174,10110815,1611661,Lägernstrasse,4,8200 Schaffhausen,2939,SH,real,True,15.11.2024,2688780,1284885
101012175,10178604,1611662,Breitenaustrasse,167,8200 Schaffhausen,2939,SH,real,True,15.11.2024,2688798,1284899
101012176,10110815,1611663,Lägernstrasse,6,8200 Schaffhausen,2939,SH,real,True,15.11.2024,2688779,1284891
101012177,10110815,1611664,Lägernstrasse,8,8200 Schaffhausen,2939,SH,real,True,15.11.2024,2688778,1284897
101012178,10110815,1611667,Lägernstrasse,18,8200 Schaffhausen,2939,SH,real,True,15.11.2024,2688690,1284898
101012179,10110815,1611669,Lägernstrasse,9,8200 Schaffhausen,2939,SH,real,True,15.11.2024,2688677,1284854
101012180,10110815,1611670,Lägernstrasse,22,8200 Schaffhausen,2939,SH,real,True,15.11.2024,2688641,1284882
101012181,10110815,1611671,Lägernstrasse,24,8200 Schaffhausen,2939,SH,real,True,15.11.2024,2688598,1284874
101012182,10110815,1611672,Lägernstrasse,13,8200 Schaffhausen,2939,SH,real,True,15.11.2024,2688618,1284848
101012183,10110815,1611674,Lägernstrasse,19,8200 Schaffhausen,2939,SH,real,True,15.11.2024,2688569,1284861
101012184,10110815,1611675,Lägernstrasse,21,8200 Schaffhausen,2939,SH,real,True,15.11.2024,2688556,1284863
101012185,10110815,1611676,Lägernstrasse,26,8200 Schaffhausen,2939,SH,real,True,15.11.2024,2688556,1284884
101012186,10110815,1611677,Lägernstrasse,28,8200 Schaffhausen,2939,SH,real,True,15.11.2024,2688553,1284884
101012187,10178604,1611678,Breitenaustrasse,169,8200 Schaffhausen,2939,SH,real,True,15.11.2024,2688783,1284918
101012191,10237826,1611684,Randenstrasse,180d,8200 Schaffhausen,2939,SH,real,True,15.11.2024,2688552,1284768
101012198,10025700,1613496,Trüllenbuck,83,8207 Schaffhausen,2939,SH,real,True,15.11.2024,2691807,1286762
101012199,10025700,1613497,Trüllenbuck,83a,8207 Schaffhausen,2939,SH,real,True,15.11.2024,2691800,1286763
101012200,10025700,1613499,Trüllenbuck,83c,8207 Schaffhausen,2939,SH,real,True,15.11.2024,2691794,1286756
101012201,10025700,1613500,Trüllenbuck,83d,8207 Schaffhausen,2939,SH,real,True,15.11.2024,2691791,1286751
101012202,10085737,1613502,Schlossstrasse,71,8207 Schaffhausen,2939,SH,real,True,15.11.2024,2691751,1286991
101012203,10085737,1613503,Schlossstrasse,73,8207 Schaffhausen,2939,SH,real,True,15.11.2024,2691742,1287013
101012204,10073051,1613504,Krummacker,16,8207 Schaffhausen,2939,SH,real,True,15.11.2024,2691697,1286969
101012206,10073045,1613507,Im Chloster,4,8207 Schaffhausen,2939,SH,real,True,15.11.2024,2691893,1286702
101012207,10073045,1613508,Im Chloster,5,8207 Schaffhausen,2939,SH,real,True,15.11.2024,2691888,1286746
101012208,10073045,1613509,Im Chloster,7,8207 Schaffhausen,2939,SH,real,True,15.11.2024,2691901,1286739
101012209,10073045,1613510,Im Chloster,8,8207 Schaffhausen,2939,SH,real,True,15.11.2024,2691908,1286732
101012210,10073045,1613511,Im Chloster,9,8207 Schaffhausen,2939,SH,real,True,15.11.2024,2691906,1286748
101012212,10073045,1613513,Im Chloster,11,8207 Schaffhausen,2939,SH,real,True,15.11.2024,2691908,1286750
101012213,10073045,1613514,Im Chloster,12,8207 Schaffhausen,2939,SH,real,True,15.11.2024,2691919,1286740
101012214,10237824,1613515,Im Höfli,2,8207 Schaffhausen,2939,SH,real,True,15.11.2024,2691862,1286767
101012215,10237824,1613516,Im Höfli,4,8207 Schaffhausen,2939,SH,real,True,15.11.2024,2691875,1286779
101012216,10237824,1613517,Im Höfli,8,8207 Schaffhausen,2939,SH,real,True,15.11.2024,2691892,1286785
101012217,10237824,1613518,Im Höfli,10,8207 Schaffhausen,2939,SH,real,True,15.11.2024,2691887,1286791
101012218,10085737,1613519,Schlossstrasse,2,8207 Schaffhausen,2939,SH,real,True,15.11.2024,2691833,1286477
101012219,10085737,1613520,Schlossstrasse,6,8207 Schaffhausen,2939,SH,real,True,15.11.2024,2691829,1286517
101012220,10085737,1613524,Schlossstrasse,32,8207 Schaffhausen,2939,SH,real,True,15.11.2024,2691872,1286726
101012221,10085751,1613525,Thayngerstrasse,11,8207 Schaffhausen,2939,SH,real,True,15.11.2024,2691903,1286542
101012222,10085751,1613526,Thayngerstrasse,27,8207 Schaffhausen,2939,SH,real,True,15.11.2024,2691943,1286664
101012223,10025704,1613527,Unterdorf,4,8207 Schaffhausen,2939,SH,real,True,15.11.2024,2691898,1286598
101012224,10025704,1613529,Unterdorf,11,8207 Schaffhausen,2939,SH,real,True,15.11.2024,2691930,1286602
101012225,10237824,1613532,Im Höfli,11,8207 Schaffhausen,2939,SH,real,True,15.11.2024,2691918,1286834
101012226,10113200,1613533,Oberwiesenweg,2,8207 Schaffhausen,2939,SH,real,True,15.11.2024,2691828,1286991
101012227,10085737,1613534,Schlossstrasse,40,8207 Schaffhausen,2939,SH,real,True,15.11.2024,2691843,1286799
101012228,10085737,1613535,Schlossstrasse,50,8207 Schaffhausen,2939,SH,real,True,15.11.2024,2691826,1286854
101012230,10085737,1613537,Schlossstrasse,62,8207 Schaffhausen,2939,SH,real,True,15.11.2024,2691840,1286931
101012231,10073054,1613538,Muracker,19,8207 Schaffhausen,2939,SH,real,True,15.11.2024,2691399,1286051
101012232,10073054,1613539,Muracker,21,8207 Schaffhausen,2939,SH,real,True,15.11.2024,2691372,1286085
101012234,10073054,1613541,Muracker,25,8207 Schaffhausen,2939,SH,real,True,15.11.2024,2691340,1286048
101012236,10073054,1613543,Muracker,29,8207 Schaffhausen,2939,SH,real,True,15.11.2024,2691308,1286012
101012238,10019575,1609938,Schlattergarten,11,8231 Hemmental,2939,SH,real,True,15.11.2024,2685567,1287791
101012239,10019575,1609939,Schlattergarten,15,8231 Hemmental,2939,SH,real,True,15.11.2024,2685542,1287771
101012240,10019575,1609940,Schlattergarten,10,8231 Hemmental,2939,SH,real,True,15.11.2024,2685510,1287774
101012241,10019575,1609941,Schlattergarten,12,8231 Hemmental,2939,SH,real,True,15.11.2024,2685498,1287741
101012242,10019575,1609942,Schlattergarten,19,8231 Hemmental,2939,SH,real,True,15.11.2024,2685527,1287718
101012243,10019572,1609943,Leuenhof,1,8231 Hemmental,2939,SH,real,True,15.11.2024,2685644,1287677
101012244,10019572,1609946,Leuenhof,5,8231 Hemmental,2939,SH,real,True,15.11.2024,2685659,1287654
101013676,10091230,1609999,Hauptstrasse,19,8231 Hemmental,2939,SH,real,True,15.11.2024,2685827,1287681
101013677,10091230,1610000,Hauptstrasse,21,8231 Hemmental,2939,SH,real,True,15.11.2024,2685862,1287665
101013678,10091230,1610001,Hauptstrasse,26,8231 Hemmental,2939,SH,real,True,15.11.2024,2685933,1287633
101013679,10091230,1610002,Hauptstrasse,28,8231 Hemmental,2939,SH,real,True,15.11.2024,2685957,1287629
101013680,10091230,1610003,Hauptstrasse,30,8231 Hemmental,2939,SH,real,True,15.11.2024,2685967,1287625
101013681,10091230,1610004,Hauptstrasse,32,8231 Hemmental,2939,SH,real,True,15.11.2024,2685986,1287617
101013682,10091230,1610005,Hauptstrasse,34,8231 Hemmental,2939,SH,real,True,15.11.2024,2686003,1287614
101013683,10091230,1610008,Hauptstrasse,36,8231 Hemmental,2939,SH,real,True,15.11.2024,2686020,1287614
101013684,10091230,1610009,Hauptstrasse,40,8231 Hemmental,2939,SH,real,True,15.11.2024,2686038,1287582
101013685,10091230,1610010,Hauptstrasse,38,8231 Hemmental,2939,SH,real,True,15.11.2024,2686043,1287615
101013686,10091230,1610011,Hauptstrasse,44,8231 Hemmental,2939,SH,real,True,15.11.2024,2686104,1287610
101013687,10091230,1610012,Hauptstrasse,37,8231 Hemmental,2939,SH,real,True,15.11.2024,2686058,1287634
101013688,10091230,1610013,Hauptstrasse,39,8231 Hemmental,2939,SH,real,True,15.11.2024,2686068,1287634
101013689,10091230,1610014,Hauptstrasse,45,8231 Hemmental,2939,SH,real,True,15.11.2024,2686134,1287627
101013690,10091230,1610015,Hauptstrasse,47,8231 Hemmental,2939,SH,real,True,15.11.2024,2686156,1287627
101013691,10091230,1610016,Hauptstrasse,48,8231 Hemmental,2939,SH,real,True,15.11.2024,2686150,1287602
101013692,10091230,1610018,Hauptstrasse,49,8231 Hemmental,2939,SH,real,True,15.11.2024,2686197,1287620
101013693,10091230,1610019,Hauptstrasse,51,8231 Hemmental,2939,SH,real,True,15.11.2024,2686219,1287615
101013694,10091230,1610021,Hauptstrasse,54,8231 Hemmental,2939,SH,real,True,15.11.2024,2686240,1287571
101013695,10091230,1610023,Hauptstrasse,62,8231 Hemmental,2939,SH,real,True,15.11.2024,2686287,1287501
101013696,10091230,1610024,Hauptstrasse,64,8231 Hemmental,2939,SH,real,True,15.11.2024,2686263,1287489
101013697,10091230,1610025,Hauptstrasse,81,8231 Hemmental,2939,SH,real,True,15.11.2024,2686366,1287351
101013698,10073655,1610026,Gehrenhalde,51,8231 Hemmental,2939,SH,real,True,15.11.2024,2686175,1287714
101013699,10108013,1610027,Im Gehren,1,8231 Hemmental,2939,SH,real,True,15.11.2024,2686170,1287635
101013700,10108013,1610028,Im Gehren,10,8231 Hemmental,2939,SH,real,True,15.11.2024,2686240,1287680
101013701,10108013,1610029,Im Gehren,6,8231 Hemmental,2939,SH,real,True,15.11.2024,2686221,1287649
101013702,10108013,1610030,Im Gehren,5,8231 Hemmental,2939,SH,real,True,15.11.2024,2686226,1287691
101013703,10108013,1610031,Im Gehren,9,8231 Hemmental,2939,SH,real,True,15.11.2024,2686229,1287711
101013704,10108013,1610032,Im Gehren,7,8231 Hemmental,2939,SH,real,True,15.11.2024,2686207,1287705
101013705,10108013,1610033,Im Gehren,15,8231 Hemmental,2939,SH,real,True,15.11.2024,2686244,1287748
101013706,10108013,1610034,Im Gehren,17,8231 Hemmental,2939,SH,real,True,15.11.2024,2686260,1287753
101013707,10108013,1610035,Im Gehren,19,8231 Hemmental,2939,SH,real,True,15.11.2024,2686263,1287787
101013708,10108013,1610036,Im Gehren,21,8231 Hemmental,2939,SH,real,True,15.11.2024,2686306,1287781
101016080,10161547,191559854,Im Brand,34,8200 Schaffhausen,2939,SH,real,True,15.11.2024,2690311,1286718
101018211,10025700,1613454,Trüllenbuck,68,8207 Schaffhausen,2939,SH,real,True,15.11.2024,2691816,1286714
101018212,10025700,1613455,Trüllenbuck,72,8207 Schaffhausen,2939,SH,real,True,15.11.2024,2691827,1286714
101018213,10025700,1613456,Trüllenbuck,74,8207 Schaffhausen,2939,SH,real,True,15.11.2024,2691827,1286730
101018214,10025700,1613457,Trüllenbuck,76,8207 Schaffhausen,2939,SH,real,True,15.11.2024,2691831,1286735
101018215,10019288,1613458,Chileweg,5,8207 Schaffhausen,2939,SH,real,True,15.11.2024,2691680,1286700
101018216,10019288,1613459,Chileweg,7,8207 Schaffhausen,2939,SH,real,True,15.11.2024,2691684,1286710
101018217,10019288,1613460,Chileweg,9,8207 Schaffhausen,2939,SH,real,True,15.11.2024,2691732,1286715
101018218,10018648,1613461,Hanfpünt,2,8207 Schaffhausen,2939,SH,real,True,15.11.2024,2691690,1286627
101018219,10018648,1613462,Hanfpünt,4,8207 Schaffhausen,2939,SH,real,True,15.11.2024,2691677,1286645
101018220,10018648,1613463,Hanfpünt,4a,8207 Schaffhausen,2939,SH,real,True,15.11.2024,2691685,1286648
101018221,10018648,1613464,Hanfpünt,6,8207 Schaffhausen,2939,SH,real,True,15.11.2024,2691700,1286662
101018222,10018648,1613465,Hanfpünt,6a,8207 Schaffhausen,2939,SH,real,True,15.11.2024,2691709,1286665
101018223,10018648,1613466,Hanfpünt,8,8207 Schaffhausen,2939,SH,real,True,15.11.2024,2691724,1286679
101018224,10018648,1613467,Hanfpünt,8a,8207 Schaffhausen,2939,SH,real,True,15.11.2024,2691732,1286682
101018225,10018679,1613469,Lebernstrasse,9,8207 Schaffhausen,2939,SH,real,True,15.11.2024,2691754,1286735
101018226,10018679,1613472,Lebernstrasse,27,8207 Schaffhausen,2939,SH,real,True,15.11.2024,2691681,1286781
101018227,10025700,1613473,Trüllenbuck,51,8207 Schaffhausen,2939,SH,real,True,15.11.2024,2691698,1286630
101018228,10025700,1613474,Trüllenbuck,53,8207 Schaffhausen,2939,SH,real,True,15.11.2024,2691717,1286646
101018229,10025700,1613476,Trüllenbuck,57,8207 Schaffhausen,2939,SH,real,True,15.11.2024,2691751,1286650
101018230,10025700,1613477,Trüllenbuck,61,8207 Schaffhausen,2939,SH,real,True,15.11.2024,2691782,1286671
101018231,10018679,1613481,Lebernstrasse,10,8207 Schaffhausen,2939,SH,real,True,15.11.2024,2691765,1286738
101018232,10085737,1613484,Schlossstrasse,39,8207 Schaffhausen,2939,SH,real,True,15.11.2024,2691838,1286776
101018233,10085737,1613486,Schlossstrasse,45,8207 Schaffhausen,2939,SH,real,True,15.11.2024,2691820,1286805
101018234,10085737,1613487,Schlossstrasse,49,8207 Schaffhausen,2939,SH,real,True,15.11.2024,2691815,1286825
101018235,10085737,1613488,Schlossstrasse,51,8207 Schaffhausen,2939,SH,real,True,15.11.2024,2691812,1286838
101018236,10085737,1613489,Schlossstrasse,53,8207 Schaffhausen,2939,SH,real,True,15.11.2024,2691809,1286846
101018237,10085737,1613492,Schlossstrasse,67,8207 Schaffhausen,2939,SH,real,True,15.11.2024,2691774,1286927
101018238,10025700,1613493,Trüllenbuck,77,8207 Schaffhausen,2939,SH,real,True,15.11.2024,2691810,1286729
101018239,10086475,1615281,Buchthalerstrasse,136,8203 Schaffhausen,2939,SH,real,True,15.11.2024,2691228,1283518
101018240,10086475,1615283,Buchthalerstrasse,140,8203 Schaffhausen,2939,SH,real,True,15.11.2024,2691236,1283499
101018241,10086475,1615284,Buchthalerstrasse,142,8203 Schaffhausen,2939,SH,real,True,15.11.2024,2691242,1283501
101018242,10086475,1615285,Buchthalerstrasse,144,8203 Schaffhausen,2939,SH,real,True,15.11.2024,2691248,1283504
101018243,10124087,1615286,Kohlfirststrasse,14,8203 Schaffhausen,2939,SH,real,True,15.11.2024,2691341,1283542
101018244,10124087,1615287,Kohlfirststrasse,16,8203 Schaffhausen,2939,SH,real,True,15.11.2024,2691326,1283551
101018245,10124087,1615289,Kohlfirststrasse,26,8203 Schaffhausen,2939,SH,real,True,15.11.2024,2691302,1283476
101018246,10124087,1615290,Kohlfirststrasse,30,8203 Schaffhausen,2939,SH,real,True,15.11.2024,2691265,1283470
101018248,10124087,1615293,Kohlfirststrasse,36,8203 Schaffhausen,2939,SH,real,True,15.11.2024,2691272,1283418
101018249,10124087,1615294,Kohlfirststrasse,38,8203 Schaffhausen,2939,SH,real,True,15.11.2024,2691225,1283416
101018251,10124087,1615296,Kohlfirststrasse,40,8203 Schaffhausen,2939,SH,real,True,15.11.2024,2691249,1283392
101018252,10124087,1615297,Kohlfirststrasse,42,8203 Schaffhausen,2939,SH,real,True,15.11.2024,2691246,1283374
101018253,10124087,1615298,Kohlfirststrasse,44,8203 Schaffhausen,2939,SH,real,True,15.11.2024,2691235,1283351
101018254,10124087,1615299,Kohlfirststrasse,46,8203 Schaffhausen,2939,SH,real,True,15.11.2024,2691225,1283381
101018255,10124087,1615301,Kohlfirststrasse,50,8203 Schaffhausen,2939,SH,real,True,15.11.2024,2691225,1283335
101018256,10124087,1615303,Kohlfirststrasse,54,8203 Schaffhausen,2939,SH,real,True,15.11.2024,2691199,1283297
101018257,10025710,1615304,Windeggstieg,9,8203 Schaffhausen,2939,SH,real,True,15.11.2024,2691165,1283357
101018258,10025710,1615306,Windeggstieg,13,8203 Schaffhausen,2939,SH,real,True,15.11.2024,2691178,1283372
101018259,10025710,1615307,Windeggstieg,15,8203 Schaffhausen,2939,SH,real,True,15.11.2024,2691181,1283389
101018260,10025710,1615308,Windeggstieg,17,8203 Schaffhausen,2939,SH,real,True,15.11.2024,2691191,1283409
101018261,10025710,1615309,Windeggstieg,19,8203 Schaffhausen,2939,SH,real,True,15.11.2024,2691206,1283395
101018262,10025710,1615310,Windeggstieg,21,8203 Schaffhausen,2939,SH,real,True,15.11.2024,2691183,1283318
101018263,10118147,1615311,Windeggstrasse,47,8203 Schaffhausen,2939,SH,real,True,15.11.2024,2691259,1283249
101018264,10118147,1615312,Windeggstrasse,49,8203 Schaffhausen,2939,SH,real,True,15.11.2024,2691229,1283276
101018265,10019270,1615313,Alte Gasse,10,8203 Schaffhausen,2939,SH,real,True,15.11.2024,2691268,1283535
101018266,10019270,1615314,Alte Gasse,12,8203 Schaffhausen,2939,SH,real,True,15.11.2024,2691257,1283522
101018267,10113194,1615316,Dorfweg,2,8203 Schaffhausen,2939,SH,real,True,15.11.2024,2691396,1283580
101018268,10046623,1615317,Kirchgasse,6,8203 Schaffhausen,2939,SH,real,True,15.11.2024,2691381,1283605
101018269,10046623,1615319,Kirchgasse,12,8203 Schaffhausen,2939,SH,real,True,15.11.2024,2691452,1283601
101018270,10046623,1615320,Kirchgasse,14,8203 Schaffhausen,2939,SH,real,True,15.11.2024,2691475,1283603
101018272,10046623,1615321,Kirchgasse,18,8203 Schaffhausen,2939,SH,real,True,15.11.2024,2691502,1283597
101018273,10124087,1615322,Kohlfirststrasse,4,8203 Schaffhausen,2939,SH,real,True,15.11.2024,2691436,1283562
101018274,10124087,1615323,Kohlfirststrasse,6,8203 Schaffhausen,2939,SH,real,True,15.11.2024,2691380,1283554
101018275,10124087,1615324,Kohlfirststrasse,10,8203 Schaffhausen,2939,SH,real,True,15.11.2024,2691363,1283550
101018276,10018680,1615325,Lindenplatz,10,8203 Schaffhausen,2939,SH,real,True,15.11.2024,2691343,1283607
101018277,10018680,1615326,Lindenplatz,12,8203 Schaffhausen,2939,SH,real,True,15.11.2024,2691373,1283610
101018278,10018680,1615327,Lindenplatz,12b,8203 Schaffhausen,2939,SH,real,True,15.11.2024,2691354,1283600
101018280,10179725,1615329,Rebweg,2,8203 Schaffhausen,2939,SH,real,True,15.11.2024,2691424,1283592
101018281,10179725,1615330,Rebweg,2a,8203 Schaffhausen,2939,SH,real,True,15.11.2024,2691421,1283583
101018282,10179725,1615331,Rebweg,4,8203 Schaffhausen,2939,SH,real,True,15.11.2024,2691402,1283554
101018283,10179725,1615332,Rebweg,5,8203 Schaffhausen,2939,SH,real,True,15.11.2024,2691430,1283574
101018284,10019270,1615333,Alte Gasse,4,8203 Schaffhausen,2939,SH,real,True,15.11.2024,2691241,1283568
101018285,10019270,1615333,Alte Gasse,2,8203 Schaffhausen,2939,SH,real,True,15.11.2024,2691233,1283571
101018286,10086475,1615334,Buchthalerstrasse,150,8203 Schaffhausen,2939,SH,real,True,15.11.2024,2691264,1283640
101018287,10019270,1615336,Alte Gasse,9,8203 Schaffhausen,2939,SH,real,True,15.11.2024,2691286,1283627
101018288,10086475,1615337,Buchthalerstrasse,146,8203 Schaffhausen,2939,SH,real,True,15.11.2024,2691252,1283618
101018289,10086475,1615338,Buchthalerstrasse,154,8203 Schaffhausen,2939,SH,real,True,15.11.2024,2691280,1283664
101018290,10086477,1615339,Dorfstrasse,1,8203 Schaffhausen,2939,SH,real,True,15.11.2024,2691332,1283687
101018291,10086477,1615341,Dorfstrasse,5,8203 Schaffhausen,2939,SH,real,True,15.11.2024,2691348,1283664
101018292,10018652,1615342,Hintergasse,3,8203 Schaffhausen,2939,SH,real,True,15.11.2024,2691380,1283648
101018293,10018656,1611631,Hohlenbaumstieg,20,8200 Schaffhausen,2939,SH,real,True,15.11.2024,2688732,1284800
101018294,10046620,1611632,Irchelstrasse,14,8200 Schaffhausen,2939,SH,real,True,15.11.2024,2688727,1284704
101018295,10046620,1611633,Irchelstrasse,16,8200 Schaffhausen,2939,SH,real,True,15.11.2024,2688714,1284704
101018296,10046620,1611634,Irchelstrasse,18,8200 Schaffhausen,2939,SH,real,True,15.11.2024,2688690,1284702
101018297,10046620,1611637,Irchelstrasse,24,8200 Schaffhausen,2939,SH,real,True,15.11.2024,2688649,1284702
101018298,10046620,1611638,Irchelstrasse,26,8200 Schaffhausen,2939,SH,real,True,15.11.2024,2688622,1284702
101018299,10046620,1611639,Irchelstrasse,28,8200 Schaffhausen,2939,SH,real,True,15.11.2024,2688615,1284702
101019692,10237825,1609950,Randenstrasse,25,8231 Hemmental,2939,SH,real,True,15.11.2024,2685617,1287684
101019693,10237825,1609951,Randenstrasse,27,8231 Hemmental,2939,SH,real,True,15.11.2024,2685599,1287668
101019694,10237825,1609952,Randenstrasse,29,8231 Hemmental,2939,SH,real,True,15.11.2024,2685574,1287658
101019695,10237825,1609954,Randenstrasse,33,8231 Hemmental,2939,SH,real,True,15.11.2024,2685545,1287673
101019696,10237825,1609956,Randenstrasse,39,8231 Hemmental,2939,SH,real,True,15.11.2024,2685507,1287673
101019697,10237825,1609957,Randenstrasse,36,8231 Hemmental,2939,SH,real,True,15.11.2024,2685506,1287693
101019698,10237825,1609959,Randenstrasse,43,8231 Hemmental,2939,SH,real,True,15.11.2024,2685476,1287673
101019700,10237825,1609964,Randenstrasse,46,8231 Hemmental,2939,SH,real,True,15.11.2024,2685410,1287682
101019701,10237825,1609965,Randenstrasse,49,8231 Hemmental,2939,SH,real,True,15.11.2024,2685410,1287666
101019702,10237825,1609966,Randenstrasse,48,8231 Hemmental,2939,SH,real,True,15.11.2024,2685392,1287682
101019703,10237825,1609967,Randenstrasse,51,8231 Hemmental,2939,SH,real,True,15.11.2024,2685387,1287664
101019704,10237825,1609968,Randenstrasse,52,8231 Hemmental,2939,SH,real,True,15.11.2024,2685346,1287686
101019705,10091230,1609971,Hauptstrasse,2,8231 Hemmental,2939,SH,real,True,15.11.2024,2685680,1287691
101019706,10074389,1609973,Hattenhof,1,8231 Hemmental,2939,SH,real,True,15.11.2024,2685670,1287686
101019707,10074389,1609975,Hattenhof,7,8231 Hemmental,2939,SH,real,True,15.11.2024,2685699,1287663
101019708,10074389,1609976,Hattenhof,6,8231 Hemmental,2939,SH,real,True,15.11.2024,2685674,1287664
101019709,10074389,1609977,Hattenhof,8,8231 Hemmental,2939,SH,real,True,15.11.2024,2685695,1287648
101019710,10019570,1609979,Hofwiesenstrasse,13,8231 Hemmental,2939,SH,real,True,15.11.2024,2685739,1287650
101019711,10019570,1609981,Hofwiesenstrasse,22,8231 Hemmental,2939,SH,real,True,15.11.2024,2685809,1287610
101019712,10019570,1609982,Hofwiesenstrasse,24,8231 Hemmental,2939,SH,real,True,15.11.2024,2685838,1287609
101019713,10019570,1609983,Hofwiesenstrasse,26,8231 Hemmental,2939,SH,real,True,15.11.2024,2685866,1287609
101019714,10019570,1609984,Hofwiesenstrasse,30,8231 Hemmental,2939,SH,real,True,15.11.2024,2685901,1287609
101019715,10091230,1609986,Hauptstrasse,5,8231 Hemmental,2939,SH,real,True,15.11.2024,2685713,1287694
101019716,10091230,1609989,Hauptstrasse,11,8231 Hemmental,2939,SH,real,True,15.11.2024,2685756,1287688
101019717,10091230,1609990,Hauptstrasse,10,8231 Hemmental,2939,SH,real,True,15.11.2024,2685719,1287668
101019718,10091230,1609991,Hauptstrasse,12,8231 Hemmental,2939,SH,real,True,15.11.2024,2685744,1287674
101019719,10091230,1609992,Hauptstrasse,14,8231 Hemmental,2939,SH,real,True,15.11.2024,2685760,1287671
101019720,10091230,1609993,Hauptstrasse,16,8231 Hemmental,2939,SH,real,True,15.11.2024,2685792,1287668
101019721,10091230,1609994,Hauptstrasse,18,8231 Hemmental,2939,SH,real,True,15.11.2024,2685815,1287658
101019722,10091230,1609995,Hauptstrasse,20,8231 Hemmental,2939,SH,real,True,15.11.2024,2685836,1287652
101019723,10091230,1609996,Hauptstrasse,23,8231 Hemmental,2939,SH,real,True,15.11.2024,2685879,1287666
101019724,10091230,1609997,Hauptstrasse,22,8231 Hemmental,2939,SH,real,True,15.11.2024,2685863,1287644
101019750,10018656,1611720,Hohlenbaumstieg,5,8200 Schaffhausen,2939,SH,real,True,15.11.2024,2688730,1284651
101019751,10018656,1611721,Hohlenbaumstieg,7,8200 Schaffhausen,2939,SH,real,True,15.11.2024,2688728,1284686
101019752,10018657,1611723,Hohlenbaumstrasse,79,8200 Schaffhausen,2939,SH,real,True,15.11.2024,2688671,1284635
101019753,10018657,1611724,Hohlenbaumstrasse,85,8200 Schaffhausen,2939,SH,real,True,15.11.2024,2688689,1284630
101019754,10046620,1611726,Irchelstrasse,17,8200 Schaffhausen,2939,SH,real,True,15.11.2024,2688658,1284684
101019757,10178604,1611731,Breitenaustrasse,132,8200 Schaffhausen,2939,SH,real,True,15.11.2024,2688860,1284706
101019758,10178604,1611733,Breitenaustrasse,142,8200 Schaffhausen,2939,SH,real,True,15.11.2024,2688846,1284765
101019759,10178604,1611735,Breitenaustrasse,146,8200 Schaffhausen,2939,SH,real,True,15.11.2024,2688838,1284789
101019760,10178604,1611737,Breitenaustrasse,150,8200 Schaffhausen,2939,SH,real,True,15.11.2024,2688828,1284811
101019761,10178604,1611738,Breitenaustrasse,152,8200 Schaffhausen,2939,SH,real,True,15.11.2024,2688855,1284822
101019763,10046618,1611741,Fernsichtstrasse,1,8200 Schaffhausen,2939,SH,real,True,15.11.2024,2688980,1284775
101019764,10046618,1611742,Fernsichtstrasse,5,8200 Schaffhausen,2939,SH,real,True,15.11.2024,2688958,1284810
101019765,10046618,1611743,Fernsichtstrasse,7,8200 Schaffhausen,2939,SH,real,True,15.11.2024,2688934,1284799
101019766,10046618,1611744,Fernsichtstrasse,9,8200 Schaffhausen,2939,SH,real,True,15.11.2024,2688910,1284787
101019767,10018657,1611745,Hohlenbaumstrasse,131,8200 Schaffhausen,2939,SH,real,True,15.11.2024,2688899,1284681
101019768,10018657,1611746,Hohlenbaumstrasse,139,8200 Schaffhausen,2939,SH,real,True,15.11.2024,2688930,1284687
101019769,10018657,1611747,Hohlenbaumstrasse,143,8200 Schaffhausen,2939,SH,real,True,15.11.2024,2688952,1284720
101019770,10018657,1611748,Hohlenbaumstrasse,145,8200 Schaffhausen,2939,SH,real,True,15.11.2024,2688935,1284731
101019771,10018657,1611749,Hohlenbaumstrasse,147,8200 Schaffhausen,2939,SH,real,True,15.11.2024,2688931,1284737
101021409,10147321,191384790,Ifangweg,1,8219 Trasadingen,2973,SH,real,True,15.11.2024,2674225,1280252
101022487,10132132,1615226,Bruderhöflistrasse,9,8203 Schaffhausen,2939,SH,real,True,15.11.2024,2691009,1283374
101022488,10132132,1615228,Bruderhöflistrasse,13,8203 Schaffhausen,2939,SH,real,True,15.11.2024,2691028,1283383
101022489,10132132,1615231,Bruderhöflistrasse,19,8203 Schaffhausen,2939,SH,real,True,15.11.2024,2691062,1283400
101022490,10132132,1615232,Bruderhöflistrasse,21,8203 Schaffhausen,2939,SH,real,True,15.11.2024,2691076,1283414
101022491,10086475,1615234,Buchthalerstrasse,86,8203 Schaffhausen,2939,SH,real,True,15.11.2024,2690959,1283399
101052930,10026388,190079080,Chlenglerweg,112,8240 Thayngen,2920,SH,real,True,15.11.2024,2696713,1289271
101052938,10154375,190078860,Gemeindewiesenstrasse,6,8212 Neuhausen am Rheinfall,2937,SH,real,True,15.11.2024,2687503,1281678
101052947,10154375,190078924,Gemeindewiesenstrasse,16,8212 Neuhausen am Rheinfall,2937,SH,real,True,15.11.2024,2687424,1281658
101052949,10154375,190078822,Gemeindewiesenstrasse,31,8212 Neuhausen am Rheinfall,2937,SH,real,True,15.11.2024,2687467,1281730
101053072,10027513,3075173,Schützenmauer,16,8213 Neunkirch,2904,SH,real,True,15.11.2024,2679767,1282394
101053073,10068436,3075174,Hasenbergstrasse,5,8213 Neunkirch,2904,SH,real,True,15.11.2024,2679475,1282253
101053074,10118351,3075177,Im Junkholz,4,8241 Barzheim,2920,SH,real,True,15.11.2024,2695921,1290356
101054463,10106942,3075181,Schlatterweg,24,8240 Thayngen,2920,SH,real,True,15.11.2024,2695223,1289678
101054464,10073630,3075183,Steigstrasse,15,8240 Thayngen,2920,SH,real,True,15.11.2024,2695247,1289695
101054465,10087049,3075184,Egelseeweg,13,8240 Thayngen,2920,SH,real,True,15.11.2024,2694620,1289607
101054466,10087049,3075185,Egelseeweg,11,8240 Thayngen,2920,SH,real,True,15.11.2024,2694627,1289604
101054467,10087049,3075186,Egelseeweg,9,8240 Thayngen,2920,SH,real,True,15.11.2024,2694643,1289595
101054468,10087049,3075187,Egelseeweg,7,8240 Thayngen,2920,SH,real,True,15.11.2024,2694650,1289593
101054469,10087049,3075188,Egelseeweg,5,8240 Thayngen,2920,SH,real,True,15.11.2024,2694665,1289584
101054470,10087049,3075189,Egelseeweg,3,8240 Thayngen,2920,SH,real,True,15.11.2024,2694672,1289582
101054471,10048900,3075190,Lohningerweg,38,8240 Thayngen,2920,SH,real,True,15.11.2024,2694641,1289546
101054472,10048900,3075191,Lohningerweg,36,8240 Thayngen,2920,SH,real,True,15.11.2024,2694648,1289547
101054473,10048900,3075192,Lohningerweg,34,8240 Thayngen,2920,SH,real,True,15.11.2024,2694667,1289546
101054474,10048900,3075193,Lohningerweg,32,8240 Thayngen,2920,SH,real,True,15.11.2024,2694675,1289546
101054475,10026388,3075197,Chlenglerweg,110,8240 Thayngen,2920,SH,real,True,15.11.2024,2696687,1289285
101054476,10237818,3075198,Rebbergstrasse,173,8240 Thayngen,2920,SH,real,True,15.11.2024,2696819,1289367
101054477,10026386,3075199,Bolliweg,5,8240 Thayngen,2920,SH,real,True,15.11.2024,2695303,1289681
101054478,10018139,3075200,Im Winkel,7,8240 Thayngen,2920,SH,real,True,15.11.2024,2695500,1289266
101074025,10178315,3034901,Schleitheimerstrasse,42,8222 Beringen,2932,SH,real,True,15.11.2024,2684863,1283725
101074026,10018446,3034902,Auf der Höhe,1,8222 Beringen,2932,SH,real,True,15.11.2024,2684981,1283933
101074027,10186339,3034903,Gellerstrasse,10,8222 Beringen,2932,SH,real,True,15.11.2024,2685309,1283666
101074028,10087070,3034906,Hülsteweg,10,8222 Beringen,2932,SH,real,True,15.11.2024,2686845,1283645
101074029,10087070,3034907,Hülsteweg,12a,8222 Beringen,2932,SH,real,True,15.11.2024,2686838,1283643
101074030,10073645,3034910,Schützehüsliweg,10,8222 Beringen,2932,SH,real,True,15.11.2024,2685423,1283701
101074031,10018446,3034912,Auf der Höhe,7,8222 Beringen,2932,SH,real,True,15.11.2024,2684913,1283928
101074032,10117541,3034914,Stalden,3,8222 Beringen,2932,SH,real,True,15.11.2024,2684972,1283555
101074033,10073640,3034915,Höhenweg,15,8222 Beringen,2932,SH,real,True,15.11.2024,2685003,1283813
101074034,10018448,3034916,Biberichweg,9,8222 Beringen,2932,SH,real,True,15.11.2024,2684991,1283837
101074035,10018446,3034918,Auf der Höhe,3,8222 Beringen,2932,SH,real,True,15.11.2024,2684954,1283932
101074036,10018469,3034919,Schönebueche,11,8222 Beringen,2932,SH,real,True,15.11.2024,2685544,1283932
101074037,10117541,3034922,Stalden,1,8222 Beringen,2932,SH,real,True,15.11.2024,2684984,1283557
101074038,10073640,3034923,Höhenweg,17,8222 Beringen,2932,SH,real,True,15.11.2024,2684985,1283902
101074039,10091226,3034924,Zelgstrasse,37,8222 Beringen,2932,SH,real,True,15.11.2024,2684968,1283392
101074881,10085722,2711390,Meisenweg,22,8200 Schaffhausen,2939,SH,real,True,15.11.2024,2689472,1284035
101074882,10085722,2711392,Meisenweg,18,8200 Schaffhausen,2939,SH,real,True,15.11.2024,2689487,1284033
101074883,10019783,2711393,Nordstrasse,2,8200 Schaffhausen,2939,SH,real,True,15.11.2024,2689275,1283837
101074884,10019783,2711394,Nordstrasse,8,8200 Schaffhausen,2939,SH,real,True,15.11.2024,2689332,1283860
101074885,10019783,2711395,Nordstrasse,10,8200 Schaffhausen,2939,SH,real,True,15.11.2024,2689340,1283874
101074886,10019783,2711396,Nordstrasse,12,8200 Schaffhausen,2939,SH,real,True,15.11.2024,2689348,1283887
101074887,10085722,2711397,Meisenweg,21,8200 Schaffhausen,2939,SH,real,True,15.11.2024,2689480,1284016
101074888,10019270,2711400,Alte Gasse,11,8203 Schaffhausen,2939,SH,real,True,15.11.2024,2691310,1283628
101074889,10046623,2711403,Kirchgasse,16,8203 Schaffhausen,2939,SH,real,True,15.11.2024,2691485,1283602
101074890,10018670,2711404,Kirschenweg,6,8200 Schaffhausen,2939,SH,real,True,15.11.2024,2691009,1284200
101074892,10190888,2711435,Winkelriedstrasse,61,8203 Schaffhausen,2939,SH,real,True,15.11.2024,2691594,1283953
101074893,10190888,2711436,Winkelriedstrasse,63,8203 Schaffhausen,2939,SH,real,True,15.11.2024,2691603,1283953
101074894,10190888,2711437,Winkelriedstrasse,65,8203 Schaffhausen,2939,SH,real,True,15.11.2024,2691607,1283953
101074895,10190888,2711438,Winkelriedstrasse,67,8203 Schaffhausen,2939,SH,real,True,15.11.2024,2691615,1283953
101074896,10085730,2711439,Pilatusstrasse,58,8203 Schaffhausen,2939,SH,real,True,15.11.2024,2691646,1283943
101074897,10085730,2711440,Pilatusstrasse,60,8203 Schaffhausen,2939,SH,real,True,15.11.2024,2691652,1283944
101074898,10085730,2711441,Pilatusstrasse,62,8203 Schaffhausen,2939,SH,real,True,15.11.2024,2691658,1283944
101074899,10085730,2711442,Pilatusstrasse,56,8203 Schaffhausen,2939,SH,real,True,15.11.2024,2691661,1283920
101074900,10085730,2711443,Pilatusstrasse,54,8203 Schaffhausen,2939,SH,real,True,15.11.2024,2691661,1283914
101074901,10085730,2711444,Pilatusstrasse,52,8203 Schaffhausen,2939,SH,real,True,15.11.2024,2691661,1283908
101074902,10085730,2711447,Pilatusstrasse,68,8203 Schaffhausen,2939,SH,real,True,15.11.2024,2691615,1283912
101074903,10085730,2711448,Pilatusstrasse,70,8203 Schaffhausen,2939,SH,real,True,15.11.2024,2691615,1283918
101074904,10190888,2711450,Winkelriedstrasse,60,8203 Schaffhausen,2939,SH,real,True,15.11.2024,2691574,1283904
101074905,10190888,2711452,Winkelriedstrasse,64,8203 Schaffhausen,2939,SH,real,True,15.11.2024,2691574,1283891
101074906,10190888,2711454,Winkelriedstrasse,68,8203 Schaffhausen,2939,SH,real,True,15.11.2024,2691575,1283878
101074907,10190888,2711455,Winkelriedstrasse,70,8203 Schaffhausen,2939,SH,real,True,15.11.2024,2691575,1283872
101074908,10190888,2711456,Winkelriedstrasse,72,8203 Schaffhausen,2939,SH,real,True,15.11.2024,2691575,1283865
101074909,10190888,2711458,Winkelriedstrasse,76,8203 Schaffhausen,2939,SH,real,True,15.11.2024,2691576,1283852
101074925,10019797,2711491,Rheinquai,10,8200 Schaffhausen,2939,SH,real,True,15.11.2024,2690402,1283440
101074926,10025692,2711499,Stettemerstrasse,64,8207 Schaffhausen,2939,SH,real,True,15.11.2024,2691540,1286800
101074927,10073043,2711500,Hohberg,39,8207 Schaffhausen,2939,SH,real,True,15.11.2024,2691018,1286332
101074928,10025692,2711501,Stettemerstrasse,99,8207 Schaffhausen,2939,SH,real,True,15.11.2024,2691335,1286653
101074929,10073043,2711505,Hohberg,20,8207 Schaffhausen,2939,SH,real,True,15.11.2024,2691025,1286250
101074930,10073043,2711506,Hohberg,22,8207 Schaffhausen,2939,SH,real,True,15.11.2024,2691036,1286253
101074931,10073043,2711507,Hohberg,24,8207 Schaffhausen,2939,SH,real,True,15.11.2024,2691048,1286266
101074932,10073043,2711508,Hohberg,25,8207 Schaffhausen,2939,SH,real,True,15.11.2024,2691028,1286287
101074933,10025692,2711510,Stettemerstrasse,95,8207 Schaffhausen,2939,SH,real,True,15.11.2024,2691314,1286555
101074934,10019782,2711511,Neutrottenstrasse,84,8207 Schaffhausen,2939,SH,real,True,15.11.2024,2691328,1286396
101074935,10108024,2711512,Kirchbergstrasse,60,8207 Schaffhausen,2939,SH,real,True,15.11.2024,2691740,1286514
101074936,10108024,2711513,Kirchbergstrasse,62,8207 Schaffhausen,2939,SH,real,True,15.11.2024,2691743,1286511
101074937,10108024,2711514,Kirchbergstrasse,64,8207 Schaffhausen,2939,SH,real,True,15.11.2024,2691752,1286494
101074938,10073051,2711517,Krummacker,4,8207 Schaffhausen,2939,SH,real,True,15.11.2024,2691647,1286745
101074939,10073051,2711518,Krummacker,6,8207 Schaffhausen,2939,SH,real,True,15.11.2024,2691652,1286741
101074940,10073051,2711519,Krummacker,8,8207 Schaffhausen,2939,SH,real,True,15.11.2024,2691657,1286736
101074941,10073051,2711520,Krummacker,10,8207 Schaffhausen,2939,SH,real,True,15.11.2024,2691662,1286732
101074942,10073051,2711521,Krummacker,12,8207 Schaffhausen,2939,SH,real,True,15.11.2024,2691667,1286728
101074943,10018648,2711523,Hanfpünt,20,8207 Schaffhausen,2939,SH,real,True,15.11.2024,2691624,1286713
101074944,10018648,2711524,Hanfpünt,18,8207 Schaffhausen,2939,SH,real,True,15.11.2024,2691632,1286704
101074945,10018648,2711525,Hanfpünt,16,8207 Schaffhausen,2939,SH,real,True,15.11.2024,2691637,1286698
101074946,10018648,2711526,Hanfpünt,14,8207 Schaffhausen,2939,SH,real,True,15.11.2024,2691645,1286689
101074947,10018648,2711527,Hanfpünt,12,8207 Schaffhausen,2939,SH,real,True,15.11.2024,2691650,1286683
101074948,10046615,2711528,Dützebüelstrasse,32,8207 Schaffhausen,2939,SH,real,True,15.11.2024,2692088,1286687
101074949,10046615,2711529,Dützebüelstrasse,36,8207 Schaffhausen,2939,SH,real,True,15.11.2024,2692067,1286666
101074950,10073041,2711532,Haldenwiesli,8,8207 Schaffhausen,2939,SH,real,True,15.11.2024,2692065,1286580
101074951,10018668,2711535,Kasinogässchen,20,8200 Schaffhausen,2939,SH,real,True,15.11.2024,2689417,1283556
101074952,10086470,2711540,Bachstrasse,70,8200 Schaffhausen,2939,SH,real,True,15.11.2024,2689947,1284007
101078399,10091165,2712518,Biberichweg,22,8224 Löhningen,2903,SH,real,True,15.11.2024,2683885,1284342
101078400,10091165,2712519,Biberichweg,24,8224 Löhningen,2903,SH,real,True,15.11.2024,2683872,1284324
101078403,10024956,2712532,Bibermerweg,4,8235 Lohn SH,2917,SH,real,True,15.11.2024,2692326,1290393
101078404,10031943,2712556,Bienengartenstrasse,7,8215 Hallau,2971,SH,real,True,15.11.2024,2676475,1283786
101078405,10031943,2712557,Bienengartenstrasse,9,8215 Hallau,2971,SH,real,True,15.11.2024,2676497,1283793
101078406,10072972,2712567,Bildsteinstrasse,2,8239 Dörflingen,2915,SH,real,True,15.11.2024,2696310,1285115
101078407,10072972,2712568,Bildsteinstrasse,4,8239 Dörflingen,2915,SH,real,True,15.11.2024,2696323,1285105
101078408,10072972,2712569,Bildsteinstrasse,6,8239 Dörflingen,2915,SH,real,True,15.11.2024,2696337,1285095
101078409,10118141,2712587,Birkenstrasse,9,8454 Buchberg,2933,SH,real,True,15.11.2024,2684282,1269993
101078410,10118141,2712588,Birkenstrasse,17,8454 Buchberg,2933,SH,real,True,15.11.2024,2684184,1269980
101078411,10054982,2712591,Blashalde,236,8222 Beringen,2932,SH,real,True,15.11.2024,2685193,1286233
101078412,10024957,2712597,Blattenacker,10,8235 Lohn SH,2917,SH,real,True,15.11.2024,2692398,1290014
101078413,10087229,2712609,Blaurockstrasse,30,8260 Stein am Rhein,2964,SH,real,True,15.11.2024,2706543,1280239
101078414,10091109,2712627,Blumengartenstrasse,16,8215 Hallau,2971,SH,real,True,15.11.2024,2676316,1283010
101078415,10091109,2712628,Blumengartenstrasse,18,8215 Hallau,2971,SH,real,True,15.11.2024,2676303,1283008
101079757,10091399,2712095,Ackerweg,5,8219 Trasadingen,2973,SH,real,True,15.11.2024,2674482,1280081
101079758,10087228,2712096,Adlergässli,6,8260 Stein am Rhein,2964,SH,real,True,15.11.2024,2706776,1279775
101079759,10031593,2712120,Alemannenweg,517,8262 Ramsen,2963,SH,real,True,15.11.2024,2703527,1284897
101079760,10073112,2712154,Am Bächli,8,8217 Wilchingen,2974,SH,real,True,15.11.2024,2677214,1281175
101079761,10073112,2712155,Am Bächli,6,8217 Wilchingen,2974,SH,real,True,15.11.2024,2677213,1281186
101079762,10073112,2712156,Am Bächli,4,8217 Wilchingen,2974,SH,real,True,15.11.2024,2677210,1281204
101079763,10162015,2712165,Im Winkel,3,8216 Oberhallau,2972,SH,real,True,15.11.2024,2678003,1284490
101079765,10153985,2712217,Rohrstrasse,15,8216 Oberhallau,2972,SH,real,True,15.11.2024,2677812,1284213
101079766,10153985,2712219,Rohrstrasse,22,8216 Oberhallau,2972,SH,real,True,15.11.2024,2677804,1284295
101079767,10153985,2712221,Rohrstrasse,26,8216 Oberhallau,2972,SH,real,True,15.11.2024,2677813,1284328
101079768,10181358,2712232,Grabenackerstrasse,2,8261 Hemishofen,2962,SH,real,True,15.11.2024,2704495,1281989
101079769,10118353,2712238,Ausserdorf,26,8235 Lohn SH,2917,SH,real,True,15.11.2024,2692234,1290179
101079770,10180864,2712244,Ringweg,5,8263 Buch SH,2961,SH,real,True,15.11.2024,2700617,1286082
101079771,10118353,2712245,Ausserdorf,30,8235 Lohn SH,2917,SH,real,True,15.11.2024,2692224,1290170
101079772,10073103,2712246,Neunkircherstrasse,3,8215 Hallau,2971,SH,real,True,15.11.2024,2677027,1283495
101079773,10118353,2712249,Ausserdorf,32,8235 Lohn SH,2917,SH,real,True,15.11.2024,2692211,1290159
101079774,10118353,2712251,Ausserdorf,36,8235 Lohn SH,2917,SH,real,True,15.11.2024,2692200,1290150
101079775,10091244,2712271,Badische Bahnhofstrasse,20,8212 Neuhausen am Rheinfall,2937,SH,real,True,15.11.2024,2688123,1281966
101079776,10024925,2712286,Zollstrasse,15,8218 Osterfingen,2974,SH,real,True,15.11.2024,2678518,1279030
101079777,10024925,2712290,Zollstrasse,18,8218 Osterfingen,2974,SH,real,True,15.11.2024,2678475,1278910
101079778,10195244,2712296,Undergass,4,8219 Trasadingen,2973,SH,real,True,15.11.2024,2674615,1280063
101079779,10071981,2712301,Bahnhofstrasse,13a,8260 Stein am Rhein,2964,SH,real,True,15.11.2024,2706493,1279289
101079780,10118354,2712344,Bahnhofstrasse,38,8222 Beringen,2932,SH,real,True,15.11.2024,2684929,1283362
101079781,10071689,2712364,Bahnhofstrasse,508,8262 Ramsen,2963,SH,real,True,15.11.2024,2703243,1285041
101079782,10073624,2712405,Barzingersteig,4,8240 Thayngen,2920,SH,real,True,15.11.2024,2695318,1289761
101079783,10179750,2712409,Im Baumgarten,506,8262 Ramsen,2963,SH,real,True,15.11.2024,2703595,1284983
101079784,10017853,2712411,Beckenburgstrasse,3,8212 Neuhausen am Rheinfall,2937,SH,real,True,15.11.2024,2688336,1282094
101079785,10018447,2712447,Benzeweg,35,8222 Beringen,2932,SH,real,True,15.11.2024,2686429,1283603
101079786,10018447,2712448,Benzeweg,37,8222 Beringen,2932,SH,real,True,15.11.2024,2686432,1283625
101079787,10018447,2712449,Benzeweg,39,8222 Beringen,2932,SH,real,True,15.11.2024,2686449,1283603
101079788,10018447,2712452,Benzeweg,77,8222 Beringen,2932,SH,real,True,15.11.2024,2686799,1283540
101079789,10018447,2712453,Benzeweg,79,8222 Beringen,2932,SH,real,True,15.11.2024,2686814,1283540
101079790,10031587,2712480,Im Bergli,4,8261 Hemishofen,2962,SH,real,True,15.11.2024,2704861,1281635
101079791,10129038,2712481,Berghof,1,8215 Hallau,2971,SH,real,True,15.11.2024,2676415,1284523
101079792,10018448,2712513,Biberichweg,18,8222 Beringen,2932,SH,real,True,15.11.2024,2684956,1283870
101079793,10091165,2712514,Biberichweg,18,8224 Löhningen,2903,SH,real,True,15.11.2024,2683867,1284355
101079794,10018448,2712515,Biberichweg,20,8222 Beringen,2932,SH,real,True,15.11.2024,2684956,1283889
101079795,10018448,2712517,Biberichweg,22,8222 Beringen,2932,SH,real,True,15.11.2024,2684954,1283908
101079808,10091109,2712629,Blumengartenstrasse,10,8215 Hallau,2971,SH,real,True,15.11.2024,2676275,1283065
101079809,10087046,2712631,Blumenstrasse,22,8240 Thayngen,2920,SH,real,True,15.11.2024,2694854,1289220
101079810,10087046,2712633,Blumenstrasse,3,8240 Thayngen,2920,SH,real,True,15.11.2024,2695073,1289283
101079811,10121179,2712640,Blumenstrasse,33,8215 Hallau,2971,SH,real,True,15.11.2024,2676193,1282871
101079812,10072966,2712647,Im Bohl,22,8243 Altdorf SH,2920,SH,real,True,15.11.2024,2691296,1293415
101079813,10031616,2712679,Bollstieg,10,8260 Stein am Rhein,2964,SH,real,True,15.11.2024,2707440,1279762
101079814,10031616,2712681,Bollstieg,6,8260 Stein am Rhein,2964,SH,real,True,15.11.2024,2707388,1279774
101079815,10031616,2712682,Bollstieg,8,8260 Stein am Rhein,2964,SH,real,True,15.11.2024,2707408,1279792
101079816,10024941,2712696,Bolstrasse,7,8239 Dörflingen,2915,SH,real,True,15.11.2024,2696404,1284665
101079817,10024941,2712698,Bolstrasse,9,8239 Dörflingen,2915,SH,real,True,15.11.2024,2696425,1284614
101079818,10072986,2712709,Braatistrasse,22,8234 Stetten SH,2919,SH,real,True,15.11.2024,2691484,1288005
101079819,10087038,2712711,Brämlenstrasse,13,8234 Stetten SH,2919,SH,real,True,15.11.2024,2691430,1288100
101079820,10087038,2712715,Brämlenstrasse,23,8234 Stetten SH,2919,SH,real,True,15.11.2024,2691359,1288001
101079821,10087038,2712716,Brämlenstrasse,31,8234 Stetten SH,2919,SH,real,True,15.11.2024,2691325,1287929
101079822,10087038,2712717,Brämlenstrasse,35,8234 Stetten SH,2919,SH,real,True,15.11.2024,2691314,1287898
101079823,10026319,2712769,Brüelstrasse,21,8214 Gächlingen,2901,SH,real,True,15.11.2024,2679585,1284302
101079824,10026319,2712770,Brüelstrasse,23,8214 Gächlingen,2901,SH,real,True,15.11.2024,2679584,1284302
101079825,10117542,2712782,Bruggwiesen,1,8231 Hemmental,2939,SH,real,True,15.11.2024,2686332,1287347
101079826,10117542,2712783,Bruggwiesen,11,8231 Hemmental,2939,SH,real,True,15.11.2024,2686368,1287253
101079827,10117542,2712784,Bruggwiesen,7,8231 Hemmental,2939,SH,real,True,15.11.2024,2686344,1287306
101079828,10180887,2712800,Brunnenhof,364.1,8226 Schleitheim,2952,SH,real,True,23.07.2024,2679940,1288423
101079829,10132131,2712829,Buchenstrasse,35,8212 Neuhausen am Rheinfall,2937,SH,real,True,15.11.2024,2688458,1283050
101079830,10087048,2712834,Buchhaldenweg,18,8240 Thayngen,2920,SH,real,True,15.11.2024,2695057,1290127
101079831,10087048,2712836,Buchhaldenweg,16,8240 Thayngen,2920,SH,real,True,15.11.2024,2695057,1290144
101079832,10071983,2712870,Burgwisstrasse,4,8260 Stein am Rhein,2964,SH,real,True,15.11.2024,2706774,1279021
101079833,10071983,2712873,Burgwisstrasse,7,8260 Stein am Rhein,2964,SH,real,True,15.11.2024,2706722,1279025
101079834,10118350,2712902,Chapfstrasse,9,8214 Gächlingen,2901,SH,real,True,15.11.2024,2679670,1284595
101079976,10027501,2712925,Chennerenweg,2,8213 Neunkirch,2904,SH,real,True,15.11.2024,2679843,1282917
101079977,10027501,2712926,Chennerenweg,4,8213 Neunkirch,2904,SH,real,True,15.11.2024,2679864,1282919
101079978,10027501,2712927,Chennerenweg,5,8213 Neunkirch,2904,SH,real,True,15.11.2024,2679839,1282940
101079979,10187872,2712937,Chilstig,16,8219 Trasadingen,2973,SH,real,True,15.11.2024,2674321,1279883
101080072,10122247,2713826,Haldenweg,5,8242 Hofen SH,2920,SH,real,True,15.11.2024,2692716,1293229
101080073,10068430,2713827,Haldenwiesli,1,8224 Löhningen,2903,SH,real,True,15.11.2024,2683693,1284285
101080074,10068430,2713828,Haldenwiesli,2,8224 Löhningen,2903,SH,real,True,15.11.2024,2683666,1284287
101080075,10068430,2713829,Haldenwiesli,3,8224 Löhningen,2903,SH,real,True,15.11.2024,2683694,1284278
101080076,10068430,2713830,Haldenwiesli,4,8224 Löhningen,2903,SH,real,True,15.11.2024,2683666,1284274
101080077,10068430,2713831,Haldenwiesli,5,8224 Löhningen,2903,SH,real,True,15.11.2024,2683693,1284265
101080078,10068430,2713832,Haldenwiesli,6,8224 Löhningen,2903,SH,real,True,15.11.2024,2683665,1284262
101080079,10068430,2713833,Haldenwiesli,7,8224 Löhningen,2903,SH,real,True,15.11.2024,2683694,1284258
101080080,10111804,2713857,Hallauerstrasse,48,8213 Neunkirch,2904,SH,real,True,15.11.2024,2679002,1282826
101080081,10111804,2713861,Hallauerstrasse,7,8213 Neunkirch,2904,SH,real,True,15.11.2024,2679285,1282697
101081408,10026389,2713012,Chnübrecherweg,3,8240 Thayngen,2920,SH,real,True,15.11.2024,2695155,1289837
101081409,10187915,2713018,Chobewis,8,8228 Beggingen,2951,SH,real,True,15.11.2024,2681924,1291323
101081410,10187915,2713019,Chobewis,10,8228 Beggingen,2951,SH,real,True,15.11.2024,2681902,1291315
101081411,10024954,2713043,Chuttlerstrasse,12,8242 Hofen SH,2920,SH,real,True,15.11.2024,2692675,1293238
101081412,10133015,2713063,Dickistrasse,4,8215 Hallau,2971,SH,real,True,15.11.2024,2677229,1282933
101081413,10019562,2713076,Murkatstrasse,5,8454 Buchberg,2933,SH,real,True,15.11.2024,2684622,1269664
101081414,10087063,2713084,Dorfstrasse,9,8233 Bargen SH,2931,SH,real,True,15.11.2024,2687771,1294122
101081415,10087063,2713087,Dorfstrasse,11,8233 Bargen SH,2931,SH,real,True,15.11.2024,2687762,1294121
101081416,10087063,2713090,Dorfstrasse,15,8233 Bargen SH,2931,SH,real,True,15.11.2024,2687750,1294111
101081417,10087063,2713091,Dorfstrasse,17,8233 Bargen SH,2931,SH,real,True,15.11.2024,2687745,1294105
101081418,10237812,2713107,Dorfstrasse,17,8240 Thayngen,2920,SH,real,True,15.11.2024,2695271,1289384
101081419,10169257,2713147,Weiherweg,3,8454 Buchberg,2933,SH,real,True,15.11.2024,2684528,1269681
101081420,10237810,2713159,Dorfstrasse,17,8236 Opfertshofen SH,2920,SH,real,True,15.11.2024,2691699,1292506
101081421,10091161,2713168,Dorfstrasse,4,8223 Guntmadingen,2932,SH,real,True,15.11.2024,2683932,1282413
101081423,10026320,2713211,Dorfstrasse,49,8214 Gächlingen,2901,SH,real,True,15.11.2024,2679712,1284312
101081424,10148816,2713223,Hauptstrasse,77,8217 Wilchingen,2974,SH,real,True,15.11.2024,2677004,1280153
101081425,10073625,2713231,Dornböschenweg,1,8240 Thayngen,2920,SH,real,True,15.11.2024,2694367,1289490
101081426,10073625,2713232,Dornböschenweg,3,8240 Thayngen,2920,SH,real,True,15.11.2024,2694370,1289490
101081427,10111812,2713253,Ebringerstrasse,135,8240 Thayngen,2920,SH,real,True,15.11.2024,2696602,1289252
101081428,10111812,2713267,Ebringerstrasse,56,8240 Thayngen,2920,SH,real,True,15.11.2024,2696125,1289298
101081429,10111812,2713269,Ebringerstrasse,58,8240 Thayngen,2920,SH,real,True,15.11.2024,2696131,1289298
101081430,10073082,2713317,Emmerhof,483,8226 Schleitheim,2952,SH,real,True,15.11.2024,2680529,1289523
101081431,10133042,2713318,Empützistrasse,5,8215 Hallau,2971,SH,real,True,15.11.2024,2676185,1283074
101081432,10133042,2713320,Empützistrasse,9,8215 Hallau,2971,SH,real,True,15.11.2024,2676222,1283035
101081433,10087214,2713351,In Enzwise,6,8261 Hemishofen,2962,SH,real,True,15.11.2024,2704214,1281651
101081434,10087039,2713376,Erlenwisenstrasse,4,8234 Stetten SH,2919,SH,real,True,15.11.2024,2691370,1287963
101081435,10087039,2713377,Erlenwisenstrasse,21,8234 Stetten SH,2919,SH,real,True,15.11.2024,2691325,1287828
101081436,10019559,2713380,Erlistrasse,46,8454 Buchberg,2933,SH,real,True,15.11.2024,2684181,1269947
101081437,10187867,2713389,Eschenzerstrasse,19,8260 Stein am Rhein,2964,SH,real,True,15.11.2024,2706851,1279212
101081438,10187867,2713392,Eschenzerstrasse,25,8260 Stein am Rhein,2964,SH,real,True,15.11.2024,2706872,1279232
101081439,10187867,2713393,Eschenzerstrasse,27,8260 Stein am Rhein,2964,SH,real,True,15.11.2024,2706862,1279247
101081440,10110819,2713418,Espiweg,42b,8260 Stein am Rhein,2964,SH,real,True,15.11.2024,2706235,1279636
101081441,10113222,2713455,Dorfstrasse,25,8218 Osterfingen,2974,SH,real,True,15.11.2024,2678552,1279607
101081442,10087219,2713505,Fortenbach,215e,8262 Ramsen,2963,SH,real,True,15.11.2024,2702890,1285229
101081443,10087219,2713508,Fortenbach,510,8262 Ramsen,2963,SH,real,True,15.11.2024,2702854,1285259
101081444,10032561,2713528,Friedaustrasse,12,8226 Schleitheim,2952,SH,real,True,15.11.2024,2678142,1288721
101081445,10237814,2713533,Frohsinnweg,10,8240 Thayngen,2920,SH,real,True,15.11.2024,2694844,1289381
101081446,10237813,2713538,Frohsinnweg,10,8242 Bibern SH,2920,SH,real,True,15.11.2024,2693068,1291917
101081447,10237814,2713540,Frohsinnweg,8,8240 Thayngen,2920,SH,real,True,15.11.2024,2694823,1289382
101081448,10033110,2713543,Fronhofweg,17,8215 Hallau,2971,SH,real,True,15.11.2024,2676353,1283327
101081449,10188153,2713549,Gächlingerstrasse,2,8213 Neunkirch,2904,SH,real,True,15.11.2024,2679813,1282801
101081450,10134235,2713558,Galgenbuckstrasse,4,8217 Wilchingen,2974,SH,real,True,15.11.2024,2676969,1281587
101081451,10108018,2713559,Galgenbuckstrasse,10,8212 Neuhausen am Rheinfall,2937,SH,real,True,15.11.2024,2688259,1282528
101081452,10148815,2713584,In der Gasse,16,8217 Wilchingen,2974,SH,real,True,15.11.2024,2677353,1279999
101081453,10193646,2713591,Am Gässli,1,8219 Trasadingen,2973,SH,real,True,15.11.2024,2674256,1280296
101081454,10073655,2713617,Gehrenhalde,45,8231 Hemmental,2939,SH,real,True,15.11.2024,2686112,1287657
101081455,10073655,2713618,Gehrenhalde,50,8231 Hemmental,2939,SH,real,True,15.11.2024,2686180,1287689
101081456,10186339,2713621,Gellerstrasse,112,8222 Beringen,2932,SH,real,True,15.11.2024,2686055,1283655
101081457,10186339,2713633,Gellerstrasse,53,8222 Beringen,2932,SH,real,True,15.11.2024,2685601,1283669
101081458,10104916,2713656,Glaserstrasse,12,8213 Neunkirch,2904,SH,real,True,15.11.2024,2680264,1282670
101081459,10121168,2713740,Grünau,10,8222 Beringen,2932,SH,real,True,15.11.2024,2685283,1283384
101081460,10121168,2713742,Grünau,12,8222 Beringen,2932,SH,real,True,15.11.2024,2685295,1283385
101081461,10121168,2713743,Grünau,13,8222 Beringen,2932,SH,real,True,15.11.2024,2685310,1283390
101081462,10121168,2713746,Grünau,2,8222 Beringen,2932,SH,real,True,15.11.2024,2685245,1283400
101081463,10121168,2713747,Grünau,3,8222 Beringen,2932,SH,real,True,15.11.2024,2685246,1283394
101081464,10121168,2713748,Grünau,4,8222 Beringen,2932,SH,real,True,15.11.2024,2685248,1283379
101081465,10121168,2713749,Grünau,5,8222 Beringen,2932,SH,real,True,15.11.2024,2685248,1283373
101081466,10121168,2713750,Grünau,6,8222 Beringen,2932,SH,real,True,15.11.2024,2685249,1283367
101081467,10121168,2713751,Grünau,7,8222 Beringen,2932,SH,real,True,15.11.2024,2685262,1283382
101081468,10121168,2713752,Grünau,8,8222 Beringen,2932,SH,real,True,15.11.2024,2685268,1283383
101081469,10206067,2713761,Grütweg,7,8455 Rüdlingen,2938,SH,real,True,15.11.2024,2684749,1270655
101081470,10206067,2713762,Grütweg,5,8455 Rüdlingen,2938,SH,real,True,15.11.2024,2684761,1270653
101081471,10206067,2713763,Grütweg,11,8455 Rüdlingen,2938,SH,real,True,15.11.2024,2684754,1270692
101081472,10206067,2713765,Grütweg,9,8455 Rüdlingen,2938,SH,real,True,15.11.2024,2684764,1270691
101081473,10087233,2713776,Guldifuess,17,8260 Stein am Rhein,2964,SH,real,True,15.11.2024,2707152,1280204
101081474,10087233,2713777,Guldifuess,19,8260 Stein am Rhein,2964,SH,real,True,15.11.2024,2707171,1280210
101081475,10161511,2713787,Gupfengasse,3,8454 Buchberg,2933,SH,real,True,15.11.2024,2684223,1269627
101081476,10185490,2713805,Hägliloh,237d,8222 Beringen,2932,SH,real,True,15.11.2024,2684999,1286723
101081477,10120397,2713819,Haldenweg,12b,8224 Löhningen,2903,SH,real,True,15.11.2024,2683775,1284260
101081478,10120397,2713820,Haldenweg,12c,8224 Löhningen,2903,SH,real,True,15.11.2024,2683801,1284262
101081479,10073638,2713824,Haldenweg,4,8222 Beringen,2932,SH,real,True,15.11.2024,2684853,1283941
101081480,10122247,2713825,Haldenweg,3,8242 Hofen SH,2920,SH,real,True,15.11.2024,2692698,1293228
101081493,10073626,2713864,Hammenweg,28,8240 Thayngen,2920,SH,real,True,15.11.2024,2695599,1289590
101081657,10024945,2714231,Hinterdorf,26,8239 Dörflingen,2915,SH,real,True,15.11.2024,2696569,1284455
101081658,10024945,2714233,Hinterdorf,40,8239 Dörflingen,2915,SH,real,True,15.11.2024,2696680,1284379
101081659,10019569,2714273,Hochrahn,44,8231 Hemmental,2939,SH,real,True,15.11.2024,2686291,1287408
101081660,10073115,2714291,Hofackergarten,6,8217 Wilchingen,2974,SH,real,True,15.11.2024,2677275,1280342
101081661,10072984,2714306,Bützistrasse,5,8236 Opfertshofen SH,2920,SH,real,True,15.11.2024,2691513,1292471
101081662,10031599,2714324,Hofenacker,67f,8262 Ramsen,2963,SH,real,True,15.11.2024,2702695,1287478
101081663,10186335,2714355,Reibäckerli,10,8236 Büttenhardt,2914,SH,real,True,15.11.2024,2691242,1290373
101082241,10087072,2715310,Neugrüthalde,42,8222 Beringen,2932,SH,real,True,15.11.2024,2686456,1283647
101082242,10087072,2715314,Neugrüthalde,7,8222 Beringen,2932,SH,real,True,15.11.2024,2686198,1283711
101082243,10087072,2715315,Neugrüthalde,84,8222 Beringen,2932,SH,real,True,15.11.2024,2686797,1283680
101082244,10087072,2715319,Neugrüthalde,86,8222 Beringen,2932,SH,real,True,15.11.2024,2686804,1283680
101082245,10087072,2715320,Neugrüthalde,88,8222 Beringen,2932,SH,real,True,15.11.2024,2686821,1283681
101082246,10087072,2715321,Neugrüthalde,90,8222 Beringen,2932,SH,real,True,15.11.2024,2686828,1283682
101082247,10087072,2715322,Neugrüthalde,92,8222 Beringen,2932,SH,real,True,15.11.2024,2686845,1283684
101082248,10087072,2715323,Neugrüthalde,94,8222 Beringen,2932,SH,real,True,15.11.2024,2686851,1283684
101082249,10073103,2715340,Neunkircherstrasse,42,8215 Hallau,2971,SH,real,True,15.11.2024,2677140,1283058
101082250,10110810,2715354,Neuweg,18a,8222 Beringen,2932,SH,real,True,15.11.2024,2685446,1283681
101082251,10118138,2715377,Neuwis,2,8236 Büttenhardt,2914,SH,real,True,15.11.2024,2690962,1290124
101082252,10031929,2715387,Niderfeldstrasse,26,8260 Stein am Rhein,2964,SH,real,True,15.11.2024,2705833,1280429
101083118,10187864,2713899,Hanfgartenstrasse,509,8262 Ramsen,2963,SH,real,True,15.11.2024,2702864,1284850
101083119,10046605,2713922,Dorfstrasse,110,8454 Buchberg,2933,SH,real,True,15.11.2024,2683961,1269672
101083120,10165181,2713923,Hardlistieg,2,8454 Buchberg,2933,SH,real,True,15.11.2024,2683983,1269699
101083121,10179746,2713988,Rosengartenstrasse,1,8263 Buch SH,2961,SH,real,True,15.11.2024,2700839,1285990
101083122,10108015,2713997,Hauptstrasse,22,8232 Merishausen,2936,SH,real,True,15.11.2024,2687866,1290308
101083123,10091396,2714019,Hinterdorfstrasse,37,8216 Oberhallau,2972,SH,real,True,15.11.2024,2677978,1284730
101083124,10091396,2714020,Hinterdorfstrasse,35,8216 Oberhallau,2972,SH,real,True,15.11.2024,2677991,1284711
101083125,10091230,2714040,Hauptstrasse,42,8231 Hemmental,2939,SH,real,True,15.11.2024,2686072,1287606
101083126,10091230,2714047,Hauptstrasse,52,8231 Hemmental,2939,SH,real,True,15.11.2024,2686206,1287588
101083127,10091230,2714056,Hauptstrasse,59,8231 Hemmental,2939,SH,real,True,15.11.2024,2686295,1287535
101083128,10026342,2714066,Hauptstrasse,50,8224 Löhningen,2903,SH,real,True,15.11.2024,2683547,1284014
101083129,10031586,2714078,Hauptstrasse,26,8261 Hemishofen,2962,SH,real,True,15.11.2024,2704540,1281995
101083130,10026342,2714085,Hauptstrasse,75,8224 Löhningen,2903,SH,real,True,15.11.2024,2683446,1283971
101083131,10091230,2714095,Hauptstrasse,83,8231 Hemmental,2939,SH,real,True,15.11.2024,2686375,1287316
101083132,10136936,2714140,Hinterer Hegelweg,2,8222 Beringen,2932,SH,real,True,15.11.2024,2684764,1283764
101083133,10031923,2714163,Hemishoferstrasse,32,8260 Stein am Rhein,2964,SH,real,True,15.11.2024,2706295,1280151
101083134,10031923,2714165,Hemishoferstrasse,50,8260 Stein am Rhein,2964,SH,real,True,15.11.2024,2706199,1280182
101083135,10031923,2714166,Hemishoferstrasse,52,8260 Stein am Rhein,2964,SH,real,True,15.11.2024,2706177,1280189
101083147,10091112,2714383,Hohlengasse,17,8215 Hallau,2971,SH,real,True,15.11.2024,2676732,1283705
101083148,10090056,2714390,Hohrainstrasse,33,8260 Stein am Rhein,2964,SH,real,True,15.11.2024,2705863,1280465
101083149,10090056,2714391,Hohrainstrasse,35,8260 Stein am Rhein,2964,SH,real,True,15.11.2024,2705856,1280469
101083150,10090056,2714392,Hohrainstrasse,4,8260 Stein am Rhein,2964,SH,real,True,15.11.2024,2706130,1280392
101083151,10032568,2714403,Hölderlistrasse,10,8226 Schleitheim,2952,SH,real,True,15.11.2024,2677900,1289114
101083152,10025721,2714408,Hoolicher,10,8228 Beggingen,2951,SH,real,True,15.11.2024,2682662,1291127
101083153,10046637,2714437,Huberlistrasse,16,8260 Stein am Rhein,2964,SH,real,True,15.11.2024,2706013,1280495
101083154,10046637,2714438,Huberlistrasse,18,8260 Stein am Rhein,2964,SH,real,True,15.11.2024,2706007,1280498
101083155,10046637,2714439,Huberlistrasse,20,8260 Stein am Rhein,2964,SH,real,True,15.11.2024,2705986,1280510
101083156,10046637,2714442,Huberlistrasse,26,8260 Stein am Rhein,2964,SH,real,True,15.11.2024,2705955,1280527
101083157,10103868,2714448,Hügelweg,3,8224 Löhningen,2903,SH,real,True,15.11.2024,2683271,1284226
101083158,10087070,2714454,Hülsteweg,8,8222 Beringen,2932,SH,real,True,15.11.2024,2686868,1283645
101083159,10111816,2714457,Hülstewise,12,8222 Beringen,2932,SH,real,True,15.11.2024,2686882,1283576
101083160,10111816,2714458,Hülstewise,14,8222 Beringen,2932,SH,real,True,15.11.2024,2686859,1283578
101083161,10111816,2714459,Hülstewise,16,8222 Beringen,2932,SH,real,True,15.11.2024,2686834,1283575
101083162,10111816,2714460,Hülstewise,18,8222 Beringen,2932,SH,real,True,15.11.2024,2686812,1283575
101083163,10111816,2714461,Hülstewise,20,8222 Beringen,2932,SH,real,True,15.11.2024,2686789,1283579
101083164,10024969,2714470,Püntstrasse,12,8236 Opfertshofen SH,2920,SH,real,True,15.11.2024,2691621,1292574
101083165,10024968,2714471,Hundackerstrasse,5,8236 Opfertshofen SH,2920,SH,real,True,15.11.2024,2691442,1292296
101083166,10024968,2714472,Hundackerstrasse,7,8236 Opfertshofen SH,2920,SH,real,True,15.11.2024,2691442,1292312
101083167,10024968,2714473,Hundackerstrasse,3,8236 Opfertshofen SH,2920,SH,real,True,15.11.2024,2691448,1292271
101083168,10073652,2714476,Hurbigstrasse,14,8454 Buchberg,2933,SH,real,True,15.11.2024,2684436,1269948
101083169,10018447,2714512,Benzeweg,41,8222 Beringen,2932,SH,real,True,15.11.2024,2686452,1283625
101083170,10149730,2714513,Im Bildstei,1,8239 Dörflingen,2915,SH,real,True,15.11.2024,2696288,1285083
101083171,10149730,2714515,Im Bildstei,11,8239 Dörflingen,2915,SH,real,True,15.11.2024,2696291,1285044
101083172,10149730,2714519,Im Bildstei,15,8239 Dörflingen,2915,SH,real,True,15.11.2024,2696276,1285026
101083173,10149730,2714520,Im Bildstei,16,8239 Dörflingen,2915,SH,real,True,15.11.2024,2696267,1285011
101083174,10149730,2714522,Im Bildstei,3,8239 Dörflingen,2915,SH,real,True,15.11.2024,2696295,1285078
101083175,10149730,2714526,Im Bildstei,7,8239 Dörflingen,2915,SH,real,True,15.11.2024,2696314,1285065
101083176,10149730,2714527,Im Bildstei,8,8239 Dörflingen,2915,SH,real,True,15.11.2024,2696260,1285037
101083177,10087052,2714586,Im Gatter,13,8240 Thayngen,2920,SH,real,True,15.11.2024,2694960,1289322
101083178,10087052,2714603,Im Gatter,3b,8240 Thayngen,2920,SH,real,True,15.11.2024,2695009,1289345
101083179,10127689,2714641,Untere Ifangstrasse,8,8215 Hallau,2971,SH,real,True,15.11.2024,2676354,1283637
101083180,10024936,2714657,Buckstrasse,4,8236 Büttenhardt,2914,SH,real,True,15.11.2024,2690910,1290494
101083181,10186335,2714669,Reibäckerli,5,8236 Büttenhardt,2914,SH,real,True,15.11.2024,2691127,1290263
101083182,10186335,2714671,Reibäckerli,2,8236 Büttenhardt,2914,SH,real,True,15.11.2024,2691169,1290263
101083183,10186335,2714672,Reibäckerli,9,8236 Büttenhardt,2914,SH,real,True,15.11.2024,2691145,1290278
101083184,10186335,2714673,Reibäckerli,7,8236 Büttenhardt,2914,SH,real,True,15.11.2024,2691141,1290273
101083185,10019564,2714692,Sandackerstrasse,2,8454 Buchberg,2933,SH,real,True,15.11.2024,2684587,1269505
101083186,10192056,2714693,Im Schöber,1,8239 Dörflingen,2915,SH,real,True,15.11.2024,2696722,1284405
101083187,10024974,2714697,Im Staanacker,4,8234 Stetten SH,2919,SH,real,True,15.11.2024,2691770,1288213
101083188,10111814,2714698,Im Tal,4,8233 Bargen SH,2931,SH,real,True,15.11.2024,2687701,1294049
101083189,10086750,2714712,Im Unterberg,5a,8239 Dörflingen,2915,SH,real,True,15.11.2024,2696069,1284749
101083190,10073651,2714728,Bodenstrasse,6,8454 Buchberg,2933,SH,real,True,15.11.2024,2684329,1269847
101083191,10073651,2714730,Bodenstrasse,9,8454 Buchberg,2933,SH,real,True,15.11.2024,2684328,1269826
101083192,10108011,2714732,Im Wölfli,18,8240 Thayngen,2920,SH,real,True,15.11.2024,2695880,1289387
101083193,10080409,2714734,In der Au,13,8225 Siblingen,2953,SH,real,True,15.11.2024,2681208,1285203
101083194,10024961,2714740,In Gärten,10,8235 Lohn SH,2917,SH,real,True,15.11.2024,2692287,1290300
101083195,10117743,2714748,In Wiesen,2,8217 Wilchingen,2974,SH,real,True,15.11.2024,2674954,1280913
101083196,10018140,2714756,Industriestrasse,11,8240 Thayngen,2920,SH,real,True,15.11.2024,2694721,1288946
101083197,10026322,2714762,Ischlagstrasse,7,8214 Gächlingen,2901,SH,real,True,15.11.2024,2679601,1284370
101083198,10118351,2714774,Im Junkholz,2,8241 Barzheim,2920,SH,real,True,15.11.2024,2695897,1290340
101083199,10118351,2714776,Im Junkholz,3,8241 Barzheim,2920,SH,real,True,15.11.2024,2695872,1290398
101083200,10179768,2714790,Kapellenweg,13,8217 Wilchingen,2974,SH,real,True,15.11.2024,2677036,1280320
101083201,10117538,2714840,Kleiner Letten,10,8213 Neunkirch,2904,SH,real,True,15.11.2024,2679414,1282502
101083202,10091169,2714844,Kleintalstrasse,7a,8224 Löhningen,2903,SH,real,True,15.11.2024,2683752,1284109
101083203,10091169,2714845,Kleintalstrasse,7b,8224 Löhningen,2903,SH,real,True,15.11.2024,2683746,1284108
101083204,10091169,2714846,Kleintalstrasse,7c,8224 Löhningen,2903,SH,real,True,15.11.2024,2683728,1284108
101083205,10091169,2714847,Kleintalstrasse,7d,8224 Löhningen,2903,SH,real,True,15.11.2024,2683721,1284108
101083206,10017868,2714861,Klettgauerstrasse,49,8212 Neuhausen am Rheinfall,2937,SH,real,True,15.11.2024,2688078,1282207
101083695,10026332,2715388,Niederhofenweg,2,8223 Guntmadingen,2932,SH,real,True,15.11.2024,2683924,1282392
101083696,10072971,2715425,Huebstrasse,16,8236 Büttenhardt,2914,SH,real,True,15.11.2024,2691037,1290440
101083697,10072971,2715432,Huebstrasse,22,8236 Büttenhardt,2914,SH,real,True,15.11.2024,2690972,1290464
101083698,10072984,2715438,Bützistrasse,15,8236 Opfertshofen SH,2920,SH,real,True,15.11.2024,2691492,1292414
101083699,10206069,2715450,Oberdorfstrasse,1,8455 Rüdlingen,2938,SH,real,True,15.11.2024,2685008,1270312
101083700,10206069,2715451,Oberdorfstrasse,6,8455 Rüdlingen,2938,SH,real,True,15.11.2024,2685045,1270342
101083702,10018463,2715474,Oberdorf,47,8222 Beringen,2932,SH,real,True,15.11.2024,2685148,1283987
101083703,10024939,2715500,Oberdorf,4,8236 Büttenhardt,2914,SH,real,True,15.11.2024,2690987,1290389
101083704,10072971,2715504,Huebstrasse,13,8236 Büttenhardt,2914,SH,real,True,15.11.2024,2690979,1290396
101083705,10186575,2715515,Obere Hofwiesen,2,8226 Schleitheim,2952,SH,real,True,15.11.2024,2678586,1289524
101083706,10031589,2715533,Im Oberfeld,10,8261 Hemishofen,2962,SH,real,True,15.11.2024,2704809,1281456
101083707,10031589,2715535,Im Oberfeld,12,8261 Hemishofen,2962,SH,real,True,15.11.2024,2704816,1281449
101083708,10031589,2715537,Im Oberfeld,14,8261 Hemishofen,2962,SH,real,True,15.11.2024,2704832,1281433
101083709,10117741,2715628,Oehningerstrasse,43,8260 Stein am Rhein,2964,SH,real,True,15.11.2024,2707563,1279615
101083710,10117741,2715630,Oehningerstrasse,75a,8260 Stein am Rhein,2964,SH,real,True,15.11.2024,2707898,1279866
101083711,10031931,2715637,Orichhöhe,13,8260 Stein am Rhein,2964,SH,real,True,15.11.2024,2707484,1279682
101083712,10113215,2715664,Petersburg,349,8262 Ramsen,2963,SH,real,True,15.11.2024,2703726,1284669
101083713,10031604,2715675,Pfarrhofweg,243,8262 Ramsen,2963,SH,real,True,15.11.2024,2702910,1285044
101083714,10187871,2715720,Püntstrasse,9,8216 Oberhallau,2972,SH,real,True,15.11.2024,2677886,1284673
101083715,10187871,2715721,Püntstrasse,11,8216 Oberhallau,2972,SH,real,True,15.11.2024,2677883,1284680
101083716,10187871,2715722,Püntstrasse,5,8216 Oberhallau,2972,SH,real,True,15.11.2024,2677865,1284662
101083717,10187871,2715723,Püntstrasse,7,8216 Oberhallau,2972,SH,real,True,15.11.2024,2677859,1284672
101083718,10169250,2715728,Püntweg,4,8454 Buchberg,2933,SH,real,True,15.11.2024,2684720,1269897
101084109,10031927,2714886,Köhlerweid,24,8260 Stein am Rhein,2964,SH,real,True,15.11.2024,2705960,1279192
101084110,10031927,2714889,Köhlerweid,27,8260 Stein am Rhein,2964,SH,real,True,15.11.2024,2705977,1279184
101084111,10031927,2714890,Köhlerweid,28,8260 Stein am Rhein,2964,SH,real,True,15.11.2024,2705980,1279183
101084112,10031927,2714892,Köhlerweid,30,8260 Stein am Rhein,2964,SH,real,True,15.11.2024,2706006,1279174
101084113,10031927,2714894,Köhlerweid,32,8260 Stein am Rhein,2964,SH,real,True,15.11.2024,2706052,1279180
101084114,10031927,2714895,Köhlerweid,33,8260 Stein am Rhein,2964,SH,real,True,15.11.2024,2706055,1279186
101084115,10190666,2714905,Konservenstrasse,9,8215 Hallau,2971,SH,real,True,15.11.2024,2676569,1283090
101084116,10091397,2714909,Krongasse,7,8216 Oberhallau,2972,SH,real,True,15.11.2024,2678125,1284567
101084117,10073101,2714920,Laamenstrasse,29,8215 Hallau,2971,SH,real,True,15.11.2024,2675914,1283147
101084118,10017869,2714949,Langrietstrasse,19,8212 Neuhausen am Rheinfall,2937,SH,real,True,15.11.2024,2687228,1281402
101084119,10026330,2714974,Lauferbergstrasse,4,8223 Guntmadingen,2932,SH,real,True,15.11.2024,2684106,1282038
101084120,10032571,2715006,Lendenbergstrasse,72,8226 Schleitheim,2952,SH,real,True,15.11.2024,2677499,1289205
101084121,10032571,2715007,Lendenbergstrasse,9,8226 Schleitheim,2952,SH,real,True,15.11.2024,2678130,1289280
101084122,10024929,2715013,Im Leuen,13,8243 Altdorf SH,2920,SH,real,True,15.11.2024,2691609,1293502
101084123,10024929,2715014,Im Leuen,15,8243 Altdorf SH,2920,SH,real,True,15.11.2024,2691602,1293499
101084124,10024929,2715016,Im Leuen,11,8243 Altdorf SH,2920,SH,real,True,15.11.2024,2691618,1293462
101084125,10024929,2715017,Im Leuen,19,8243 Altdorf SH,2920,SH,real,True,15.11.2024,2691555,1293504
101084126,10024929,2715019,Im Leuen,21,8243 Altdorf SH,2920,SH,real,True,15.11.2024,2691587,1293529
101084127,10120412,2715036,Lieblosental,607c,8222 Beringen,2932,SH,real,True,15.11.2024,2685147,1284769
101084128,10024975,2715057,Lohnemerstrasse,23a,8234 Stetten SH,2919,SH,real,True,15.11.2024,2691814,1288791
101084129,10024975,2715061,Lohnemerstrasse,25a,8234 Stetten SH,2919,SH,real,True,15.11.2024,2691794,1288788
101084130,10024975,2715062,Lohnemerstrasse,3,8234 Stetten SH,2919,SH,real,True,15.11.2024,2691829,1288517
101084131,10018151,2715070,Silberbergweg,25,8240 Thayngen,2920,SH,real,True,15.11.2024,2694518,1289472
101084132,10048900,2715075,Lohningerweg,51,8240 Thayngen,2920,SH,real,True,15.11.2024,2694504,1289514
101084133,10048900,2715076,Lohningerweg,55,8240 Thayngen,2920,SH,real,True,15.11.2024,2694476,1289480
101084134,10048900,2715077,Lohningerweg,57,8240 Thayngen,2920,SH,real,True,15.11.2024,2694473,1289481
101084135,10048900,2715078,Lohningerweg,59,8240 Thayngen,2920,SH,real,True,15.11.2024,2694455,1289482
101084136,10170741,2715081,Wäsmen,494,8262 Ramsen,2963,SH,real,True,15.11.2024,2702763,1285370
101084137,10017871,2715090,Löwensteinstrasse,19,8212 Neuhausen am Rheinfall,2937,SH,real,True,15.11.2024,2688722,1283201
101084138,10024922,2715106,Marktweg,5,8218 Osterfingen,2974,SH,real,True,15.11.2024,2678592,1279701
101084139,10091255,2715111,Mattenstrasse,9,8212 Neuhausen am Rheinfall,2937,SH,real,True,15.11.2024,2688755,1282128
101084140,10103236,2715117,Mettlenstrasse,5,8217 Wilchingen,2974,SH,real,True,15.11.2024,2677290,1280028
101084141,10103236,2715118,Mettlenstrasse,15,8217 Wilchingen,2974,SH,real,True,15.11.2024,2677256,1280010
101084142,10031823,2715120,Mettlenweg,1,8217 Wilchingen,2974,SH,real,True,15.11.2024,2677184,1280025
101084143,10019573,2715122,Mettlerhof,29,8231 Hemmental,2939,SH,real,True,15.11.2024,2685584,1287844
101084144,10019573,2715123,Mettlerhof,34,8231 Hemmental,2939,SH,real,True,15.11.2024,2685599,1287872
101084145,10024949,2715152,Morgenstrasse,30,8239 Dörflingen,2915,SH,real,True,15.11.2024,2696181,1285188
101084146,10031603,2715163,Moskau,314e,8262 Ramsen,2963,SH,real,True,15.11.2024,2703719,1285424
101084147,10031824,2715191,Mühlenstrasse,50,8217 Wilchingen,2974,SH,real,True,15.11.2024,2677156,1281336
101084148,10031824,2715192,Mühlenstrasse,52,8217 Wilchingen,2974,SH,real,True,15.11.2024,2677164,1281338
101084149,10031824,2715193,Mühlenstrasse,54,8217 Wilchingen,2974,SH,real,True,15.11.2024,2677168,1281341
101084150,10031824,2715194,Mühlenstrasse,46,8217 Wilchingen,2974,SH,real,True,15.11.2024,2677181,1281319
101084151,10031824,2715195,Mühlenstrasse,44,8217 Wilchingen,2974,SH,real,True,15.11.2024,2677177,1281316
101084152,10031824,2715196,Mühlenstrasse,42,8217 Wilchingen,2974,SH,real,True,15.11.2024,2677169,1281315
101084153,10136262,2715238,Müliweg,7,8214 Gächlingen,2901,SH,real,True,15.11.2024,2679806,1284414
101084154,10058935,2715239,Dorfstrasse,75,8228 Beggingen,2951,SH,real,True,15.11.2024,2681692,1291109
101084155,10185477,2715292,Neudörflingerstrasse,5,8239 Dörflingen,2915,SH,real,True,15.11.2024,2696221,1285043
101084156,10185477,2715294,Neudörflingerstrasse,7,8239 Dörflingen,2915,SH,real,True,15.11.2024,2696228,1285049
101084157,10031928,2715305,Neugass,1,8260 Stein am Rhein,2964,SH,real,True,15.11.2024,2706757,1279770
101084158,10087072,2715306,Neugrüthalde,1,8222 Beringen,2932,SH,real,True,15.11.2024,2686192,1283693
101084159,10087072,2715309,Neugrüthalde,40,8222 Beringen,2932,SH,real,True,15.11.2024,2686436,1283649
101095666,10019285,2711331,Burggütliweg,15,8200 Schaffhausen,2939,SH,real,True,15.11.2024,2688434,1283713
101095667,10019285,2711332,Burggütliweg,15a,8200 Schaffhausen,2939,SH,real,True,15.11.2024,2688422,1283705
101095668,10019285,2711333,Burggütliweg,11a,8200 Schaffhausen,2939,SH,real,True,15.11.2024,2688439,1283693
101095669,10019285,2711334,Burggütliweg,11,8200 Schaffhausen,2939,SH,real,True,15.11.2024,2688450,1283701
101095670,10019295,2711335,Felsenaustrasse,71,8200 Schaffhausen,2939,SH,real,True,15.11.2024,2689492,1285122
101095671,10019295,2711336,Felsenaustrasse,69,8200 Schaffhausen,2939,SH,real,True,15.11.2024,2689489,1285122
101095672,10019295,2711337,Felsenaustrasse,67,8200 Schaffhausen,2939,SH,real,True,15.11.2024,2689477,1285123
101095673,10019295,2711338,Felsenaustrasse,65,8200 Schaffhausen,2939,SH,real,True,15.11.2024,2689474,1285123
101095674,10019295,2711339,Felsenaustrasse,63,8200 Schaffhausen,2939,SH,real,True,15.11.2024,2689462,1285124
101095675,10019295,2711340,Felsenaustrasse,61,8200 Schaffhausen,2939,SH,real,True,15.11.2024,2689459,1285124
101095676,10019295,2711341,Felsenaustrasse,59,8200 Schaffhausen,2939,SH,real,True,15.11.2024,2689447,1285125
101095677,10019295,2711342,Felsenaustrasse,45,8200 Schaffhausen,2939,SH,real,True,15.11.2024,2689448,1285145
101095678,10019295,2711343,Felsenaustrasse,47,8200 Schaffhausen,2939,SH,real,True,15.11.2024,2689458,1285145
101095679,10019295,2711344,Felsenaustrasse,49,8200 Schaffhausen,2939,SH,real,True,15.11.2024,2689461,1285144
101095680,10019295,2711345,Felsenaustrasse,51,8200 Schaffhausen,2939,SH,real,True,15.11.2024,2689471,1285144
101097093,10019295,2711346,Felsenaustrasse,53,8200 Schaffhausen,2939,SH,real,True,15.11.2024,2689475,1285143
101097094,10019295,2711347,Felsenaustrasse,55,8200 Schaffhausen,2939,SH,real,True,15.11.2024,2689485,1285143
101097095,10179716,2711348,Hermann Rorschach-Strasse,21,8200 Schaffhausen,2939,SH,real,True,15.11.2024,2688545,1283764
101097096,10106953,2711349,Schneckenackerstrasse,23,8200 Schaffhausen,2939,SH,real,True,15.11.2024,2690395,1286115
101097097,10106953,2711351,Schneckenackerstrasse,27,8200 Schaffhausen,2939,SH,real,True,15.11.2024,2690384,1286124
101097098,10106953,2711352,Schneckenackerstrasse,29,8200 Schaffhausen,2939,SH,real,True,15.11.2024,2690413,1286139
101097099,10019285,2711353,Burggütliweg,7,8200 Schaffhausen,2939,SH,real,True,15.11.2024,2688470,1283686
101097100,10179729,2711360,Sommerhalde,2a,8200 Schaffhausen,2939,SH,real,True,15.11.2024,2688577,1286076
101097101,10019777,2711365,Moserstrasse,27,8200 Schaffhausen,2939,SH,real,True,15.11.2024,2690067,1283430
101097102,10019777,2711365,Moserstrasse,25,8200 Schaffhausen,2939,SH,real,True,15.11.2024,2690079,1283398
101097103,10073055,2711385,Mühlentalstrasse,372,8200 Schaffhausen,2939,SH,real,True,15.11.2024,2688822,1287443
101097104,10086489,2711386,Grafenbuckstrasse,6,8200 Schaffhausen,2939,SH,real,True,15.11.2024,2690207,1285505
101097105,10086489,2711387,Grafenbuckstrasse,8,8200 Schaffhausen,2939,SH,real,True,15.11.2024,2690186,1285490
101097106,10086489,2711388,Grafenbuckstrasse,10,8200 Schaffhausen,2939,SH,real,True,15.11.2024,2690163,1285474
101097107,10046624,2711389,Kleinbuchbergweg,8,8200 Schaffhausen,2939,SH,real,True,15.11.2024,2688737,1287292
101097271,10085740,2711459,Seewadelstrasse,8,8203 Schaffhausen,2939,SH,real,True,15.11.2024,2691385,1283868
101097272,10085740,2711460,Seewadelstrasse,8a,8203 Schaffhausen,2939,SH,real,True,15.11.2024,2691395,1283868
101097273,10085740,2711461,Seewadelstrasse,10,8203 Schaffhausen,2939,SH,real,True,15.11.2024,2691408,1283867
101097274,10085740,2711462,Seewadelstrasse,10a,8203 Schaffhausen,2939,SH,real,True,15.11.2024,2691418,1283866
101097275,10085740,2711463,Seewadelstrasse,12,8203 Schaffhausen,2939,SH,real,True,15.11.2024,2691432,1283866
101097276,10085740,2711464,Seewadelstrasse,12a,8203 Schaffhausen,2939,SH,real,True,15.11.2024,2691442,1283865
101097277,10085740,2711465,Seewadelstrasse,14,8203 Schaffhausen,2939,SH,real,True,15.11.2024,2691455,1283865
101097278,10085740,2711466,Seewadelstrasse,14a,8203 Schaffhausen,2939,SH,real,True,15.11.2024,2691465,1283864
101097279,10019270,2711468,Alte Gasse,26,8203 Schaffhausen,2939,SH,real,True,15.11.2024,2691299,1283575
101097280,10019270,2711469,Alte Gasse,24,8203 Schaffhausen,2939,SH,real,True,15.11.2024,2691293,1283579
101097281,10025700,2711470,Trüllenbuck,80,8207 Schaffhausen,2939,SH,real,True,15.11.2024,2691846,1286743
101097282,10085737,2711472,Schlossstrasse,69,8207 Schaffhausen,2939,SH,real,True,15.11.2024,2691759,1286957
101097283,10025704,2711473,Unterdorf,6,8207 Schaffhausen,2939,SH,real,True,15.11.2024,2691914,1286574
101097284,10019288,2711474,Chileweg,4,8207 Schaffhausen,2939,SH,real,True,15.11.2024,2691706,1286690
101098529,10086490,2711203,Grubenstrasse,93,8200 Schaffhausen,2939,SH,real,True,15.11.2024,2690811,1284282
101098530,10086490,2711208,Grubenstrasse,92,8200 Schaffhausen,2939,SH,real,True,15.11.2024,2690667,1284280
101098531,10086490,2711211,Grubenstrasse,96,8200 Schaffhausen,2939,SH,real,True,15.11.2024,2690705,1284299
101098532,10025705,2711223,Unterstadt,24,8200 Schaffhausen,2939,SH,real,True,15.11.2024,2690134,1283491
101098533,10025691,2711226,Steigstrasse,24,8200 Schaffhausen,2939,SH,real,True,15.11.2024,2689442,1283506
101098534,10085736,2711229,Schildgutstrasse,29,8200 Schaffhausen,2939,SH,real,True,15.11.2024,2688759,1283886
101098535,10108021,2711232,Hauentalstrasse,144,8200 Schaffhausen,2939,SH,real,True,15.11.2024,2688801,1285623
101098536,10086766,2711234,Klausweg,66,8200 Schaffhausen,2939,SH,real,True,15.11.2024,2690642,1284510
101098537,10086766,2711234,Klausweg,68,8200 Schaffhausen,2939,SH,real,True,15.11.2024,2690654,1284508
101098538,10019274,2711235,Bahnhofstrasse,8.1,8200 Schaffhausen,2939,SH,real,True,23.07.2024,2689602,1283617
101098539,10055274,2711243,Promenadenstieg,6,8200 Schaffhausen,2939,SH,real,True,15.11.2024,2689045,1283331
101098543,10077454,2711288,J.C. Fischer-Strasse,6,8200 Schaffhausen,2939,SH,real,True,15.11.2024,2689558,1284351
101098544,10086470,2711289,Bachstrasse,29,8200 Schaffhausen,2939,SH,real,True,15.11.2024,2690002,1283634
101098545,10073055,2711315,Mühlentalstrasse,252,8200 Schaffhausen,2939,SH,real,True,15.11.2024,2689534,1285579
101098546,10085756,2711316,Webergasse,4,8200 Schaffhausen,2939,SH,real,True,15.11.2024,2689929,1283767
101098547,10046625,2711318,Quellenstrasse,16,8200 Schaffhausen,2939,SH,real,True,15.11.2024,2688557,1284108
101098548,10046625,2711319,Quellenstrasse,16a,8200 Schaffhausen,2939,SH,real,True,15.11.2024,2688572,1284104
101098549,10046625,2711321,Quellenstrasse,16c,8200 Schaffhausen,2939,SH,real,True,15.11.2024,2688589,1284098
101098550,10046625,2711324,Quellenstrasse,14b,8200 Schaffhausen,2939,SH,real,True,15.11.2024,2688579,1284069
101098551,10046625,2711325,Quellenstrasse,14a,8200 Schaffhausen,2939,SH,real,True,15.11.2024,2688565,1284073
101098552,10046625,2711326,Quellenstrasse,14,8200 Schaffhausen,2939,SH,real,True,15.11.2024,2688562,1284074
101098553,10046625,2711327,Quellenstrasse,12b,8200 Schaffhausen,2939,SH,real,True,15.11.2024,2688541,1284081
101098554,10046625,2711328,Quellenstrasse,12a,8200 Schaffhausen,2939,SH,real,True,15.11.2024,2688538,1284082
101098555,10046625,2711329,Quellenstrasse,12,8200 Schaffhausen,2939,SH,real,True,15.11.2024,2688523,1284087
101109834,10031564,2716800,Uezestaaweg,7,8226 Schleitheim,2952,SH,real,True,15.11.2024,2677972,1289295
101109835,10127712,2716822,Empützigraben,30,8215 Hallau,2971,SH,real,True,15.11.2024,2676462,1282724
101109836,10024923,2716827,Unter den Wiesen,1,8218 Osterfingen,2974,SH,real,True,15.11.2024,2678025,1279221
101109837,10086754,2716836,Unterbergstrasse,24,8239 Dörflingen,2915,SH,real,True,15.11.2024,2695887,1284657
101109838,10086754,2716837,Unterbergstrasse,26,8239 Dörflingen,2915,SH,real,True,15.11.2024,2695843,1284647
101109839,10179748,2716911,Unterdorf,9,8261 Hemishofen,2962,SH,real,True,15.11.2024,2704426,1281500
101111141,10108012,2715849,Reckholdersbüelweg,10,8240 Thayngen,2920,SH,real,True,15.11.2024,2695399,1289694
101111142,10108012,2715850,Reckholdersbüelweg,12,8240 Thayngen,2920,SH,real,True,15.11.2024,2695395,1289701
101111143,10186343,2715875,Rheingoldstrasse,8,8212 Neuhausen am Rheinfall,2937,SH,real,True,15.11.2024,2688717,1281715
101111144,10017877,2715878,Rheinstrasse,15,8212 Neuhausen am Rheinfall,2937,SH,real,True,15.11.2024,2688735,1281679
101111145,10046607,2715895,Rheinweg,1b,8200 Schaffhausen,2937,SH,real,True,15.11.2024,2688967,1283089
101111146,10073096,2715903,Rhigüetliweg,3,8260 Stein am Rhein,2964,SH,real,True,15.11.2024,2707554,1279572
101111147,10073096,2715905,Rhigüetliweg,5,8260 Stein am Rhein,2964,SH,real,True,15.11.2024,2707584,1279579
101111148,10120404,2715918,Rietackerstrasse,10,8235 Lohn SH,2917,SH,real,True,15.11.2024,2692273,1289988
101111149,10120404,2715919,Rietackerstrasse,12,8235 Lohn SH,2917,SH,real,True,15.11.2024,2692280,1289986
101111150,10120404,2715920,Rietackerstrasse,20,8235 Lohn SH,2917,SH,real,True,15.11.2024,2692310,1289987
101111151,10120404,2715921,Rietackerstrasse,22,8235 Lohn SH,2917,SH,real,True,15.11.2024,2692317,1289985
101111152,10120404,2715924,Rietackerstrasse,8,8235 Lohn SH,2917,SH,real,True,15.11.2024,2692267,1289991
101111153,10091391,2715962,Rohrackerstrasse,6,8215 Hallau,2971,SH,real,True,15.11.2024,2676150,1283007
101111154,10091391,2715963,Rohrackerstrasse,10,8215 Hallau,2971,SH,real,True,15.11.2024,2676133,1282981
101111155,10104510,2715983,Rosenacker,187,8225 Siblingen,2953,SH,real,True,15.11.2024,2680573,1285894
101111156,10091171,2716032,Rössligasse,14,8224 Löhningen,2903,SH,real,True,15.11.2024,2683698,1284112
101111157,10205631,2716111,Sandgrubenstrasse,56,8455 Rüdlingen,2938,SH,real,True,15.11.2024,2684866,1271156
101111158,10091181,2716123,Schaffhauserstrasse,17,8213 Neunkirch,2904,SH,real,True,15.11.2024,2679932,1282773
101111159,10186340,2716156,Schaffhauserstrasse,241.1,8222 Beringen,2932,SH,real,True,23.07.2024,2687404,1283317
101111160,10048900,2716193,Lohningerweg,61,8240 Thayngen,2920,SH,real,True,15.11.2024,2694452,1289482
101111161,10111813,2716209,Speckweg,29,8240 Thayngen,2920,SH,real,True,15.11.2024,2694336,1289289
101111162,10086759,2716210,Schenenbühlstrasse,10,8235 Lohn SH,2917,SH,real,True,15.11.2024,2692304,1289963
101111163,10086759,2716211,Schenenbühlstrasse,12,8235 Lohn SH,2917,SH,real,True,15.11.2024,2692297,1289965
101111164,10086759,2716212,Schenenbühlstrasse,6,8235 Lohn SH,2917,SH,real,True,15.11.2024,2692322,1289954
101111165,10086759,2716213,Schenenbühlstrasse,8,8235 Lohn SH,2917,SH,real,True,15.11.2024,2692315,1289956
101111166,10031508,2716215,Schmalzgasse,59,8215 Hallau,2971,SH,real,True,15.11.2024,2676062,1283069
101111167,10106942,2716233,Schlatterweg,9,8240 Thayngen,2920,SH,real,True,15.11.2024,2695264,1289574
101111168,10073365,2716242,Schlechtenbol,21,8226 Schleitheim,2952,SH,real,True,15.11.2024,2678440,1288923
101111169,10073365,2716244,Schlechtenbol,25,8226 Schleitheim,2952,SH,real,True,15.11.2024,2678464,1288936
101111170,10073365,2716245,Schlechtenbol,27,8226 Schleitheim,2952,SH,real,True,15.11.2024,2678482,1288948
101111171,10087042,2716275,Schlossstrasse,18,8234 Stetten SH,2919,SH,real,True,15.11.2024,2691780,1288212
101111172,10027495,2716288,Schmerlatstrasse,303,8224 Löhningen,2903,SH,real,True,15.11.2024,2682815,1283216
101111173,10073634,2716350,Schulstrasse,8,8233 Bargen SH,2931,SH,real,True,15.11.2024,2687985,1294221
101111174,10031604,2716378,Pfarrhofweg,241d,8262 Ramsen,2963,SH,real,True,15.11.2024,2702983,1285047
101111175,10085774,2716392,Schützengasse,13,8226 Schleitheim,2952,SH,real,True,15.11.2024,2678645,1289580
101111176,10085774,2716394,Schützengasse,15,8226 Schleitheim,2952,SH,real,True,15.11.2024,2678628,1289594
101111177,10027513,2716405,Schützenmauer,13,8213 Neunkirch,2904,SH,real,True,15.11.2024,2679802,1282350
101111178,10237819,2716415,Schützenweg,7,8242 Bibern SH,2920,SH,real,True,15.11.2024,2692628,1292310
101111179,10091223,2716416,Schützeweg,1,8222 Beringen,2932,SH,real,True,15.11.2024,2685366,1284049
101111180,10018468,2716423,Schwärziweg,19,8222 Beringen,2932,SH,real,True,15.11.2024,2685920,1283598
101111181,10018468,2716424,Schwärziweg,21,8222 Beringen,2932,SH,real,True,15.11.2024,2685938,1283599
101111182,10018468,2716425,Schwärziweg,23,8222 Beringen,2932,SH,real,True,15.11.2024,2685939,1283580
101111183,10073097,2716458,Schwemmgrabenstrasse,5,8260 Stein am Rhein,2964,SH,real,True,15.11.2024,2706126,1280307
101111184,10018471,2716530,Sonnenwegli,1,8222 Beringen,2932,SH,real,True,15.11.2024,2685357,1283577
101111185,10111813,2716537,Speckweg,5,8240 Thayngen,2920,SH,real,True,15.11.2024,2694571,1289247
101111186,10178590,2716551,Staanackerstrasse,2,8232 Merishausen,2936,SH,real,True,15.11.2024,2687876,1290115
101111187,10178590,2716552,Staanackerstrasse,6,8232 Merishausen,2936,SH,real,True,15.11.2024,2687830,1290150
101111188,10178590,2716553,Staanackerstrasse,8,8232 Merishausen,2936,SH,real,True,15.11.2024,2687815,1290144
101111189,10185487,2716563,Am Stägli,16,8233 Bargen SH,2931,SH,real,True,15.11.2024,2687930,1294003
101111190,10190665,2716569,Stammerstrasse,20,8260 Stein am Rhein,2964,SH,real,True,15.11.2024,2705850,1280436
101111191,10111803,2716603,Steimüri,6a,8224 Löhningen,2903,SH,real,True,15.11.2024,2683232,1284194
101111192,10111803,2716604,Steimüri,6b,8224 Löhningen,2903,SH,real,True,15.11.2024,2683229,1284196
101111194,10073646,2716631,Steinwiesenstrasse,6,8222 Beringen,2932,SH,real,True,15.11.2024,2684961,1283126
101111195,10027515,2716642,Stiegweg,23,8213 Neunkirch,2904,SH,real,True,15.11.2024,2679286,1282202
101111196,10018153,2716649,Stofflerstrasse,13,8240 Thayngen,2920,SH,real,True,15.11.2024,2694883,1290012
101111197,10179763,2716676,Tacherstrasse,21,8215 Hallau,2971,SH,real,True,15.11.2024,2676183,1283670
101111198,10179763,2716677,Tacherstrasse,19,8215 Hallau,2971,SH,real,True,15.11.2024,2676193,1283669
101111199,10179763,2716678,Tacherstrasse,17,8215 Hallau,2971,SH,real,True,15.11.2024,2676176,1283642
101111200,10179763,2716679,Tacherstrasse,15,8215 Hallau,2971,SH,real,True,15.11.2024,2676187,1283641
101111201,10179763,2716681,Tacherstrasse,11,8215 Hallau,2971,SH,real,True,15.11.2024,2676208,1283639
101111202,10179763,2716682,Tacherstrasse,7,8215 Hallau,2971,SH,real,True,15.11.2024,2676229,1283637
101111203,10185463,2716705,Talstrasse,11,8223 Guntmadingen,2932,SH,real,True,15.11.2024,2684000,1282040
101111204,10185463,2716708,Talstrasse,5,8223 Guntmadingen,2932,SH,real,True,15.11.2024,2684028,1282052
101111205,10185463,2716710,Talstrasse,7,8223 Guntmadingen,2932,SH,real,True,15.11.2024,2684029,1282050
101111206,10185463,2716712,Talstrasse,9,8223 Guntmadingen,2932,SH,real,True,15.11.2024,2684000,1282042
101111207,10027516,2716736,Taufgarten,57,8213 Neunkirch,2904,SH,real,True,15.11.2024,2679953,1281993
101111208,10024965,2716748,Thayngerstrasse,4,8235 Lohn SH,2917,SH,real,True,15.11.2024,2692502,1290190
101111209,10120403,2716749,Hauptstrasse,43,8242 Bibern SH,2920,SH,real,True,15.11.2024,2693118,1291906
101111210,10087043,2716789,Tubackackerstrasse,7,8234 Stetten SH,2919,SH,real,True,15.11.2024,2691696,1288062
101111211,10127710,2716790,Jüppeweg,3,8215 Hallau,2971,SH,real,True,15.11.2024,2676482,1283762
101111212,10127710,2716791,Jüppeweg,4,8215 Hallau,2971,SH,real,True,15.11.2024,2676503,1283765
101111213,10127710,2716792,Jüppeweg,1,8215 Hallau,2971,SH,real,True,15.11.2024,2676485,1283735
101111246,10017855,190137290,Birchstrasse,40,8212 Neuhausen am Rheinfall,2937,SH,real,True,15.11.2024,2687004,1281421
101111494,10031611,2717194,Wiesholzerstrasse,410a,8262 Ramsen,2963,SH,real,True,15.11.2024,2704332,1285206
101111495,10087226,2717196,Wiesholz,42b,8262 Ramsen,2963,SH,real,True,15.11.2024,2704763,1285300
101111496,10113222,2717244,Dorfstrasse,58,8218 Osterfingen,2974,SH,real,True,15.11.2024,2678951,1279673
101111497,10073651,2717247,Bodenstrasse,19,8454 Buchberg,2933,SH,real,True,15.11.2024,2684282,1269826
101111498,10155546,2717250,Winkelweg,449,8262 Ramsen,2963,SH,real,True,15.11.2024,2702650,1284618
101111499,10155546,2717252,Winkelweg,516,8262 Ramsen,2963,SH,real,True,15.11.2024,2702631,1284645
101111500,10136849,2717270,Haldenstrasse,3,8241 Barzheim,2920,SH,real,True,15.11.2024,2696336,1290655
101111501,10106943,2717272,Wistenstrasse,20,8240 Thayngen,2920,SH,real,True,15.11.2024,2694759,1290136
101111503,10091226,2717315,Zelgstrasse,35,8222 Beringen,2932,SH,real,True,15.11.2024,2684978,1283382
101112930,10019556,2716931,Wiesengasse,30,8222 Beringen,2932,SH,real,True,15.11.2024,2685542,1283130
101112931,10152452,2716936,Nassackerstrasse,5,8218 Osterfingen,2974,SH,real,True,15.11.2024,2678530,1279674
101112932,10152452,2716939,Nassackerstrasse,7,8218 Osterfingen,2974,SH,real,True,15.11.2024,2678553,1279684
101112933,10072962,2716940,Unterer Glaserweg,4,8213 Neunkirch,2904,SH,real,True,15.11.2024,2680198,1282571
101112934,10072962,2716941,Unterer Glaserweg,6,8213 Neunkirch,2904,SH,real,True,15.11.2024,2680194,1282580
101112935,10134235,2716974,Galgenbuckstrasse,12,8217 Wilchingen,2974,SH,real,True,15.11.2024,2677006,1281663
101112936,10019554,2716977,Unterstieg,4,8222 Beringen,2932,SH,real,True,15.11.2024,2685599,1283738
101112937,10019554,2716982,Unterstieg,6,8222 Beringen,2932,SH,real,True,15.11.2024,2685602,1283738
101112938,10019554,2716984,Unterstieg,8,8222 Beringen,2932,SH,real,True,15.11.2024,2685629,1283742
101112939,10205628,2717024,Dorfstrasse,21,8455 Rüdlingen,2938,SH,real,True,15.11.2024,2685254,1270528
101112940,10117913,2717031,Vorderer Huebhof,172c,8214 Gächlingen,2901,SH,real,True,15.11.2024,2678897,1286205
101112941,10085762,2717036,Rebhalde,8,8228 Beggingen,2951,SH,real,True,15.11.2024,2681655,1291184
101112942,10073623,2717079,Wallenrütistrasse,9,8234 Stetten SH,2919,SH,real,True,15.11.2024,2691392,1287792
101112943,10073623,2717081,Wallenrütistrasse,3,8234 Stetten SH,2919,SH,real,True,15.11.2024,2691433,1287872
101112944,10158880,2717108,Neunkircherstrasse,4,8216 Oberhallau,2972,SH,real,True,15.11.2024,2678101,1284121
101112945,10170741,2717110,Wäsmen,503,8262 Ramsen,2963,SH,real,True,15.11.2024,2702807,1285375
101112946,10085762,2717128,Rebhalde,11,8228 Beggingen,2951,SH,real,True,15.11.2024,2681588,1291162
101112947,10026328,2717170,Wiesenstrasse,16,8214 Gächlingen,2901,SH,real,True,15.11.2024,2679558,1284359
101112948,10026328,2717172,Wiesenstrasse,12,8214 Gächlingen,2901,SH,real,True,15.11.2024,2679554,1284339
101112949,10026328,2717173,Wiesenstrasse,10,8214 Gächlingen,2901,SH,real,True,15.11.2024,2679553,1284340
101112950,10087226,2717183,Wiesholz,31,8262 Ramsen,2963,SH,real,True,15.11.2024,2704714,1285105
101112964,10173738,2717320,Zentralschulhaus,,8242 Hofen SH,2920,SH,real,True,23.07.2024,2692365,1292829
101112965,10018166,2717348,Zentralstrasse,83,8212 Neuhausen am Rheinfall,2937,SH,real,True,15.11.2024,2688779,1282088
101112966,10018157,2717353,Zieglerweg,2,8240 Thayngen,2920,SH,real,True,15.11.2024,2694894,1289597
101112967,10031523,2717396,Zollstrasse,10,8219 Trasadingen,2973,SH,real,True,15.11.2024,2674819,1279862
101112968,10108020,2717422,Zubastrasse,19,8212 Neuhausen am Rheinfall,2937,SH,real,True,15.11.2024,2688726,1282490
101112969,10091108,2717455,Zwinglistrasse,17,8260 Stein am Rhein,2964,SH,real,True,15.11.2024,2706910,1280242
101112970,10091108,2717457,Zwinglistrasse,38,8260 Stein am Rhein,2964,SH,real,True,15.11.2024,2706686,1280293
101112971,10091108,2717458,Zwinglistrasse,40,8260 Stein am Rhein,2964,SH,real,True,15.11.2024,2706665,1280306
101117382,10169250,2715729,Püntweg,2,8454 Buchberg,2933,SH,real,True,15.11.2024,2684711,1269893
101117383,10026333,2715732,Püntweg,4,8223 Guntmadingen,2932,SH,real,True,15.11.2024,2684011,1282125
101117384,10086758,2715735,Quellenstrasse,9,8235 Lohn SH,2917,SH,real,True,15.11.2024,2692642,1290232
101117385,10110818,2715739,Raastrasse,8,8225 Siblingen,2953,SH,real,True,15.11.2024,2681145,1285269
101117386,10032575,2715742,Raaweg,13,8226 Schleitheim,2952,SH,real,True,15.11.2024,2678569,1289799
101117387,10237825,2715784,Randenstrasse,38,8231 Hemmental,2939,SH,real,True,15.11.2024,2685481,1287691
101117388,10237818,2715823,Rebbergstrasse,129,8240 Thayngen,2920,SH,real,True,15.11.2024,2696574,1289389
101117389,10237818,2715824,Rebbergstrasse,131,8240 Thayngen,2920,SH,real,True,15.11.2024,2696605,1289386
101117390,10237818,2715828,Rebbergstrasse,51a,8240 Thayngen,2920,SH,real,True,15.11.2024,2696013,1289451
101117391,10237818,2715831,Rebbergstrasse,66,8240 Thayngen,2920,SH,real,True,15.11.2024,2696178,1289471
101117392,10237818,2715833,Rebbergstrasse,70,8240 Thayngen,2920,SH,real,True,15.11.2024,2696191,1289472
101117393,10237818,2715834,Rebbergstrasse,72,8240 Thayngen,2920,SH,real,True,15.11.2024,2696198,1289472
101119202,10237818,3075201,Rebbergstrasse,127,8240 Thayngen,2920,SH,real,True,15.11.2024,2696535,1289390
101119203,10018157,3075202,Zieglerweg,1,8240 Thayngen,2920,SH,real,True,15.11.2024,2694858,1289580
101119204,10087052,3075204,Im Gatter,15,8240 Thayngen,2920,SH,real,True,15.11.2024,2694929,1289316
101119205,10026394,3075209,Hüttenlebenweg,12,8240 Thayngen,2920,SH,real,True,15.11.2024,2694145,1289857
101119206,10073652,3075211,Hurbigstrasse,22,8454 Buchberg,2933,SH,real,True,15.11.2024,2684412,1270002
101119207,10019564,3075213,Sandackerstrasse,19,8454 Buchberg,2933,SH,real,True,15.11.2024,2684729,1269568
101119208,10178317,3075215,Püntstrasse,16,8454 Buchberg,2933,SH,real,True,15.11.2024,2684769,1269900
101119209,10019564,3075216,Sandackerstrasse,4,8454 Buchberg,2933,SH,real,True,15.11.2024,2684633,1269512
101119210,10165181,3075220,Hardlistieg,3,8454 Buchberg,2933,SH,real,True,15.11.2024,2683961,1269695
101119211,10118141,3075224,Birkenstrasse,15,8454 Buchberg,2933,SH,real,True,15.11.2024,2684211,1269984
101119212,10161509,3075225,Bruggweg,3,8454 Buchberg,2933,SH,real,True,15.11.2024,2684532,1269872
101119213,10169249,3075226,Oberbreitenstrasse,11,8454 Buchberg,2933,SH,real,True,15.11.2024,2684644,1269886
101119214,10019559,3075227,Erlistrasse,27,8454 Buchberg,2933,SH,real,True,15.11.2024,2684426,1269858
101119215,10019559,3075230,Erlistrasse,21,8454 Buchberg,2933,SH,real,True,15.11.2024,2684444,1269845
101119216,10019559,3075231,Erlistrasse,19,8454 Buchberg,2933,SH,real,True,15.11.2024,2684448,1269842
101119217,10019559,3075232,Erlistrasse,17,8454 Buchberg,2933,SH,real,True,15.11.2024,2684453,1269838
101119218,10019558,3075234,Bachweg,2,8454 Buchberg,2933,SH,real,True,15.11.2024,2684427,1269655
101119219,10025721,3075235,Hoolicher,4,8228 Beggingen,2951,SH,real,True,15.11.2024,2682604,1291158
101119220,10118364,3075236,Luckete,2a,8226 Schleitheim,2952,SH,real,True,15.11.2024,2678894,1289326
101119221,10113210,3075237,Lindenstrasse,24,8226 Schleitheim,2952,SH,real,True,15.11.2024,2677968,1289200
101119222,10032566,3075238,Hellgässli,4,8226 Schleitheim,2952,SH,real,True,15.11.2024,2678684,1289247
101119223,10032566,3075239,Hellgässli,6,8226 Schleitheim,2952,SH,real,True,15.11.2024,2678690,1289242
101119224,10187861,3075240,Schaffhauserstrasse,326.1,8226 Schleitheim,2952,SH,real,True,23.07.2024,2678912,1287411
101119225,10186575,3075242,Obere Hofwiesen,12,8226 Schleitheim,2952,SH,real,True,15.11.2024,2678736,1289565
101119226,10032578,3075244,Schwarzwaldstrasse,80,8226 Schleitheim,2952,SH,real,True,15.11.2024,2676400,1289173
101119227,10113209,3075245,Hofstatt,16,8226 Schleitheim,2952,SH,real,True,15.11.2024,2678123,1289147
101130416,10026319,3145169,Brüelstrasse,35,8214 Gächlingen,2901,SH,real,True,15.11.2024,2679585,1284345
101130417,10026319,3145170,Brüelstrasse,31,8214 Gächlingen,2901,SH,real,True,15.11.2024,2679594,1284335
101130418,10026328,3145171,Wiesenstrasse,2,8214 Gächlingen,2901,SH,real,True,15.11.2024,2679499,1284290
101130419,10026319,3145172,Brüelstrasse,33,8214 Gächlingen,2901,SH,real,True,15.11.2024,2679589,1284340
101130420,10072971,3145174,Huebstrasse,8,8236 Büttenhardt,2914,SH,real,True,15.11.2024,2691061,1290387
101130421,10024937,3145175,Dorfstrasse,38,8236 Büttenhardt,2914,SH,real,True,15.11.2024,2691165,1290411
101130422,10185481,3145179,Schofbuckstrasse,4,8234 Stetten SH,2919,SH,real,True,15.11.2024,2691458,1287836
101131818,10185481,3145181,Schofbuckstrasse,2,8234 Stetten SH,2919,SH,real,True,15.11.2024,2691470,1287870
101131819,10087039,3145184,Erlenwisenstrasse,27,8234 Stetten SH,2919,SH,real,True,15.11.2024,2691281,1287787
101131820,10024972,3145185,Im Chloster,4,8234 Stetten SH,2919,SH,real,True,15.11.2024,2691910,1288446
101131821,10087042,3145187,Schlossstrasse,12,8234 Stetten SH,2919,SH,real,True,15.11.2024,2691780,1288236
101131822,10087042,3145188,Schlossstrasse,10,8234 Stetten SH,2919,SH,real,True,15.11.2024,2691767,1288230
101131823,10018447,3145192,Benzeweg,59,8222 Beringen,2932,SH,real,True,15.11.2024,2686704,1283552
101131824,10019569,3145193,Hochrahn,54,8231 Hemmental,2939,SH,real,True,15.11.2024,2686221,1287525
101131825,10206067,3145197,Grütweg,3,8455 Rüdlingen,2938,SH,real,True,15.11.2024,2684755,1270626
101131826,10206076,3145200,Hinterdorfstrasse,6,8455 Rüdlingen,2938,SH,real,True,15.11.2024,2685254,1270411
101131827,10031589,3145204,Im Oberfeld,2,8261 Hemishofen,2962,SH,real,True,15.11.2024,2704751,1281508
101131828,10031589,3145205,Im Oberfeld,6,8261 Hemishofen,2962,SH,real,True,15.11.2024,2704777,1281486
101131829,10031589,3145206,Im Oberfeld,4,8261 Hemishofen,2962,SH,real,True,15.11.2024,2704762,1281497
101131830,10031589,3145207,Im Oberfeld,3,8261 Hemishofen,2962,SH,real,True,15.11.2024,2704819,1281504
101131831,10031589,3145208,Im Oberfeld,1,8261 Hemishofen,2962,SH,real,True,15.11.2024,2704804,1281521
101131832,10087215,3145209,Oberdorfstrasse,8,8261 Hemishofen,2962,SH,real,True,15.11.2024,2704740,1281597
101131833,10187916,3145210,Oberwalderstrasse,2,8261 Hemishofen,2962,SH,real,True,15.11.2024,2704522,1282064
101131834,10071693,3145211,Judebömmlistrasse,522,8262 Ramsen,2963,SH,real,True,15.11.2024,2703431,1285077
101131835,10071693,3145217,Judebömmlistrasse,531,8262 Ramsen,2963,SH,real,True,15.11.2024,2703334,1285088
101131836,10031593,3145222,Alemannenweg,518,8262 Ramsen,2963,SH,real,True,15.11.2024,2703552,1284898
101131837,10071693,3145224,Judebömmlistrasse,533,8262 Ramsen,2963,SH,real,True,15.11.2024,2703335,1285068
101131838,10031617,3145226,Bruggsteg,13,8260 Stein am Rhein,2964,SH,real,True,15.11.2024,2706794,1279278
101131839,10031617,3145227,Bruggsteg,11,8260 Stein am Rhein,2964,SH,real,True,15.11.2024,2706797,1279272
101131840,10031937,3145228,Spittelmüli,5,8260 Stein am Rhein,2964,SH,real,True,15.11.2024,2706950,1279849
101131841,10031937,3145229,Spittelmüli,3,8260 Stein am Rhein,2964,SH,real,True,15.11.2024,2706944,1279850
101131842,10031918,3145230,Chupferwise,4,8260 Stein am Rhein,2964,SH,real,True,15.11.2024,2706412,1280141
101131843,10031923,3145231,Hemishoferstrasse,24,8260 Stein am Rhein,2964,SH,real,True,15.11.2024,2706357,1280112
101131844,10091105,3145233,Rietstrasse,19,8260 Stein am Rhein,2964,SH,real,True,15.11.2024,2706436,1280163
101131845,10090056,3145234,Hohrainstrasse,32,8260 Stein am Rhein,2964,SH,real,True,15.11.2024,2705896,1280521
101131846,10087232,3145235,Chnebelgässli,8,8260 Stein am Rhein,2964,SH,real,True,15.11.2024,2706776,1279303
101131847,10087232,3145236,Chnebelgässli,10,8260 Stein am Rhein,2964,SH,real,True,15.11.2024,2706780,1279298
101131848,10091109,3145240,Blumengartenstrasse,3,8215 Hallau,2971,SH,real,True,15.11.2024,2676271,1283117
101131849,10110820,3145241,Gehringerstrasse,17,8215 Hallau,2971,SH,real,True,15.11.2024,2676371,1283052
101131850,10110820,3145242,Gehringerstrasse,19,8215 Hallau,2971,SH,real,True,15.11.2024,2676383,1283053
101133321,10187869,3145243,Küferstrasse,24,8215 Hallau,2971,SH,real,True,15.11.2024,2676020,1283205
101133322,10149927,3145244,Bahnhofstrasse,24,8217 Wilchingen,2974,SH,real,True,15.11.2024,2677038,1281588
101133581,10161547,191559855,Im Brand,36,8200 Schaffhausen,2939,SH,real,True,15.11.2024,2690320,1286714
101163550,10111812,9003490,Ebringerstrasse,101,8240 Thayngen,2920,SH,real,True,15.11.2024,2696397,1289279
101171475,10048900,190013756,Lohningerweg,63,8240 Thayngen,2920,SH,real,True,15.11.2024,2694451,1289518
101172824,10025640,190008314,Staaringelackerstrasse,9,8234 Stetten SH,2919,SH,real,True,15.11.2024,2691766,1288765
101172825,10104920,190008315,Im Landguet,5,8234 Stetten SH,2919,SH,real,True,15.11.2024,2691458,1288051
101172827,10073640,190008319,Höhenweg,21,8222 Beringen,2932,SH,real,True,15.11.2024,2684976,1283968
101172829,10018456,190008322,Hardmorgenweg,13,8222 Beringen,2932,SH,real,True,15.11.2024,2685638,1283254
101172832,10017867,190008338,Hofstettenstrasse,36,8212 Neuhausen am Rheinfall,2937,SH,real,True,15.11.2024,2687294,1281675
101172834,10017871,190008340,Löwensteinstrasse,12,8212 Neuhausen am Rheinfall,2937,SH,real,True,15.11.2024,2688732,1283256
101172835,10017871,190008342,Löwensteinstrasse,6,8212 Neuhausen am Rheinfall,2937,SH,real,True,15.11.2024,2688753,1283301
101172836,10017871,190008343,Löwensteinstrasse,8,8212 Neuhausen am Rheinfall,2937,SH,real,True,15.11.2024,2688747,1283294
101173000,10073051,3122104,Krummacker,30,8207 Schaffhausen,2939,SH,real,True,15.11.2024,2691711,1286832
101173001,10073051,3122108,Krummacker,38,8207 Schaffhausen,2939,SH,real,True,15.11.2024,2691746,1286814
101173002,10073051,3122109,Krummacker,40,8207 Schaffhausen,2939,SH,real,True,15.11.2024,2691750,1286810
101173003,10073051,3122111,Krummacker,44,8207 Schaffhausen,2939,SH,real,True,15.11.2024,2691731,1286853
101173004,10073051,3122112,Krummacker,46,8207 Schaffhausen,2939,SH,real,True,15.11.2024,2691737,1286851
101174480,10185482,190013366,Biberweg,1,8240 Thayngen,2920,SH,real,True,15.11.2024,2695000,1289683
101174742,10073623,190008727,Wallenrütistrasse,4,8234 Stetten SH,2919,SH,real,True,15.11.2024,2691405,1287902
101174750,10073623,190008737,Wallenrütistrasse,2,8234 Stetten SH,2919,SH,real,True,15.11.2024,2691423,1287914
101174768,10072986,190008799,Braatistrasse,33,8234 Stetten SH,2919,SH,real,True,15.11.2024,2691420,1287938
101174769,10024975,190008800,Lohnemerstrasse,15,8234 Stetten SH,2919,SH,real,True,15.11.2024,2691827,1288677
101174775,10104920,190008811,Im Landguet,1,8234 Stetten SH,2919,SH,real,True,15.11.2024,2691481,1288087
101174921,10017855,190010934,Birchstrasse,28,8212 Neuhausen am Rheinfall,2937,SH,real,True,15.11.2024,2687048,1281489
101175033,10017855,190010971,Birchstrasse,32,8212 Neuhausen am Rheinfall,2937,SH,real,True,15.11.2024,2687036,1281461
101175039,10017855,190010986,Birchstrasse,36,8212 Neuhausen am Rheinfall,2937,SH,real,True,15.11.2024,2687024,1281439
101176590,10110813,190008577,Neusatzstrasse,3,8212 Neuhausen am Rheinfall,2937,SH,real,True,15.11.2024,2688685,1282113
101176612,10072971,190008628,Huebstrasse,12,8236 Büttenhardt,2914,SH,real,True,15.11.2024,2691075,1290424
101176613,10072971,190008630,Huebstrasse,10,8236 Büttenhardt,2914,SH,real,True,15.11.2024,2691068,1290403
101176614,10072971,190008631,Huebstrasse,14,8236 Büttenhardt,2914,SH,real,True,15.11.2024,2691055,1290431
101176656,10129454,190014082,Mühleweg,10,8240 Thayngen,2920,SH,real,True,15.11.2024,2695189,1289491
101176659,10129454,190014084,Mühleweg,12,8240 Thayngen,2920,SH,real,True,15.11.2024,2695207,1289505
101176672,10048900,190014079,Lohningerweg,87,8240 Thayngen,2920,SH,real,True,15.11.2024,2694387,1289487
101176673,10048900,190014080,Lohningerweg,83,8240 Thayngen,2920,SH,real,True,15.11.2024,2694391,1289487
101176674,10130548,190014086,Barzingersee,1,8240 Thayngen,2920,SH,real,True,15.11.2024,2696334,1290180
101176675,10129454,190014087,Mühleweg,14,8240 Thayngen,2920,SH,real,True,15.11.2024,2695211,1289487
101176722,10073646,190008658,Steinwiesenstrasse,,8222 Beringen,2932,SH,real,True,23.07.2024,2685084,1283145
101177993,10073626,190013449,Hammenweg,19,8240 Thayngen,2920,SH,real,True,15.11.2024,2695525,1289606
101177996,10026381,190013453,Bahnweg,27,8240 Thayngen,2920,SH,real,True,15.11.2024,2695728,1289155
101178086,10031508,484000,Schmalzgasse,31,8215 Hallau,2971,SH,real,True,15.11.2024,2676328,1283188
101178328,10110810,190008677,Neuweg,32a,8222 Beringen,2932,SH,real,True,15.11.2024,2685596,1283701
101178580,10112906,190011198,Gewerbestrasse,2,8212 Neuhausen am Rheinfall,2937,SH,real,True,15.11.2024,2687417,1281265
101180174,10017855,190011186,Birchstrasse,38,8212 Neuhausen am Rheinfall,2937,SH,real,True,15.11.2024,2687010,1281454
101180398,10152452,190011365,Nassackerstrasse,9,8218 Osterfingen,2974,SH,real,True,15.11.2024,2678660,1279706
101181864,10091223,190008978,Schützeweg,33,8222 Beringen,2932,SH,real,True,15.11.2024,2685335,1284222
101181997,10018446,190011420,Auf der Höhe,10,8222 Beringen,2932,SH,real,True,15.11.2024,2684946,1283989
101182017,10018446,190011458,Auf der Höhe,12,8222 Beringen,2932,SH,real,True,15.11.2024,2684967,1283999
101183689,10018446,190011504,Auf der Höhe,4,8222 Beringen,2932,SH,real,True,15.11.2024,2684931,1283949
101186014,10031941,483971,Bahnhofstrasse,17,8215 Hallau,2971,SH,real,True,15.11.2024,2676502,1283274
101186015,10133045,483840,Schweizerbundweg,6,8215 Hallau,2971,SH,real,True,15.11.2024,2676760,1283526
101188977,10168418,9072421,Dörflingerstrasse,1,8240 Thayngen,2920,SH,real,True,15.11.2024,2695053,1288672
101189026,10178599,190012467,Grabenstrasse,9,8455 Rüdlingen,2938,SH,real,True,15.11.2024,2684713,1270624
101190585,10148816,9072431,Hauptstrasse,69,8217 Wilchingen,2974,SH,real,True,15.11.2024,2677039,1280138
101190660,10024970,190005577,Dorfstrasse,15a,8234 Stetten SH,2919,SH,real,True,15.11.2024,2691669,1288351
101194121,10106942,190013048,Schlatterweg,36,8240 Thayngen,2920,SH,real,True,15.11.2024,2695129,1289817
101194124,10111812,190013050,Ebringerstrasse,g1245,8240 Thayngen,2920,SH,real,True,23.07.2024,2697548,1289569
101197688,10025698,190000790,Talstrasse,62,8200 Schaffhausen,2939,SH,real,True,15.11.2024,2691127,1284143
101197689,10031931,190000791,Orichhöhe,7a,8260 Stein am Rhein,2964,SH,real,True,15.11.2024,2707395,1279678
101197691,10031522,190000793,Zinggen,1.1,8219 Trasadingen,2973,SH,real,True,23.07.2024,2674440,1280117
101199124,10129089,190000775,Im Tal,199,8214 Gächlingen,2901,SH,real,True,15.11.2024,2679102,1284788
101199125,10129090,190000779,Wannenacker,1,8243 Altdorf SH,2920,SH,real,True,15.11.2024,2691653,1293499
101199127,10087072,190000784,Neugrüthalde,98,8222 Beringen,2932,SH,real,True,15.11.2024,2686881,1283689
101199130,10178604,190000787,Breitenaustrasse,139,8200 Schaffhausen,2939,SH,real,True,15.11.2024,2688840,1284697
101199131,10019289,190000788,Dahlienstrasse,3,8200 Schaffhausen,2939,SH,real,True,15.11.2024,2689320,1284565
101199551,10086475,9018044,Buchthalerstrasse,85,8203 Schaffhausen,2939,SH,real,True,15.11.2024,2690985,1283438
101199552,10019291,9018045,Ebnatstrasse,150.2,8207 Schaffhausen,2939,SH,real,True,23.07.2024,2691649,1285552
101199553,10018634,9018046,Fronwagplatz,5.1,8200 Schaffhausen,2939,SH,real,True,23.07.2024,2689665,1283571
101199554,10106948,9018047,Ernst Homberger-Strasse,7,8207 Schaffhausen,2939,SH,real,True,15.11.2024,2691742,1285804
101199821,10072966,9027000,Im Bohl,14.2,8243 Altdorf SH,2920,SH,real,True,14.08.2024,2691296,1293358
101199822,10072966,9027001,Im Bohl,14.1,8243 Altdorf SH,2920,SH,real,True,14.08.2024,2691321,1293348
101199823,10114703,9027003,Steinackerhof,1.1,8239 Dörflingen,2915,SH,real,True,23.07.2024,2695927,1285357
101199824,10086749,9027004,Gruebstrasse,9.1,8239 Dörflingen,2915,SH,real,True,23.07.2024,2696143,1285261
101199826,10024954,9027007,Chuttlerstrasse,20.1,8242 Hofen SH,2920,SH,real,True,14.08.2024,2692694,1293506
101199827,10025643,9027008,Vrenehof,205.1,8234 Stetten SH,2919,SH,real,True,23.07.2024,2691225,1288293
101199828,10087052,9027009,Im Gatter,27.1,8240 Thayngen,2920,SH,real,True,13.08.2024,2694782,1289285
101199829,10120050,9027010,Oberbargen,3.1,8233 Bargen SH,2931,SH,real,True,23.07.2024,2685618,1294457
101199830,10108020,9027013,Zubastrasse,14,8212 Neuhausen am Rheinfall,2937,SH,real,True,15.11.2024,2688691,1282486
101199831,10054992,9027014,Schöne Rai,168.1,8455 Rüdlingen,2938,SH,real,True,23.07.2024,2684973,1272237
101199832,10054993,9027015,Warthau,175.1,8455 Rüdlingen,2938,SH,real,True,23.07.2024,2684130,1271070
101199833,10026000,9027016,Zollstrasse,29a,8228 Beggingen,2951,SH,real,True,15.11.2024,2682207,1291747
101199834,10085763,9027017,Stockerweg,79a,8228 Beggingen,2951,SH,real,True,15.11.2024,2681855,1291018
101199835,10071687,9027018,Chollstatt,1.1,8261 Hemishofen,2962,SH,real,True,23.07.2024,2703214,1282269
101199836,10031599,9027019,Hofenacker,61c,8262 Ramsen,2963,SH,real,True,15.11.2024,2702748,1287342
101199837,10071979,9027020,Wilen,22a,8262 Ramsen,2963,SH,real,True,15.11.2024,2703267,1283902
101199838,10180895,9027021,Sonnenhof,1.1,8217 Wilchingen,2973,SH,real,True,23.07.2024,2675762,1279113
101200920,10111813,101206101,Speckweg,26,8240 Thayngen,2920,SH,real,True,15.11.2024,2694369,1289307
101200921,10091226,101206253,Zelgstrasse,3,8222 Beringen,2932,SH,real,True,15.11.2024,2685290,1283420
101200922,10018452,101206254,Gellerstieg,2,8222 Beringen,2932,SH,real,True,15.11.2024,2685738,1283533
101200923,10169249,101206353,Oberbreitenstrasse,5,8454 Buchberg,2933,SH,real,True,15.11.2024,2684595,1269814
101200924,10117542,101206451,Bruggwiesen,14,8231 Hemmental,2939,SH,real,True,15.11.2024,2686355,1287203
101200925,10046627,101206931,Rietmattstrasse,24,8200 Schaffhausen,2939,SH,real,True,15.11.2024,2688271,1284093
101200926,10113212,101207253,Grabenstrasse,55,8225 Siblingen,2953,SH,real,True,15.11.2024,2681252,1285750
101200927,10031578,101207254,Schoopacker,28,8225 Siblingen,2953,SH,real,True,15.11.2024,2681290,1286135
101200928,10031564,101207202,Uezestaaweg,9,8226 Schleitheim,2952,SH,real,True,15.11.2024,2677929,1289300
101200930,10031586,101207452,Hauptstrasse,1,8261 Hemishofen,2962,SH,real,True,15.11.2024,2704849,1281363
101200931,10091107,101207708,Zollikof,8,8260 Stein am Rhein,2964,SH,real,True,15.11.2024,2707053,1279653
101200932,10031926,101207709,Im Boll,8,8260 Stein am Rhein,2964,SH,real,True,15.11.2024,2707344,1279873
101200933,10179753,101207671,Alte Zollstrasse,40,8260 Stein am Rhein,2964,SH,real,True,15.11.2024,2707748,1279848
101202355,10179753,101207672,Alte Zollstrasse,38,8260 Stein am Rhein,2964,SH,real,True,15.11.2024,2707741,1279847
101202356,10179753,101207673,Alte Zollstrasse,36,8260 Stein am Rhein,2964,SH,real,True,15.11.2024,2707729,1279837
101202357,10031926,101207722,Im Boll,12,8260 Stein am Rhein,2964,SH,real,True,15.11.2024,2707340,1279850
101202358,10031937,101207670,Spittelmüli,12,8260 Stein am Rhein,2964,SH,real,True,15.11.2024,2706946,1279877
101202359,10031926,101207734,Im Boll,10,8260 Stein am Rhein,2964,SH,real,True,15.11.2024,2707321,1279872
101202360,10031617,101207743,Bruggsteg,10,8260 Stein am Rhein,2964,SH,real,True,15.11.2024,2706795,1279234
101204205,10031941,101207763,Bahnhofstrasse,98,8215 Hallau,2971,SH,real,True,15.11.2024,2676537,1282742
101204206,10031506,101207762,Nässistrasse,13,8215 Hallau,2971,SH,real,True,15.11.2024,2676877,1283251
101204878,10128728,9041171,Häuliforen,375,8214 Gächlingen,2901,SH,real,True,15.11.2024,2680280,1287841
101204879,10026329,9041173,Bettackerweg,9,8223 Guntmadingen,2932,SH,real,True,15.11.2024,2684128,1282222
101206810,10120409,9003458,Schulstrasse,1,8240 Thayngen,2920,SH,real,True,15.11.2024,2695372,1289350
101206811,10018143,9003460,Mühlegasse,11,8240 Thayngen,2920,SH,real,True,15.11.2024,2695178,1289415
101206813,10237812,9003469,Dorfstrasse,20,8240 Thayngen,2920,SH,real,True,15.11.2024,2695318,1289332
101206814,10237812,9003470,Dorfstrasse,30,8240 Thayngen,2920,SH,real,True,15.11.2024,2695379,1289302
101206822,10111812,9003483,Ebringerstrasse,83,8240 Thayngen,2920,SH,real,True,15.11.2024,2696343,1289284
101206823,10111812,9003490,Ebringerstrasse,95,8240 Thayngen,2920,SH,real,True,15.11.2024,2696376,1289281
101206824,10128948,9003492,Grenzstrasse,86,8240 Thayngen,2920,SH,real,True,15.11.2024,2695922,1288501
101206825,10018140,9003493,Industriestrasse,27,8240 Thayngen,2920,SH,real,True,15.11.2024,2694714,1289033
101206826,10018144,9003494,Neuhausweg,29,8240 Thayngen,2920,SH,real,True,15.11.2024,2694893,1289484
101206827,10018144,9003495,Neuhausweg,27,8240 Thayngen,2920,SH,real,True,15.11.2024,2694899,1289485
101206828,10018144,9003496,Neuhausweg,25,8240 Thayngen,2920,SH,real,True,15.11.2024,2694902,1289485
101206829,10108010,9003497,Buechetellenweg,11a,8240 Thayngen,2920,SH,real,True,15.11.2024,2695055,1290069
101206831,10108010,9003499,Buechetellenweg,13a,8240 Thayngen,2920,SH,real,True,15.11.2024,2695055,1290094
101206833,10018141,9003501,Kesslerlochstrasse,58,8240 Thayngen,2920,SH,real,True,15.11.2024,2694812,1289156
101206834,10087044,9003502,Aeckerlistrasse,25,8240 Thayngen,2920,SH,real,True,15.11.2024,2695711,1289408
101206835,10111812,9003504,Ebringerstrasse,64,8240 Thayngen,2920,SH,real,True,15.11.2024,2696176,1289287
101206891,10091162,3183765,Liiberackerweg,7,8223 Guntmadingen,2932,SH,real,True,15.11.2024,2684037,1282014
101206892,10091162,3183766,Liiberackerweg,11,8223 Guntmadingen,2932,SH,real,True,15.11.2024,2684004,1282012
101206893,10091162,3183767,Liiberackerweg,9,8223 Guntmadingen,2932,SH,real,True,15.11.2024,2684038,1282012
101206894,10091162,3183769,Liiberackerweg,1,8223 Guntmadingen,2932,SH,real,True,15.11.2024,2684079,1282017
101208531,10186928,9004004,Mühlengasse,37,8213 Neunkirch,2904,SH,real,True,15.11.2024,2679533,1282736
101208532,10027506,9004006,Herrengasse,26,8213 Neunkirch,2904,SH,real,True,15.11.2024,2679571,1282782
101208533,10111804,9004011,Hallauerstrasse,5,8213 Neunkirch,2904,SH,real,True,15.11.2024,2679317,1282691
101208534,10111804,9004012,Hallauerstrasse,8,8213 Neunkirch,2904,SH,real,True,15.11.2024,2679364,1282749
101208535,10091176,9004018,Grosser Letten,3.1,8213 Neunkirch,2904,SH,real,True,23.07.2024,2679627,1282507
101208536,10024970,9004024,Dorfstrasse,4,8234 Stetten SH,2919,SH,real,True,15.11.2024,2691827,1288470
101208537,10026342,9004028,Hauptstrasse,6e,8224 Löhningen,2903,SH,real,True,15.11.2024,2683906,1284042
101208538,10026342,9004029,Hauptstrasse,6d,8224 Löhningen,2903,SH,real,True,15.11.2024,2683911,1284040
101208539,10026342,9004031,Hauptstrasse,6c,8224 Löhningen,2903,SH,real,True,15.11.2024,2683916,1284039
101208540,10026342,9004032,Hauptstrasse,6b,8224 Löhningen,2903,SH,real,True,15.11.2024,2683921,1284037
101208541,10026342,9004034,Hauptstrasse,4d,8224 Löhningen,2903,SH,real,True,15.11.2024,2683941,1284031
101208542,10026342,9004035,Hauptstrasse,4c,8224 Löhningen,2903,SH,real,True,15.11.2024,2683946,1284029
101208543,10026342,9004036,Hauptstrasse,4b,8224 Löhningen,2903,SH,real,True,15.11.2024,2683951,1284027
101208544,10120397,9004041,Haldenweg,3,8224 Löhningen,2903,SH,real,True,15.11.2024,2683689,1284338
101208545,10120397,9004042,Haldenweg,1,8224 Löhningen,2903,SH,real,True,15.11.2024,2683689,1284313
101208546,10026346,9004043,Mattenweg,11,8224 Löhningen,2903,SH,real,True,15.11.2024,2683177,1284086
101208547,10026346,9004044,Mattenweg,9,8224 Löhningen,2903,SH,real,True,15.11.2024,2683182,1284084
101208548,10026336,9004045,Bachtelstrasse,20,8224 Löhningen,2903,SH,real,True,28.11.2024,2683327,1284230
101208549,10091167,9004047,Hämingblickweg,12,8224 Löhningen,2903,SH,real,True,15.11.2024,2683379,1284223
101208550,10026346,9004048,Mattenweg,7,8224 Löhningen,2903,SH,real,True,15.11.2024,2683202,1284075
101208551,10026346,9004049,Mattenweg,5,8224 Löhningen,2903,SH,real,True,15.11.2024,2683208,1284073
101208552,10026346,9004050,Mattenweg,3,8224 Löhningen,2903,SH,real,True,15.11.2024,2683225,1284068
101208553,10026346,9004051,Mattenweg,1,8224 Löhningen,2903,SH,real,True,15.11.2024,2683231,1284065
101208554,10104921,9004055,Staanackerstrasse,7,8234 Stetten SH,2919,SH,real,True,15.11.2024,2691725,1288233
101208555,10087043,9004056,Tubackackerstrasse,15,8234 Stetten SH,2919,SH,real,True,15.11.2024,2691625,1287983
101208556,10185481,9004057,Schofbuckstrasse,6,8234 Stetten SH,2919,SH,real,True,15.11.2024,2691440,1287817
101208557,10073623,9004058,Wallenrütistrasse,26,8234 Stetten SH,2919,SH,real,True,15.11.2024,2691342,1287762
101208561,10046607,9006408,Rheinweg,6,8200 Schaffhausen,2937,SH,real,True,15.11.2024,2688905,1283028
101208562,10018166,9006412,Zentralstrasse,87,8212 Neuhausen am Rheinfall,2937,SH,real,True,15.11.2024,2688795,1282091
101208590,10118352,9006559,Dorfstrasse,33,8239 Dörflingen,2915,SH,real,True,15.11.2024,2696400,1284725
101208591,10087053,9006560,Im Oberhof,21,8240 Thayngen,2920,SH,real,True,15.11.2024,2695522,1289433
101209705,10091239,3178905,Ledergasse,25,8232 Merishausen,2936,SH,real,True,15.11.2024,2687660,1290931
101209706,10091239,3178906,Ledergasse,23,8232 Merishausen,2936,SH,real,True,15.11.2024,2687645,1290930
101209707,10019581,3178907,Durachstrasse,5,8232 Merishausen,2936,SH,real,True,15.11.2024,2688017,1290208
101210077,10073623,9004060,Wallenrütistrasse,10,8234 Stetten SH,2919,SH,real,True,15.11.2024,2691400,1287879
101210078,10113212,9004063,Grabenstrasse,37,8225 Siblingen,2953,SH,real,True,15.11.2024,2681179,1285626
101210079,10110818,9004065,Raastrasse,6,8225 Siblingen,2953,SH,real,True,15.11.2024,2681131,1285294
101210080,10110818,9004066,Raastrasse,4,8225 Siblingen,2953,SH,real,True,15.11.2024,2681121,1285270
101210081,10179744,9004068,Hofackerstrasse,10,8225 Siblingen,2953,SH,real,True,15.11.2024,2681271,1285516
101210082,10031569,9004069,Am Stei,13,8225 Siblingen,2953,SH,real,True,15.11.2024,2680973,1285283
101210083,10179743,9004078,Zunderst Wyler,403.1,8226 Schleitheim,2952,SH,real,True,23.07.2024,2677942,1288657
101210084,10113210,9004081,Lindenstrasse,14,8226 Schleitheim,2952,SH,real,True,15.11.2024,2678094,1289240
101210085,10113210,9004082,Lindenstrasse,14a,8226 Schleitheim,2952,SH,real,True,15.11.2024,2678089,1289240
101210086,10186575,9004087,Obere Hofwiesen,16,8226 Schleitheim,2952,SH,real,True,15.11.2024,2678736,1289556
101210087,10031564,9004088,Uezestaaweg,5,8226 Schleitheim,2952,SH,real,True,15.11.2024,2678009,1289282
101210088,10032571,9004089,Lendenbergstrasse,3,8226 Schleitheim,2952,SH,real,True,15.11.2024,2678208,1289318
101210089,10032565,9004090,Hallauerstrasse,4a,8226 Schleitheim,2952,SH,real,True,15.11.2024,2678053,1288980
101210090,10085767,9004104,Flüelistrasse,5,8226 Schleitheim,2952,SH,real,True,15.11.2024,2676505,1289209
101210094,10018470,9004120,Sonnenblickweg,3,8222 Beringen,2932,SH,real,True,15.11.2024,2687128,1283396
101210096,10087070,9004127,Hülsteweg,9,8222 Beringen,2932,SH,real,True,15.11.2024,2686844,1283618
101210097,10087070,9004128,Hülsteweg,11,8222 Beringen,2932,SH,real,True,15.11.2024,2686837,1283613
101210098,10087070,9004129,Hülsteweg,13,8222 Beringen,2932,SH,real,True,15.11.2024,2686829,1283611
101210099,10087070,9004132,Hülsteweg,19,8222 Beringen,2932,SH,real,True,15.11.2024,2686795,1283610
101210100,10018447,9004134,Benzeweg,75,8222 Beringen,2932,SH,real,True,15.11.2024,2686778,1283550
101210101,10087072,9004135,Neugrüthalde,5,8222 Beringen,2932,SH,real,True,15.11.2024,2686197,1283693
101210102,10087072,9004136,Neugrüthalde,3,8222 Beringen,2932,SH,real,True,15.11.2024,2686194,1283712
101210103,10110810,9004137,Neuweg,67,8222 Beringen,2932,SH,real,True,15.11.2024,2685974,1283737
101210104,10110810,9004138,Neuweg,69,8222 Beringen,2932,SH,real,True,15.11.2024,2685980,1283736
101210105,10018459,9004141,Höhenackerweg,15,8222 Beringen,2932,SH,real,True,15.11.2024,2685015,1284046
101211579,10106947,3181654,Dachsenbüelstrasse,16,8200 Schaffhausen,2939,SH,real,True,15.11.2024,2690369,1286512
101211580,10085757,3181655,Wiesenweg,17,8200 Schaffhausen,2939,SH,real,True,15.11.2024,2689697,1284628
101211581,10073057,3181656,Oberstadt,20,8200 Schaffhausen,2939,SH,real,True,15.11.2024,2689599,1283576
101212172,10024945,9007003,Hinterdorf,28,8239 Dörflingen,2915,SH,real,True,15.11.2024,2696552,1284440
101212173,10123288,9007004,Büsingerstrasse,23,8239 Dörflingen,2915,SH,real,True,15.11.2024,2695883,1284751
101213507,10128947,9001002,Hinder Nüchilch,14,8213 Neunkirch,2904,SH,real,True,15.11.2024,2679584,1282080
101213508,10120398,9001004,Gigering,51,8213 Neunkirch,2904,SH,real,True,15.11.2024,2679159,1282377
101213509,10027501,9001005,Chennerenweg,7,8213 Neunkirch,2904,SH,real,True,15.11.2024,2679861,1282947
101213510,10091177,9001006,Haslacherweg,12,8213 Neunkirch,2904,SH,real,True,15.11.2024,2679296,1282168
101213511,10091177,9001007,Haslacherweg,10,8213 Neunkirch,2904,SH,real,True,15.11.2024,2679301,1282166
101213512,10027515,9001009,Stiegweg,17,8213 Neunkirch,2904,SH,real,True,15.11.2024,2679320,1282188
101213513,10027515,9001011,Stiegweg,21,8213 Neunkirch,2904,SH,real,True,15.11.2024,2679309,1282193
101213637,10123288,9007005,Büsingerstrasse,21,8239 Dörflingen,2915,SH,real,True,15.11.2024,2695904,1284760
101213638,10123288,9007006,Büsingerstrasse,19,8239 Dörflingen,2915,SH,real,True,15.11.2024,2695925,1284768
101213639,10086750,9007007,Im Unterberg,18,8239 Dörflingen,2915,SH,real,True,15.11.2024,2695876,1284721
101213640,10086750,9007008,Im Unterberg,16,8239 Dörflingen,2915,SH,real,True,15.11.2024,2695890,1284722
101221840,10019581,190002222,Durachstrasse,18,8232 Merishausen,2936,SH,real,True,15.11.2024,2687991,1290498
101221856,10026385,190002280,Bohlstrasse,14,8240 Thayngen,2920,SH,real,True,15.11.2024,2694842,1288950
101221859,10018447,190002265,Benzeweg,67,8222 Beringen,2932,SH,real,True,15.11.2024,2686746,1283556
101221860,10018447,190002266,Benzeweg,71,8222 Beringen,2932,SH,real,True,15.11.2024,2686754,1283556
101221861,10018447,190002267,Benzeweg,73,8222 Beringen,2932,SH,real,True,15.11.2024,2686758,1283577
101222010,10131683,190004175,Im Höfli,2,8234 Stetten SH,2919,SH,real,True,15.11.2024,2691677,1288458
101222998,10074396,190137309,Brunnenwiesenstrasse,14,8212 Neuhausen am Rheinfall,2937,SH,real,True,15.11.2024,2687906,1281824
101223738,10019783,9018049,Nordstrasse,59,8200 Schaffhausen,2939,SH,real,True,15.11.2024,2689208,1284420
101223739,10106951,9018050,Rheinhaldenstrasse,17,8200 Schaffhausen,2939,SH,real,True,15.11.2024,2690875,1283291
101223933,10110810,190011816,Neuweg,32b,8222 Beringen,2932,SH,real,True,15.11.2024,2685604,1283702
101224113,10017877,190011945,Rheinstrasse,36,8212 Neuhausen am Rheinfall,2937,SH,real,True,15.11.2024,2688863,1281611
101225740,10031525,2033532,Bettenstrasse,5,8217 Wilchingen,2974,SH,real,True,15.11.2024,2677456,1279983
101225741,10146649,2716775,Bömmliacker,12,8222 Beringen,2932,SH,real,True,15.11.2024,2686629,1283223
101226835,10026336,3122022,Bachtelstrasse,19,8224 Löhningen,2903,SH,real,True,28.11.2024,2683302,1284257
101226836,10026336,3122024,Bachtelstrasse,21b,8224 Löhningen,2903,SH,real,True,15.11.2024,2683303,1284284
101226837,10120397,3122025,Haldenweg,13,8224 Löhningen,2903,SH,real,True,15.11.2024,2683807,1284309
101226838,10103869,3122026,Rütistrasse,16,8224 Löhningen,2903,SH,real,True,15.11.2024,2683203,1284294
101226839,10091165,3122028,Biberichweg,8a,8224 Löhningen,2903,SH,real,True,15.11.2024,2683749,1284404
101226840,10103869,3122029,Rütistrasse,20,8224 Löhningen,2903,SH,real,True,15.11.2024,2683239,1284310
101226841,10026342,3122030,Hauptstrasse,45,8224 Löhningen,2903,SH,real,True,15.11.2024,2683577,1283978
101226842,10054967,3122032,Bärenmatt,244,8224 Löhningen,2903,SH,real,True,15.11.2024,2682633,1283884
101226843,10026342,3122033,Hauptstrasse,17,8224 Löhningen,2903,SH,real,True,15.11.2024,2683766,1284007
101226845,10026342,3122036,Hauptstrasse,55,8224 Löhningen,2903,SH,real,True,15.11.2024,2683527,1283968
101226846,10091171,3122039,Rössligasse,31a,8224 Löhningen,2903,SH,real,True,15.11.2024,2683627,1284155
101226847,10058716,3122040,Winkel,14,8224 Löhningen,2903,SH,real,True,15.11.2024,2683524,1283945
101226848,10026340,3122041,Chriesiweg,1,8224 Löhningen,2903,SH,real,True,15.11.2024,2683780,1284168
101226849,10068434,3122042,Schützengasse,33,8224 Löhningen,2903,SH,real,True,15.11.2024,2683506,1284231
101226850,10091173,3122044,Strasshalden,11,8224 Löhningen,2903,SH,real,True,15.11.2024,2683961,1284053
101226851,10024968,3122045,Hundackerstrasse,9,8236 Opfertshofen SH,2920,SH,real,True,15.11.2024,2691435,1292336
101226852,10017871,3122049,Löwensteinstrasse,21,8212 Neuhausen am Rheinfall,2937,SH,real,True,15.11.2024,2688739,1283198
101226853,10017871,3122051,Löwensteinstrasse,25,8212 Neuhausen am Rheinfall,2937,SH,real,True,15.11.2024,2688771,1283191
101226854,10017871,3122053,Löwensteinstrasse,13,8212 Neuhausen am Rheinfall,2937,SH,real,True,15.11.2024,2688776,1283247
101226855,10017871,3122055,Löwensteinstrasse,17,8212 Neuhausen am Rheinfall,2937,SH,real,True,15.11.2024,2688804,1283231
101226856,10106946,3122056,Trubegüetlistrasse,8,8212 Neuhausen am Rheinfall,2937,SH,real,True,15.11.2024,2688675,1283198
101226860,10017871,3122063,Löwensteinstrasse,1,8212 Neuhausen am Rheinfall,2937,SH,real,True,15.11.2024,2688789,1283309
101226861,10017871,3122065,Löwensteinstrasse,5,8212 Neuhausen am Rheinfall,2937,SH,real,True,15.11.2024,2688816,1283289
101226862,10017871,3122066,Löwensteinstrasse,7,8212 Neuhausen am Rheinfall,2937,SH,real,True,15.11.2024,2688830,1283279
101226863,10017871,3122067,Löwensteinstrasse,9,8212 Neuhausen am Rheinfall,2937,SH,real,True,15.11.2024,2688843,1283269
101226864,10017871,3122071,Löwensteinstrasse,16,8212 Neuhausen am Rheinfall,2937,SH,real,True,15.11.2024,2688721,1283218
101226866,10017871,3122073,Löwensteinstrasse,2,8212 Neuhausen am Rheinfall,2937,SH,real,True,15.11.2024,2688767,1283330
101226867,10017871,3122074,Löwensteinstrasse,4,8212 Neuhausen am Rheinfall,2937,SH,real,True,15.11.2024,2688762,1283324
101226868,10017871,3122075,Löwensteinstrasse,14,8212 Neuhausen am Rheinfall,2937,SH,real,True,15.11.2024,2688725,1283238
101226869,10074405,3122076,Sägereistrasse,8a,8212 Neuhausen am Rheinfall,2937,SH,real,True,15.11.2024,2688344,1282121
101226870,10106947,3122077,Dachsenbüelstrasse,28,8200 Schaffhausen,2939,SH,real,True,15.11.2024,2690397,1286490
101226871,10018637,3122080,Gartenstrasse,9,8200 Schaffhausen,2939,SH,real,True,15.11.2024,2689284,1284521
101226872,10018637,3122081,Gartenstrasse,7,8200 Schaffhausen,2939,SH,real,True,15.11.2024,2689290,1284520
101226895,10086488,9018059,Gennersbrunnerstrasse,83,8207 Schaffhausen,2939,SH,real,True,15.11.2024,2692100,1285468
101226918,10026343,9018094,Herrengasse,23,8224 Löhningen,2903,SH,real,True,15.11.2024,2683625,1283887
101226921,10111807,9018097,Braatistrasse,6,8236 Büttenhardt,2914,SH,real,True,15.11.2024,2691009,1290213
101226922,10120403,9018098,Hauptstrasse,32,8242 Hofen SH,2920,SH,real,True,15.11.2024,2692929,1293321
101226926,10087045,9018103,Barzheimerstrasse,3,8240 Thayngen,2920,SH,real,True,15.11.2024,2695010,1289729
101226927,10073628,9018104,Liblosenweg,g1236,8240 Thayngen,2920,SH,real,True,23.07.2024,2695078,1289356
101226928,10120410,9018105,Hoftalstrasse,23,8233 Bargen SH,2931,SH,real,True,15.11.2024,2686117,1294365
101226929,10120410,9018106,Hoftalstrasse,23.1,8233 Bargen SH,2931,SH,real,True,23.07.2024,2686151,1294375
101226930,10120419,9018110,Töbeliweg,9,8212 Neuhausen am Rheinfall,2937,SH,real,True,15.11.2024,2687387,1281518
101226931,10017875,9018111,Poststrasse,18,8212 Neuhausen am Rheinfall,2937,SH,real,True,15.11.2024,2688644,1282030
101226932,10186343,9018112,Rheingoldstrasse,50,8212 Neuhausen am Rheinfall,2937,SH,real,True,15.11.2024,2688937,1281964
101226933,10017867,9018114,Hofstettenstrasse,34,8212 Neuhausen am Rheinfall,2937,SH,real,True,15.11.2024,2687294,1281722
101226934,10018165,9018116,Wildenstrasse,12,8212 Neuhausen am Rheinfall,2937,SH,real,True,15.11.2024,2688523,1281804
101226935,10018166,9018118,Zentralstrasse,43,8212 Neuhausen am Rheinfall,2937,SH,real,True,15.11.2024,2688688,1281907
101226936,10046612,9018120,Zollstrasse,54,8212 Neuhausen am Rheinfall,2937,SH,real,True,15.11.2024,2687695,1281699
101226937,10046612,9018121,Zollstrasse,198,8212 Neuhausen am Rheinfall,2937,SH,real,True,15.11.2024,2686900,1280520
101226938,10018160,9018122,Schützenstrasse,7,8212 Neuhausen am Rheinfall,2937,SH,real,True,15.11.2024,2687730,1281741
101226939,10085777,9018123,Auf der Breite,1,8225 Siblingen,2953,SH,real,True,15.11.2024,2681254,1285458
101226940,10031523,9018126,Zollstrasse,25,8219 Trasadingen,2973,SH,real,True,15.11.2024,2674645,1279539
101226941,10117741,9018128,Oehningerstrasse,77,8260 Stein am Rhein,2964,SH,real,True,15.11.2024,2707948,1279861
101226942,10031921,9018129,Fronhof,25,8260 Stein am Rhein,2964,SH,real,True,15.11.2024,2706652,1279873
101229770,10237825,190012263,Randenstrasse,56,8231 Hemmental,2939,SH,real,True,15.11.2024,2685324,1287692
101231012,10027513,190003399,Schützenmauer,1,8213 Neunkirch,2904,SH,real,True,15.11.2024,2679770,1282501
101231014,10137899,190003401,Glaserweg,1,8213 Neunkirch,2904,SH,real,True,15.11.2024,2680251,1282634
101231372,10024935,9024431,Braatihof,119,8236 Büttenhardt,2914,SH,real,True,15.11.2024,2690675,1290123
101233503,10026339,9045003,Bühlweg,4,8224 Löhningen,2903,SH,real,True,15.11.2024,2683398,1283753
101233504,10018632,9045005,Freier Platz,4,8200 Schaffhausen,2939,SH,real,True,15.11.2024,2690207,1283475
101233506,10073055,9045007,Mühlentalstrasse,74,8200 Schaffhausen,2939,SH,real,True,19.11.2024,2689401,1284321
101233507,10073055,9045008,Mühlentalstrasse,,8200 Schaffhausen,2939,SH,real,True,19.11.2024,2689399,1284377
101234042,10120400,101413252,Trottenweg,17,8218 Osterfingen,2974,SH,real,True,15.11.2024,2678857,1279754
101234043,10178317,101206354,Püntstrasse,14,8454 Buchberg,2933,SH,real,True,15.11.2024,2684753,1269882
101234044,10179734,101206884,Weinsteig,176,8200 Schaffhausen,2939,SH,real,True,15.11.2024,2689604,1284905
101234045,10025692,101206896,Stettemerstrasse,40,8207 Schaffhausen,2939,SH,real,True,15.11.2024,2691284,1286465
101234046,10086764,101206934,Im Storchen,7,8212 Neuhausen am Rheinfall,2939,SH,real,True,15.11.2024,2688692,1283466
101234047,10086764,101206881,Im Storchen,11,8212 Neuhausen am Rheinfall,2939,SH,real,True,15.11.2024,2688683,1283487
101234048,10086764,101206880,Im Storchen,9,8212 Neuhausen am Rheinfall,2939,SH,real,True,15.11.2024,2688700,1283485
101234049,10086764,101206878,Im Storchen,5,8212 Neuhausen am Rheinfall,2939,SH,real,True,15.11.2024,2688699,1283469
101234050,10046627,101206870,Rietmattstrasse,26,8200 Schaffhausen,2939,SH,real,True,15.11.2024,2688263,1284091
101234051,10046627,101206872,Rietmattstrasse,30,8200 Schaffhausen,2939,SH,real,True,15.11.2024,2688264,1284067
101234052,10046627,101206873,Rietmattstrasse,32,8200 Schaffhausen,2939,SH,real,True,15.11.2024,2688273,1284045
101234053,10046627,101206874,Rietmattstrasse,34,8200 Schaffhausen,2939,SH,real,True,15.11.2024,2688265,1284043
101234054,10086485,101206882,Fäsenstaubstrasse,39,8200 Schaffhausen,2939,SH,real,True,15.11.2024,2689262,1283498
101234055,10108024,101206857,Kirchbergstrasse,15,8207 Schaffhausen,2939,SH,real,True,15.11.2024,2691389,1286336
101234056,10019794,101206875,Rehgütlistieg,1,8200 Schaffhausen,2939,SH,real,True,15.11.2024,2688857,1283539
101234057,10018657,101206885,Hohlenbaumstrasse,58,8200 Schaffhausen,2939,SH,real,True,15.11.2024,2688516,1284524
101234058,10018657,101206887,Hohlenbaumstrasse,54,8200 Schaffhausen,2939,SH,real,True,15.11.2024,2688503,1284539
101234059,10018657,101206889,Hohlenbaumstrasse,66,8200 Schaffhausen,2939,SH,real,True,15.11.2024,2688538,1284542
101234060,10179718,101206898,Im Riet,7,8200 Schaffhausen,2939,SH,real,True,15.11.2024,2688320,1284242
101234061,10179718,101206897,Im Riet,5,8200 Schaffhausen,2939,SH,real,True,15.11.2024,2688365,1284244
101234062,10019785,101206893,Oerlifallstieg,2,8200 Schaffhausen,2939,SH,real,True,15.11.2024,2688370,1284027
101234063,10106947,101206865,Dachsenbüelstrasse,10,8200 Schaffhausen,2939,SH,real,True,15.11.2024,2690346,1286503
101234064,10106947,101206862,Dachsenbüelstrasse,20,8200 Schaffhausen,2939,SH,real,True,15.11.2024,2690373,1286489
101234065,10031500,101207754,Höhenweg,16,8215 Hallau,2971,SH,real,True,15.11.2024,2676710,1283763
101234066,10133015,101207753,Dickistrasse,1,8215 Hallau,2971,SH,real,True,15.11.2024,2677339,1283009
101236557,10185479,9042025,Stettemerstrasse,7,8235 Lohn SH,2917,SH,real,True,15.11.2024,2692223,1289990
101237301,10131683,190004178,Im Höfli,3,8234 Stetten SH,2919,SH,real,True,15.11.2024,2691686,1288442
101237445,10128137,190001840,Kapellenstrasse,12,8215 Hallau,2971,SH,real,True,15.11.2024,2677138,1283585
101237446,10128138,190001841,Römerstrasse,27,8215 Hallau,2971,SH,real,True,15.11.2024,2677230,1282738
101238883,10193646,190136928,Am Gässli,3,8219 Trasadingen,2973,SH,real,True,15.11.2024,2674278,1280295
101239938,10031603,9052048,Moskau,60a,8262 Ramsen,2963,SH,real,True,15.11.2024,2703829,1285417
101239939,10031618,9052049,Bärengass,2,8260 Stein am Rhein,2964,SH,real,True,15.11.2024,2706713,1279665
101239940,10071982,9052050,Brodlaubegass,14,8260 Stein am Rhein,2964,SH,real,True,15.11.2024,2706751,1279855
101242201,10087039,101206003,Erlenwisenstrasse,1,8234 Stetten SH,2919,SH,real,True,15.11.2024,2691397,1287964
101242202,10087039,101206005,Erlenwisenstrasse,3,8234 Stetten SH,2919,SH,real,True,15.11.2024,2691387,1287943
101242203,10104920,101206011,Im Landguet,3,8234 Stetten SH,2919,SH,real,True,15.11.2024,2691470,1288072
101242204,10024976,101206010,Rotackerstrasse,3,8234 Stetten SH,2919,SH,real,True,15.11.2024,2691866,1288542
101242205,10185481,101206009,Schofbuckstrasse,1,8234 Stetten SH,2919,SH,real,True,15.11.2024,2691488,1287882
101242355,10071693,190003509,Judebömmlistrasse,538,8262 Ramsen,2963,SH,real,True,15.11.2024,2703391,1285028
101242357,10167348,190003512,Bergwiesenstrasse,6,8263 Buch SH,2961,SH,real,True,15.11.2024,2701041,1285890
101242358,10128229,190003513,Rauhenbergstrasse,12,8263 Buch SH,2961,SH,real,True,15.11.2024,2700947,1286979
101242360,10167348,190003515,Bergwiesenstrasse,5,8263 Buch SH,2961,SH,real,True,15.11.2024,2701032,1285911
101243822,10087217,190003500,Ankerstrasse,541,8262 Ramsen,2963,SH,real,True,15.11.2024,2703078,1285157
101243825,10187864,190003508,Hanfgartenstrasse,528,8262 Ramsen,2963,SH,real,True,15.11.2024,2703049,1284749
101249323,10046607,190137430,Rheinweg,50,8200 Schaffhausen,2937,SH,real,True,15.11.2024,2688986,1282505
101252758,10132131,190137373,Buchenstrasse,62,8212 Neuhausen am Rheinfall,2937,SH,real,True,15.11.2024,2688537,1283214
101258173,10027503,190140274,Gigebuck,10,8213 Neunkirch,2904,SH,real,True,15.11.2024,2679005,1282284
101263260,10179763,11526755,Tacherstrasse,9,8215 Hallau,2971,SH,real,True,15.11.2024,2676218,1283638
101263261,10073360,11526758,Hebsackweg,10,8226 Schleitheim,2952,SH,real,True,15.11.2024,2678499,1288993
101269264,10111812,9003490,Ebringerstrasse,103,8240 Thayngen,2920,SH,real,True,15.11.2024,2696398,1289286
101277193,10018635,9012790,Furkastrasse,88,8203 Schaffhausen,2939,SH,real,True,15.11.2024,2690772,1283497
101277194,10073022,9012791,Alpenstrasse,93,8200 Schaffhausen,2939,SH,real,True,15.11.2024,2690994,1283870
101277195,10086475,9012792,Buchthalerstrasse,135,8203 Schaffhausen,2939,SH,real,True,15.11.2024,2691215,1283588
101277196,10025686,9012793,Spendtrottengut,16,8203 Schaffhausen,2939,SH,real,True,15.11.2024,2691079,1283582
101277197,10018654,9012800,Hochstrasse,355,8200 Schaffhausen,2939,SH,real,True,15.11.2024,2690916,1285906
101277198,10073073,9012801,Trenschenstieg,2,8207 Schaffhausen,2939,SH,real,True,15.11.2024,2692014,1286960
101277199,10086763,9012805,Im Majorenacker,4,8207 Schaffhausen,2939,SH,real,True,15.11.2024,2691525,1285836
101277200,10025695,9012806,Stüdliackerstrasse,10,8207 Schaffhausen,2939,SH,real,False,15.11.2024,2692031,1286331
101277201,10019294,9012807,Ernst Müller-Strasse,8,8207 Schaffhausen,2939,SH,real,True,15.11.2024,2692293,1286121
101277202,10106948,9012810,Ernst Homberger-Strasse,5,8207 Schaffhausen,2939,SH,real,True,15.11.2024,2691621,1285764
101277203,10073058,9012811,Otteregass,1,8207 Schaffhausen,2939,SH,real,True,15.11.2024,2691720,1286939
101277204,10025692,9012812,Stettemerstrasse,66,8207 Schaffhausen,2939,SH,real,True,15.11.2024,2691563,1286832
101277205,10025692,9012813,Stettemerstrasse,163,8207 Schaffhausen,2939,SH,real,True,15.11.2024,2691623,1287044
101277206,10025692,9012814,Stettemerstrasse,161,8207 Schaffhausen,2939,SH,real,True,15.11.2024,2691652,1287090
101277207,10085737,9012815,Schlossstrasse,79,8207 Schaffhausen,2939,SH,real,True,15.11.2024,2691684,1287109
101277208,10085737,9012816,Schlossstrasse,83,8207 Schaffhausen,2939,SH,real,True,15.11.2024,2691649,1287118
101277209,10085737,9012817,Schlossstrasse,87,8207 Schaffhausen,2939,SH,real,True,15.11.2024,2691681,1287183
101277210,10085737,9012818,Schlossstrasse,89,8207 Schaffhausen,2939,SH,real,True,15.11.2024,2691699,1287208
101277211,10073043,9012819,Hohberg,38,8207 Schaffhausen,2939,SH,real,True,15.11.2024,2691059,1286323
101277212,10073043,9012820,Hohberg,45,8207 Schaffhausen,2939,SH,real,True,15.11.2024,2691077,1286349
101278424,10019570,190010680,Hofwiesenstrasse,12,8231 Hemmental,2939,SH,real,True,15.11.2024,2685727,1287631
101278550,10025705,9012691,Unterstadt,17,8200 Schaffhausen,2939,SH,real,True,15.11.2024,2690142,1283484
101278551,10086470,9012692,Bachstrasse,2,8200 Schaffhausen,2939,SH,real,True,15.11.2024,2690056,1283467
101278552,10019777,9012692,Moserstrasse,40,8200 Schaffhausen,2939,SH,real,True,15.11.2024,2690060,1283460
101278553,10179733,9012692,Untergries,1,8200 Schaffhausen,2939,SH,real,True,15.11.2024,2690063,1283473
101278554,10086470,9012694,Bachstrasse,27,8200 Schaffhausen,2939,SH,real,True,15.11.2024,2690009,1283592
101278556,10019274,9012696,Bahnhofstrasse,8,8200 Schaffhausen,2939,SH,real,True,15.11.2024,2689588,1283628
101278557,10113206,9012697,Vorstadt,53,8200 Schaffhausen,2939,SH,real,True,15.11.2024,2689787,1283847
101278558,10073061,9012699,Ringkengässchen,11,8200 Schaffhausen,2939,SH,real,True,15.11.2024,2689666,1283334
101278559,10073033,9012700,Frauengasse,24,8200 Schaffhausen,2939,SH,real,True,15.11.2024,2689700,1283413
101278560,10018671,9012705,Klosterstrasse,19,8200 Schaffhausen,2939,SH,real,True,15.11.2024,2689822,1283363
101278561,10019779,9012714,Mühlentalsträsschen,9,8200 Schaffhausen,2939,SH,real,True,15.11.2024,2689373,1283980
101278562,10073022,9012719,Alpenstrasse,,8200 Schaffhausen,2939,SH,real,True,23.07.2024,2690444,1283890
101278563,10018656,9012721,Hohlenbaumstieg,6,8200 Schaffhausen,2939,SH,real,True,15.11.2024,2688747,1284676
101278564,10019274,9012725,Bahnhofstrasse,34,8200 Schaffhausen,2939,SH,real,True,15.11.2024,2689654,1283709
101278565,10019274,9012725,Bahnhofstrasse,40,8200 Schaffhausen,2939,SH,real,True,15.11.2024,2689680,1283744
101278566,10073035,9012730,Fulachstrasse,76,8200 Schaffhausen,2939,SH,real,True,15.11.2024,2690105,1284563
101278567,10018654,9012731,Hochstrasse,125,8200 Schaffhausen,2939,SH,real,True,15.11.2024,2689960,1284812
101278569,10086471,9012733,Belairstrasse,10,8200 Schaffhausen,2939,SH,real,True,15.11.2024,2688672,1284172
101278571,10073075,9012735,Ungarbühlstrasse,20,8200 Schaffhausen,2939,SH,real,True,15.11.2024,2690111,1284260
101278572,10178604,9012736,Breitenaustrasse,158b,8200 Schaffhausen,2939,SH,real,True,15.11.2024,2688914,1284881
101278573,10018645,9012739,Grünaustieg,31,8200 Schaffhausen,2939,SH,real,True,15.11.2024,2690515,1285493
101278574,10018657,9012740,Hohlenbaumstrasse,201,8200 Schaffhausen,2939,SH,real,True,15.11.2024,2689046,1284958
101278575,10179720,9012745,Lahnhalde,27,8200 Schaffhausen,2939,SH,real,True,15.11.2024,2688343,1284661
101278576,10073055,9012755,Mühlentalstrasse,256,8200 Schaffhausen,2939,SH,real,True,15.11.2024,2689558,1285704
101278577,10179729,9012758,Sommerhalde,28,8200 Schaffhausen,2939,SH,real,True,15.11.2024,2688334,1286299
101278578,10179729,9012759,Sommerhalde,30,8200 Schaffhausen,2939,SH,real,True,15.11.2024,2688330,1286298
101278579,10085721,9012761,Lochstrasse,56,8200 Schaffhausen,2939,SH,real,True,15.11.2024,2689383,1285159
101278580,10019295,9012762,Felsenaustrasse,29,8200 Schaffhausen,2939,SH,real,True,15.11.2024,2689508,1285266
101278581,10086494,9012764,Hohenstoffelstrasse,46,8200 Schaffhausen,2939,SH,real,True,15.11.2024,2690528,1284475
101278582,10018346,9012765,Fichtenstrasse,10,8200 Schaffhausen,2939,SH,real,True,15.11.2024,2690589,1284461
101278584,10019295,9012767,Felsenaustrasse,4,8200 Schaffhausen,2939,SH,real,True,15.11.2024,2689473,1285325
101278585,10019295,9012768,Felsenaustrasse,8,8200 Schaffhausen,2939,SH,real,True,15.11.2024,2689472,1285297
101278586,10086765,9012769,Kegelgässchen,11,8200 Schaffhausen,2939,SH,real,True,15.11.2024,2690615,1283522
101278587,10187856,9012770,Spiegelgutstrasse,43,8200 Schaffhausen,2939,SH,real,True,15.11.2024,2690447,1285958
101278588,10118360,9012771,Jägerstrasse,21,8200 Schaffhausen,2939,SH,real,True,15.11.2024,2690492,1285902
101278589,10085722,9012773,Meisenweg,14,8200 Schaffhausen,2939,SH,real,True,15.11.2024,2689568,1284019
101278590,10179729,9012774,Sommerhalde,4,8200 Schaffhausen,2939,SH,real,True,15.11.2024,2688526,1286185
101278591,10179729,9012775,Sommerhalde,3,8200 Schaffhausen,2939,SH,real,True,15.11.2024,2688533,1286162
101278592,10085736,9012776,Schildgutstrasse,18,8200 Schaffhausen,2939,SH,real,True,15.11.2024,2688854,1283807
101278594,10103225,9012781,Plattenhalde,17a,8200 Schaffhausen,2939,SH,real,True,15.11.2024,2689090,1285164
101278595,10086489,9012784,Grafenbuckstrasse,2,8200 Schaffhausen,2939,SH,real,True,15.11.2024,2690252,1285536
101278596,10086489,9012785,Grafenbuckstrasse,4,8200 Schaffhausen,2939,SH,real,True,15.11.2024,2690229,1285521
101278597,10018652,9012788,Hintergasse,5a,8203 Schaffhausen,2939,SH,real,True,15.11.2024,2691381,1283670
101278598,10018635,9012790,Furkastrasse,84,8203 Schaffhausen,2939,SH,real,True,15.11.2024,2690763,1283484
101278599,10018635,9012790,Furkastrasse,92,8203 Schaffhausen,2939,SH,real,True,15.11.2024,2690780,1283511
101278600,10018635,9012790,Furkastrasse,86,8203 Schaffhausen,2939,SH,real,True,15.11.2024,2690767,1283491
101278601,10018635,9012790,Furkastrasse,90,8203 Schaffhausen,2939,SH,real,True,15.11.2024,2690776,1283504
101278623,10073043,9012822,Hohberg,41,8207 Schaffhausen,2939,SH,real,True,15.11.2024,2691037,1286333
101278624,10025692,9012824,Stettemerstrasse,150,8207 Schaffhausen,2939,SH,real,True,15.11.2024,2691699,1287029
101278625,10073041,9012825,Haldenwiesli,19a,8207 Schaffhausen,2939,SH,real,True,15.11.2024,2692089,1286589
101278626,10073041,9012826,Haldenwiesli,19b,8207 Schaffhausen,2939,SH,real,True,15.11.2024,2692096,1286585
101278627,10073041,9012827,Haldenwiesli,19c,8207 Schaffhausen,2939,SH,real,True,15.11.2024,2692108,1286605
101278628,10073043,9012829,Hohberg,21,8207 Schaffhausen,2939,SH,real,True,15.11.2024,2691016,1286284
101278631,10019792,9012846,Rammersbühlstrasse,18,8200 Schaffhausen,2939,SH,real,True,15.11.2024,2688908,1283860
101278632,10019807,9012853,Schweizersbildstrasse,80,8200 Schaffhausen,2939,SH,real,True,15.11.2024,2689546,1286690
101278633,10085737,9012866,Schlossstrasse,52,8207 Schaffhausen,2939,SH,real,True,15.11.2024,2691841,1286868
101278634,10025700,9012867,Trüllenbuck,1,8207 Schaffhausen,2939,SH,real,True,15.11.2024,2691401,1286600
101278638,10103225,9012901,Plattenhalde,31,8200 Schaffhausen,2939,SH,real,True,15.11.2024,2689041,1285297
101278639,10073055,9012902,Mühlentalstrasse,186,8200 Schaffhausen,2939,SH,real,True,15.11.2024,2689461,1284866
101278640,10073055,9012903,Mühlentalstrasse,188,8200 Schaffhausen,2939,SH,real,True,15.11.2024,2689481,1284904
101280152,10085721,9012904,Lochstrasse,58,8200 Schaffhausen,2939,SH,real,True,15.11.2024,2689385,1285188
101280153,10085721,9012905,Lochstrasse,60,8200 Schaffhausen,2939,SH,real,True,15.11.2024,2689386,1285217
101280154,10019295,9012906,Felsenaustrasse,31,8200 Schaffhausen,2939,SH,real,True,15.11.2024,2689494,1285247
101280155,10019295,9012907,Felsenaustrasse,10,8200 Schaffhausen,2939,SH,real,True,15.11.2024,2689444,1285300
101280156,10019295,9012908,Felsenaustrasse,32,8200 Schaffhausen,2939,SH,real,True,15.11.2024,2689435,1285156
101280160,10118361,9012913,Längenbergstrasse,13,8200 Schaffhausen,2939,SH,real,True,15.11.2024,2689587,1286816
101280163,10073045,9012917,Im Chloster,15,8207 Schaffhausen,2939,SH,real,True,15.11.2024,2691920,1286759
101280164,10018654,9012918,Hochstrasse,357,8200 Schaffhausen,2939,SH,real,True,15.11.2024,2690964,1285892
101280165,10073073,9012919,Trenschenstieg,2a,8207 Schaffhausen,2939,SH,real,True,15.11.2024,2692020,1286963
101280179,10019806,9012934,Schlössliweg,33a,8200 Schaffhausen,2939,SH,real,True,15.11.2024,2690525,1284427
101280180,10019806,9012935,Schlössliweg,35,8200 Schaffhausen,2939,SH,real,True,15.11.2024,2690526,1284432
101280181,10019806,9012936,Schlössliweg,35a,8200 Schaffhausen,2939,SH,real,True,15.11.2024,2690528,1284438
101280182,10120420,9012937,Amsler-Laffon-Strasse,9,8200 Schaffhausen,2939,SH,real,True,15.11.2024,2690441,1284900
101285985,10179745,3185704,Wasenacker,3,8225 Siblingen,2953,SH,real,True,15.11.2024,2681169,1285779
101294589,10106947,3122170,Dachsenbüelstrasse,27,8200 Schaffhausen,2939,SH,real,True,15.11.2024,2690387,1286557
101294590,10106947,3122171,Dachsenbüelstrasse,29,8200 Schaffhausen,2939,SH,real,True,15.11.2024,2690387,1286570
101294591,10106947,3122172,Dachsenbüelstrasse,31,8200 Schaffhausen,2939,SH,real,True,15.11.2024,2690387,1286577
101294592,10018670,3122173,Kirschenweg,7,8200 Schaffhausen,2939,SH,real,True,15.11.2024,2691034,1284221
101294593,10108024,3122179,Kirchbergstrasse,13,8207 Schaffhausen,2939,SH,real,True,15.11.2024,2691399,1286321
101294594,10046624,3122180,Kleinbuchbergweg,6,8200 Schaffhausen,2939,SH,real,True,15.11.2024,2688767,1287287
101294595,10019783,3122190,Nordstrasse,4,8200 Schaffhausen,2939,SH,real,True,15.11.2024,2689305,1283839
101295892,10085736,3122093,Schildgutstrasse,8,8200 Schaffhausen,2939,SH,real,True,15.11.2024,2688730,1283708
101295893,10046620,3122094,Irchelstrasse,8,8200 Schaffhausen,2939,SH,real,True,15.11.2024,2688770,1284713
101295894,10046627,3122095,Rietmattstrasse,16,8200 Schaffhausen,2939,SH,real,True,15.11.2024,2688270,1284144
101295895,10086467,3122097,Albisstrasse,9,8200 Schaffhausen,2939,SH,real,True,15.11.2024,2688768,1284744
101295896,10106947,3122098,Dachsenbüelstrasse,22,8200 Schaffhausen,2939,SH,real,True,15.11.2024,2690391,1286523
101295897,10106947,3122099,Dachsenbüelstrasse,24,8200 Schaffhausen,2939,SH,real,True,15.11.2024,2690393,1286512
101295898,10019783,3122100,Nordstrasse,6,8200 Schaffhausen,2939,SH,real,True,15.11.2024,2689319,1283847
101295899,10118147,3122101,Windeggstrasse,3,8203 Schaffhausen,2939,SH,real,True,15.11.2024,2691513,1283555
101295902,10086477,3122113,Dorfstrasse,7,8203 Schaffhausen,2939,SH,real,True,15.11.2024,2691353,1283646
101295903,10187857,3122114,Tannerberg,1.1,8200 Schaffhausen,2939,SH,real,True,23.07.2024,2689701,1284017
101295904,10025692,3122115,Stettemerstrasse,157,8207 Schaffhausen,2939,SH,real,True,15.11.2024,2691654,1287014
101295906,10110815,3122117,Lägernstrasse,14,8200 Schaffhausen,2939,SH,real,True,15.11.2024,2688746,1284897
101295907,10110815,3122118,Lägernstrasse,16,8200 Schaffhausen,2939,SH,real,True,15.11.2024,2688736,1284897
101295908,10110815,3122119,Lägernstrasse,16a,8200 Schaffhausen,2939,SH,real,True,15.11.2024,2688731,1284896
101295909,10018657,3122120,Hohlenbaumstrasse,51,8200 Schaffhausen,2939,SH,real,True,15.11.2024,2688470,1284599
101295910,10018657,3122121,Hohlenbaumstrasse,51a,8200 Schaffhausen,2939,SH,real,True,15.11.2024,2688472,1284601
101295911,10018657,3122122,Hohlenbaumstrasse,51b,8200 Schaffhausen,2939,SH,real,True,15.11.2024,2688477,1284605
101295912,10106947,3122129,Dachsenbüelstrasse,26,8200 Schaffhausen,2939,SH,real,True,15.11.2024,2690395,1286501
101295913,10179714,3122130,Gemsgasse,64,8200 Schaffhausen,2939,SH,real,True,15.11.2024,2690359,1286075
101295916,10019295,3122137,Felsenaustrasse,41,8200 Schaffhausen,2939,SH,real,True,15.11.2024,2689467,1285165
101295917,10019295,3122138,Felsenaustrasse,57,8200 Schaffhausen,2939,SH,real,True,15.11.2024,2689488,1285143
101295918,10106953,3122141,Schneckenackerstrasse,21,8200 Schaffhausen,2939,SH,real,True,15.11.2024,2690401,1286110
101295919,10118147,3122144,Windeggstrasse,29,8203 Schaffhausen,2939,SH,real,True,15.11.2024,2691466,1283341
101295920,10046615,3122145,Dützebüelstrasse,11,8207 Schaffhausen,2939,SH,real,True,15.11.2024,2692043,1286840
101295921,10046615,3122146,Dützebüelstrasse,12a,8207 Schaffhausen,2939,SH,real,True,15.11.2024,2692016,1286816
101295922,10073043,3122148,Hohberg,23,8207 Schaffhausen,2939,SH,real,True,15.11.2024,2691024,1286285
101295923,10025707,3122149,Vorderenge,3,8200 Schaffhausen,2939,SH,real,True,15.11.2024,2688593,1283504
101295924,10179734,3122157,Weinsteig,119,8200 Schaffhausen,2939,SH,real,True,15.11.2024,2689592,1284574
101295925,10046627,3122158,Rietmattstrasse,20,8200 Schaffhausen,2939,SH,real,True,15.11.2024,2688270,1284117
101295926,10046627,3122159,Rietmattstrasse,22,8200 Schaffhausen,2939,SH,real,True,15.11.2024,2688262,1284115
101295927,10019295,3122168,Felsenaustrasse,37,8200 Schaffhausen,2939,SH,real,True,15.11.2024,2689455,1285165
101295928,10106947,3122169,Dachsenbüelstrasse,25,8200 Schaffhausen,2939,SH,real,True,15.11.2024,2690387,1286550
101296210,10085730,3122082,Pilatusstrasse,50,8203 Schaffhausen,2939,SH,real,True,15.11.2024,2691661,1283902
101296211,10046627,3122085,Rietmattstrasse,2,8200 Schaffhausen,2939,SH,real,True,15.11.2024,2688243,1284192
101296212,10046627,3122086,Rietmattstrasse,4,8200 Schaffhausen,2939,SH,real,True,15.11.2024,2688245,1284164
101296213,10046627,3122087,Rietmattstrasse,6,8200 Schaffhausen,2939,SH,real,True,15.11.2024,2688247,1284136
101296214,10046627,3122088,Rietmattstrasse,8,8200 Schaffhausen,2939,SH,real,True,15.11.2024,2688268,1284198
101296215,10046627,3122089,Rietmattstrasse,10,8200 Schaffhausen,2939,SH,real,True,15.11.2024,2688261,1284196
101296216,10046627,3122090,Rietmattstrasse,12,8200 Schaffhausen,2939,SH,real,True,15.11.2024,2688269,1284171
101296217,10046627,3122091,Rietmattstrasse,14,8200 Schaffhausen,2939,SH,real,True,15.11.2024,2688262,1284169
101296218,10179734,3122092,Weinsteig,121,8200 Schaffhausen,2939,SH,real,True,15.11.2024,2689584,1284612
101296505,10157530,190080875,Mülibuck,8,8218 Osterfingen,2974,SH,real,True,15.11.2024,2678662,1279544
101296514,10031525,190080897,Bettenstrasse,39,8217 Wilchingen,2974,SH,real,True,15.11.2024,2677823,1280006
101296516,10134235,190080908,Galgenbuckstrasse,5,8217 Wilchingen,2974,SH,real,True,15.11.2024,2676939,1281593
101296520,10031525,190080926,Bettenstrasse,37,8217 Wilchingen,2974,SH,real,True,15.11.2024,2677801,1280010
101296561,10103236,190082611,Mettlenstrasse,1,8217 Wilchingen,2974,SH,real,True,15.11.2024,2677312,1279985
101296846,10032571,190080341,Lendenbergstrasse,22,8226 Schleitheim,2952,SH,real,True,15.11.2024,2677916,1289256
101297144,10026342,190082352,Hauptstrasse,79,8224 Löhningen,2903,SH,real,True,15.11.2024,2683413,1283969
101297265,10091171,470482,Rössligasse,29,8224 Löhningen,2903,SH,real,True,15.11.2024,2683617,1284153
101297471,10046627,190095919,Rietmattstrasse,13,8200 Schaffhausen,2939,SH,real,True,15.11.2024,2688304,1284110
101297614,10073048,190098328,Kamorstrasse,7a,8200 Schaffhausen,2939,SH,real,True,15.11.2024,2690393,1283711
101297917,10027516,190079331,Taufgarten,4,8213 Neunkirch,2904,SH,real,True,15.11.2024,2679785,1282310
101297929,10091266,190079633,Nackerstrasse,3,8455 Rüdlingen,2938,SH,real,True,15.11.2024,2684980,1272000
101298013,10019271,190081327,Artilleriestrasse,18,8200 Schaffhausen,2939,SH,real,True,15.11.2024,2691263,1284394
101298158,10118351,190082022,Im Junkholz,13,8241 Barzheim,2920,SH,real,True,15.11.2024,2695971,1290348
101298206,10157530,190082988,Mülibuck,12,8218 Osterfingen,2974,SH,real,True,15.11.2024,2678701,1279563
101298231,10046609,190085576,Sonnenbergstrasse,27,8212 Neuhausen am Rheinfall,2937,SH,real,True,15.11.2024,2688144,1282576
101298481,10068428,470241,Neuengasse,8,8223 Guntmadingen,2932,SH,real,True,15.11.2024,2683927,1282236
101298496,10019569,190084818,Hochrahn,52,8231 Hemmental,2939,SH,real,True,15.11.2024,2686254,1287502
101298653,10024939,190086848,Oberdorf,3a,8236 Büttenhardt,2914,SH,real,True,15.11.2024,2690918,1290469
101298655,10024937,190086850,Dorfstrasse,42,8236 Büttenhardt,2914,SH,real,True,15.11.2024,2691174,1290439
101298656,10024937,190086851,Dorfstrasse,44,8236 Büttenhardt,2914,SH,real,True,15.11.2024,2691180,1290436
101298940,10071693,190085469,Judebömmlistrasse,549,8262 Ramsen,2963,SH,real,True,15.11.2024,2703377,1285081
101299667,10121172,190105201,Buchbergstrasse,12,8200 Schaffhausen,2939,SH,real,True,15.11.2024,2688889,1287471
101299709,10024937,190086847,Dorfstrasse,31,8236 Büttenhardt,2914,SH,real,True,15.11.2024,2691144,1290507
101300635,10106951,190076711,Rheinhaldenstrasse,101,8200 Schaffhausen,2939,SH,real,True,15.11.2024,2691774,1282576
101300759,10110816,190089522,Stahlwerkstrasse,22,8200 Schaffhausen,2939,SH,real,True,15.11.2024,2689216,1284953
101300781,10048893,470103,Schulstrasse,14,8214 Gächlingen,2901,SH,real,True,15.11.2024,2679473,1284143
101300782,10048893,470101,Schulstrasse,2,8214 Gächlingen,2901,SH,real,True,15.11.2024,2679513,1284127
101300804,10106947,190089523,Dachsenbüelstrasse,9,8200 Schaffhausen,2939,SH,real,True,15.11.2024,2690326,1286571
101300805,10106947,190089525,Dachsenbüelstrasse,7,8200 Schaffhausen,2939,SH,real,True,15.11.2024,2690331,1286562
101301076,10111812,9003483,Ebringerstrasse,85,8240 Thayngen,2920,SH,real,True,15.11.2024,2696344,1289291
101301141,10019291,190105208,Ebnatstrasse,35,8200 Schaffhausen,2939,SH,real,True,15.11.2024,2690262,1284606
101301142,10019291,190105209,Ebnatstrasse,101,8200 Schaffhausen,2939,SH,real,True,15.11.2024,2690782,1284967
101301145,10019291,190105212,Ebnatstrasse,125,8200 Schaffhausen,2939,SH,real,True,15.11.2024,2691001,1285145
101301146,10019291,190105212,Ebnatstrasse,127,8200 Schaffhausen,2939,SH,real,True,15.11.2024,2691033,1285173
101301155,10073035,190105229,Fulachstrasse,84,8200 Schaffhausen,2939,SH,real,True,15.11.2024,2690135,1284628
101301157,10073042,190105232,Herrenacker,15,8200 Schaffhausen,2939,SH,real,True,15.11.2024,2689631,1283449
101301159,10018657,1611436,Hohlenbaumstrasse,88,8200 Schaffhausen,2939,SH,real,True,15.11.2024,2688587,1284591
101301163,10055273,190105236,In Gruben,24,8200 Schaffhausen,2939,SH,real,True,15.11.2024,2690645,1284215
101301327,10046626,190105262,Repfergasse,25,8200 Schaffhausen,2939,SH,real,True,15.11.2024,2689835,1283695
101301329,10019797,190105264,Rheinquai,9,8200 Schaffhausen,2939,SH,real,True,15.11.2024,2690387,1283439
101301330,10019807,190105266,Schweizersbildstrasse,45,8200 Schaffhausen,2939,SH,real,True,15.11.2024,2690370,1286433
101301332,10025690,190105269,Stadthausgasse,5,8200 Schaffhausen,2939,SH,real,True,15.11.2024,2689845,1283608
101301917,10048892,190091366,Niederwiesenstrasse,8,8214 Gächlingen,2901,SH,real,True,15.11.2024,2679272,1284158
101302045,10046609,190085577,Sonnenbergstrasse,29,8212 Neuhausen am Rheinfall,2937,SH,real,True,15.11.2024,2688138,1282591
101302046,10073040,190085580,Gugerhalde,31,8207 Schaffhausen,2939,SH,real,True,15.11.2024,2692063,1286893
101302070,10146886,190086138,Brunnackerstrasse,8,8200 Schaffhausen,2939,SH,real,True,15.11.2024,2688339,1284143
101302466,10026328,101204852,Wiesenstrasse,4,8214 Gächlingen,2901,SH,real,True,15.11.2024,2679523,1284306
101302467,10072981,101205814,Kerzenstübliweg,8,8235 Lohn SH,2917,SH,real,True,15.11.2024,2692709,1290296
101302468,10135339,101207311,Untere Burghalde,10,8225 Siblingen,2953,SH,real,True,15.11.2024,2681539,1285566
101302469,10135339,101207312,Untere Burghalde,7,8225 Siblingen,2953,SH,real,True,15.11.2024,2681510,1285559
101302470,10031578,101207313,Schoopacker,26,8225 Siblingen,2953,SH,real,True,15.11.2024,2681324,1286137
101302471,10087215,101207454,Oberdorfstrasse,6,8261 Hemishofen,2962,SH,real,True,15.11.2024,2704715,1281622
101302804,10085748,190105276,Stokarbergstrasse,9,8200 Schaffhausen,2939,SH,real,True,15.11.2024,2689211,1283706
101302833,10073033,190105932,Frauengasse,12,8200 Schaffhausen,2939,SH,real,True,15.11.2024,2689719,1283338
101303071,10086488,190106540,Gennersbrunnerstrasse,63,8207 Schaffhausen,2939,SH,real,True,15.11.2024,2692007,1285792
101303075,10086488,190106544,Gennersbrunnerstrasse,65,8207 Schaffhausen,2939,SH,real,True,15.11.2024,2692029,1285817
101303178,10152436,190082634,Brüelstrasse,14,8217 Wilchingen,2974,SH,real,True,15.11.2024,2677072,1279990
101303744,10154375,190078167,Gemeindewiesenstrasse,10,8212 Neuhausen am Rheinfall,2937,SH,real,True,15.11.2024,2687466,1281655
101304662,10154375,190106645,Gemeindewiesenstrasse,33,8212 Neuhausen am Rheinfall,2937,SH,real,True,15.11.2024,2687498,1281741
101304672,10087068,190106688,Guntmadingerstrasse,,8223 Guntmadingen,2932,SH,real,True,19.11.2024,2684611,1282985
101304772,10091178,470628,Hintergasse,4,8213 Neunkirch,2904,SH,real,True,15.11.2024,2679713,1282703
101304812,10186930,190106805,Victor-von-Bruns-Strasse,19,8212 Neuhausen am Rheinfall,2937,SH,real,True,15.11.2024,2689132,1281588
101304813,10186930,190106806,Victor-von-Bruns-Strasse,17,8212 Neuhausen am Rheinfall,2937,SH,real,True,15.11.2024,2689141,1281627
101305573,10026328,101204851,Wiesenstrasse,6,8214 Gächlingen,2901,SH,real,True,15.11.2024,2679533,1284318
101305755,10026320,190091362,Dorfstrasse,32,8214 Gächlingen,2901,SH,real,True,15.11.2024,2679627,1284163
101306010,10190666,190095245,Konservenstrasse,46,8215 Hallau,2971,SH,real,True,15.11.2024,2676895,1283177
101306322,10085736,190106866,Schildgutstrasse,15,8200 Schaffhausen,2939,SH,real,True,15.11.2024,2688771,1283768
101306442,10031593,190085525,Alemannenweg,547,8262 Ramsen,2963,SH,real,True,15.11.2024,2703293,1284883
101306443,10071977,190085529,Schnydersäcker,554,8262 Ramsen,2963,SH,real,True,15.11.2024,2703884,1284930
101306686,10046609,190085567,Sonnenbergstrasse,25,8212 Neuhausen am Rheinfall,2937,SH,real,True,15.11.2024,2688150,1282562
101307667,10031525,190082631,Bettenstrasse,29,8217 Wilchingen,2974,SH,real,True,15.11.2024,2677704,1280026
101307986,10086475,190096359,Buchthalerstrasse,49,8200 Schaffhausen,2939,SH,real,True,15.11.2024,2690759,1283436
101307997,10031586,190103122,Hauptstrasse,39,8261 Hemishofen,2962,SH,real,True,15.11.2024,2704515,1281898
101308291,10169249,101206353,Oberbreitenstrasse,3,8454 Buchberg,2933,SH,real,True,15.11.2024,2684590,1269809
101309288,10146649,190096133,Bömmliacker,3a,8222 Beringen,2932,SH,real,True,15.11.2024,2686571,1283112
101309296,10018456,190096158,Hardmorgenweg,11,8222 Beringen,2932,SH,real,True,15.11.2024,2685643,1283180
101309298,10018456,190096161,Hardmorgenweg,27,8222 Beringen,2932,SH,real,True,15.11.2024,2685818,1283195
101309351,10154375,190137252,Gemeindewiesenstrasse,7,8212 Neuhausen am Rheinfall,2937,SH,real,True,15.11.2024,2687500,1281643
101309446,10155546,190085479,Winkelweg,555,8262 Ramsen,2963,SH,real,True,15.11.2024,2702623,1284703
101309489,10117741,190096609,Oehningerstrasse,69,8260 Stein am Rhein,2964,SH,real,True,15.11.2024,2707836,1279842
101309531,10090058,190096607,Mühlenstrasse,12,8260 Stein am Rhein,2964,SH,real,True,15.11.2024,2707007,1279875
101309862,10118359,190101025,Baumschulstrasse,9,8200 Schaffhausen,2939,SH,real,True,15.11.2024,2690613,1284657
101309863,10118359,190101026,Baumschulstrasse,11,8200 Schaffhausen,2939,SH,real,True,15.11.2024,2690615,1284659
101309864,10118359,190101027,Baumschulstrasse,13,8200 Schaffhausen,2939,SH,real,True,15.11.2024,2690631,1284678
101309865,10118359,190101028,Baumschulstrasse,15,8200 Schaffhausen,2939,SH,real,True,15.11.2024,2690633,1284681
101310516,10031930,190096608,Obergass,13,8260 Stein am Rhein,2964,SH,real,True,15.11.2024,2706796,1279762
101310517,10117741,190096610,Oehningerstrasse,74,8260 Stein am Rhein,2964,SH,real,True,15.11.2024,2707902,1279828
101310519,10190665,190096612,Stammerstrasse,10,8260 Stein am Rhein,2964,SH,real,True,15.11.2024,2705982,1280389
101310548,10091233,190063475,Langwiesen,21,8231 Hemmental,2939,SH,real,True,15.11.2024,2686298,1287337
101310915,10156881,190107382,Geisshofweg,14,8200 Schaffhausen,2939,SH,real,True,15.11.2024,2689740,1284789
101311140,10017855,190137313,Birchstrasse,20,8212 Neuhausen am Rheinfall,2937,SH,real,True,15.11.2024,2687078,1281506
101311143,10017855,190137315,Birchstrasse,18,8212 Neuhausen am Rheinfall,2937,SH,real,True,15.11.2024,2687088,1281495
101311431,10018679,190101160,Lebernstrasse,28,8207 Schaffhausen,2939,SH,real,True,15.11.2024,2691765,1286821
101311433,10018679,190101162,Lebernstrasse,26,8207 Schaffhausen,2939,SH,real,True,15.11.2024,2691765,1286819
101311451,10156881,190103589,Geisshofweg,11,8200 Schaffhausen,2939,SH,real,True,15.11.2024,2689706,1284775
101311487,10173738,190105046,Zentralschulhaus,1.2,8242 Hofen SH,2920,SH,real,True,20.11.2024,2692319,1292733
101312549,10186930,190105371,Victor-von-Bruns-Strasse,20,8212 Neuhausen am Rheinfall,2937,SH,real,True,15.11.2024,2689118,1281610
101312555,10110817,190105429,Geerenweg,1,8226 Schleitheim,2952,SH,real,True,15.11.2024,2677958,1288892
101312721,10071978,190097305,Sonnenstrasse,420,8262 Ramsen,2963,SH,real,True,15.11.2024,2703345,1285166
101313141,10026320,470087,Dorfstrasse,27,8214 Gächlingen,2901,SH,real,True,15.11.2024,2679621,1284217
101313367,10237814,190056430,Frohsinnweg,31,8240 Thayngen,2920,SH,real,True,15.11.2024,2694787,1289490
101313392,10103226,190056496,Rheinbühlstrasse,27,8200 Schaffhausen,2939,SH,real,True,15.11.2024,2691425,1282821
101313572,10106942,190056429,Schlatterweg,26,8240 Thayngen,2920,SH,real,True,15.11.2024,2695205,1289707
101313630,10031833,190059154,Weiherweg,14,8217 Wilchingen,2974,SH,real,True,15.11.2024,2677807,1280046
101314179,10139328,101205817,Rietstrasse,6,8235 Lohn SH,2917,SH,real,True,15.11.2024,2692231,1289870
101314181,10139328,101205818,Rietstrasse,10,8235 Lohn SH,2917,SH,real,True,15.11.2024,2692267,1289858
101314182,10139328,101205820,Rietstrasse,4,8235 Lohn SH,2917,SH,real,True,15.11.2024,2692212,1289876
101314183,10139328,101205821,Rietstrasse,2,8235 Lohn SH,2917,SH,real,True,15.11.2024,2692191,1289882
101314203,10018672,190074533,Krebsbachstrasse,135,8200 Schaffhausen,2939,SH,real,True,15.11.2024,2690165,1285077
101314256,10154819,190074691,Im Buechacker,2,8234 Stetten SH,2919,SH,real,True,15.11.2024,2691852,1288009
101314257,10085721,190067699,Lochstrasse,12,8200 Schaffhausen,2939,SH,real,True,15.11.2024,2689320,1284788
101314633,10018446,190075018,Auf der Höhe,17,8222 Beringen,2932,SH,real,True,15.11.2024,2684903,1283998
101314636,10018468,190075023,Schwärziweg,27b,8222 Beringen,2932,SH,real,True,15.11.2024,2686009,1283604
101314877,10087012,470043,Isengartenstrasse,12,8214 Gächlingen,2901,SH,real,True,15.11.2024,2680026,1284455
101314878,10055272,190090116,Grafenbuckhalde,6,8200 Schaffhausen,2939,SH,real,True,15.11.2024,2690078,1285122
101314947,10026320,470080,Dorfstrasse,43,8214 Gächlingen,2901,SH,real,True,15.11.2024,2679659,1284279
101314961,10161022,470157,Postweg,1,8214 Gächlingen,2901,SH,real,True,15.11.2024,2679695,1284240
101315106,10018631,190078004,Forstweg,8,8200 Schaffhausen,2939,SH,real,True,15.11.2024,2689773,1284825
101315138,10154375,190078149,Gemeindewiesenstrasse,2,8212 Neuhausen am Rheinfall,2937,SH,real,True,15.11.2024,2687534,1281701
101315173,10106947,190081411,Dachsenbüelstrasse,58,8200 Schaffhausen,2939,SH,real,True,15.11.2024,2690258,1286649
101315666,10156881,190067608,Geisshofweg,18,8200 Schaffhausen,2939,SH,real,True,15.11.2024,2689700,1284816
101315699,10135339,101207306,Untere Burghalde,2,8225 Siblingen,2953,SH,real,True,15.11.2024,2681578,1285507
101315700,10135339,101207307,Untere Burghalde,1,8225 Siblingen,2953,SH,real,True,15.11.2024,2681552,1285522
101315701,10135339,101207308,Untere Burghalde,3,8225 Siblingen,2953,SH,real,True,15.11.2024,2681545,1285530
101315702,10171306,190067684,Tulpenweg,3,8263 Buch SH,2961,SH,real,True,15.11.2024,2701081,1287005
101315704,10164384,190067686,Schüppelstrasse,10,8263 Buch SH,2961,SH,real,True,15.11.2024,2701279,1286262
101315707,10135340,101207505,In Pratle,11,8261 Hemishofen,2962,SH,real,True,15.11.2024,2704670,1281441
101316005,10091404,190107032,Blumenweg,2,8217 Wilchingen,2974,SH,real,True,15.11.2024,2677127,1280491
101316673,10046604,190076971,Werkstrasse,15,8222 Beringen,2932,SH,real,True,15.11.2024,2685043,1283238
101316713,10018659,190076829,Hornbergstrasse,31,8200 Schaffhausen,2939,SH,real,True,15.11.2024,2689680,1284433
101316936,10018151,190079041,Silberbergweg,19,8240 Thayngen,2920,SH,real,True,15.11.2024,2694506,1289435
101317505,10032577,190080622,Schuelgässli,7,8226 Schleitheim,2952,SH,real,True,15.11.2024,2678446,1289095
101317967,10195244,190084643,Undergass,15,8219 Trasadingen,2973,SH,real,True,15.11.2024,2674801,1279959
101317975,10087222,190085384,Loomenstrasse,546,8262 Ramsen,2963,SH,real,True,15.11.2024,2702798,1285384
101317978,10187864,190085399,Hanfgartenstrasse,419b.1,8262 Ramsen,2963,SH,real,True,23.07.2024,2703162,1284669
101318261,10120397,190082365,Haldenweg,15,8224 Löhningen,2903,SH,real,True,15.11.2024,2683823,1284339
101318263,10111803,190082370,Steimüri,4,8224 Löhningen,2903,SH,real,True,15.11.2024,2683250,1284176
101318264,10027497,190082374,Stalden,18,8224 Löhningen,2903,SH,real,True,15.11.2024,2683886,1283877
101318274,10091172,190082430,Schulgasse,5,8224 Löhningen,2903,SH,real,True,15.11.2024,2683702,1283960
101318358,10120400,190080888,Trottenweg,23,8218 Osterfingen,2974,SH,real,True,15.11.2024,2678777,1279765
101318367,10106941,190080983,Oberwiesstrasse,31,8213 Neunkirch,2904,SH,real,True,15.11.2024,2679894,1282087
101318405,10154375,190079084,Gemeindewiesenstrasse,25,8212 Neuhausen am Rheinfall,2937,SH,real,True,15.11.2024,2687421,1281688
101318565,10032571,190077851,Lendenbergstrasse,26,8226 Schleitheim,2952,SH,real,True,15.11.2024,2677904,1289273
101318586,10154375,190078867,Gemeindewiesenstrasse,14,8212 Neuhausen am Rheinfall,2937,SH,real,True,15.11.2024,2687417,1281655
101318598,10073365,190077985,Schlechtenbol,11,8226 Schleitheim,2952,SH,real,True,15.11.2024,2678446,1288956
101318603,10018631,190078001,Forstweg,2,8200 Schaffhausen,2939,SH,real,True,15.11.2024,2689740,1284852
101318616,10137899,190079180,Glaserweg,3,8213 Neunkirch,2904,SH,real,True,15.11.2024,2680278,1282639
101318725,10087072,190076952,Neugrüthalde,25,8222 Beringen,2932,SH,real,True,15.11.2024,2686298,1283691
101318726,10087072,190076953,Neugrüthalde,27,8222 Beringen,2932,SH,real,True,15.11.2024,2686292,1283705
101318781,10018151,190079040,Silberbergweg,21,8240 Thayngen,2920,SH,real,True,15.11.2024,2694467,1289435
101318855,10055272,190081212,Grafenbuckhalde,8,8200 Schaffhausen,2939,SH,real,True,15.11.2024,2690093,1285151
101318866,10019271,190081314,Artilleriestrasse,12,8200 Schaffhausen,2939,SH,real,True,15.11.2024,2691257,1284453
101318883,10048898,190079341,Schmerlatstrasse,9,8213 Neunkirch,2904,SH,real,True,15.11.2024,2680335,1282543
101318886,10018143,190081163,Mühlegasse,16,8240 Thayngen,2920,SH,real,True,15.11.2024,2695224,1289455
101318941,10018450,190078384,Eggeweg,7,8222 Beringen,2932,SH,real,True,15.11.2024,2685529,1283769
101318962,10087058,190079027,Schaffhauserzelgweg,4,8240 Thayngen,2920,SH,real,True,15.11.2024,2694432,1289431
101318999,10106947,190081413,Dachsenbüelstrasse,56,8200 Schaffhausen,2939,SH,real,True,15.11.2024,2690265,1286636
101319060,10018157,190079297,Zieglerweg,56,8240 Thayngen,2920,SH,real,True,15.11.2024,2694706,1289800
101319065,10132131,190079302,Buchenstrasse,62a,8212 Neuhausen am Rheinfall,2937,SH,real,True,15.11.2024,2688540,1283232
101319067,10017855,190079320,Birchstrasse,5,8212 Neuhausen am Rheinfall,2937,SH,real,True,15.11.2024,2687178,1281514
101319079,10187872,190084114,Chilstig,6,8219 Trasadingen,2973,SH,real,True,15.11.2024,2674357,1279982
101319080,10187872,190084116,Chilstig,13,8219 Trasadingen,2973,SH,real,True,15.11.2024,2674374,1279949
101319081,10187872,190084117,Chilstig,11,8219 Trasadingen,2973,SH,real,True,15.11.2024,2674381,1279969
101319087,10087058,190080712,Schaffhauserzelgweg,10,8240 Thayngen,2920,SH,real,True,15.11.2024,2694365,1289422
101319354,10027514,190079328,Sportplatzweg,5,8213 Neunkirch,2904,SH,real,True,15.11.2024,2679683,1283041
101319760,10110819,190096606,Espiweg,32,8260 Stein am Rhein,2964,SH,real,True,15.11.2024,2706369,1279649
101319831,10026340,190082356,Chriesiweg,9,8224 Löhningen,2903,SH,real,True,15.11.2024,2683833,1284168
101319839,10154375,190079083,Gemeindewiesenstrasse,23,8212 Neuhausen am Rheinfall,2937,SH,real,True,15.11.2024,2687404,1281675
101320023,10185486,190080717,Schlattergasse,1,8240 Thayngen,2920,SH,real,True,15.11.2024,2695005,1289944
101320096,10206079,190079576,Steinenkreuzstrasse,19,8455 Rüdlingen,2938,SH,real,True,15.11.2024,2684532,1270929
101320100,10206064,190079627,Untere Rebbergstrasse,7,8455 Rüdlingen,2938,SH,real,True,15.11.2024,2685169,1270321
101320101,10118143,190079634,Chapfstrasse,1,8455 Rüdlingen,2938,SH,real,True,15.11.2024,2684850,1270445
101320174,10087053,190082028,Im Oberhof,20,8240 Thayngen,2920,SH,real,True,15.11.2024,2695544,1289422
101320320,10154375,190079260,Gemeindewiesenstrasse,27,8212 Neuhausen am Rheinfall,2937,SH,real,True,15.11.2024,2687439,1281699
101320330,10027514,190079296,Sportplatzweg,13,8213 Neunkirch,2904,SH,real,True,15.11.2024,2679661,1283027
101320399,10157530,190083174,Mülibuck,10,8218 Osterfingen,2974,SH,real,True,15.11.2024,2678684,1279554
101320599,10018144,190081083,Neuhausweg,15,8240 Thayngen,2920,SH,real,True,15.11.2024,2694901,1289446
101320610,10019271,190081325,Artilleriestrasse,14,8200 Schaffhausen,2939,SH,real,True,15.11.2024,2691243,1284423
101320616,10106947,190081414,Dachsenbüelstrasse,54,8200 Schaffhausen,2939,SH,real,True,15.11.2024,2690272,1286624
101320618,10026345,190081443,Lättenstieg,2,8224 Löhningen,2903,SH,real,True,15.11.2024,2683281,1284376
101320621,10026340,190081452,Chriesiweg,7,8224 Löhningen,2903,SH,real,True,15.11.2024,2683815,1284168
101320662,10134235,190080922,Galgenbuckstrasse,7,8217 Wilchingen,2974,SH,real,True,15.11.2024,2676922,1281586
101320664,10157530,190080982,Mülibuck,6,8218 Osterfingen,2974,SH,real,True,15.11.2024,2678643,1279532
101320729,10072986,190081667,Braatistrasse,4,8234 Stetten SH,2919,SH,real,True,15.11.2024,2691686,1288183
101321491,10073644,473431,Prinzenhof,12a,8222 Beringen,2932,SH,real,True,15.11.2024,2685161,1283959
101321496,10073641,473448,Kirchgasse,7,8222 Beringen,2932,SH,real,True,15.11.2024,2685146,1283763
101321515,10143725,190045888,Chlaffentalweg,18,8212 Neuhausen am Rheinfall,2937,SH,real,True,15.11.2024,2686517,1280287
101321516,10143725,190045886,Chlaffentalweg,16,8212 Neuhausen am Rheinfall,2937,SH,real,True,15.11.2024,2686537,1280308
101321727,10146649,190048189,Bömmliacker,3b,8222 Beringen,2932,SH,real,True,15.11.2024,2686555,1283111
101321738,10087070,190048219,Hülsteweg,26,8222 Beringen,2932,SH,real,True,15.11.2024,2686701,1283628
101322006,10153985,190023981,Rohrstrasse,19,8216 Oberhallau,2972,SH,real,True,15.11.2024,2677768,1284237
101322007,10103233,190023982,Trottengasse,14,8216 Oberhallau,2972,SH,real,True,15.11.2024,2678031,1284176
101322103,10106941,190029007,Oberwiesstrasse,29,8213 Neunkirch,2904,SH,real,True,15.11.2024,2679845,1282135
101323164,10146641,190048124,Anthoptstrasse,4,8222 Beringen,2932,SH,real,True,15.11.2024,2686442,1283190
101323173,10091223,190048132,Schützeweg,35,8222 Beringen,2932,SH,real,True,15.11.2024,2685330,1284246
101323402,10017877,190137473,Rheinstrasse,82,8212 Neuhausen am Rheinfall,2937,SH,real,True,15.11.2024,2689033,1281813
101323436,10178590,190048437,Staanackerstrasse,15,8232 Merishausen,2936,SH,real,True,15.11.2024,2687796,1290079
101323812,10072963,190024275,Weierbuckstrasse,14,8213 Neunkirch,2904,SH,real,True,15.11.2024,2680134,1282841
101323943,10120398,190024301,Gigering,25,8213 Neunkirch,2904,SH,real,True,15.11.2024,2679175,1282556
101324001,10031525,190034319,Bettenstrasse,41,8217 Wilchingen,2974,SH,real,True,15.11.2024,2677842,1280014
101324048,10120398,190027142,Gigering,23,8213 Neunkirch,2904,SH,real,True,15.11.2024,2679199,1282543
101324050,10190886,190024370,Langfeldweg,663.1,8213 Neunkirch,2904,SH,real,True,23.07.2024,2677875,1282233
101324061,10111812,190030206,Ebringerstrasse,143,8240 Thayngen,2920,SH,real,True,15.11.2024,2696668,1289251
101324121,10031833,190034386,Weiherweg,6,8217 Wilchingen,2974,SH,real,True,15.11.2024,2677709,1280066
101324123,10031833,190034405,Weiherweg,12,8217 Wilchingen,2974,SH,real,True,15.11.2024,2677779,1280056
101324124,10031833,190034425,Weiherweg,4,8217 Wilchingen,2974,SH,real,True,15.11.2024,2677691,1280069
101324136,10152436,190034471,Brüelstrasse,12,8217 Wilchingen,2974,SH,real,True,15.11.2024,2677078,1279958
101324857,10128137,101248676,Kapellenstrasse,17,8215 Hallau,2971,SH,real,True,15.11.2024,2677157,1283643
101324858,10117742,101248681,Untere Buckstrasse,8,8215 Hallau,2971,SH,real,True,15.11.2024,2677006,1283595
101325503,10137899,190024443,Glaserweg,13,8213 Neunkirch,2904,SH,real,True,15.11.2024,2680327,1282599
101325504,10027516,190024444,Taufgarten,7,8213 Neunkirch,2904,SH,real,True,15.11.2024,2679834,1282305
101325626,10073638,190024886,Haldenweg,8,8222 Beringen,2932,SH,real,True,15.11.2024,2684879,1283980
101325904,10031517,190042496,Dorfstrasse,22,8219 Trasadingen,2973,SH,real,True,15.11.2024,2674445,1280156
101326211,10024929,101249548,Im Leuen,16,8243 Altdorf SH,2920,SH,real,True,15.11.2024,2691635,1293547
101326212,10072978,101205697,Puläjen,9,8239 Dörflingen,2915,SH,real,True,15.11.2024,2696480,1285364
101326213,10072981,101205807,Kerzenstübliweg,4,8235 Lohn SH,2917,SH,real,True,15.11.2024,2692662,1290289
101326214,10086758,101205808,Quellenstrasse,11,8235 Lohn SH,2917,SH,real,True,15.11.2024,2692663,1290261
101326216,10019581,101206556,Durachstrasse,39,8232 Merishausen,2936,SH,real,True,15.11.2024,2687926,1290639
101326217,10032568,101501571,Hölderlistrasse,24,8226 Schleitheim,2952,SH,real,True,15.11.2024,2677654,1289136
101326808,10073642,473251,Löwenhof,12,8222 Beringen,2932,SH,real,True,15.11.2024,2685255,1283604
101327101,10137915,190024588,Neuwiesenstrasse,3,8222 Beringen,2932,SH,real,True,15.11.2024,2685341,1283134
101327102,10091223,190024589,Schützeweg,31,8222 Beringen,2932,SH,real,True,15.11.2024,2685340,1284201
101327106,10134235,190024617,Galgenbuckstrasse,2,8217 Wilchingen,2974,SH,real,True,15.11.2024,2676985,1281571
101327108,10087071,190024637,Klösterli,15,8222 Beringen,2932,SH,real,True,15.11.2024,2685112,1283577
101327109,10018459,190024638,Höhenackerweg,23,8222 Beringen,2932,SH,real,True,15.11.2024,2684917,1284012
101327112,10146641,190024657,Anthoptstrasse,2,8222 Beringen,2932,SH,real,True,15.11.2024,2686448,1283085
101327113,10018459,190024659,Höhenackerweg,19,8222 Beringen,2932,SH,real,True,15.11.2024,2684958,1284027
101327338,10073639,190024919,Heuwegtobel,,8222 Beringen,2932,SH,real,True,23.07.2024,2685443,1286010
101327339,10087072,190024920,Neugrüthalde,52,8222 Beringen,2932,SH,real,True,15.11.2024,2686547,1283661
101327349,10018450,190024934,Eggeweg,27,8222 Beringen,2932,SH,real,True,15.11.2024,2685466,1284004
101327373,10091226,190025007,Zelgstrasse,16,8222 Beringen,2932,SH,real,True,15.11.2024,2685147,1283435
101327731,10017876,190137288,Rheinhofgässchen,8,8212 Neuhausen am Rheinfall,2937,SH,real,True,15.11.2024,2688592,1281991
101328004,10154375,190137249,Gemeindewiesenstrasse,1,8212 Neuhausen am Rheinfall,2937,SH,real,True,15.11.2024,2687559,1281676
101328292,10103234,190049189,Pfyffergässli,4,8219 Trasadingen,2973,SH,real,True,15.11.2024,2674545,1280077
101328888,10137899,190052559,Glaserweg,9,8213 Neunkirch,2904,SH,real,True,15.11.2024,2680314,1282630
101328926,10031829,190034687,Schulgasse,7,8217 Wilchingen,2974,SH,real,True,15.11.2024,2677387,1280229
101328928,10091404,190034689,Blumenweg,5,8217 Wilchingen,2974,SH,real,True,15.11.2024,2677140,1280531
101328930,10091406,190034705,Haslacherstrasse,7,8217 Wilchingen,2974,SH,real,True,15.11.2024,2677223,1280660
101329282,10073638,190026057,Haldenweg,6,8222 Beringen,2932,SH,real,True,15.11.2024,2684867,1283964
101329692,10154819,190041726,Im Buechacker,3,8234 Stetten SH,2919,SH,real,True,15.11.2024,2691800,1287981
101329693,10154819,190041727,Im Buechacker,5,8234 Stetten SH,2919,SH,real,True,15.11.2024,2691831,1287988
101329694,10154819,190041728,Im Buechacker,7,8234 Stetten SH,2919,SH,real,True,15.11.2024,2691823,1287992
101329695,10154819,190041729,Im Buechacker,9,8234 Stetten SH,2919,SH,real,True,15.11.2024,2691821,1287998
101330277,10046605,190046721,Dorfstrasse,36,8454 Buchberg,2933,SH,real,True,15.11.2024,2684636,1269743
101330279,10025714,101501467,Bückli,15,8228 Beggingen,2951,SH,real,True,15.11.2024,2682537,1291269
101330282,10171306,101249547,Tulpenweg,5,8263 Buch SH,2961,SH,real,True,15.11.2024,2701059,1287016
101330597,10026394,190031232,Hüttenlebenweg,8,8240 Thayngen,2920,SH,real,True,15.11.2024,2694144,1289832
101331083,10190886,9080701,Langfeldweg,5,8213 Neunkirch,2904,SH,real,True,15.11.2024,2679133,1282647
101331084,10027513,9080702,Schützenmauer,14,8213 Neunkirch,2904,SH,real,True,15.11.2024,2679767,1282412
101331085,10024938,9080703,Hogeracker,3,8236 Büttenhardt,2914,SH,real,True,15.11.2024,2691235,1290461
101331088,10048904,9080706,Sonnenweg,7,8240 Thayngen,2920,SH,real,True,15.11.2024,2694688,1289439
101331089,10048900,9080707,Lohningerweg,94,8240 Thayngen,2920,SH,real,True,15.11.2024,2694293,1289527
101331090,10026391,9080708,Emdwiesenstrasse,29,8240 Thayngen,2920,SH,real,False,15.11.2024,2695434,1288645
101331091,10026334,9080712,Trasadingerstrasse,335.1,8222 Beringen,2932,SH,real,True,23.07.2024,2686393,1282852
101331092,10046604,9080713,Werkstrasse,25,8222 Beringen,2932,SH,real,True,15.11.2024,2684904,1283213
101331093,10018456,9080714,Hardmorgenweg,17,8222 Beringen,2932,SH,real,True,15.11.2024,2685714,1283210
101331094,10161512,9080715,Hohlegasse,9,8454 Buchberg,2933,SH,real,True,15.11.2024,2684464,1269593
101331098,10124089,9080842,Auffahrtstrasse,25,8215 Hallau,2971,SH,real,True,15.11.2024,2676290,1283623
101331100,10048900,9080855,Lohningerweg,37,8240 Thayngen,2920,SH,real,True,15.11.2024,2694629,1289484
101331101,10237822,9080856,Zollstrasse,97,8240 Thayngen,2920,SH,real,True,15.11.2024,2696040,1288576
101331103,10104504,9080871,Kreuzgang,2,8200 Schaffhausen,2939,SH,real,True,15.11.2024,2689862,1283372
101331104,10178603,9080872,Baumgartenstrasse,19,8200 Schaffhausen,2939,SH,real,True,15.11.2024,2689913,1283348
101332096,10091226,190025010,Zelgstrasse,20,8222 Beringen,2932,SH,real,True,15.11.2024,2685147,1283464
101332098,10091226,190025012,Zelgstrasse,24,8222 Beringen,2932,SH,real,True,15.11.2024,2685146,1283493
101332100,10091226,190025014,Zelgstrasse,28,8222 Beringen,2932,SH,real,True,15.11.2024,2685145,1283523
101332540,10146948,190026297,Hengstackerstrasse,4,8233 Bargen SH,2931,SH,real,True,15.11.2024,2687637,1294082
101332629,10086488,9080876,Gennersbrunnerstrasse,64,8207 Schaffhausen,2939,SH,real,True,15.11.2024,2691850,1285888
101332632,10179722,9080881,Munotstieg,5,8200 Schaffhausen,2939,SH,real,True,15.11.2024,2690112,1283521
101332633,10019780,9080883,Münstergasse,28,8200 Schaffhausen,2939,SH,real,True,15.11.2024,2689796,1283506
101332634,10179716,9080884,Hermann Rorschach-Strasse,2.4,8200 Schaffhausen,2939,SH,real,True,23.07.2024,2688379,1283989
101332635,10073061,9080886,Ringkengässchen,18,8200 Schaffhausen,2939,SH,real,True,15.11.2024,2689666,1283386
101332636,10019807,9080887,Schweizersbildstrasse,48,8200 Schaffhausen,2939,SH,real,True,15.11.2024,2690383,1286455
101332638,10026339,9080909,Bühlweg,2,8224 Löhningen,2903,SH,real,True,15.11.2024,2683395,1283764
101332639,10146641,9081027,Anthoptstrasse,9,8222 Beringen,2932,SH,real,False,15.11.2024,2686373,1283248
101334317,10073365,9081047,Schlechtenbol,28,8226 Schleitheim,2952,SH,real,True,15.11.2024,2678386,1288908
101334318,10085775,9081049,Tauchergasse,6,8226 Schleitheim,2952,SH,real,True,15.11.2024,2678800,1289403
101334319,10103229,9081050,Tüüffegass,4,8226 Schleitheim,2952,SH,real,True,15.11.2024,2678436,1289412
101334320,10179748,9081059,Unterdorf,25.1,8261 Hemishofen,2962,SH,real,True,23.07.2024,2704401,1281531
101334321,10185474,9081086,Thayngerstrasse,66,8242 Bibern SH,2920,SH,real,True,15.11.2024,2693578,1290803
101334322,10058934,9081192,Industrieplatz,3,8212 Neuhausen am Rheinfall,2937,SH,real,True,15.11.2024,2688568,1281624
101334323,10128757,9081193,Badstrasse,5,8212 Neuhausen am Rheinfall,2937,SH,real,True,15.11.2024,2688707,1281626
101334324,10091247,9081194,Charlottenweg,2b,8212 Neuhausen am Rheinfall,2937,SH,real,True,15.11.2024,2688731,1282777
101334325,10017863,9081195,Freyastrasse,16,8212 Neuhausen am Rheinfall,2937,SH,real,True,15.11.2024,2688987,1282064
101334326,10017857,9081196,Chlaffentalstrasse,108,8212 Neuhausen am Rheinfall,2937,SH,real,True,15.11.2024,2686741,1280784
101334327,10186930,9081198,Victor-von-Bruns-Strasse,12,8212 Neuhausen am Rheinfall,2937,SH,real,True,15.11.2024,2689026,1281697
101334328,10018166,9081200,Zentralstrasse,126,8212 Neuhausen am Rheinfall,2937,SH,real,True,15.11.2024,2688885,1282329
101334329,10058934,9081204,Industrieplatz,1d,8212 Neuhausen am Rheinfall,2937,SH,real,True,15.11.2024,2688562,1281580
101334330,10046612,9081207,Zollstrasse,1103.1,8212 Neuhausen am Rheinfall,2937,SH,real,True,23.07.2024,2687036,1281076
101334331,10027512,9081238,Schwimmbadstrasse,10,8213 Neunkirch,2904,SH,real,True,15.11.2024,2679901,1282853
101334458,10018459,190027190,Höhenackerweg,21,8222 Beringen,2932,SH,real,True,15.11.2024,2684938,1284018
101334464,10091223,190027197,Schützeweg,33a,8222 Beringen,2932,SH,real,True,15.11.2024,2685319,1284195
101334510,10024977,190036065,Schloss Herblingen,56.1,8234 Stetten SH,2919,SH,real,True,23.07.2024,2691772,1287771
101334551,10027501,190032487,Chennerenweg,3,8213 Neunkirch,2904,SH,real,True,15.11.2024,2679819,1282932
101334555,10027501,190032492,Chennerenweg,1,8213 Neunkirch,2904,SH,real,True,15.11.2024,2679829,1282889
101334667,10117542,190036321,Bruggwiesen,3,8231 Hemmental,2939,SH,real,True,15.11.2024,2686337,1287326
101334974,10026340,101205012,Chriesiweg,13,8224 Löhningen,2903,SH,real,True,15.11.2024,2683855,1284164
101334975,10027498,101205013,Weinbergstrasse,7,8224 Löhningen,2903,SH,real,True,15.11.2024,2683886,1284129
101334976,10027498,101205014,Weinbergstrasse,11,8224 Löhningen,2903,SH,real,True,15.11.2024,2683881,1284172
101334977,10091166,101205015,Fabrikstrasse,15,8224 Löhningen,2903,SH,real,True,15.11.2024,2683417,1283815
101334978,10136849,101501166,Haldenstrasse,1,8241 Barzheim,2920,SH,real,True,15.11.2024,2696310,1290672
101334979,10190666,101248674,Konservenstrasse,48,8215 Hallau,2971,SH,real,True,15.11.2024,2676934,1283165
101334981,10133046,101248675,Atlingerstrasse,7,8215 Hallau,2971,SH,real,True,15.11.2024,2677121,1283242
101334982,10117742,101248677,Untere Buckstrasse,24,8215 Hallau,2971,SH,real,True,15.11.2024,2677139,1283673
101334983,10117742,101248678,Untere Buckstrasse,26,8215 Hallau,2971,SH,real,True,15.11.2024,2677161,1283693
101334984,10133046,101248680,Atlingerstrasse,5,8215 Hallau,2971,SH,real,True,15.11.2024,2677104,1283225
101334985,10071686,101248753,Dorfstrasse,44,8261 Hemishofen,2962,SH,real,True,15.11.2024,2704245,1281716
101334986,10071686,101248754,Dorfstrasse,46,8261 Hemishofen,2962,SH,real,True,15.11.2024,2704216,1281723
101335784,10031566,190019658,Undere Espilibuck,2,8226 Schleitheim,2952,SH,real,True,15.11.2024,2678536,1289655
101335785,10032565,190019659,Hallauerstrasse,18,8226 Schleitheim,2952,SH,real,True,15.11.2024,2677965,1288867
101336137,10147299,190032645,Föhrenweg,1,8212 Neuhausen am Rheinfall,2937,SH,real,True,15.11.2024,2688271,1282835
101336148,10087222,190036230,Loomenstrasse,496,8262 Ramsen,2963,SH,real,True,15.11.2024,2702773,1285389
101337019,10091223,190048085,Schützeweg,40,8222 Beringen,2932,SH,real,True,15.11.2024,2685340,1284291
101337022,10087070,190048088,Hülsteweg,22,8222 Beringen,2932,SH,real,True,15.11.2024,2686747,1283631
101337026,10018446,190048092,Auf der Höhe,8,8222 Beringen,2932,SH,real,True,15.11.2024,2684922,1283980
101337615,10031604,190023160,Pfarrhofweg,246,8262 Ramsen,2963,SH,real,True,15.11.2024,2702917,1285045
101337616,10087222,190023161,Loomenstrasse,497,8262 Ramsen,2963,SH,real,True,15.11.2024,2702765,1285412
101337617,10031606,190023162,Schulweg,498,8262 Ramsen,2963,SH,real,True,15.11.2024,2702982,1285125
101337618,10071694,190023163,Oberdorf,499,8262 Ramsen,2963,SH,real,True,15.11.2024,2702801,1285147
101337620,10071693,190023165,Judebömmlistrasse,534,8262 Ramsen,2963,SH,real,True,15.11.2024,2703405,1285080
101337694,10137899,190027220,Glaserweg,17,8213 Neunkirch,2904,SH,real,True,15.11.2024,2680332,1282567
101337868,10206082,190036508,Grütstrasse,10,8455 Rüdlingen,2938,SH,real,True,15.11.2024,2684794,1270690
101337880,10117542,190036546,Bruggwiesen,2,8231 Hemmental,2939,SH,real,True,15.11.2024,2686311,1287306
101337897,10206076,190036581,Hinterdorfstrasse,12,8455 Rüdlingen,2938,SH,real,True,15.11.2024,2685242,1270363
101338028,10111812,190036722,Ebringerstrasse,25,8240 Thayngen,2920,SH,real,True,15.11.2024,2695924,1289345
101338114,10206069,190037020,Oberdorfstrasse,2,8455 Rüdlingen,2938,SH,real,True,15.11.2024,2685025,1270307
101338699,10087070,190048028,Hülsteweg,4,8222 Beringen,2932,SH,real,True,15.11.2024,2686912,1283645
101338710,10091223,190048034,Schützeweg,37,8222 Beringen,2932,SH,real,True,15.11.2024,2685324,1284268
101338711,10087070,190048035,Hülsteweg,20,8222 Beringen,2932,SH,real,True,15.11.2024,2686770,1283636
101338713,10018446,190048037,Auf der Höhe,11,8222 Beringen,2932,SH,real,True,15.11.2024,2684870,1283923
101339222,10019785,190020023,Oerlifallstieg,10,8200 Schaffhausen,2939,SH,real,True,15.11.2024,2688240,1284105
101339223,10073056,190020036,Neustadt,14,8200 Schaffhausen,2939,SH,real,True,15.11.2024,2689611,1283323
101340641,10018448,190048980,Biberichweg,21,8222 Beringen,2932,SH,real,True,15.11.2024,2684873,1283855
101340642,10018448,190048982,Biberichweg,17,8222 Beringen,2932,SH,real,True,15.11.2024,2684924,1283816
101340644,10018448,190048984,Biberichweg,19,8222 Beringen,2932,SH,real,True,15.11.2024,2684919,1283847
101341870,10187856,101414934,Spiegelgutstrasse,13b,8200 Schaffhausen,2939,SH,real,True,15.11.2024,2690669,1285920
101341871,10187856,101414935,Spiegelgutstrasse,13c,8200 Schaffhausen,2939,SH,real,True,15.11.2024,2690658,1285921
101341872,10187856,101414980,Spiegelgutstrasse,13d,8200 Schaffhausen,2939,SH,real,True,15.11.2024,2690681,1285948
101341873,10187856,101414972,Spiegelgutstrasse,13f,8200 Schaffhausen,2939,SH,real,True,15.11.2024,2690651,1285941
101341874,10108021,101414954,Hauentalstrasse,137,8200 Schaffhausen,2939,SH,real,True,15.11.2024,2688760,1285572
101341875,10146886,101414969,Brunnackerstrasse,4,8200 Schaffhausen,2939,SH,real,True,15.11.2024,2688330,1284175
101341876,10146886,101414973,Brunnackerstrasse,6,8200 Schaffhausen,2939,SH,real,True,15.11.2024,2688339,1284177
101342855,10048900,190027605,Lohningerweg,67,8240 Thayngen,2920,SH,real,True,15.11.2024,2694433,1289484
101342863,10017855,190033287,Birchstrasse,10,8212 Neuhausen am Rheinfall,2937,SH,real,True,15.11.2024,2687089,1281550
101342964,10026388,190028087,Chlenglerweg,68,8240 Thayngen,2920,SH,real,True,15.11.2024,2696383,1289336
101342965,10120406,190028105,Biberstrasse,54,8240 Thayngen,2920,SH,real,True,15.11.2024,2694942,1289689
101342966,10018157,190028106,Zieglerweg,4,8240 Thayngen,2920,SH,real,True,15.11.2024,2694877,1289606
101342967,10018157,190028107,Zieglerweg,6,8240 Thayngen,2920,SH,real,True,15.11.2024,2694906,1289631
101343686,10018446,190048883,Auf der Höhe,9,8222 Beringen,2932,SH,real,True,15.11.2024,2684891,1283925
101343687,10087070,190048884,Hülsteweg,24,8222 Beringen,2932,SH,real,True,15.11.2024,2686725,1283628
101343689,10087072,190048886,Neugrüthalde,64,8222 Beringen,2932,SH,real,True,15.11.2024,2686662,1283666
101343690,10091225,190048887,Unter Egg,15,8222 Beringen,2932,SH,real,True,15.11.2024,2685359,1284294
101343691,10087072,190048888,Neugrüthalde,72,8222 Beringen,2932,SH,real,True,15.11.2024,2686749,1283677
101343692,10087072,190048891,Neugrüthalde,78,8222 Beringen,2932,SH,real,True,15.11.2024,2686760,1283678
101343702,10179754,190048918,Chalberweidstrasse,8,8260 Stein am Rhein,2964,SH,real,True,15.11.2024,2707297,1279903
101343705,10073098,190048920,Wisegässli,10,8260 Stein am Rhein,2964,SH,real,True,15.11.2024,2706637,1280121
101343707,10031939,190048925,Wagenhauserstrasse,14,8260 Stein am Rhein,2964,SH,real,True,15.11.2024,2706486,1279492
101343716,10179753,190048947,Alte Zollstrasse,6,8260 Stein am Rhein,2964,SH,real,True,15.11.2024,2707397,1279709
101343717,10031931,190048950,Orichhöhe,9a,8260 Stein am Rhein,2964,SH,real,True,15.11.2024,2707427,1279682
101343718,10031931,190048951,Orichhöhe,9b,8260 Stein am Rhein,2964,SH,real,True,15.11.2024,2707434,1279683
101343728,10087069,190048972,Hegelweg,8,8222 Beringen,2932,SH,real,True,15.11.2024,2684881,1283822
101344429,10048900,190027607,Lohningerweg,75,8240 Thayngen,2920,SH,real,True,15.11.2024,2694412,1289486
101344430,10048900,190027608,Lohningerweg,53,8240 Thayngen,2920,SH,real,True,15.11.2024,2694480,1289506
101344445,10106942,190027765,Schlatterweg,30,8240 Thayngen,2920,SH,real,True,15.11.2024,2695191,1289739
101344448,10087058,190027768,Schaffhauserzelgweg,8,8240 Thayngen,2920,SH,real,True,15.11.2024,2694389,1289422
101344458,10087050,190027908,Freihofstrasse,2,8240 Thayngen,2920,SH,real,True,15.11.2024,2694930,1289288
101344472,10026388,190028086,Chlenglerweg,70,8240 Thayngen,2920,SH,real,True,15.11.2024,2696399,1289336
101345043,10031525,190034354,Bettenstrasse,35,8217 Wilchingen,2974,SH,real,True,15.11.2024,2677778,1280019
101345523,10143725,190045742,Chlaffentalweg,8,8212 Neuhausen am Rheinfall,2937,SH,real,True,15.11.2024,2686488,1280321
101345524,10143725,190045743,Chlaffentalweg,12,8212 Neuhausen am Rheinfall,2937,SH,real,True,15.11.2024,2686464,1280302
101345525,10143725,190045745,Chlaffentalweg,10,8212 Neuhausen am Rheinfall,2937,SH,real,True,15.11.2024,2686472,1280313
101346122,10087038,190028451,Brämlenstrasse,37.1,8234 Stetten SH,2919,SH,real,True,23.07.2024,2691290,1287881
101346127,10087038,190028458,Brämlenstrasse,41,8234 Stetten SH,2919,SH,real,True,15.11.2024,2691291,1287865
101346610,10019556,190024717,Wiesengasse,9,8222 Beringen,2932,SH,real,True,15.11.2024,2685378,1283400
101346614,10110810,190024758,Neuweg,22,8222 Beringen,2932,SH,real,True,15.11.2024,2685494,1283685
101346619,10018466,190024783,Rain,14,8222 Beringen,2932,SH,real,True,15.11.2024,2686098,1283697
101347102,10046635,190075271,Zündelweg,33,8203 Schaffhausen,2939,SH,real,True,15.11.2024,2691031,1283628
101347369,10091223,190075891,Schützeweg,37b,8222 Beringen,2932,SH,real,True,15.11.2024,2685282,1284260
101347371,10091223,190075894,Schützeweg,35a,8222 Beringen,2932,SH,real,True,15.11.2024,2685304,1284243
101347407,10085770,190055757,Lendenbergstiig,12,8226 Schleitheim,2952,SH,real,True,15.11.2024,2677748,1289263
101347624,10073625,190055941,Dornböschenweg,5,8240 Thayngen,2920,SH,real,True,15.11.2024,2694367,1289455
101347625,10085738,190055942,Schwarzadlerstrasse,1,8200 Schaffhausen,2939,SH,real,True,15.11.2024,2689252,1284899
101347627,10085738,190055946,Schwarzadlerstrasse,7,8200 Schaffhausen,2939,SH,real,True,15.11.2024,2689236,1284931
101347635,10179734,190055954,Weinsteig,75,8200 Schaffhausen,2939,SH,real,True,15.11.2024,2689592,1284408
101347637,10179734,190055957,Weinsteig,77,8200 Schaffhausen,2939,SH,real,True,15.11.2024,2689600,1284414
101347640,10179734,190055960,Weinsteig,79,8200 Schaffhausen,2939,SH,real,True,15.11.2024,2689601,1284419
101347642,10019786,190055962,Parkstrasse,12,8200 Schaffhausen,2939,SH,real,True,15.11.2024,2689374,1283317
101348836,10136937,190075898,Industriestrasse,11,8222 Beringen,2932,SH,real,True,15.11.2024,2685886,1283343
101348838,10120413,190075901,Steig,4,8222 Beringen,2932,SH,real,True,15.11.2024,2685284,1283743
101348845,10110810,190075904,Neuweg,24,8222 Beringen,2932,SH,real,True,15.11.2024,2685514,1283684
101348847,10091223,190075908,Schützeweg,37a,8222 Beringen,2932,SH,real,True,15.11.2024,2685301,1284267
101348850,10087072,190075912,Neugrüthalde,22,8222 Beringen,2932,SH,real,True,15.11.2024,2686301,1283653
101348851,10087072,190075913,Neugrüthalde,24,8222 Beringen,2932,SH,real,True,15.11.2024,2686302,1283647
101348852,10087072,190075914,Neugrüthalde,26,8222 Beringen,2932,SH,real,True,15.11.2024,2686302,1283640
101349046,10091226,190054397,Zelgstrasse,7,8222 Beringen,2932,SH,real,True,15.11.2024,2685272,1283418
101349047,10091226,190054398,Zelgstrasse,5,8222 Beringen,2932,SH,real,True,15.11.2024,2685276,1283418
101349048,10087066,190054401,Engehofweg,6,8222 Beringen,2932,SH,real,True,15.11.2024,2687495,1283349
101349049,10018453,190054402,Haargasse,9,8222 Beringen,2932,SH,real,True,15.11.2024,2685355,1283909
101349081,10104916,190055915,Glaserstrasse,10,8213 Neunkirch,2904,SH,real,True,15.11.2024,2680242,1282663
101349145,10113197,190055995,Hohbergstrasse,32,8207 Schaffhausen,2939,SH,real,True,15.11.2024,2690877,1286251
101349146,10113197,190055997,Hohbergstrasse,34,8207 Schaffhausen,2939,SH,real,True,15.11.2024,2690886,1286271
101349304,10019272,190056124,Auf der Platte,16,8200 Schaffhausen,2939,SH,real,True,15.11.2024,2689272,1285185
101349503,10085721,190065411,Lochstrasse,10,8200 Schaffhausen,2939,SH,real,True,15.11.2024,2689313,1284736
101349991,10118352,471546,Dorfstrasse,64,8239 Dörflingen,2915,SH,real,True,15.11.2024,2696471,1284619
101349994,10113206,1610097,Vorstadt,35,8200 Schaffhausen,2939,SH,real,True,15.11.2024,2689763,1283794
101349995,10113206,1610097,Vorstadt,37,8200 Schaffhausen,2939,SH,real,True,15.11.2024,2689766,1283799
101349996,10019274,1610094,Bahnhofstrasse,58,8200 Schaffhausen,2939,SH,real,True,15.11.2024,2689727,1283825
101350445,10019554,190075954,Unterstieg,2,8222 Beringen,2932,SH,real,True,15.11.2024,2685577,1283728
101350455,10018446,190075957,Auf der Höhe,2,8222 Beringen,2932,SH,real,True,15.11.2024,2684958,1283959
101350461,10073646,190075961,Steinwiesenstrasse,8,8222 Beringen,2932,SH,real,True,15.11.2024,2684995,1283129
101350466,10087070,190075965,Hülsteweg,30,8222 Beringen,2932,SH,real,True,15.11.2024,2686662,1283629
101350796,10019272,190056130,Auf der Platte,18,8200 Schaffhausen,2939,SH,real,True,15.11.2024,2689264,1285169
101350797,10019272,190056132,Auf der Platte,20,8200 Schaffhausen,2939,SH,real,True,15.11.2024,2689284,1285161
101350803,10187856,190056139,Spiegelgutstrasse,13e,8200 Schaffhausen,2939,SH,real,True,15.11.2024,2690669,1285945
101350808,10048900,190056154,Lohningerweg,71,8240 Thayngen,2920,SH,real,True,15.11.2024,2694428,1289519
101351025,10154819,190063049,Im Buechacker,11,8234 Stetten SH,2919,SH,real,True,15.11.2024,2691819,1288027
101351352,10046627,190069775,Rietmattstrasse,7,8200 Schaffhausen,2939,SH,real,True,15.11.2024,2688295,1284141
101351466,10106947,190072785,Dachsenbüelstrasse,13,8200 Schaffhausen,2939,SH,real,True,15.11.2024,2690352,1286563
101351512,10018631,190072859,Forstweg,10,8200 Schaffhausen,2939,SH,real,True,15.11.2024,2689755,1284811
101351527,10153539,190069077,Bergliweg,6,8207 Schaffhausen,2939,SH,real,True,15.11.2024,2691248,1286336
101351528,10153539,190069078,Bergliweg,8,8207 Schaffhausen,2939,SH,real,True,15.11.2024,2691255,1286343
101351564,10018631,190069234,Forstweg,6,8200 Schaffhausen,2939,SH,real,True,15.11.2024,2689762,1284834
101351732,10156881,190073141,Geisshofweg,9,8200 Schaffhausen,2939,SH,real,True,15.11.2024,2689721,1284757
101352081,10179716,190076274,Hermann Rorschach-Strasse,30,8200 Schaffhausen,2939,SH,real,True,15.11.2024,2688450,1283727
101352091,10120411,190076413,Gässlistieg,3,8222 Beringen,2932,SH,real,True,15.11.2024,2686119,1283569
101352092,10120411,190076414,Gässlistieg,5,8222 Beringen,2932,SH,real,True,15.11.2024,2686111,1283569
101352841,10118149,190060726,Hüslerweg,501,8262 Ramsen,2963,SH,real,True,15.11.2024,2703491,1284893
101353089,10085721,190069283,Lochstrasse,8,8200 Schaffhausen,2939,SH,real,True,15.11.2024,2689287,1284769
101353337,10087217,190060858,Ankerstrasse,226,8262 Ramsen,2963,SH,real,True,15.11.2024,2703055,1285016
101353344,10186335,190060900,Reibäckerli,19,8236 Büttenhardt,2914,SH,real,True,15.11.2024,2691182,1290352
101353770,10031833,190058979,Weiherweg,10,8217 Wilchingen,2974,SH,real,True,15.11.2024,2677748,1280060
101354216,10055272,190058781,Grafenbuckhalde,10,8200 Schaffhausen,2939,SH,real,True,15.11.2024,2690108,1285180
101354309,10031593,190060675,Alemannenweg,545,8262 Ramsen,2963,SH,real,True,15.11.2024,2703271,1284907
101354395,10031610,190060824,Wattweg,502,8262 Ramsen,2963,SH,real,True,15.11.2024,2702795,1285312
101354405,10072970,190060834,Cholrüti,8,8236 Büttenhardt,2914,SH,real,True,15.11.2024,2691108,1289809
101354406,10031593,190060835,Alemannenweg,507,8262 Ramsen,2963,SH,real,True,15.11.2024,2703294,1284903
101354511,10017874,190052336,Neubergstrasse,47,8212 Neuhausen am Rheinfall,2937,SH,real,True,15.11.2024,2687755,1281824
101354613,10138975,101248974,Aagewis,14,8228 Beggingen,2951,SH,real,True,15.11.2024,2682741,1290936
101354624,10153539,190069073,Bergliweg,2,8207 Schaffhausen,2939,SH,real,True,15.11.2024,2691227,1286317
101354725,10086475,190069372,Buchthalerstrasse,53,8200 Schaffhausen,2939,SH,real,True,15.11.2024,2690770,1283454
101354898,10106947,190060990,Dachsenbüelstrasse,11,8200 Schaffhausen,2939,SH,real,True,15.11.2024,2690320,1286581
101354902,10086475,190060996,Buchthalerstrasse,51,8200 Schaffhausen,2939,SH,real,True,15.11.2024,2690765,1283457
101355224,10072986,190041365,Braatistrasse,20,8234 Stetten SH,2919,SH,real,True,15.11.2024,2691499,1288028
101355242,10111810,190041366,Buechackerstrasse,8,8234 Stetten SH,2919,SH,real,True,15.11.2024,2691845,1288122
101355416,10106947,101414968,Dachsenbüelstrasse,53,8200 Schaffhausen,2939,SH,real,True,15.11.2024,2690290,1286590
101355417,10106947,101414967,Dachsenbüelstrasse,39,8200 Schaffhausen,2939,SH,real,True,15.11.2024,2690387,1286617
101355418,10106947,101414943,Dachsenbüelstrasse,8,8200 Schaffhausen,2939,SH,real,True,15.11.2024,2690344,1286514
101355419,10106947,101414942,Dachsenbüelstrasse,33,8200 Schaffhausen,2939,SH,real,True,15.11.2024,2690387,1286590
101355420,10025685,101414951,Sonnmattstrasse,6,8200 Schaffhausen,2939,SH,real,True,15.11.2024,2690781,1283711
101355685,10086475,190056266,Buchthalerstrasse,47,8200 Schaffhausen,2939,SH,real,True,15.11.2024,2690753,1283439
101355686,10046627,190056272,Rietmattstrasse,3,8200 Schaffhausen,2939,SH,real,True,15.11.2024,2688293,1284174
101355687,10046627,190056273,Rietmattstrasse,5,8200 Schaffhausen,2939,SH,real,True,15.11.2024,2688303,1284175
101356406,10113197,190073483,Hohbergstrasse,12,8207 Schaffhausen,2939,SH,real,True,15.11.2024,2690911,1286258
101356615,10156881,190081752,Geisshofweg,16,8200 Schaffhausen,2939,SH,real,True,15.11.2024,2689718,1284805
101356944,10085754,101414988,Urwerf,22,8200 Schaffhausen,2939,SH,real,True,15.11.2024,2689013,1283422
101356945,10019799,101414977,Rosenbergstrasse,10a,8200 Schaffhausen,2939,SH,real,True,15.11.2024,2690890,1283557
101356946,10046620,101414958,Irchelstrasse,9,8200 Schaffhausen,2939,SH,real,True,15.11.2024,2688780,1284692
101356947,10019785,101414962,Oerlifallstieg,61,8200 Schaffhausen,2939,SH,real,True,15.11.2024,2688182,1284121
101356948,10018657,101414974,Hohlenbaumstrasse,62,8200 Schaffhausen,2939,SH,real,True,15.11.2024,2688525,1284557
101356949,10018657,101414975,Hohlenbaumstrasse,52,8200 Schaffhausen,2939,SH,real,True,15.11.2024,2688502,1284541
101357212,10031833,190107117,Weiherweg,18,8217 Wilchingen,2974,SH,real,True,15.11.2024,2677846,1280045
101357216,10031833,190107119,Weiherweg,8,8217 Wilchingen,2974,SH,real,True,15.11.2024,2677726,1280057
101357240,10192055,101248757,Gänzlerweg,12,8241 Barzheim,2920,SH,real,True,15.11.2024,2696230,1290640
101357241,10087045,101248758,Barzheimerstrasse,107,8241 Barzheim,2920,SH,real,True,15.11.2024,2696014,1290701
101357903,10019287,190056625,Bühlstrasse,17,8200 Schaffhausen,2939,SH,real,True,15.11.2024,2688943,1283837
101357951,10237825,190025538,Randenstrasse,60,8231 Hemmental,2939,SH,real,True,15.11.2024,2685276,1287719
101358727,10154375,190107173,Gemeindewiesenstrasse,3,8212 Neuhausen am Rheinfall,2937,SH,real,True,15.11.2024,2687535,1281668
101358733,10154375,190107180,Gemeindewiesenstrasse,8,8212 Neuhausen am Rheinfall,2937,SH,real,True,15.11.2024,2687481,1281666
101358757,10154375,190107211,Gemeindewiesenstrasse,35,8212 Neuhausen am Rheinfall,2937,SH,real,True,15.11.2024,2687515,1281758
101358828,10106947,190109112,Dachsenbüelstrasse,15,8200 Schaffhausen,2939,SH,real,True,15.11.2024,2690358,1286565
101358835,10110816,190109114,Stahlwerkstrasse,18,8200 Schaffhausen,2939,SH,real,True,15.11.2024,2689204,1284948
101358836,10110816,190109115,Stahlwerkstrasse,6,8200 Schaffhausen,2939,SH,real,True,15.11.2024,2689168,1284931
101359175,10154375,190137255,Gemeindewiesenstrasse,11,8212 Neuhausen am Rheinfall,2937,SH,real,True,15.11.2024,2687466,1281625
101359251,10237825,190016116,Randenstrasse,54,8231 Hemmental,2939,SH,real,True,15.11.2024,2685331,1287691
101359578,10025696,190056875,Sustenweg,7,8200 Schaffhausen,2939,SH,real,True,15.11.2024,2690788,1283758
101360395,10153963,190074711,Büelstrasse,10,8234 Stetten SH,2919,SH,real,True,15.11.2024,2691740,1288680
101360399,10087039,190074718,Erlenwisenstrasse,13,8234 Stetten SH,2919,SH,real,True,15.11.2024,2691356,1287894
101360403,10039881,190074719,Chlosterstrasse,24,8234 Stetten SH,2919,SH,real,True,15.11.2024,2691966,1288426
101360426,10019782,1613209,Neutrottenstrasse,65,8207 Schaffhausen,2939,SH,real,True,15.11.2024,2691282,1286361
101360427,10019782,1613210,Neutrottenstrasse,67,8207 Schaffhausen,2939,SH,real,True,15.11.2024,2691295,1286398
101360428,10019782,1613221,Neutrottenstrasse,75,8207 Schaffhausen,2939,SH,real,True,15.11.2024,2691352,1286459
101360429,10018648,1613222,Hanfpünt,41,8207 Schaffhausen,2939,SH,real,True,15.11.2024,2691534,1286749
101360430,10120424,1613321,Herblingerstrasse,59,8207 Schaffhausen,2939,SH,real,True,15.11.2024,2691383,1286196
101360431,10120424,1613334,Herblingerstrasse,81,8207 Schaffhausen,2939,SH,real,True,15.11.2024,2691536,1286272
101360432,10120424,1613335,Herblingerstrasse,83,8207 Schaffhausen,2939,SH,real,True,15.11.2024,2691542,1286301
101360433,10120424,1613346,Herblingerstrasse,101,8207 Schaffhausen,2939,SH,real,True,15.11.2024,2691682,1286388
101360434,10108024,1613357,Kirchbergstrasse,50,8207 Schaffhausen,2939,SH,real,True,15.11.2024,2691649,1286444
101360435,10108024,1613358,Kirchbergstrasse,68,8207 Schaffhausen,2939,SH,real,True,15.11.2024,2691741,1286545
101360436,10018679,1613471,Lebernstrasse,19,8207 Schaffhausen,2939,SH,real,True,15.11.2024,2691701,1286751
101360437,10073051,1613483,Krummacker,50,8207 Schaffhausen,2939,SH,real,True,15.11.2024,2691727,1286908
101360438,10085726,1613604,Neutalstrasse,30,8207 Schaffhausen,2939,SH,real,True,15.11.2024,2692039,1286437
101360439,10085726,1613605,Neutalstrasse,32,8207 Schaffhausen,2939,SH,real,True,15.11.2024,2692049,1286424
101360440,10085726,1613615,Neutalstrasse,11,8207 Schaffhausen,2939,SH,real,True,15.11.2024,2692070,1286524
101360441,10132132,1615247,Bruderhöflistrasse,28,8203 Schaffhausen,2939,SH,real,True,15.11.2024,2691133,1283388
101360442,10132132,1615257,Bruderhöflistrasse,12,8203 Schaffhausen,2939,SH,real,True,15.11.2024,2691064,1283385
101360443,10132132,1615258,Bruderhöflistrasse,16,8203 Schaffhausen,2939,SH,real,True,15.11.2024,2691090,1283397
101360444,10132132,1615269,Bruderhöflistrasse,22,8203 Schaffhausen,2939,SH,real,True,15.11.2024,2691127,1283430
101360445,10086475,1615270,Buchthalerstrasse,114,8203 Schaffhausen,2939,SH,real,True,15.11.2024,2691197,1283483
101360446,10154375,190107295,Gemeindewiesenstrasse,20,8212 Neuhausen am Rheinfall,2937,SH,real,True,15.11.2024,2687456,1281681
101360447,10154375,190107296,Gemeindewiesenstrasse,18,8212 Neuhausen am Rheinfall,2937,SH,real,True,15.11.2024,2687441,1281671
101360639,10153963,190074716,Büelstrasse,14,8234 Stetten SH,2919,SH,real,True,15.11.2024,2691745,1288716
101360680,10073040,190074852,Gugerhalde,25,8207 Schaffhausen,2939,SH,real,True,15.11.2024,2692068,1286874
101360771,10019270,190075658,Alte Gasse,32,8203 Schaffhausen,2939,SH,real,True,15.11.2024,2691319,1283607
101360774,10019270,190075663,Alte Gasse,28,8203 Schaffhausen,2939,SH,real,True,15.11.2024,2691299,1283607
101361054,10086474,190056868,Breitestieg,10,8200 Schaffhausen,2939,SH,real,True,15.11.2024,2689372,1284619
101361069,10106947,190056968,Dachsenbüelstrasse,55,8200 Schaffhausen,2939,SH,real,True,15.11.2024,2690297,1286577
101361070,10106947,190056969,Dachsenbüelstrasse,51,8200 Schaffhausen,2939,SH,real,True,15.11.2024,2690315,1286590
101361074,10106947,190056976,Dachsenbüelstrasse,5,8200 Schaffhausen,2939,SH,real,True,15.11.2024,2690336,1286552
101361078,10106947,190056979,Dachsenbüelstrasse,3,8200 Schaffhausen,2939,SH,real,True,15.11.2024,2690303,1286564
101361247,10031525,190059735,Bettenstrasse,43,8217 Wilchingen,2974,SH,real,True,15.11.2024,2677875,1280004
101361263,10046623,190059756,Kirchgasse,17,8203 Schaffhausen,2939,SH,real,True,15.11.2024,2691462,1283620
101361684,10048900,190070740,Lohningerweg,77,8240 Thayngen,2920,SH,real,True,15.11.2024,2694409,1289486
101361874,10154375,190107264,Gemeindewiesenstrasse,21,8212 Neuhausen am Rheinfall,2937,SH,real,True,15.11.2024,2687381,1281660
101361904,10154375,190107292,Gemeindewiesenstrasse,24,8212 Neuhausen am Rheinfall,2937,SH,real,True,15.11.2024,2687488,1281701
101361906,10154375,190107294,Gemeindewiesenstrasse,22,8212 Neuhausen am Rheinfall,2937,SH,real,True,15.11.2024,2687471,1281691
101361983,10087043,190074724,Tubackackerstrasse,32,8234 Stetten SH,2919,SH,real,True,15.11.2024,2691561,1287984
101361984,10087043,190074725,Tubackackerstrasse,30,8234 Stetten SH,2919,SH,real,True,15.11.2024,2691571,1287998
101361987,10087043,190074726,Tubackackerstrasse,24,8234 Stetten SH,2919,SH,real,True,15.11.2024,2691592,1287981
101361989,10087043,190074727,Tubackackerstrasse,34,8234 Stetten SH,2919,SH,real,True,15.11.2024,2691549,1287970
101361990,10087043,190074728,Tubackackerstrasse,28,8234 Stetten SH,2919,SH,real,True,15.11.2024,2691566,1287957
101361991,10087043,190074729,Tubackackerstrasse,26,8234 Stetten SH,2919,SH,real,True,15.11.2024,2691578,1287969
101362738,10018172,190057126,Hauffeld,17,8455 Rüdlingen,2938,SH,real,True,15.11.2024,2685393,1270539
101362741,10018172,190057129,Hauffeld,19,8455 Rüdlingen,2938,SH,real,True,15.11.2024,2685410,1270524
101362749,10206068,475862,Im Hinterhöfli,6,8455 Rüdlingen,2938,SH,real,True,15.11.2024,2685260,1270090
101363310,10086486,190071274,Geissbergstrasse,8,8200 Schaffhausen,2939,SH,real,True,15.11.2024,2689659,1284764
101363311,10086486,190071275,Geissbergstrasse,10,8200 Schaffhausen,2939,SH,real,True,15.11.2024,2689668,1284775
101363484,10108015,190107390,Hauptstrasse,111,8232 Merishausen,2936,SH,real,True,15.11.2024,2687680,1291097
101363552,10111801,190071654,Huebpüntweg,4,8223 Guntmadingen,2932,SH,real,True,15.11.2024,2684071,1282409
101363967,10129089,101204811,Im Tal,199.1,8214 Gächlingen,2901,SH,real,True,23.07.2024,2679110,1284655
101363968,10185476,101205698,Im Häsli,12,8239 Dörflingen,2915,SH,real,True,15.11.2024,2696618,1284760
101363969,10086758,101205803,Quellenstrasse,10,8235 Lohn SH,2917,SH,real,True,15.11.2024,2692678,1290232
101363970,10086758,101205851,Quellenstrasse,8,8235 Lohn SH,2917,SH,real,True,15.11.2024,2692659,1290210
101363971,10237810,101205901,Dorfstrasse,31,8236 Opfertshofen SH,2920,SH,real,True,15.11.2024,2691574,1292364
101363972,10046605,101206403,Dorfstrasse,121,8454 Buchberg,2933,SH,real,True,15.11.2024,2683953,1269652
101363973,10165181,101206404,Hardlistieg,4,8454 Buchberg,2933,SH,real,True,15.11.2024,2683995,1269715
101363974,10086481,101206941,Fischerhäuserstrasse,63,8200 Schaffhausen,2939,SH,real,True,15.11.2024,2690627,1283424
101363976,10073051,101206946,Krummacker,22,8207 Schaffhausen,2939,SH,real,True,15.11.2024,2691693,1286810
101363977,10073051,101206947,Krummacker,24,8207 Schaffhausen,2939,SH,real,True,15.11.2024,2691698,1286805
101363978,10073051,101206948,Krummacker,26,8207 Schaffhausen,2939,SH,real,True,15.11.2024,2691708,1286801
101363979,10091113,101207771,Lisiloostrasse,55,8215 Hallau,2971,SH,real,True,15.11.2024,2675918,1282699
101364036,10019277,190056891,Berghaldenweg,7,8207 Schaffhausen,2939,SH,real,True,15.11.2024,2691981,1286813
101364135,10019274,190057053,Bahnhofstrasse,51,8200 Schaffhausen,2939,SH,real,True,15.11.2024,2689745,1283916
101364226,10087057,190057197,Reiatstrasse,51,8240 Thayngen,2920,SH,real,True,15.11.2024,2694080,1289729
101364227,10136927,190057198,Kastenackerweg,3,8240 Thayngen,2920,SH,real,True,15.11.2024,2694675,1289686
101364424,10118360,190061673,Jägerstrasse,26,8200 Schaffhausen,2939,SH,real,True,15.11.2024,2690556,1285907
101364426,10118360,190061675,Jägerstrasse,24,8200 Schaffhausen,2939,SH,real,True,15.11.2024,2690590,1285889
101364427,10118360,190061677,Jägerstrasse,22,8200 Schaffhausen,2939,SH,real,True,15.11.2024,2690547,1285858
101364431,10073052,190061681,Lahnstrasse,74,8200 Schaffhausen,2939,SH,real,True,15.11.2024,2688107,1284648
101364438,10073052,190061689,Lahnstrasse,72,8200 Schaffhausen,2939,SH,real,True,15.11.2024,2688142,1284661
101364926,10112905,101206563,Taubengasse,15,8232 Merishausen,2936,SH,real,True,15.11.2024,2687889,1290635
101364927,10091242,101206590,Täuferweg,2,8232 Merishausen,2936,SH,real,True,15.11.2024,2687699,1290350
101364928,10031569,101207309,Am Stei,7,8225 Siblingen,2953,SH,real,True,15.11.2024,2681009,1285324
101364929,10087233,101415723,Guldifuess,23,8260 Stein am Rhein,2964,SH,real,True,15.11.2024,2707159,1280267
101364930,10180891,101415716,Chäferstieg,6,8260 Stein am Rhein,2964,SH,real,True,15.11.2024,2706973,1280229
101364990,10026326,190071616,Talstrasse,7,8214 Gächlingen,2901,SH,real,True,15.11.2024,2679274,1284219
101364998,10026320,190071624,Dorfstrasse,56,8214 Gächlingen,2901,SH,real,True,15.11.2024,2679793,1284311
101365765,10136927,190057199,Kastenackerweg,1,8240 Thayngen,2920,SH,real,True,15.11.2024,2694679,1289682
101365922,10046635,190057541,Zündelweg,19,8203 Schaffhausen,2939,SH,real,True,15.11.2024,2691041,1283607
101366724,10136520,190071897,Höörackerstrasse,12,8215 Hallau,2971,SH,real,True,15.11.2024,2676629,1283736
101366726,10073101,190071900,Laamenstrasse,17,8215 Hallau,2971,SH,real,True,15.11.2024,2675988,1283222
101366740,10156881,190071934,Geisshofweg,13,8200 Schaffhausen,2939,SH,real,True,15.11.2024,2689685,1284795
101367000,10025697,190056562,Säntisstrasse,10a,8200 Schaffhausen,2939,SH,real,True,15.11.2024,2690351,1283598
101367005,10180886,190056570,Urwerfhalde,16,8200 Schaffhausen,2939,SH,real,True,15.11.2024,2688834,1283538
101367297,10017855,190053679,Birchstrasse,26,8212 Neuhausen am Rheinfall,2937,SH,real,True,15.11.2024,2687066,1281472
101367481,10180886,190057628,Urwerfhalde,20,8200 Schaffhausen,2939,SH,real,True,15.11.2024,2688785,1283541
101367636,10073360,190055539,Hebsackweg,6,8226 Schleitheim,2952,SH,real,True,15.11.2024,2678475,1289021
101367637,10073360,190055540,Hebsackweg,8,8226 Schleitheim,2952,SH,real,True,15.11.2024,2678485,1289011
101367667,10073069,190062329,Steingutstrasse,9,8200 Schaffhausen,2939,SH,real,True,15.11.2024,2690388,1285591
101367669,10018665,190062332,Im Trenschen,27,8207 Schaffhausen,2939,SH,real,True,15.11.2024,2691978,1287153
101367677,10087039,190062354,Erlenwisenstrasse,25,8234 Stetten SH,2919,SH,real,True,15.11.2024,2691300,1287794
101367794,10113197,190064681,Hohbergstrasse,14,8207 Schaffhausen,2939,SH,real,True,15.11.2024,2690922,1286276
101367828,10031525,190059835,Bettenstrasse,27,8217 Wilchingen,2974,SH,real,True,15.11.2024,2677681,1280025
101367832,10031525,190059856,Bettenstrasse,33,8217 Wilchingen,2974,SH,real,True,15.11.2024,2677743,1280032
101368021,10019277,190064891,Berghaldenweg,20,8207 Schaffhausen,2939,SH,real,True,15.11.2024,2691966,1286721
101368178,10091109,190071893,Blumengartenstrasse,13,8215 Hallau,2971,SH,real,True,15.11.2024,2676320,1283052
101368220,10073055,190071974,Mühlentalstrasse,272,8200 Schaffhausen,2939,SH,real,True,15.11.2024,2689559,1285997
101368429,10025681,190108962,Sennereistrasse,67,8200 Schaffhausen,2939,SH,real,True,15.11.2024,2690710,1285501
101368454,10134235,190108983,Galgenbuckstrasse,14,8217 Wilchingen,2974,SH,real,True,15.11.2024,2677026,1281697
101369326,10032571,190055680,Lendenbergstrasse,62,8226 Schleitheim,2952,SH,real,True,15.11.2024,2677594,1289242
101369987,10178606,190068539,Etzelstrasse,16,8200 Schaffhausen,2939,SH,real,True,15.11.2024,2688111,1284475
101370834,10085772,190055706,Obere Espilibuck,2,8226 Schleitheim,2952,SH,real,True,15.11.2024,2678529,1289724
101370892,10073110,190054245,Gässli,7,8219 Trasadingen,2973,SH,real,True,15.11.2024,2674348,1280212
101371028,10048900,190060019,Lohningerweg,73,8240 Thayngen,2920,SH,real,True,15.11.2024,2694425,1289519
101371230,10179737,190065087,Adlerstrasse,12,8226 Schleitheim,2952,SH,real,True,15.11.2024,2678505,1289300
101371235,10019277,190065090,Berghaldenweg,22,8207 Schaffhausen,2939,SH,real,True,15.11.2024,2691969,1286702
101371236,10019277,190065091,Berghaldenweg,24,8207 Schaffhausen,2939,SH,real,True,15.11.2024,2691971,1286695
101372403,10039881,190110632,Chlosterstrasse,25,8234 Stetten SH,2919,SH,real,True,15.11.2024,2691865,1288363
101373072,10027514,190112046,Sportplatzweg,11,8213 Neunkirch,2904,SH,real,True,15.11.2024,2679664,1282971
101373073,10137899,190112050,Glaserweg,7,8213 Neunkirch,2904,SH,real,True,15.11.2024,2680283,1282608
101373592,10024929,190098623,Im Leuen,23,8243 Altdorf SH,2920,SH,real,True,15.11.2024,2691614,1293537
101373593,10072974,101205692,Gärtlistrasse,2,8239 Dörflingen,2915,SH,real,True,15.11.2024,2696536,1284647
101373596,10120410,190098626,Hoftalstrasse,7,8233 Bargen SH,2931,SH,real,True,15.11.2024,2687512,1294341
101373597,10120410,190098627,Hoftalstrasse,5,8233 Bargen SH,2931,SH,real,True,15.11.2024,2687530,1294361
101373600,10169254,101206411,Unterbreitenstrasse,8,8454 Buchberg,2933,SH,real,True,15.11.2024,2684663,1269690
101373603,10146949,101551796,Dostentalstrasse,15,8232 Merishausen,2936,SH,real,True,15.11.2024,2687854,1290023
101373604,10073096,101415729,Rhigüetliweg,6,8260 Stein am Rhein,2964,SH,real,True,15.11.2024,2707600,1279557
101373605,10103231,190098632,Unterdorfstrasse,12,8263 Buch SH,2961,SH,real,True,15.11.2024,2700893,1286086
101373609,10154306,190098636,Underi Müli,4,8260 Stein am Rhein,2964,SH,real,True,15.11.2024,2706963,1279680
101373610,10154306,101415726,Underi Müli,6,8260 Stein am Rhein,2964,SH,real,True,15.11.2024,2706945,1279671
101373611,10154306,101415727,Underi Müli,8,8260 Stein am Rhein,2964,SH,real,True,15.11.2024,2706962,1279671
101373623,10153984,101415804,Turnplatzstrasse,11,8215 Hallau,2971,SH,real,True,15.11.2024,2676518,1283739
101373624,10031510,101415818,Weiherschulstrasse,8,8215 Hallau,2971,SH,real,True,15.11.2024,2676367,1283611
101373625,10091394,101415817,Wunderklingerstrasse,59,8215 Hallau,2971,SH,real,True,15.11.2024,2676117,1283345
101373632,10153985,101551713,Rohrstrasse,23,8216 Oberhallau,2972,SH,real,True,15.11.2024,2677746,1284248
101373766,10120398,190112031,Gigering,31,8213 Neunkirch,2904,SH,real,True,15.11.2024,2679095,1282358
101373768,10111805,190112054,Welscher Garten,13,8213 Neunkirch,2904,SH,real,True,15.11.2024,2679229,1282501
101374097,10091223,190109509,Schützeweg,24,8222 Beringen,2932,SH,real,True,15.11.2024,2685387,1284124
101374221,10186339,190109511,Gellerstrasse,44,8222 Beringen,2932,SH,real,True,15.11.2024,2685497,1283594
101375842,10120413,190109559,Steig,32,8222 Beringen,2932,SH,real,True,15.11.2024,2685462,1283823
101384649,10019554,190109400,Unterstieg,14,8222 Beringen,2932,SH,real,True,15.11.2024,2685680,1283751
101384938,10120398,190112015,Gigering,33,8213 Neunkirch,2904,SH,real,True,15.11.2024,2679111,1282344
101384942,10027511,190112043,Oberwiesweg,2,8213 Neunkirch,2904,SH,real,True,15.11.2024,2679548,1282293
101386977,10117541,190109396,Stalden,5,8222 Beringen,2932,SH,real,True,15.11.2024,2684953,1283552
101386978,10091223,190109397,Schützeweg,35b,8222 Beringen,2932,SH,real,True,15.11.2024,2685286,1284237
101388039,10085738,190171013,Schwarzadlerstrasse,11,8200 Schaffhausen,2939,SH,real,True,15.11.2024,2689205,1284920
101390001,10018160,190110006,Schützenstrasse,53,8212 Neuhausen am Rheinfall,2937,SH,real,True,15.11.2024,2686991,1281614
101391597,10108015,101551716,Hauptstrasse,103,8232 Merishausen,2936,SH,real,True,15.11.2024,2687672,1291066
101391598,10108015,101551717,Hauptstrasse,105,8232 Merishausen,2936,SH,real,True,15.11.2024,2687702,1291072
101391599,10108015,101551718,Hauptstrasse,107,8232 Merishausen,2936,SH,real,True,15.11.2024,2687677,1291081
101391600,10108015,101551719,Hauptstrasse,109,8232 Merishausen,2936,SH,real,True,15.11.2024,2687707,1291087
101391604,10108015,101551795,Hauptstrasse,101,8232 Merishausen,2936,SH,real,True,15.11.2024,2687697,1291057
101391605,10108015,101551797,Hauptstrasse,68,8232 Merishausen,2936,SH,real,True,15.11.2024,2687796,1290656
101392358,10068433,190103828,Oberwiesen,3,8224 Löhningen,2903,SH,real,True,15.11.2024,2683480,1284232
101393760,10019284,190128710,Buchenstrasse,14,8200 Schaffhausen,2939,SH,real,True,15.11.2024,2690591,1284699
101394008,10068434,190103780,Schützengasse,21,8224 Löhningen,2903,SH,real,True,15.11.2024,2683523,1284112
101394010,10068433,190103784,Oberwiesen,9,8224 Löhningen,2903,SH,real,True,15.11.2024,2683420,1284240
101394013,10237811,190103787,Dorfstrasse,12,8242 Bibern SH,2920,SH,real,True,15.11.2024,2692800,1292086
101394015,10024934,190103789,Sägistrasse,,8242 Bibern SH,2920,SH,real,True,19.11.2024,2692695,1292111
101394017,10024934,190103791,Sägistrasse,7,8242 Bibern SH,2920,SH,real,True,15.11.2024,2692679,1292127
101394309,10073040,190096687,Gugerhalde,23,8207 Schaffhausen,2939,SH,real,True,15.11.2024,2692073,1286850
101394317,10108024,190096699,Kirchbergstrasse,17,8207 Schaffhausen,2939,SH,real,True,15.11.2024,2691418,1286331
101394318,10108024,190096701,Kirchbergstrasse,17a,8207 Schaffhausen,2939,SH,real,True,15.11.2024,2691419,1286331
101394319,10108024,190096704,Kirchbergstrasse,17b,8207 Schaffhausen,2939,SH,real,True,15.11.2024,2691424,1286334
101394321,10108024,190096708,Kirchbergstrasse,17d,8207 Schaffhausen,2939,SH,real,True,15.11.2024,2691405,1286355
101394370,10046607,190105408,Rheinweg,1c,8200 Schaffhausen,2937,SH,real,True,15.11.2024,2689008,1283102
101394550,10121172,190105849,Buchbergstrasse,10,8200 Schaffhausen,2939,SH,real,True,15.11.2024,2688924,1287452
101394552,10073060,190105852,Rheinstrasse,20,8200 Schaffhausen,2939,SH,real,True,15.11.2024,2689729,1283279
101394725,10118137,190096928,Bahnhofstrasse,1a,8213 Neunkirch,2904,SH,real,True,15.11.2024,2679389,1282630
101394727,10136922,190096930,Grebenstrasse,2,8213 Neunkirch,2904,SH,real,True,15.11.2024,2679790,1282487
101394796,10110819,101415733,Espiweg,42a,8260 Stein am Rhein,2964,SH,real,True,15.11.2024,2706261,1279623
101394797,10031923,101415734,Hemishoferstrasse,70,8260 Stein am Rhein,2964,SH,real,True,15.11.2024,2706019,1280263
101394798,10117742,101415801,Untere Buckstrasse,22,8215 Hallau,2971,SH,real,True,15.11.2024,2677119,1283660
101394799,10121179,101415805,Blumenstrasse,9,8215 Hallau,2971,SH,real,True,15.11.2024,2675970,1283011
101394800,10031944,101415808,Chatzenbergstrasse,15,8215 Hallau,2971,SH,real,True,15.11.2024,2676537,1283768
101394801,10031508,101415810,Schmalzgasse,73,8215 Hallau,2971,SH,real,True,15.11.2024,2675966,1283036
101394802,10091393,101415812,Weiherhofstrasse,5,8215 Hallau,2971,SH,real,True,15.11.2024,2676447,1283897
101394803,10117742,101415819,Untere Buckstrasse,20,8215 Hallau,2971,SH,real,True,15.11.2024,2677094,1283643
101394804,10136520,101415820,Höörackerstrasse,14,8215 Hallau,2971,SH,real,True,15.11.2024,2676657,1283736
101394928,10087219,190097279,Fortenbach,179.1,8262 Ramsen,2963,SH,real,True,23.07.2024,2702810,1285310
101395215,10110816,190097404,Stahlwerkstrasse,14,8200 Schaffhausen,2939,SH,real,True,15.11.2024,2689192,1284942
101395245,10046627,190097456,Rietmattstrasse,17,8200 Schaffhausen,2939,SH,real,True,15.11.2024,2688307,1284077
101395381,10046627,190098482,Rietmattstrasse,15,8200 Schaffhausen,2939,SH,real,True,15.11.2024,2688298,1284076
101395383,10046627,190098484,Rietmattstrasse,11,8200 Schaffhausen,2939,SH,real,True,15.11.2024,2688296,1284109
101395817,10026338,190103843,Burg,236.1,8224 Löhningen,2903,SH,real,True,23.07.2024,2681771,1283647
101395944,10046625,190103962,Quellenstrasse,23a,8200 Schaffhausen,2939,SH,real,True,15.11.2024,2688502,1284168
101396031,10104921,190105672,Staanackerstrasse,2,8234 Stetten SH,2919,SH,real,True,15.11.2024,2691772,1288334
101396032,10087038,190105673,Brämlenstrasse,43,8234 Stetten SH,2919,SH,real,True,15.11.2024,2691264,1287829
101396069,10073033,190105897,Frauengasse,8,8200 Schaffhausen,2939,SH,real,True,15.11.2024,2689723,1283325
101396129,10091246,190137368,Bergstrasse,13,8212 Neuhausen am Rheinfall,2937,SH,real,True,15.11.2024,2688327,1282595
101396260,10024976,190106125,Rotackerstrasse,6,8234 Stetten SH,2919,SH,real,True,15.11.2024,2691863,1288469
101396261,10154819,190106127,Im Buechacker,4,8234 Stetten SH,2919,SH,real,True,15.11.2024,2691868,1288023
101396708,10087045,190097382,Barzheimerstrasse,5,8240 Thayngen,2920,SH,real,True,15.11.2024,2695000,1289750
101396709,10120407,190097383,Erlengasse,14,8240 Thayngen,2920,SH,real,True,15.11.2024,2694955,1288933
101396710,10026385,190097383,Bohlstrasse,5,8240 Thayngen,2920,SH,real,True,15.11.2024,2694946,1288952
101396712,10087053,190097385,Im Oberhof,14,8240 Thayngen,2920,SH,real,True,15.11.2024,2695514,1289388
101396717,10237822,190097398,Zollstrasse,33,8240 Thayngen,2920,SH,real,True,15.11.2024,2695351,1288663
101396720,10110816,190097403,Stahlwerkstrasse,10,8200 Schaffhausen,2939,SH,real,True,15.11.2024,2689180,1284937
101397451,10133041,190095243,Eigenweg,12,8215 Hallau,2971,SH,real,True,15.11.2024,2676951,1283468
101397452,10127705,190095244,Gewerbestrasse,4,8215 Hallau,2971,SH,real,True,15.11.2024,2677107,1283095
101397453,10031502,190095246,Leebenstrasse,33.1,8215 Hallau,2971,SH,real,True,23.07.2024,2676741,1283234
101397658,10085726,190105256,Neutalstrasse,68,8207 Schaffhausen,2939,SH,real,True,15.11.2024,2692520,1286460
101397912,10073055,190105244,Mühlentalstrasse,368,8200 Schaffhausen,2939,SH,real,True,15.11.2024,2688823,1287380
101398641,10018160,190111292,Schützenstrasse,55,8212 Neuhausen am Rheinfall,2937,SH,real,True,15.11.2024,2686964,1281612
101398644,10091244,190111355,Badische Bahnhofstrasse,17,8212 Neuhausen am Rheinfall,2937,SH,real,True,15.11.2024,2688165,1281900
101398656,10112907,190111375,Rabenfluhstrasse,22,8212 Neuhausen am Rheinfall,2937,SH,real,True,15.11.2024,2688964,1282165
101402586,10072977,11515542,Morgenbuckweg,5,8239 Dörflingen,2915,SH,real,True,15.11.2024,2696255,1285152
101403221,10086467,101414903,Albisstrasse,32,8200 Schaffhausen,2939,SH,real,True,15.11.2024,2688597,1284772
101403222,10106947,101414906,Dachsenbüelstrasse,14,8200 Schaffhausen,2939,SH,real,True,15.11.2024,2690366,1286523
101403223,10106947,101414909,Dachsenbüelstrasse,4,8200 Schaffhausen,2939,SH,real,True,15.11.2024,2690321,1286509
101403224,10019271,101414911,Artilleriestrasse,31,8200 Schaffhausen,2939,SH,real,True,15.11.2024,2691394,1284419
101403225,10019271,101414914,Artilleriestrasse,24,8200 Schaffhausen,2939,SH,real,True,15.11.2024,2691355,1284374
101403226,10113197,101414917,Hohbergstrasse,38,8207 Schaffhausen,2939,SH,real,True,15.11.2024,2690889,1286314
101403227,10178606,101414921,Etzelstrasse,7,8200 Schaffhausen,2939,SH,real,True,15.11.2024,2688198,1284589
101403228,10073041,101414924,Haldenwiesli,10,8207 Schaffhausen,2939,SH,real,True,15.11.2024,2692085,1286568
101403229,10025698,101414927,Talstrasse,60,8200 Schaffhausen,2939,SH,real,True,15.11.2024,2691076,1284158
101403230,10178606,101414930,Etzelstrasse,27b,8200 Schaffhausen,2939,SH,real,True,15.11.2024,2688156,1284410
101403231,10178606,101414931,Etzelstrasse,27c,8200 Schaffhausen,2939,SH,real,True,15.11.2024,2688145,1284398
101403232,10106947,101414950,Dachsenbüelstrasse,2,8200 Schaffhausen,2939,SH,real,True,15.11.2024,2690320,1286523
101404534,10074392,101206553,Aeugstleracker,2,8232 Merishausen,2936,SH,real,True,15.11.2024,2687715,1290169
101404535,10074392,101206561,Aeugstleracker,5,8232 Merishausen,2936,SH,real,True,15.11.2024,2687695,1290190
101404578,10017877,190011945,Rheinstrasse,38,8212 Neuhausen am Rheinfall,2937,SH,real,True,15.11.2024,2688891,1281595
101406295,10046605,11516463,Dorfstrasse,112,8454 Buchberg,2933,SH,real,True,15.11.2024,2683944,1269674
101406296,10135309,11516464,Chilcheraa,1,8226 Schleitheim,2952,SH,real,True,15.11.2024,2678874,1289311
101406636,10025692,2711499,Stettemerstrasse,64a,8207 Schaffhausen,2939,SH,real,True,15.11.2024,2691541,1286803
101406637,10025692,2711499,Stettemerstrasse,64b,8207 Schaffhausen,2939,SH,real,True,15.11.2024,2691543,1286806
101406638,10025692,2711499,Stettemerstrasse,62,8207 Schaffhausen,2939,SH,real,True,15.11.2024,2691532,1286792
101408417,10018681,190017390,Lindliweg,9,8200 Schaffhausen,2939,SH,real,True,15.11.2024,2691043,1283204
101410521,10138958,190020468,Schaffhauserstrasse,237,8222 Beringen,2939,SH,real,False,15.11.2024,2687537,1283294
101410817,10018630,190077196,Floraweg,8,8200 Schaffhausen,2939,SH,real,True,15.11.2024,2689308,1285150
101412429,10237812,9003469,Dorfstrasse,22,8240 Thayngen,2920,SH,real,True,15.11.2024,2695328,1289327
101412466,10106945,190137316,Rosenbergstrasse,141,8212 Neuhausen am Rheinfall,2937,SH,real,True,15.11.2024,2688562,1283178
101412516,10073056,190105252,Neustadt,51,8200 Schaffhausen,2939,SH,real,True,15.11.2024,2689594,1283429
101412518,10073042,1610349,Herrenacker,25,8200 Schaffhausen,2939,SH,real,True,15.11.2024,2689722,1283467
101412520,10179726,2029603,Rietstrasse,30,8200 Schaffhausen,2939,SH,real,True,15.11.2024,2688951,1284060
101412525,10025705,190105277,Unterstadt,23,8200 Schaffhausen,2939,SH,real,True,15.11.2024,2690117,1283488
101412526,10073076,1610399,Vordergasse,3,8200 Schaffhausen,2939,SH,real,True,15.11.2024,2690020,1283481
101412527,10179734,190105288,Weinsteig,80,8200 Schaffhausen,2939,SH,real,True,15.11.2024,2689629,1284482
101412528,10073076,1610352,Vordergasse,77,8200 Schaffhausen,2939,SH,real,True,15.11.2024,2689740,1283541
101413484,10031508,11527121,Schmalzgasse,75,8215 Hallau,2971,SH,real,True,15.11.2024,2675943,1283030
101415222,10087013,11527796,Schulgasse,12,8214 Gächlingen,2901,SH,real,True,15.11.2024,2679273,1284099
101415224,10071686,11527810,Dorfstrasse,42,8261 Hemishofen,2962,SH,real,True,15.11.2024,2704258,1281695
101417100,10071693,11528710,Judebömmlistrasse,535,8262 Ramsen,2963,SH,real,True,15.11.2024,2703399,1285080
101417111,10048900,11528812,Lohningerweg,65,8240 Thayngen,2920,SH,real,True,15.11.2024,2694447,1289518
101418498,10073051,190020040,Krummacker,32,8207 Schaffhausen,2939,SH,real,True,15.11.2024,2691716,1286828
101418499,10073051,190020041,Krummacker,42,8207 Schaffhausen,2939,SH,real,True,15.11.2024,2691725,1286856
101418501,10178606,190020043,Etzelstrasse,27a,8200 Schaffhausen,2939,SH,real,True,15.11.2024,2688159,1284432
101418826,10193646,2033298,Am Gässli,5,8219 Trasadingen,2973,SH,real,True,15.11.2024,2674305,1280274
101419314,10019271,190081326,Artilleriestrasse,16,8200 Schaffhausen,2939,SH,real,True,15.11.2024,2691286,1284427
101421716,10103234,190021774,Pfyffergässli,13,8219 Trasadingen,2973,SH,real,True,15.11.2024,2674533,1280019
101421717,10103234,190021775,Pfyffergässli,11,8219 Trasadingen,2973,SH,real,True,15.11.2024,2674546,1280037
101423869,10138975,190020569,Aagewis,12,8228 Beggingen,2951,SH,real,True,15.11.2024,2682739,1290963
101425524,10146948,190021706,Hengstackerstrasse,2,8233 Bargen SH,2931,SH,real,True,15.11.2024,2687581,1294005
101425529,10146949,190021709,Dostentalstrasse,8,8232 Merishausen,2936,SH,real,True,15.11.2024,2687827,1290078
101425533,10113212,190021711,Grabenstrasse,11a,8225 Siblingen,2953,SH,real,True,15.11.2024,2681080,1285535
101425542,10031604,190021714,Pfarrhofweg,244,8262 Ramsen,2963,SH,real,True,15.11.2024,2702928,1285047
101426316,10031613,11515404,Wydenhagweg,199,8262 Ramsen,2963,SH,real,True,15.11.2024,2702951,1285307
101426317,10071689,11515406,Bahnhofstrasse,469,8262 Ramsen,2963,SH,real,True,15.11.2024,2703483,1285003
101426318,10071693,11515408,Judebömmlistrasse,530,8262 Ramsen,2963,SH,real,True,15.11.2024,2703353,1285095
101426956,10085721,190172314,Lochstrasse,13,8200 Schaffhausen,2939,SH,real,True,15.11.2024,2689214,1284873
101427159,10195244,190176151,Undergass,13,8219 Trasadingen,2973,SH,real,True,15.11.2024,2674761,1280003
101427564,10112696,482599,Bachäckerweg,1,8261 Hemishofen,2962,SH,real,True,15.11.2024,2704294,1281684
101427569,10018464,190174271,Oberstieg,21,8222 Beringen,2932,SH,real,True,15.11.2024,2685803,1283822
101427602,10068429,190174427,Goldackerweg,28,8224 Löhningen,2903,SH,real,True,23.07.2024,2683347,1283784
101427962,10026320,470173,Dorfstrasse,2,8214 Gächlingen,2901,SH,real,True,15.11.2024,2679539,1284031
101428002,10187857,190177900,Tannerberg,1a,8200 Schaffhausen,2939,SH,real,True,15.11.2024,2689674,1284009
101428751,10113204,190176646,Steighalde,11,8200 Schaffhausen,2939,SH,real,True,15.11.2024,2689422,1283682
101428930,10187858,190174892,Vögelingässchen,68,8200 Schaffhausen,2939,SH,real,True,15.11.2024,2691997,1282548
101429005,10019295,190174837,Felsenaustrasse,35,8200 Schaffhausen,2939,SH,real,True,15.11.2024,2689449,1285166
101429111,10018447,190174251,Benzeweg,45a,8222 Beringen,2932,SH,real,True,15.11.2024,2686489,1283578
101429113,10018447,190174253,Benzeweg,45b,8222 Beringen,2932,SH,real,True,15.11.2024,2686510,1283575
101429114,10018447,190174257,Benzeweg,45c,8222 Beringen,2932,SH,real,True,15.11.2024,2686493,1283599
101429115,10018447,190174258,Benzeweg,45d,8222 Beringen,2932,SH,real,True,15.11.2024,2686513,1283594
101429145,10025707,190174808,Vorderenge,13,8200 Schaffhausen,2939,SH,real,True,15.11.2024,2688521,1283420
101429165,10106947,190174437,Dachsenbüelstrasse,45,8200 Schaffhausen,2939,SH,real,True,15.11.2024,2690330,1286618
101429166,10106947,190174438,Dachsenbüelstrasse,47,8200 Schaffhausen,2939,SH,real,True,15.11.2024,2690324,1286615
101429331,10091265,190176981,Im Vogelsand,2,8455 Rüdlingen,2938,SH,real,True,15.11.2024,2684837,1270633
101429474,10031923,190178076,Hemishoferstrasse,18.1,8260 Stein am Rhein,2964,SH,real,True,23.07.2024,2706388,1280074
101430714,10031923,190175187,Hemishoferstrasse,26,8260 Stein am Rhein,2964,SH,real,True,15.11.2024,2706307,1280113
101430745,10018642,190175063,Grabenstrasse,24,8200 Schaffhausen,2939,SH,real,True,15.11.2024,2689574,1283352
101430775,10091223,190178346,Schützeweg,33d,8222 Beringen,2932,SH,real,True,15.11.2024,2685290,1284212
101430788,10128947,190178367,Hinder Nüchilch,24,8213 Neunkirch,2904,SH,real,True,15.11.2024,2679723,1282050
101430792,10048897,190178372,Rebweg,10,8213 Neunkirch,2904,SH,real,True,15.11.2024,2679674,1282173
101430923,10017855,190177345,Birchstrasse,24,8212 Neuhausen am Rheinfall,2937,SH,real,True,15.11.2024,2687050,1281535
101431147,10073360,190199919,Hebsackweg,12,8226 Schleitheim,2952,SH,real,True,15.11.2024,2678508,1288984
101431148,10032568,190199923,Hölderlistrasse,14a,8226 Schleitheim,2952,SH,real,True,15.11.2024,2677843,1289108
101431150,10103228,190199926,Im Morgen,18,8226 Schleitheim,2952,SH,real,True,15.11.2024,2678244,1288733
101431154,10072966,471108,Im Bohl,15,8243 Altdorf SH,2920,SH,real,True,15.11.2024,2691237,1293324
101431695,10018642,1610325,Grabenstrasse,22,8200 Schaffhausen,2939,SH,real,True,15.11.2024,2689579,1283337
101431818,10179726,190176714,Rietstrasse,58,8200 Schaffhausen,2939,SH,real,True,15.11.2024,2688756,1284101
101432005,10120427,190175211,Mutzentäli,10,8207 Schaffhausen,2939,SH,real,True,15.11.2024,2691091,1285918
101432006,10120427,190175212,Mutzentäli,8,8207 Schaffhausen,2939,SH,real,True,15.11.2024,2691098,1285915
101432042,10156881,190175607,Geisshofweg,7a,8200 Schaffhausen,2939,SH,real,True,15.11.2024,2689692,1284752
101432158,10085748,190175122,Stokarbergstrasse,127,8200 Schaffhausen,2939,SH,real,True,15.11.2024,2688642,1283452
101433113,10113197,190175789,Hohbergstrasse,20,8207 Schaffhausen,2939,SH,real,True,15.11.2024,2690891,1286339
101433115,10156881,190175794,Geisshofweg,8,8200 Schaffhausen,2939,SH,real,True,15.11.2024,2689712,1284696
101433117,10108025,190175799,Kyburgweg,4,8200 Schaffhausen,2939,SH,real,True,15.11.2024,2691557,1282891
101433120,10025705,9045005,Unterstadt,1,8200 Schaffhausen,2939,SH,real,True,15.11.2024,2690203,1283479
101433125,10018680,1615327,Lindenplatz,12a,8203 Schaffhausen,2939,SH,real,True,15.11.2024,2691362,1283613
101433143,10025692,2711499,Stettemerstrasse,62a,8207 Schaffhausen,2939,SH,real,True,15.11.2024,2691536,1286796
101433144,10025692,9012812,Stettemerstrasse,66a,8207 Schaffhausen,2939,SH,real,True,15.11.2024,2691565,1286835
101433146,10025692,9012812,Stettemerstrasse,66b,8207 Schaffhausen,2939,SH,real,True,15.11.2024,2691571,1286841
101433503,10025705,9045005,Unterstadt,5,8200 Schaffhausen,2939,SH,real,True,15.11.2024,2690186,1283480
101433505,10025705,9045005,Unterstadt,7,8200 Schaffhausen,2939,SH,real,True,15.11.2024,2690178,1283480
101434218,10025705,9045005,Unterstadt,3,8200 Schaffhausen,2939,SH,real,True,15.11.2024,2690196,1283479
101435050,10046607,2027269,Rheinweg,21,8200 Schaffhausen,2937,SH,real,True,15.11.2024,2688898,1282954
101435492,10068429,190177422,Goldackerweg,20,8224 Löhningen,2903,SH,real,True,15.11.2024,2683459,1283820
101435496,10171868,190177447,Schmörletblick,7,8224 Löhningen,2903,SH,real,True,15.11.2024,2683339,1284088
101439695,10104921,190173618,Staanackerstrasse,1,8234 Stetten SH,2919,SH,real,True,15.11.2024,2691792,1288287
101440062,10031615,190174616,Bockrain,11,8260 Stein am Rhein,2964,SH,real,True,15.11.2024,2706279,1280366
101441435,10018450,190177173,Eggeweg,,8222 Beringen,2932,SH,real,True,23.07.2024,2685466,1285179
101442559,10024970,190173715,Dorfstrasse,24,8234 Stetten SH,2919,SH,real,True,15.11.2024,2691702,1288488
101442567,10168102,190173729,Im Schalmenacker,5,8234 Stetten SH,2919,SH,real,True,15.11.2024,2691986,1288344
101442738,10087013,190177276,Schulgasse,11,8214 Gächlingen,2901,SH,real,True,15.11.2024,2679320,1284003
101442748,10132132,190172224,Bruderhöflistrasse,14,8203 Schaffhausen,2939,SH,real,True,15.11.2024,2691083,1283397
101443775,10024976,190173571,Rotackerstrasse,11,8234 Stetten SH,2919,SH,real,True,15.11.2024,2691915,1288587
101443781,10104921,190173613,Staanackerstrasse,3,8234 Stetten SH,2919,SH,real,True,15.11.2024,2691760,1288264
101443785,10085740,190173926,Seewadelstrasse,22,8203 Schaffhausen,2939,SH,real,True,15.11.2024,2691540,1283839
101443964,10108019,190174401,Löwenstein,23b,8212 Neuhausen am Rheinfall,2937,SH,real,True,15.11.2024,2688711,1283019
101444537,10073020,190174083,Underem Förlibuck,8,8455 Rüdlingen,2938,SH,real,True,15.11.2024,2684739,1270344
101444539,10113218,190174084,Im Riet,15,8260 Stein am Rhein,2964,SH,real,True,15.11.2024,2706261,1280271
101444541,10118358,190174088,Im vorderen Chapf,21,8455 Rüdlingen,2938,SH,real,True,15.11.2024,2684776,1270387
101444591,10112696,190172842,Bachäckerweg,3a,8261 Hemishofen,2962,SH,real,True,19.11.2024,2704307,1281688
101444617,10025700,1613477,Trüllenbuck,59,8207 Schaffhausen,2939,SH,real,True,15.11.2024,2691768,1286658
101445452,10086490,190174353,Grubenstrasse,129,8200 Schaffhausen,2939,SH,real,True,15.11.2024,2691025,1284271
101445453,10086490,190174354,Grubenstrasse,131,8200 Schaffhausen,2939,SH,real,True,15.11.2024,2691062,1284284
101445457,10146886,190174357,Brunnackerstrasse,3,8200 Schaffhausen,2939,SH,real,True,15.11.2024,2688374,1284141
101445459,10018674,190174358,Kronenacker,3,8200 Schaffhausen,2939,SH,real,True,15.11.2024,2691054,1285784
101445683,10106947,190175651,Dachsenbüelstrasse,46,8200 Schaffhausen,2939,SH,real,True,15.11.2024,2690292,1286641
101445852,10139328,190172931,Rietstrasse,3,8235 Lohn SH,2917,SH,real,True,15.11.2024,2692206,1289908
101446091,10171416,190177466,Wiideblick,1,8224 Löhningen,2903,SH,real,True,15.11.2024,2683296,1284148
101447153,10073043,190175786,Hohberg,26,8207 Schaffhausen,2939,SH,real,True,15.11.2024,2691059,1286268
101447260,10106947,190175650,Dachsenbüelstrasse,44,8200 Schaffhausen,2939,SH,real,True,15.11.2024,2690295,1286635
101448316,10122740,482440,Lindenweg,2,8263 Buch SH,2961,SH,real,True,15.11.2024,2700928,1285997
101448830,10154375,190176014,Gemeindewiesenstrasse,5,8212 Neuhausen am Rheinfall,2937,SH,real,True,15.11.2024,2687519,1281658
101449492,10179729,190176711,Sommerhalde,16,8200 Schaffhausen,2939,SH,real,True,15.11.2024,2688409,1286281
101449823,10046632,190176558,Ebnatring,21,8200 Schaffhausen,2939,SH,real,True,15.11.2024,2690883,1285207
101449842,10018632,9045005,Freier Platz,3,8200 Schaffhausen,2939,SH,real,True,15.11.2024,2690208,1283467
101449867,10018680,190176675,Lindenplatz,10a,8203 Schaffhausen,2939,SH,real,True,15.11.2024,2691326,1283580
101451168,10018657,190151173,Hohlenbaumstrasse,53a,8200 Schaffhausen,2939,SH,real,True,15.11.2024,2688524,1284598
101451297,10025710,190154441,Windeggstieg,46,8203 Schaffhausen,2939,SH,real,True,15.11.2024,2691423,1283066
101451311,10026342,190165660,Hauptstrasse,67,8224 Löhningen,2903,SH,real,True,15.11.2024,2683484,1283971
101451313,10026344,190165666,Industriestrasse,13,8224 Löhningen,2903,SH,real,True,15.11.2024,2683286,1283828
101451315,10026344,190165668,Industriestrasse,17,8224 Löhningen,2903,SH,real,True,15.11.2024,2683295,1283801
101451317,10026342,190165672,Hauptstrasse,93a,8224 Löhningen,2903,SH,real,True,15.11.2024,2683296,1283920
101451430,10187869,190157033,Küferstrasse,35,8215 Hallau,2971,SH,real,True,15.11.2024,2675965,1283102
101451431,10033110,190157034,Fronhofweg,13,8215 Hallau,2971,SH,real,True,15.11.2024,2676388,1283341
101451434,10031508,190157055,Schmalzgasse,70,8215 Hallau,2971,SH,real,True,15.11.2024,2675983,1283069
101451620,10046605,473694,Dorfstrasse,4,8454 Buchberg,2933,SH,real,True,15.11.2024,2684849,1269974
101451621,10161512,9080715,Hohlegasse,13,8454 Buchberg,2933,SH,real,True,15.11.2024,2684492,1269604
101451661,10187854,1610584,Pestalozzistrasse,2,8200 Schaffhausen,2939,SH,real,True,15.11.2024,2689953,1283842
101451668,10091393,190157035,Weiherhofstrasse,3,8215 Hallau,2971,SH,real,True,15.11.2024,2676427,1283898
101451670,10168524,190157058,Friedauweg,1,8215 Hallau,2971,SH,real,True,15.11.2024,2676704,1282781
101451946,10031927,190160511,Köhlerweid,23,8260 Stein am Rhein,2964,SH,real,True,15.11.2024,2705957,1279193
101452213,10237811,190143750,Dorfstrasse,22,8242 Bibern SH,2920,SH,real,True,15.11.2024,2692878,1292051
101452216,10237811,190143753,Dorfstrasse,g18,8242 Bibern SH,2920,SH,real,True,23.07.2024,2692923,1292068
101452220,10186575,190143792,Obere Hofwiesen,6,8226 Schleitheim,2952,SH,real,True,15.11.2024,2678649,1289555
101452362,10018446,190008318,Auf der Höhe,6,8222 Beringen,2932,SH,real,True,15.11.2024,2684898,1283955
101452481,10039881,190168293,Chlosterstrasse,21,8234 Stetten SH,2919,SH,real,True,15.11.2024,2691900,1288365
101452641,10087229,190148115,Blaurockstrasse,6a,8260 Stein am Rhein,2964,SH,real,True,15.11.2024,2706836,1280108
101452656,10113218,190149328,Im Riet,19,8260 Stein am Rhein,2964,SH,real,True,15.11.2024,2706199,1280292
101452737,10106947,190151674,Dachsenbüelstrasse,21,8200 Schaffhausen,2939,SH,real,True,15.11.2024,2690354,1286598
101453016,10108012,190145458,Reckholdersbüelweg,7,8240 Thayngen,2920,SH,real,True,15.11.2024,2695346,1289647
101453047,10163390,190148869,Wieslibachstrasse,15,8200 Schaffhausen,2939,SH,real,True,15.11.2024,2688330,1284209
101453112,10161547,190154817,Im Brand,12,8200 Schaffhausen,2939,SH,real,True,15.11.2024,2690283,1286672
101453169,10031944,190157030,Chatzenbergstrasse,11,8215 Hallau,2971,SH,real,True,15.11.2024,2676546,1283739
101453171,10118360,190157032,Jägerstrasse,16,8200 Schaffhausen,2939,SH,real,True,15.11.2024,2690522,1285819
101453280,10031613,190149076,Wydenhagweg,559,8262 Ramsen,2963,SH,real,True,15.11.2024,2702863,1285352
101453337,10187869,190157072,Küferstrasse,41,8215 Hallau,2971,SH,real,True,15.11.2024,2675914,1283086
101453368,10117542,190148908,Bruggwiesen,12,8231 Hemmental,2939,SH,real,True,15.11.2024,2686336,1287246
101453376,10146886,190150831,Brunnackerstrasse,12,8200 Schaffhausen,2939,SH,real,True,15.11.2024,2688337,1284110
101453458,10118351,471199,Im Junkholz,11,8241 Barzheim,2920,SH,real,True,15.11.2024,2695945,1290369
101453468,10046615,190149028,Dützebüelstrasse,7,8207 Schaffhausen,2939,SH,real,True,15.11.2024,2692025,1286869
101453532,10179758,190160977,Undergass,13b,8260 Stein am Rhein,2964,SH,real,True,15.11.2024,2706591,1279773
101453741,10117538,470827,Kleiner Letten,4,8213 Neunkirch,2904,SH,real,True,15.11.2024,2679426,1282544
101453804,10111810,190159605,Buechackerstrasse,33,8234 Stetten SH,2919,SH,real,True,15.11.2024,2691837,1288202
101453967,10168102,190159942,Im Schalmenacker,3,8234 Stetten SH,2919,SH,real,True,15.11.2024,2691990,1288358
101454640,10117913,190151545,Vorderer Huebhof,172.1,8214 Gächlingen,2901,SH,real,True,23.07.2024,2678887,1286232
101454788,10127713,190157054,Usserhofgraben,4,8215 Hallau,2971,SH,real,True,15.11.2024,2677020,1283569
101454865,10110816,190146588,Stahlwerkstrasse,16,8200 Schaffhausen,2939,SH,real,True,15.11.2024,2689203,1284947
101454876,10018657,190147294,Hohlenbaumstrasse,68,8200 Schaffhausen,2939,SH,real,True,15.11.2024,2688555,1284567
101455077,10071982,190149110,Brodlaubegass,5,8260 Stein am Rhein,2964,SH,real,True,15.11.2024,2706712,1279812
101455158,10039881,190156770,Chlosterstrasse,19,8234 Stetten SH,2919,SH,real,True,15.11.2024,2691888,1288343
101455227,10163390,190148868,Wieslibachstrasse,13,8200 Schaffhausen,2939,SH,real,True,15.11.2024,2688341,1284209
101455704,10161532,190152014,Rietweg,5,8260 Stein am Rhein,2964,SH,real,True,15.11.2024,2706261,1280333
101455956,10156881,190152588,Geisshofweg,12,8200 Schaffhausen,2939,SH,real,True,15.11.2024,2689737,1284732
101456304,10106947,190151689,Dachsenbüelstrasse,35,8200 Schaffhausen,2939,SH,real,True,15.11.2024,2690387,1286597
101456531,10108012,190145453,Reckholdersbüelweg,1,8240 Thayngen,2920,SH,real,True,15.11.2024,2695369,1289632
101456532,10108012,190145455,Reckholdersbüelweg,3,8240 Thayngen,2920,SH,real,True,15.11.2024,2695360,1289640
101456533,10108012,190145460,Reckholdersbüelweg,9,8240 Thayngen,2920,SH,real,True,15.11.2024,2695350,1289661
101456559,10090058,190149474,Mühlenstrasse,15,8260 Stein am Rhein,2964,SH,real,True,15.11.2024,2706911,1279963
101456771,10071693,190149108,Judebömmlistrasse,562,8262 Ramsen,2963,SH,real,True,15.11.2024,2703475,1285076
101456772,10187864,190149114,Hanfgartenstrasse,558,8262 Ramsen,2963,SH,real,True,15.11.2024,2703025,1284757
101456806,10086743,471184,Brunnegass,11,8241 Barzheim,2920,SH,real,True,15.11.2024,2696338,1290732
101457197,10031605,190151287,Roseneggstrasse,398,8262 Ramsen,2963,SH,real,True,15.11.2024,2703657,1285077
101457402,10085746,190161991,Stauffacherstrasse,20,8200 Schaffhausen,2939,SH,real,True,15.11.2024,2690809,1283929
101457470,10046609,190146414,Sonnenbergstrasse,37,8212 Neuhausen am Rheinfall,2937,SH,real,True,15.11.2024,2688118,1282611
101457531,10113217,190149088,Chirchhofplatz,5,8260 Stein am Rhein,2964,SH,real,True,15.11.2024,2706775,1279693
101457534,10113218,190149356,Im Riet,16,8260 Stein am Rhein,2964,SH,real,True,15.11.2024,2706273,1280291
101457606,10086475,190157788,Buchthalerstrasse,43,8200 Schaffhausen,2939,SH,real,True,15.11.2024,2690747,1283482
101458003,10163390,190148871,Wieslibachstrasse,17,8200 Schaffhausen,2939,SH,real,True,15.11.2024,2688304,1284207
101458004,10163390,190148872,Wieslibachstrasse,19,8200 Schaffhausen,2939,SH,real,True,15.11.2024,2688292,1284208
101458179,10046609,190146415,Sonnenbergstrasse,39,8212 Neuhausen am Rheinfall,2937,SH,real,True,15.11.2024,2688115,1282617
101458180,10046609,190146416,Sonnenbergstrasse,41,8212 Neuhausen am Rheinfall,2937,SH,real,True,15.11.2024,2688111,1282623
101458475,10146886,190150834,Brunnackerstrasse,14,8200 Schaffhausen,2939,SH,real,True,15.11.2024,2688329,1284109
101458484,10113215,190151232,Petersburg,560,8262 Ramsen,2963,SH,real,True,15.11.2024,2703751,1285047
101458638,10154375,190145786,Gemeindewiesenstrasse,9,8212 Neuhausen am Rheinfall,2937,SH,real,True,15.11.2024,2687481,1281636
101458671,10031940,190161986,Zum Nägelisee,10,8260 Stein am Rhein,2964,SH,real,True,15.11.2024,2706234,1279152
101458687,10018654,190149008,Hochstrasse,19,8200 Schaffhausen,2939,SH,real,True,15.11.2024,2689785,1284249
101458696,10027513,190154937,Schützenmauer,12,8213 Neunkirch,2904,SH,real,True,15.11.2024,2679767,1282440
101459031,10091397,484405,Krongasse,11,8216 Oberhallau,2972,SH,real,True,15.11.2024,2678127,1284599
101459780,10106947,190151678,Dachsenbüelstrasse,23,8200 Schaffhausen,2939,SH,real,True,15.11.2024,2690361,1286598
101459998,10128137,190157075,Kapellenstrasse,14,8215 Hallau,2971,SH,real,True,15.11.2024,2677168,1283607
101460354,10085721,190151011,Lochstrasse,15,8200 Schaffhausen,2939,SH,real,True,15.11.2024,2689222,1284902
101460723,10026343,190132402,Herrengasse,26,8224 Löhningen,2903,SH,real,True,15.11.2024,2683564,1283867
101460725,10026343,190132404,Herrengasse,24,8224 Löhningen,2903,SH,real,True,15.11.2024,2683549,1283887
101461413,10087072,190112696,Neugrüthalde,68a,8222 Beringen,2932,SH,real,True,15.11.2024,2686690,1283673
101461419,10087072,190112696,Neugrüthalde,68b,8222 Beringen,2932,SH,real,True,15.11.2024,2686691,1283663
101461420,10087072,190112696,Neugrüthalde,68c,8222 Beringen,2932,SH,real,True,15.11.2024,2686692,1283658
101461422,10087072,190112698,Neugrüthalde,70c,8222 Beringen,2932,SH,real,True,15.11.2024,2686702,1283659
101461425,10136939,190112714,Schuelwegli,137.1,8455 Rüdlingen,2938,SH,real,True,23.07.2024,2685165,1270258
101461708,10026344,190119282,Industriestrasse,11,8224 Löhningen,2903,SH,real,True,15.11.2024,2683269,1283854
101462172,10091172,470521,Schulgasse,18,8224 Löhningen,2903,SH,real,True,15.11.2024,2683664,1283929
101464197,10068434,190113450,Schützengasse,5,8224 Löhningen,2903,SH,real,True,15.11.2024,2683555,1284037
101464202,10085726,190113466,Neutalstrasse,12,8207 Schaffhausen,2939,SH,real,True,15.11.2024,2691998,1286525
101464897,10091403,190130457,Abendstrasse,5,8217 Wilchingen,2974,SH,real,True,15.11.2024,2677146,1280415
101464899,10031833,190130473,Weiherweg,16,8217 Wilchingen,2974,SH,real,True,15.11.2024,2677830,1280047
101465829,10190663,190122727,Under em Tobel,6,8226 Schleitheim,2952,SH,real,True,15.11.2024,2678221,1289401
101466363,10085736,190130192,Schildgutstrasse,2,8200 Schaffhausen,2939,SH,real,True,15.11.2024,2688807,1283721
101466371,10086486,190130235,Geissbergstrasse,22,8200 Schaffhausen,2939,SH,real,True,15.11.2024,2689739,1284823
101466439,10120398,190139519,Gigering,21,8213 Neunkirch,2904,SH,real,True,15.11.2024,2679226,1282559
101466443,10027503,190139535,Gigebuck,16,8213 Neunkirch,2904,SH,real,True,15.11.2024,2678969,1282299
101466535,10087072,190048888,Neugrüthalde,74,8222 Beringen,2932,SH,real,True,15.11.2024,2686749,1283669
101466536,10087072,190048891,Neugrüthalde,82,8222 Beringen,2932,SH,real,True,15.11.2024,2686761,1283664
101467160,10027493,190138119,Rebhaldenweg,11,8224 Löhningen,2903,SH,real,True,15.11.2024,2683842,1284215
101467345,10085774,190122696,Schützengasse,7,8226 Schleitheim,2952,SH,real,True,15.11.2024,2678684,1289516
101467348,10073365,190122699,Schlechtenbol,15,8226 Schleitheim,2952,SH,real,True,15.11.2024,2678476,1288978
101467599,10180894,484379,Chatzengartenstrasse,1,8216 Oberhallau,2972,SH,real,True,15.11.2024,2678116,1284405
101467738,10164493,484397,Dorfstrasse,4,8216 Oberhallau,2972,SH,real,True,15.11.2024,2678012,1284454
101467860,10146949,101414637,Dostentalstrasse,19,8232 Merishausen,2936,SH,real,True,15.11.2024,2687805,1290039
101467862,10178590,101414624,Staanackerstrasse,12,8232 Merishausen,2936,SH,real,True,15.11.2024,2687781,1290131
101467970,10169258,473722,Winkelweg,4,8454 Buchberg,2933,SH,real,True,15.11.2024,2684389,1269772
101468100,10018160,190137391,Schützenstrasse,86,8212 Neuhausen am Rheinfall,2937,SH,real,True,15.11.2024,2687116,1281679
101468101,10017859,190137392,Engefluhstrasse,21,8212 Neuhausen am Rheinfall,2937,SH,real,True,15.11.2024,2687949,1282290
101469183,10118352,471546,Dorfstrasse,62,8239 Dörflingen,2915,SH,real,True,15.11.2024,2696469,1284621
101469185,10087072,190048888,Neugrüthalde,76,8222 Beringen,2932,SH,real,True,15.11.2024,2686749,1283663
101469186,10087072,190048891,Neugrüthalde,80,8222 Beringen,2932,SH,real,True,15.11.2024,2686760,1283670
101469228,10027503,190139535,Gigebuck,12,8213 Neunkirch,2904,SH,real,True,15.11.2024,2678980,1282283
101469441,10048903,190143955,Schaffhauserstrasse,51,8240 Thayngen,2920,SH,real,True,15.11.2024,2694345,1289347
101469492,10120403,190144135,Hauptstrasse,20,8242 Bibern SH,2920,SH,real,True,15.11.2024,2692889,1292109
101469493,10086747,190144132,Weinbergstrasse,9,8242 Bibern SH,2920,SH,real,True,15.11.2024,2692949,1292160
101469503,10018635,190140612,Furkastrasse,13,8203 Schaffhausen,2939,SH,real,True,15.11.2024,2690882,1283426
101469743,10111812,9003483,Ebringerstrasse,89,8240 Thayngen,2920,SH,real,True,15.11.2024,2696364,1289282
101469744,10111812,9003483,Ebringerstrasse,91,8240 Thayngen,2920,SH,real,True,15.11.2024,2696365,1289288
101469745,10111812,9003483,Ebringerstrasse,93,8240 Thayngen,2920,SH,real,True,15.11.2024,2696365,1289294
101469746,10111812,9003490,Ebringerstrasse,97,8240 Thayngen,2920,SH,real,True,15.11.2024,2696376,1289288
101469817,10046605,473712,Dorfstrasse,48,8454 Buchberg,2933,SH,real,True,15.11.2024,2684550,1269728
101469819,10165180,473765,Gupfenweg,8,8454 Buchberg,2933,SH,real,True,15.11.2024,2684181,1269623
101469820,10046605,473787,Dorfstrasse,49,8454 Buchberg,2933,SH,real,True,15.11.2024,2684448,1269725
101469821,10046605,473793,Dorfstrasse,37,8454 Buchberg,2933,SH,real,True,15.11.2024,2684562,1269707
101469822,10046605,473793,Dorfstrasse,39,8454 Buchberg,2933,SH,real,True,15.11.2024,2684551,1269709
101469823,10019562,473821,Murkatstrasse,24,8454 Buchberg,2933,SH,real,True,15.11.2024,2684547,1269470
101469824,10165178,2026009,Bodenweg,14,8454 Buchberg,2933,SH,real,True,15.11.2024,2684192,1269713
101469825,10161514,2713138,Lochgasse,6,8454 Buchberg,2933,SH,real,True,15.11.2024,2684262,1269750
101469826,10019559,2713380,Erlistrasse,48,8454 Buchberg,2933,SH,real,True,15.11.2024,2684174,1269947
101469827,10019559,2713380,Erlistrasse,50,8454 Buchberg,2933,SH,real,True,15.11.2024,2684165,1269951
101469828,10161511,2713787,Gupfengasse,5,8454 Buchberg,2933,SH,real,True,15.11.2024,2684217,1269623
101469829,10073651,2714730,Bodenstrasse,5,8454 Buchberg,2933,SH,real,True,15.11.2024,2684347,1269823
101469830,10046605,190046721,Dorfstrasse,38,8454 Buchberg,2933,SH,real,True,15.11.2024,2684624,1269743
101469975,10111812,1609029,Ebringerstrasse,75,8240 Thayngen,2920,SH,real,True,15.11.2024,2696327,1289283
101469976,10111812,1609029,Ebringerstrasse,77,8240 Thayngen,2920,SH,real,True,15.11.2024,2696328,1289285
101469983,10111812,1609055,Ebringerstrasse,127,8240 Thayngen,2920,SH,real,True,15.11.2024,2696558,1289281
101469986,10086481,190167691,Fischerhäuserstrasse,9,8200 Schaffhausen,2939,SH,real,True,15.11.2024,2690395,1283509
101469987,10086481,190167692,Fischerhäuserstrasse,11,8200 Schaffhausen,2939,SH,real,True,15.11.2024,2690419,1283508
101470015,10113218,190167758,Im Riet,17,8260 Stein am Rhein,2964,SH,real,True,15.11.2024,2706228,1280284
101470254,10018160,190137469,Schützenstrasse,12,8212 Neuhausen am Rheinfall,2937,SH,real,True,15.11.2024,2687605,1281857
101470255,10018160,190137470,Schützenstrasse,14,8212 Neuhausen am Rheinfall,2937,SH,real,True,15.11.2024,2687601,1281837
101470262,10017877,190137477,Rheinstrasse,86,8212 Neuhausen am Rheinfall,2937,SH,real,True,15.11.2024,2689049,1281840
101470276,10112907,190137527,Rabenfluhstrasse,9,8212 Neuhausen am Rheinfall,2937,SH,real,True,15.11.2024,2688945,1282390
101470278,10091245,190137537,Bahnhofstrasse,21,8212 Neuhausen am Rheinfall,2937,SH,real,True,15.11.2024,2688965,1282033
101470279,10120418,190137541,Rheinfallquai,30.1,8212 Neuhausen am Rheinfall,2937,SH,real,True,23.07.2024,2688081,1281455
101470381,10026343,470503,Herrengasse,10,8224 Löhningen,2903,SH,real,True,15.11.2024,2683579,1283947
101470425,10019581,101414636,Durachstrasse,30,8232 Merishausen,2936,SH,real,True,15.11.2024,2687976,1290640
101470426,10178590,101414648,Staanackerstrasse,4a,8232 Merishausen,2936,SH,real,True,15.11.2024,2687875,1290146
101470427,10178590,101414649,Staanackerstrasse,4b,8232 Merishausen,2936,SH,real,True,15.11.2024,2687881,1290149
101470428,10146949,101414650,Dostentalstrasse,13,8232 Merishausen,2936,SH,real,True,15.11.2024,2687834,1290052
101470483,10128947,190139528,Hinder Nüchilch,32,8213 Neunkirch,2904,SH,real,True,15.11.2024,2679824,1282005
101470630,10018647,190139109,Gütliweg,1,8200 Schaffhausen,2939,SH,real,True,19.11.2024,2690079,1284986
101470659,10073637,190139832,Gärtliweg,12,8222 Beringen,2932,SH,real,True,15.11.2024,2684912,1283779
101470660,10186339,190139835,Gellerstrasse,42,8222 Beringen,2932,SH,real,True,15.11.2024,2685473,1283590
101470918,10018448,473483,Biberichweg,16,8222 Beringen,2932,SH,real,True,15.11.2024,2684976,1283864
101471101,10237818,190143197,Rebbergstrasse,139,8240 Thayngen,2920,SH,real,True,15.11.2024,2696698,1289363
101471506,10027503,190139535,Gigebuck,14,8213 Neunkirch,2904,SH,real,True,15.11.2024,2678975,1282291
101471507,10111804,190140193,Hallauerstrasse,25,8213 Neunkirch,2904,SH,real,True,15.11.2024,2679142,1282724
101471654,10154375,190137257,Gemeindewiesenstrasse,13,8212 Neuhausen am Rheinfall,2937,SH,real,True,15.11.2024,2687449,1281615
101471664,10120398,190139533,Gigering,19,8213 Neunkirch,2904,SH,real,True,15.11.2024,2679224,1282534
101471694,10018157,190143217,Zieglerweg,7,8240 Thayngen,2920,SH,real,True,15.11.2024,2694821,1289618
101471714,10027493,190143242,Rebhaldenweg,7,8224 Löhningen,2903,SH,real,True,15.11.2024,2683800,1284236
101471747,10091224,190138739,Sonnhalde,15,8222 Beringen,2932,SH,real,True,15.11.2024,2687094,1283445
101471748,10091224,190138740,Sonnhalde,13,8222 Beringen,2932,SH,real,True,15.11.2024,2687093,1283436
101471770,10087045,1609560,Barzheimerstrasse,1,8240 Thayngen,2920,SH,real,True,15.11.2024,2695006,1289614
101471840,10018157,190143381,Zieglerweg,62,8240 Thayngen,2920,SH,real,True,15.11.2024,2694653,1289849
101471845,10118351,190143390,Im Junkholz,17,8241 Barzheim,2920,SH,real,True,15.11.2024,2696009,1290329
101471873,10179764,190136929,Ifang,2,8219 Trasadingen,2973,SH,real,True,15.11.2024,2674323,1280146
101471874,10031518,190136931,Rebweg,11,8219 Trasadingen,2973,SH,real,True,15.11.2024,2674408,1280383
101471875,10195243,190136932,Pauliweg,5,8219 Trasadingen,2973,SH,real,True,15.11.2024,2674403,1280337
101471883,10179765,190136938,Vortag,5.1,8219 Trasadingen,2973,SH,real,True,23.07.2024,2674731,1280447
101472189,10027503,190140266,Gigebuck,6,8213 Neunkirch,2904,SH,real,True,15.11.2024,2679037,1282310
101472330,10018157,190142391,Zieglerweg,72,8240 Thayngen,2920,SH,real,True,15.11.2024,2694580,1289906
101472333,10026388,190142396,Chlenglerweg,116,8240 Thayngen,2920,SH,real,True,15.11.2024,2696759,1289270
101472394,10018157,190142392,Zieglerweg,70,8240 Thayngen,2920,SH,real,True,15.11.2024,2694587,1289902
101472397,10108011,190142424,Im Wölfli,16,8240 Thayngen,2920,SH,real,True,15.11.2024,2695906,1289386
101472471,10091233,190141473,Langwiesen,19,8231 Hemmental,2939,SH,real,True,15.11.2024,2686307,1287339
101472645,10106947,190141391,Dachsenbüelstrasse,19,8200 Schaffhausen,2939,SH,real,True,15.11.2024,2690340,1286594
101472650,10039881,190141407,Chlosterstrasse,18,8234 Stetten SH,2919,SH,real,True,15.11.2024,2691940,1288357
101472703,10087070,190142163,Hülsteweg,21,8222 Beringen,2932,SH,real,True,15.11.2024,2686765,1283613
101473108,10073020,190135707,Underem Förlibuck,1,8455 Rüdlingen,2938,SH,real,True,15.11.2024,2684711,1270430
101473347,10118143,190143439,Chapfstrasse,8,8455 Rüdlingen,2938,SH,real,True,15.11.2024,2684802,1270473
101473348,10118358,190143440,Im vorderen Chapf,25,8455 Rüdlingen,2938,SH,real,True,15.11.2024,2684754,1270428
101473349,10206082,190143441,Grütstrasse,14,8455 Rüdlingen,2938,SH,real,True,15.11.2024,2684860,1270689
101473370,10206082,190143491,Grütstrasse,358,8455 Rüdlingen,2938,SH,real,True,15.11.2024,2684921,1270763
101473502,10108015,101206596,Hauptstrasse,113,8232 Merishausen,2936,SH,real,True,15.11.2024,2687694,1291122
101473917,10032576,190144989,Rütistelmüli,319b,8226 Schleitheim,2952,SH,real,True,15.11.2024,2679960,1290745
101474068,10120403,190143779,Hauptstrasse,13.1,8242 Bibern SH,2920,SH,real,True,17.09.2024,2692793,1292204
101474069,10120403,190143780,Hauptstrasse,g45,8242 Bibern SH,2920,SH,real,True,23.07.2024,2692774,1292177
101474076,10179737,481878,Adlerstrasse,35,8226 Schleitheim,2952,SH,real,True,15.11.2024,2678337,1289184
101474225,10087070,190142232,Hülsteweg,25,8222 Beringen,2932,SH,real,True,15.11.2024,2686733,1283599
101474226,10087070,190142233,Hülsteweg,27,8222 Beringen,2932,SH,real,True,15.11.2024,2686718,1283602
101474655,10027493,190143249,Rebhaldenweg,9,8224 Löhningen,2903,SH,real,True,15.11.2024,2683813,1284217
101474657,10027493,190143272,Rebhaldenweg,5,8224 Löhningen,2903,SH,real,True,15.11.2024,2683786,1284215
101474658,10018652,3122113,Hintergasse,1,8203 Schaffhausen,2939,SH,real,True,15.11.2024,2691363,1283643
101474680,10106943,190143393,Wistenstrasse,23,8240 Thayngen,2920,SH,real,True,15.11.2024,2694746,1290108
101474717,10048900,190142370,Lohningerweg,81,8240 Thayngen,2920,SH,real,True,15.11.2024,2694403,1289519
101474718,10048900,190142372,Lohningerweg,79,8240 Thayngen,2920,SH,real,True,15.11.2024,2694406,1289520
101475395,10026390,190144893,Drachenbrunnenweg,4,8240 Thayngen,2920,SH,real,True,15.11.2024,2694067,1290023
101475436,10103228,190145034,Im Morgen,10,8226 Schleitheim,2952,SH,real,True,15.11.2024,2678165,1288739
101475764,10179741,190144991,Lussenhof,401.1,8226 Schleitheim,2952,SH,real,True,23.07.2024,2679127,1287720
101476121,10091233,190120365,Langwiesen,33,8231 Hemmental,2939,SH,real,True,15.11.2024,2686296,1287226
101476195,10087070,190142231,Hülsteweg,23,8222 Beringen,2932,SH,real,True,15.11.2024,2686750,1283609
101476196,10087070,190142235,Hülsteweg,31,8222 Beringen,2932,SH,real,True,15.11.2024,2686682,1283600
101476205,10031618,190160771,Bärengass,5,8260 Stein am Rhein,2964,SH,real,True,15.11.2024,2706680,1279674
101476237,10018462,190142457,Oberberg,22,8222 Beringen,2932,SH,real,True,15.11.2024,2685769,1283847
101476239,10026334,190142461,Trasadingerstrasse,1,8222 Beringen,2932,SH,real,True,15.11.2024,2686344,1282851
101476384,10046615,190149034,Dützebüelstrasse,9,8207 Schaffhausen,2939,SH,real,True,15.11.2024,2692035,1286874
101476982,10027513,190178377,Schützenmauer,28,8213 Neunkirch,2904,SH,real,True,15.11.2024,2679848,1282361
101476985,10137899,190178383,Glaserweg,15,8213 Neunkirch,2904,SH,real,True,15.11.2024,2680307,1282554
101476996,10091162,190178397,Liiberackerweg,5,8223 Guntmadingen,2932,SH,real,True,15.11.2024,2684064,1282019
101477013,10091240,190170851,Rietstrasse,5,8232 Merishausen,2936,SH,real,True,15.11.2024,2687785,1290398
101477021,10073020,190174087,Underem Förlibuck,4,8455 Rüdlingen,2938,SH,real,True,15.11.2024,2684705,1270396
101477057,10087229,190174655,Blaurockstrasse,10,8260 Stein am Rhein,2964,SH,real,True,15.11.2024,2706791,1280141
101477428,10025706,190175051,Villenstrasse,29,8200 Schaffhausen,2939,SH,real,True,15.11.2024,2689122,1283815
101477608,10185471,470575,Vordergasse,2,8213 Neunkirch,2904,SH,real,True,15.11.2024,2679747,1282736
101477625,10019579,190175912,Bodenwiesenweg,7,8232 Merishausen,2936,SH,real,True,15.11.2024,2687902,1290366
101477628,10179725,190175916,Rebweg,24a,8203 Schaffhausen,2939,SH,real,True,15.11.2024,2691329,1283389
101477715,10026344,190177459,Industriestrasse,7,8224 Löhningen,2903,SH,real,True,15.11.2024,2683268,1283891
101477718,10171417,190177461,Chläggiblick,13,8224 Löhningen,2903,SH,real,True,15.11.2024,2683439,1284178
101477720,10147778,190177463,Sand,451,8224 Löhningen,2903,SH,real,True,15.11.2024,2683549,1283342
101477809,10164638,190177619,Im Gali,6,8261 Hemishofen,2962,SH,real,True,15.11.2024,2704906,1281622
101478185,10025692,9012812,Stettemerstrasse,68a,8207 Schaffhausen,2939,SH,real,True,15.11.2024,2691586,1286843
101478186,10025692,9012812,Stettemerstrasse,68b,8207 Schaffhausen,2939,SH,real,True,15.11.2024,2691592,1286838
101478422,10087229,190174613,Blaurockstrasse,29,8260 Stein am Rhein,2964,SH,real,True,15.11.2024,2706534,1280205
101478457,10031923,190175183,Hemishoferstrasse,28,8260 Stein am Rhein,2964,SH,real,True,15.11.2024,2706323,1280137
101478487,10163591,190170190,Im Bläsi,1,8261 Hemishofen,2962,SH,real,True,15.11.2024,2704658,1281772
101478678,10146949,190170854,Dostentalstrasse,1,8232 Merishausen,2936,SH,real,True,15.11.2024,2687939,1290103
101478699,10018446,190171291,Auf der Höhe,5,8222 Beringen,2932,SH,real,True,15.11.2024,2684935,1283927
101478820,10072977,101205663,Morgenbuckweg,8,8239 Dörflingen,2915,SH,real,True,15.11.2024,2696263,1285211
101479509,10025710,190171414,Windeggstieg,44,8203 Schaffhausen,2939,SH,real,True,15.11.2024,2691435,1283075
101479610,10118355,473427,Paradieserhof,10,8222 Beringen,2932,SH,real,True,15.11.2024,2685223,1283917
101479789,10108015,190170859,Hauptstrasse,56,8232 Merishausen,2936,SH,real,True,15.11.2024,2687824,1290576
101479885,10072986,190173758,Braatistrasse,14,8234 Stetten SH,2919,SH,real,True,15.11.2024,2691554,1288113
101480237,10132353,101205668,Im Morgen,10,8239 Dörflingen,2915,SH,real,True,15.11.2024,2696143,1285133
101480238,10132353,101205669,Im Morgen,8,8239 Dörflingen,2915,SH,real,True,15.11.2024,2696149,1285120
101480239,10146949,101414630,Dostentalstrasse,3,8232 Merishausen,2936,SH,real,True,15.11.2024,2687921,1290093
101480510,10190888,190174598,Winkelriedstrasse,58,8203 Schaffhausen,2939,SH,real,True,15.11.2024,2691574,1283911
101481415,10174269,190169192,Rietstrasse,12,8224 Löhningen,2903,SH,real,True,15.11.2024,2683336,1283889
101481987,10086475,190170506,Buchthalerstrasse,45,8200 Schaffhausen,2939,SH,real,True,15.11.2024,2690757,1283499
101482710,10113218,190170150,Im Riet,18,8260 Stein am Rhein,2964,SH,real,True,15.11.2024,2706253,1280303
101483214,10019555,190171344,Vogelhof,5,8222 Beringen,2932,SH,real,True,15.11.2024,2685210,1283870
101483219,10073365,190171585,Schlechtenbol,3,8226 Schleitheim,2952,SH,real,True,15.11.2024,2678431,1288983
101483380,10085736,190173998,Schildgutstrasse,12a,8200 Schaffhausen,2939,SH,real,True,15.11.2024,2688882,1283756
101483481,10073365,190171586,Schlechtenbol,5,8226 Schleitheim,2952,SH,real,True,15.11.2024,2678447,1288995
101484190,10085721,190172311,Lochstrasse,11,8200 Schaffhausen,2939,SH,real,True,15.11.2024,2689233,1284881
101484191,10085721,190172313,Lochstrasse,11a,8200 Schaffhausen,2939,SH,real,True,15.11.2024,2689230,1284880
101484415,10058716,470471,Winkel,19,8224 Löhningen,2903,SH,real,True,15.11.2024,2683500,1283929
101484635,10025710,190171418,Windeggstieg,42,8203 Schaffhausen,2939,SH,real,True,15.11.2024,2691448,1283087
101485160,10087039,190156668,Erlenwisenstrasse,7,8234 Stetten SH,2919,SH,real,True,15.11.2024,2691369,1287919
101485165,10039881,190156674,Chlosterstrasse,8,8234 Stetten SH,2919,SH,real,True,15.11.2024,2691902,1288310
101485173,10039881,190156690,Chlosterstrasse,35,8234 Stetten SH,2919,SH,real,True,15.11.2024,2691915,1288406
101485174,10039881,190156693,Chlosterstrasse,20,8234 Stetten SH,2919,SH,real,True,15.11.2024,2691956,1288376
101485177,10073623,190156695,Wallenrütistrasse,18,8234 Stetten SH,2919,SH,real,True,15.11.2024,2691369,1287812
101485179,10154819,190156701,Im Buechacker,13,8234 Stetten SH,2919,SH,real,True,15.11.2024,2691803,1288017
101485181,10039881,190156703,Chlosterstrasse,3,8234 Stetten SH,2919,SH,real,True,15.11.2024,2691832,1288264
101485182,10154819,190156704,Im Buechacker,15,8234 Stetten SH,2919,SH,real,True,15.11.2024,2691789,1288004
101485184,10031507,190156708,Obere Buckstrasse,10,8215 Hallau,2971,SH,real,True,15.11.2024,2676955,1283664
101485451,10018632,9045005,Freier Platz,2,8200 Schaffhausen,2939,SH,real,True,15.11.2024,2690209,1283454
101485703,10085748,190158031,Stokarbergstrasse,129a,8200 Schaffhausen,2939,SH,real,True,15.11.2024,2688664,1283427
101485977,10085721,190162194,Lochstrasse,15a,8200 Schaffhausen,2939,SH,real,True,15.11.2024,2689218,1284901
101485996,10113206,1610145,Vorstadt,22,8200 Schaffhausen,2939,SH,real,True,15.11.2024,2689748,1283745
101486066,10019559,190161173,Erlistrasse,34,8454 Buchberg,2933,SH,real,True,15.11.2024,2684315,1269923
101486067,10019559,190161174,Erlistrasse,25,8454 Buchberg,2933,SH,real,True,15.11.2024,2684431,1269855
101486068,10019559,190161175,Erlistrasse,53,8454 Buchberg,2933,SH,real,True,15.11.2024,2684116,1269902
101486069,10178317,190161191,Püntstrasse,18,8454 Buchberg,2933,SH,real,True,15.11.2024,2684781,1269910
101486071,10165179,190161193,Erliweg,7,8454 Buchberg,2933,SH,real,True,15.11.2024,2684261,1269852
101486281,10128137,190157074,Kapellenstrasse,14a,8215 Hallau,2971,SH,real,True,15.11.2024,2677175,1283601
101486413,10111812,1609055,Ebringerstrasse,125,8240 Thayngen,2920,SH,real,True,15.11.2024,2696557,1289274
101486731,10179758,190147516,Undergass,10,8260 Stein am Rhein,2964,SH,real,True,28.11.2024,2706626,1279745
101486748,10154819,190156815,Im Buechacker,8,8234 Stetten SH,2919,SH,real,True,15.11.2024,2691842,1288049
101486782,10128229,190155793,Rauhenbergstrasse,14,8263 Buch SH,2961,SH,real,True,15.11.2024,2700981,1286986
101486784,10128229,190155800,Rauhenbergstrasse,6,8263 Buch SH,2961,SH,real,True,15.11.2024,2700985,1287016
101486963,10073040,190148132,Gugerhalde,21,8207 Schaffhausen,2939,SH,real,True,15.11.2024,2692101,1286856
101487151,10154819,190156764,Im Buechacker,10,8234 Stetten SH,2919,SH,real,True,15.11.2024,2691852,1288053
101487153,10039881,190156767,Chlosterstrasse,17,8234 Stetten SH,2919,SH,real,True,15.11.2024,2691881,1288343
101487596,10111810,190159603,Buechackerstrasse,35,8234 Stetten SH,2919,SH,real,True,15.11.2024,2691856,1288213
101487628,10018632,190161293,Freier Platz,10,8200 Schaffhausen,2939,SH,real,True,15.11.2024,2690272,1283463
101487789,10106947,190123472,Dachsenbüelstrasse,38,8200 Schaffhausen,2939,SH,real,True,15.11.2024,2690323,1286647
101487861,10113218,190173008,Im Riet,20,8260 Stein am Rhein,2964,SH,real,True,15.11.2024,2706224,1280317
101487913,10046638,190156989,Rosenstrasse,2,8215 Hallau,2971,SH,real,True,15.11.2024,2676388,1283905
101488367,10168102,190156975,Im Schalmenacker,13,8234 Stetten SH,2919,SH,real,True,15.11.2024,2691928,1288293
101488371,10167195,484335,Weierwiesstrasse,1,8216 Oberhallau,2972,SH,real,True,15.11.2024,2677866,1284454
101488374,10031497,190157010,Hammermauer,5,8215 Hallau,2971,SH,real,True,15.11.2024,2676763,1283574
101488514,10027503,190159051,Gigebuck,4,8213 Neunkirch,2904,SH,real,True,15.11.2024,2679060,1282320
101489066,10031925,190159464,Hoseweg,11,8260 Stein am Rhein,2964,SH,real,True,15.11.2024,2705817,1280325
101489075,10169249,473683,Oberbreitenstrasse,23,8454 Buchberg,2933,SH,real,True,15.11.2024,2684669,1270023
101489076,10178317,473702,Püntstrasse,3,8454 Buchberg,2933,SH,real,True,15.11.2024,2684671,1269874
101489095,10169254,101206410,Unterbreitenstrasse,14,8454 Buchberg,2933,SH,real,True,15.11.2024,2684697,1269699
101489096,10169254,190159782,Unterbreitenstrasse,22,8454 Buchberg,2933,SH,real,True,15.11.2024,2684723,1269687
101489333,10180886,190123530,Urwerfhalde,24,8200 Schaffhausen,2939,SH,real,True,15.11.2024,2688783,1283511
101489524,10153985,101557306,Rohrstrasse,36,8216 Oberhallau,2972,SH,real,True,15.11.2024,2677736,1284327
101489570,10169255,190168590,Wagnereiweg,1,8454 Buchberg,2933,SH,real,True,15.11.2024,2684437,1269807
101489573,10068428,190168592,Neuengasse,14,8223 Guntmadingen,2932,SH,real,True,15.11.2024,2683901,1282236
101489951,10086475,190157772,Buchthalerstrasse,41,8200 Schaffhausen,2939,SH,real,True,15.11.2024,2690736,1283466
101490007,10111810,190159604,Buechackerstrasse,37,8234 Stetten SH,2919,SH,real,True,15.11.2024,2691871,1288223
101490009,10087038,190159613,Brämlenstrasse,27,8234 Stetten SH,2919,SH,real,True,15.11.2024,2691333,1287961
101490023,10152436,190159779,Brüelstrasse,16,8217 Wilchingen,2974,SH,real,True,15.11.2024,2677067,1280012
101490187,10085748,190158032,Stokarbergstrasse,129b,8200 Schaffhausen,2939,SH,real,True,15.11.2024,2688664,1283415
101490195,10085748,190158033,Stokarbergstrasse,129c,8200 Schaffhausen,2939,SH,real,True,15.11.2024,2688664,1283403
101490408,10118137,190161917,Bahnhofstrasse,4,8213 Neunkirch,2904,SH,real,True,15.11.2024,2679274,1282664
101490414,10179734,190162279,Weinsteig,161,8200 Schaffhausen,2939,SH,real,True,15.11.2024,2689505,1284719
101490574,10139328,101205823,Rietstrasse,8,8235 Lohn SH,2917,SH,real,True,15.11.2024,2692254,1289865
101490575,10103225,190121518,Plattenhalde,11,8200 Schaffhausen,2939,SH,real,True,15.11.2024,2689107,1285117
101491024,10169254,101206410,Unterbreitenstrasse,12,8454 Buchberg,2933,SH,real,True,15.11.2024,2684693,1269698
101491478,10118360,190159461,Jägerstrasse,12,8200 Schaffhausen,2939,SH,real,True,15.11.2024,2690477,1285839
101491481,10087229,190159451,Blaurockstrasse,18,8260 Stein am Rhein,2964,SH,real,True,15.11.2024,2706693,1280201
101491482,10117741,190159455,Oehningerstrasse,79,8260 Stein am Rhein,2964,SH,real,True,15.11.2024,2707950,1279878
101491484,10031937,190159460,Spittelmüli,10,8260 Stein am Rhein,2964,SH,real,True,15.11.2024,2706935,1279880
101491485,10031925,190159463,Hoseweg,14,8260 Stein am Rhein,2964,SH,real,True,15.11.2024,2705765,1280400
101491490,10031931,190159493,Orichhöhe,20,8260 Stein am Rhein,2964,SH,real,True,15.11.2024,2707569,1279668
101491532,10154819,190159976,Im Buechacker,19,8234 Stetten SH,2919,SH,real,True,15.11.2024,2691792,1288045
101492007,10046627,190163638,Rietmattstrasse,19,8200 Schaffhausen,2939,SH,real,True,15.11.2024,2688299,1284044
101492097,10132218,101205655,Im Zwigaarte,2,8239 Dörflingen,2915,SH,real,True,15.11.2024,2696419,1285221
101492130,10091403,190130474,Abendstrasse,7,8217 Wilchingen,2974,SH,real,True,15.11.2024,2677128,1280422
101493414,10085748,190159452,Stokarbergstrasse,129,8200 Schaffhausen,2939,SH,real,True,15.11.2024,2688665,1283439
101493415,10073098,190159453,Wisegässli,12,8260 Stein am Rhein,2964,SH,real,True,15.11.2024,2706643,1280120
101493424,10031617,190159475,Bruggsteg,9,8260 Stein am Rhein,2964,SH,real,True,15.11.2024,2706776,1279258
101493426,10087231,190159494,Charregass,18,8260 Stein am Rhein,2964,SH,real,True,15.11.2024,2706609,1279441
101493445,10039881,190159616,Chlosterstrasse,10,8234 Stetten SH,2919,SH,real,True,15.11.2024,2691920,1288327
101493682,10086486,190130234,Geissbergstrasse,20,8200 Schaffhausen,2939,SH,real,True,15.11.2024,2689725,1284834
101494395,10086758,190168588,Quellenstrasse,14,8235 Lohn SH,2917,SH,real,True,15.11.2024,2692693,1290275
101495269,10113218,190164636,Im Riet,23,8260 Stein am Rhein,2964,SH,real,True,15.11.2024,2706182,1280327
101495270,10091108,190164638,Zwinglistrasse,7,8260 Stein am Rhein,2964,SH,real,True,15.11.2024,2707012,1280254
101495568,10073040,190164931,Gugerhalde,21a,8207 Schaffhausen,2939,SH,real,True,15.11.2024,2692097,1286871
101495637,10180884,190165395,Promenadenstrasse,21a,8200 Schaffhausen,2939,SH,real,True,15.11.2024,2689285,1283390
101495706,10073076,1610362,Vordergasse,65,8200 Schaffhausen,2939,SH,real,True,15.11.2024,2689799,1283533
101495828,10106947,190120162,Dachsenbüelstrasse,48,8200 Schaffhausen,2939,SH,real,True,15.11.2024,2690288,1286647
101495829,10106947,190120158,Dachsenbüelstrasse,40,8200 Schaffhausen,2939,SH,real,True,15.11.2024,2690302,1286623
101495942,10120404,190168587,Rietackerstrasse,5,8235 Lohn SH,2917,SH,real,True,15.11.2024,2692285,1290014
101496080,10031937,190147968,Spittelmüli,13,8260 Stein am Rhein,2964,SH,real,True,15.11.2024,2706960,1279900
101497027,10106947,190120160,Dachsenbüelstrasse,42,8200 Schaffhausen,2939,SH,real,True,15.11.2024,2690298,1286629
101497554,10073076,1610384,Vordergasse,47,8200 Schaffhausen,2939,SH,real,True,15.11.2024,2689873,1283520
101497643,10031586,101249073,Hauptstrasse,3,8261 Hemishofen,2962,SH,real,True,15.11.2024,2704827,1281383
101497653,10178590,101414676,Staanackerstrasse,1,8232 Merishausen,2936,SH,real,True,15.11.2024,2687860,1290099
101497654,10019583,101414700,Im Garten,1,8232 Merishausen,2936,SH,real,True,15.11.2024,2687781,1290573
101497666,10179734,190168333,Weinsteig,145,8200 Schaffhausen,2939,SH,real,True,15.11.2024,2689564,1284674
101497668,10179734,190168334,Weinsteig,143,8200 Schaffhausen,2939,SH,real,True,15.11.2024,2689571,1284658
101498062,10073036,190164085,Föhrenstrasse,29,8200 Schaffhausen,2939,SH,real,True,15.11.2024,2690740,1284489
101498310,10072986,190159912,Braatistrasse,13,8234 Stetten SH,2919,SH,real,True,15.11.2024,2691591,1288102
101498326,10154819,190159998,Im Buechacker,17,8234 Stetten SH,2919,SH,real,True,15.11.2024,2691813,1288063
101498459,10137899,190160358,Glaserweg,5,8213 Neunkirch,2904,SH,real,True,15.11.2024,2680296,1282640
101498460,10048897,190160359,Rebweg,8,8213 Neunkirch,2904,SH,real,True,15.11.2024,2679709,1282185
101498497,10019554,190109398,Unterstieg,12,8222 Beringen,2932,SH,real,True,15.11.2024,2685672,1283750
101498952,10161532,190166356,Rietweg,9,8260 Stein am Rhein,2964,SH,real,True,15.11.2024,2706196,1280351
101499270,10024961,101205842,In Gärten,6,8235 Lohn SH,2917,SH,real,True,15.11.2024,2692270,1290262
101499271,10024957,101205847,Blattenacker,8,8235 Lohn SH,2917,SH,real,True,15.11.2024,2692485,1290066
101499272,10104917,101205848,Blattenweg,7,8235 Lohn SH,2917,SH,real,True,15.11.2024,2692530,1289955
101499273,10024969,101205952,Püntstrasse,8,8236 Opfertshofen SH,2920,SH,real,True,15.11.2024,2691598,1292527
101499274,10135339,101207323,Untere Burghalde,28,8225 Siblingen,2953,SH,real,True,15.11.2024,2681495,1285671
101499275,10135339,101207327,Untere Burghalde,31,8225 Siblingen,2953,SH,real,True,15.11.2024,2681460,1285653
101499276,10135339,101207328,Untere Burghalde,4,8225 Siblingen,2953,SH,real,True,15.11.2024,2681592,1285525
101499639,10018633,190164574,Freudental,7a,8200 Schaffhausen,2939,SH,real,True,15.11.2024,2689912,1288187
101499656,10110819,190164635,Espiweg,15,8260 Stein am Rhein,2964,SH,real,True,15.11.2024,2706533,1279538
101500679,10025710,190167910,Windeggstieg,38,8203 Schaffhausen,2939,SH,real,True,15.11.2024,2691431,1283104
101500846,10031615,190168838,Bockrain,1,8260 Stein am Rhein,2964,SH,real,True,15.11.2024,2706366,1280265
101501161,10031591,190155791,Hegaustrasse,2,8263 Buch SH,2961,SH,real,True,15.11.2024,2701158,1286950
101501169,10031591,190155804,Hegaustrasse,10,8263 Buch SH,2961,SH,real,True,15.11.2024,2701053,1286987
101501434,10073646,190178438,Steinwiesenstrasse,10,8222 Beringen,2932,SH,real,True,15.11.2024,2685039,1283122
101501826,10091230,190120366,Hauptstrasse,13,8231 Hemmental,2939,SH,real,True,15.11.2024,2685774,1287687
101502168,10113212,482320,Grabenstrasse,32a,8225 Siblingen,2953,SH,real,True,15.11.2024,2681229,1285578
101502169,10113212,482319,Grabenstrasse,34a,8225 Siblingen,2953,SH,real,True,15.11.2024,2681206,1285584
101502418,10174269,190170425,Rietstrasse,13,8224 Löhningen,2903,SH,real,True,15.11.2024,2683308,1283858
101502419,10171417,190170426,Chläggiblick,1,8224 Löhningen,2903,SH,real,True,15.11.2024,2683314,1284205
101502601,10161532,190169997,Rietweg,12,8260 Stein am Rhein,2964,SH,real,True,15.11.2024,2706205,1280380
101507159,10206076,475879,Hinterdorfstrasse,29,8455 Rüdlingen,2938,SH,real,False,19.11.2024,2685273,1270386
101507854,10206082,190143468,Grütstrasse,12,8455 Rüdlingen,2938,SH,real,True,15.11.2024,2684816,1270689
101507857,10118358,190143472,Im vorderen Chapf,23,8455 Rüdlingen,2938,SH,real,True,15.11.2024,2684761,1270411
101507859,10118358,190143475,Im vorderen Chapf,27,8455 Rüdlingen,2938,SH,real,True,15.11.2024,2684733,1270452
101507861,10118143,190143482,Chapfstrasse,30,8455 Rüdlingen,2938,SH,real,True,15.11.2024,2684990,1270287
101511765,10018160,190137468,Schützenstrasse,10,8212 Neuhausen am Rheinfall,2937,SH,real,True,15.11.2024,2687657,1281838
101511781,10091262,190137493,Wiesengrundstrasse,17,8212 Neuhausen am Rheinfall,2937,SH,real,True,15.11.2024,2688983,1281771
101513043,10046605,473705,Dorfstrasse,22,8454 Buchberg,2933,SH,real,True,15.11.2024,2684708,1269812
101513044,10046605,473705,Dorfstrasse,20,8454 Buchberg,2933,SH,real,True,15.11.2024,2684713,1269814
101513046,10169253,473739,Untere Gründelstrasse,6,8454 Buchberg,2933,SH,real,True,15.11.2024,2684129,1269698
101513047,10019562,473809,Murkatstrasse,14,8454 Buchberg,2933,SH,real,True,15.11.2024,2684595,1269624
101513048,10161512,473816,Hohlegasse,16,8454 Buchberg,2933,SH,real,True,15.11.2024,2684449,1269568
101513049,10019562,473821,Murkatstrasse,26,8454 Buchberg,2933,SH,real,True,15.11.2024,2684546,1269463
101513050,10019564,3075213,Sandackerstrasse,21,8454 Buchberg,2933,SH,real,True,15.11.2024,2684736,1269569
101513051,10165181,3075220,Hardlistieg,5,8454 Buchberg,2933,SH,real,True,15.11.2024,2683966,1269702
101513054,10128947,190139530,Hinder Nüchilch,34,8213 Neunkirch,2904,SH,real,True,15.11.2024,2679810,1281981
101513063,10111804,190140192,Hallauerstrasse,23,8213 Neunkirch,2904,SH,real,True,15.11.2024,2679135,1282734
101513064,10111804,190140194,Hallauerstrasse,27,8213 Neunkirch,2904,SH,real,True,15.11.2024,2679153,1282712
101513118,10018171,190143484,Förlibuck,361.1,8455 Rüdlingen,2938,SH,real,True,23.07.2024,2684762,1270145
101517068,10127713,190135513,Usserhofgraben,2,8215 Hallau,2971,SH,real,True,15.11.2024,2677035,1283540
101518391,10118143,190137810,Chapfstrasse,9,8455 Rüdlingen,2938,SH,real,True,15.11.2024,2684978,1270317
101519933,10031611,482640,Wiesholzerstrasse,49,8262 Ramsen,2963,SH,real,True,15.11.2024,2704417,1285203
101521537,10186339,473309,Gellerstrasse,1,8222 Beringen,2932,SH,real,True,15.11.2024,2685216,1283678
101525372,10114704,190118641,Chuttlerweg,15,8240 Thayngen,2920,SH,real,True,15.11.2024,2694716,1290177
101527245,10146886,190138463,Brunnackerstrasse,1,8200 Schaffhausen,2939,SH,real,True,15.11.2024,2688375,1284184
101528369,10087048,190114750,Buchhaldenweg,20a,8240 Thayngen,2920,SH,real,True,15.11.2024,2695088,1290148
101528372,10031518,190114753,Rebweg,13,8219 Trasadingen,2973,SH,real,True,15.11.2024,2674369,1280381
101528373,10136927,190114754,Kastenackerweg,9,8240 Thayngen,2920,SH,real,True,15.11.2024,2694603,1289767
101528376,10136927,190114758,Kastenackerweg,5,8240 Thayngen,2920,SH,real,True,15.11.2024,2694655,1289715
101528544,10086481,190143564,Fischerhäuserstrasse,5,8200 Schaffhausen,2939,SH,real,True,15.11.2024,2690346,1283511
101528545,10086481,190143565,Fischerhäuserstrasse,7,8200 Schaffhausen,2939,SH,real,True,15.11.2024,2690370,1283510
101528569,10237814,190142415,Frohsinnweg,11,8240 Thayngen,2920,SH,real,True,15.11.2024,2694706,1289380
101528593,10072970,190142519,Cholrüti,6,8236 Büttenhardt,2914,SH,real,True,15.11.2024,2691093,1289784
101528626,10205627,190143486,Alte Nackerstrasse,10.1,8455 Rüdlingen,2938,SH,real,True,23.07.2024,2684986,1271934
101528629,10205628,190143497,Dorfstrasse,19,8455 Rüdlingen,2938,SH,real,True,15.11.2024,2685255,1270566
101529258,10018672,190129354,Krebsbachstrasse,141,8200 Schaffhausen,2939,SH,real,True,15.11.2024,2690192,1285126
101529483,10074389,190120367,Hattenhof,4,8231 Hemmental,2939,SH,real,True,15.11.2024,2685659,1287674
101530284,10018665,190116151,Im Trenschen,25,8207 Schaffhausen,2939,SH,real,True,15.11.2024,2691975,1287131
101530630,10072974,101205654,Gärtlistrasse,4,8239 Dörflingen,2915,SH,real,True,15.11.2024,2696544,1284636
101530631,10139328,101205828,Rietstrasse,13,8235 Lohn SH,2917,SH,real,True,15.11.2024,2692281,1289899
101530632,10135339,101207314,Untere Burghalde,30,8225 Siblingen,2953,SH,real,True,15.11.2024,2681471,1285690
101530633,10135339,101207315,Untere Burghalde,33,8225 Siblingen,2953,SH,real,True,15.11.2024,2681441,1285674
101530634,10135339,101207316,Untere Burghalde,26,8225 Siblingen,2953,SH,real,True,15.11.2024,2681512,1285638
101531003,10179716,190130953,Hermann Rorschach-Strasse,28,8200 Schaffhausen,2939,SH,real,True,15.11.2024,2688468,1283737
101532637,10106947,190131054,Dachsenbüelstrasse,17,8200 Schaffhausen,2939,SH,real,True,15.11.2024,2690334,1286591
101532642,10087229,190131095,Blaurockstrasse,25,8260 Stein am Rhein,2964,SH,real,True,15.11.2024,2706594,1280184
101532643,10073096,190131113,Rhigüetliweg,7,8260 Stein am Rhein,2964,SH,real,True,15.11.2024,2707604,1279579
101532644,10090056,190131114,Hohrainstrasse,28,8260 Stein am Rhein,2964,SH,real,True,15.11.2024,2705951,1280471
101532647,10026343,470472,Herrengasse,2,8224 Löhningen,2903,SH,real,True,15.11.2024,2683585,1283969
101534277,10025681,190127771,Sennereistrasse,67a,8200 Schaffhausen,2939,SH,real,True,15.11.2024,2690718,1285504
101535130,10163390,190175511,Wieslibachstrasse,1,8200 Schaffhausen,2939,SH,real,True,15.11.2024,2688422,1284204
101535470,10185479,471636,Stettemerstrasse,5,8235 Lohn SH,2917,SH,real,True,15.11.2024,2692219,1290004
101536462,10091227,101206413,Kindergartenstrasse,8,8454 Buchberg,2933,SH,real,True,15.11.2024,2684591,1269934
101536463,10046605,101206415,Dorfstrasse,117,8454 Buchberg,2933,SH,real,True,15.11.2024,2683984,1269644
101536488,10046637,101415740,Huberlistrasse,21,8260 Stein am Rhein,2964,SH,real,True,15.11.2024,2705959,1280502
101536489,10179753,101415743,Alte Zollstrasse,8,8260 Stein am Rhein,2964,SH,real,True,15.11.2024,2707419,1279713
101536490,10179753,101415744,Alte Zollstrasse,10,8260 Stein am Rhein,2964,SH,real,True,15.11.2024,2707428,1279715
101537123,10025681,190127772,Sennereistrasse,67b,8200 Schaffhausen,2939,SH,real,True,15.11.2024,2690725,1285508
101537125,10025685,190127774,Sonnmattstrasse,20,8200 Schaffhausen,2939,SH,real,True,15.11.2024,2690763,1283673
101537132,10152436,190127795,Brüelstrasse,20,8217 Wilchingen,2974,SH,real,True,15.11.2024,2677048,1280062
101537133,10073115,190127799,Hofackergarten,4,8217 Wilchingen,2974,SH,real,True,15.11.2024,2677269,1280344
101544220,10018160,190111310,Schützenstrasse,57,8212 Neuhausen am Rheinfall,2937,SH,real,True,15.11.2024,2686914,1281608
101545210,10147778,190113393,Sand,451.1,8224 Löhningen,2903,SH,real,True,23.07.2024,2683530,1283310
101545335,10073365,190122718,Schlechtenbol,13,8226 Schleitheim,2952,SH,real,True,15.11.2024,2678459,1288968
101546059,10205630,190112311,Oberdorfweg,5,8455 Rüdlingen,2938,SH,real,True,15.11.2024,2685194,1270379
101546763,10110816,190113175,Stahlwerkstrasse,4,8200 Schaffhausen,2939,SH,real,True,15.11.2024,2689167,1284931
101546764,10110816,190113176,Stahlwerkstrasse,8,8200 Schaffhausen,2939,SH,real,True,15.11.2024,2689179,1284936
101546765,10110816,190113177,Stahlwerkstrasse,12,8200 Schaffhausen,2939,SH,real,True,15.11.2024,2689191,1284942
101547042,10152436,190115737,Brüelstrasse,18,8217 Wilchingen,2974,SH,real,True,15.11.2024,2677060,1280038
101547913,10073629,190118613,Schenenbüelweg,10,8240 Thayngen,2920,SH,real,True,15.11.2024,2694393,1289307
101549029,10087072,190112698,Neugrüthalde,70b,8222 Beringen,2932,SH,real,True,15.11.2024,2686702,1283663
101549030,10111812,9003490,Ebringerstrasse,105,8240 Thayngen,2920,SH,real,True,15.11.2024,2696398,1289292
101549032,10118143,190112351,Chapfstrasse,16,8455 Rüdlingen,2938,SH,real,True,15.11.2024,2684834,1270383
101549034,10206082,190112370,Grütstrasse,16,8455 Rüdlingen,2938,SH,real,True,15.11.2024,2684882,1270689
101549177,10018153,190119499,Stofflerstrasse,30,8240 Thayngen,2920,SH,real,True,15.11.2024,2694706,1290116
101549366,10118353,190113272,Ausserdorf,24,8235 Lohn SH,2917,SH,real,True,15.11.2024,2692241,1290142
101549367,10118353,190113273,Ausserdorf,38,8235 Lohn SH,2917,SH,real,True,15.11.2024,2692227,1290132
101549419,10106947,190120163,Dachsenbüelstrasse,50,8200 Schaffhausen,2939,SH,real,True,15.11.2024,2690285,1286653
101549514,10179751,190116647,Püntweg,557,8262 Ramsen,2963,SH,real,True,15.11.2024,2703119,1284785
101549520,10087217,190116683,Ankerstrasse,550,8262 Ramsen,2963,SH,real,True,15.11.2024,2703080,1285128
101549523,10019270,190116715,Alte Gasse,13,8203 Schaffhausen,2939,SH,real,True,15.11.2024,2691314,1283633
101549530,10087217,190116754,Ankerstrasse,551,8262 Ramsen,2963,SH,real,True,15.11.2024,2703130,1285138
101549533,10031612,190116795,Wisliweg,552,8262 Ramsen,2963,SH,real,True,15.11.2024,2703172,1285139
101550728,10161002,190114948,Untere Junkholzstrasse,1,8241 Barzheim,2920,SH,real,True,15.11.2024,2695831,1290394
101552070,10018468,190199974,Schwärziweg,33,8222 Beringen,2932,SH,real,True,15.11.2024,2686076,1283627
101552089,10180888,481948,Randenstrasse,40,8226 Schleitheim,2952,SH,real,True,15.11.2024,2678967,1289538
101552824,10068435,190196659,Breitiweg,2,8213 Neunkirch,2904,SH,real,True,15.11.2024,2679819,1282638
101554589,10171416,190195349,Wiideblick,14,8224 Löhningen,2903,SH,real,True,15.11.2024,2683429,1284102
101554595,10171416,190195357,Wiideblick,3,8224 Löhningen,2903,SH,real,True,15.11.2024,2683330,1284147
101555177,10172071,190224847,Schützenstrasse,4,8234 Stetten SH,2919,SH,real,True,15.11.2024,2692011,1288545
101555300,10161547,190195628,Im Brand,6,8200 Schaffhausen,2939,SH,real,True,15.11.2024,2690256,1286671
101555924,10019274,1610073,Bahnhofstrasse,2,8200 Schaffhausen,2939,SH,real,True,15.11.2024,2689568,1283593
101555934,10237825,190197056,Randenstrasse,40,8231 Hemmental,2939,SH,real,True,15.11.2024,2685477,1287690
101555985,10031499,483760,Hauptstrasse,97a,8215 Hallau,2971,SH,real,True,15.11.2024,2676890,1283546
101556099,10174269,190195335,Rietstrasse,14,8224 Löhningen,2903,SH,real,True,15.11.2024,2683313,1283891
101556100,10091169,190195339,Kleintalstrasse,6,8224 Löhningen,2903,SH,real,True,15.11.2024,2683789,1284108
101557361,10073076,1610287,Vordergasse,10,8200 Schaffhausen,2939,SH,real,True,15.11.2024,2690000,1283499
101557363,10073076,190197037,Vordergasse,12,8200 Schaffhausen,2939,SH,real,True,15.11.2024,2689993,1283501
101557539,10025700,190197592,Trüllenbuck,38a,8207 Schaffhausen,2939,SH,real,True,15.11.2024,2691653,1286570
101557568,10086488,190197667,Gennersbrunnerstrasse,58,8207 Schaffhausen,2939,SH,real,True,15.11.2024,2691837,1285940
101557602,10085729,190197706,Pfarrweg,3,8200 Schaffhausen,2939,SH,real,True,15.11.2024,2690009,1283775
101557609,10073057,2029777,Oberstadt,9,8200 Schaffhausen,2939,SH,real,True,15.11.2024,2689631,1283560
101557627,10017857,190195541,Chlaffentalstrasse,110,8212 Neuhausen am Rheinfall,2937,SH,real,True,15.11.2024,2686658,1280708
101559077,10019290,190197637,Dürstlingweg,12,8203 Schaffhausen,2939,SH,real,True,15.11.2024,2691235,1283968
101559093,10018654,190197354,Hochstrasse,270,8200 Schaffhausen,2939,SH,real,True,15.11.2024,2690630,1285602
101559094,10073055,190197355,Mühlentalstrasse,174,8200 Schaffhausen,2939,SH,real,True,15.11.2024,2689414,1284720
101559097,10073055,190197358,Mühlentalstrasse,261,8200 Schaffhausen,2939,SH,real,True,15.11.2024,2689497,1285509
101559106,10073055,190197364,Mühlentalstrasse,274,8200 Schaffhausen,2939,SH,real,True,15.11.2024,2689536,1286076
101559107,10073055,190197365,Mühlentalstrasse,274a,8200 Schaffhausen,2939,SH,real,True,15.11.2024,2689552,1286092
101559111,10073055,190197369,Mühlentalstrasse,276,8200 Schaffhausen,2939,SH,real,True,15.11.2024,2689534,1286137
101559144,10025693,190197741,Stimmerstrasse,80a,8200 Schaffhausen,2939,SH,real,True,15.11.2024,2691248,1284586
101559252,10161547,190195630,Im Brand,10,8200 Schaffhausen,2939,SH,real,True,15.11.2024,2690270,1286673
101560514,10121172,190197324,Buchbergstrasse,4,8200 Schaffhausen,2939,SH,real,True,15.11.2024,2688921,1287380
101560517,10121172,190197327,Buchbergstrasse,6,8200 Schaffhausen,2939,SH,real,True,15.11.2024,2688947,1287386
101560532,10086488,190197345,Gennersbrunnerstrasse,71,8207 Schaffhausen,2939,SH,real,True,15.11.2024,2692066,1285733
101560534,10108021,190197347,Hauentalstrasse,89,8200 Schaffhausen,2939,SH,real,True,15.11.2024,2688941,1285363
101562065,10073055,190197389,Mühlentalstrasse,371,8200 Schaffhausen,2939,SH,real,True,15.11.2024,2688752,1287424
101562072,10073055,190197397,Mühlentalstrasse,278,8200 Schaffhausen,2939,SH,real,True,15.11.2024,2689506,1286215
101562078,10086488,190197405,Gennersbrunnerstrasse,69,8207 Schaffhausen,2939,SH,real,True,15.11.2024,2692006,1285691
101563109,10071978,190204491,Sonnenstrasse,417,8262 Ramsen,2963,SH,real,True,15.11.2024,2703552,1285163
101563387,10171417,190208409,Chläggiblick,2,8224 Löhningen,2903,SH,real,True,15.11.2024,2683305,1284179
101563389,10174098,190208431,Underdoorf,7,8224 Löhningen,2903,SH,real,True,15.11.2024,2683751,1283944
101563391,10171416,190208434,Wiideblick,11,8224 Löhningen,2903,SH,real,True,15.11.2024,2683404,1284133
101563976,10110810,3034910,Neuweg,12,8222 Beringen,2932,SH,real,True,15.11.2024,2685439,1283714
101563978,10110810,3034910,Neuweg,16,8222 Beringen,2932,SH,real,True,15.11.2024,2685440,1283708
101564001,10169252,190203886,Seglerweg,3,8454 Buchberg,2933,SH,real,True,15.11.2024,2684556,1269634
101565530,10110810,3034910,Neuweg,14,8222 Beringen,2932,SH,real,True,15.11.2024,2685440,1283710
101565619,10073104,190202691,Schulgasse,17,8215 Hallau,2971,SH,real,True,15.11.2024,2676658,1283593
101566151,10073022,190197840,Alpenstrasse,160,8203 Schaffhausen,2939,SH,real,True,15.11.2024,2691516,1283729
101566470,10106952,190195873,Sandackerstrasse,7,8200 Schaffhausen,2939,SH,real,True,15.11.2024,2688419,1284161
101567507,10018467,473438,Schulberg,5,8222 Beringen,2932,SH,real,True,15.11.2024,2685200,1283811
101567653,10161547,190195629,Im Brand,8,8200 Schaffhausen,2939,SH,real,True,15.11.2024,2690269,1286670
101567678,10027508,190196665,Löhningerstrasse,8,8213 Neunkirch,2904,SH,real,True,15.11.2024,2680124,1282757
101567680,10091181,190196669,Schaffhauserstrasse,24,8213 Neunkirch,2904,SH,real,True,15.11.2024,2680109,1282460
101567697,10018463,473368,Oberdorf,22,8222 Beringen,2932,SH,real,True,15.11.2024,2685245,1283802
101567708,10073080,481588,Oberdorf,9,8228 Beggingen,2951,SH,real,True,15.11.2024,2682509,1291157
101570497,10086493,190195856,Hofackerstrasse,3,8203 Schaffhausen,2939,SH,real,True,15.11.2024,2691502,1283713
101573276,10046611,190195562,Wüscherstrasse,1,8212 Neuhausen am Rheinfall,2937,SH,real,True,15.11.2024,2688788,1281678
101574587,10032561,190199918,Friedaustrasse,8,8226 Schleitheim,2952,SH,real,True,15.11.2024,2678164,1288702
101580878,10073626,190185250,Hammenweg,30,8240 Thayngen,2920,SH,real,True,15.11.2024,2695635,1289601
101580882,10073624,190185254,Barzingersteig,10,8240 Thayngen,2920,SH,real,True,15.11.2024,2695305,1289813
101580883,10073105,190185255,Selmattenstrasse,32,8215 Hallau,2971,SH,real,True,15.11.2024,2676209,1282859
101580884,10111812,190185256,Ebringerstrasse,133,8240 Thayngen,2920,SH,real,True,15.11.2024,2696570,1289261
101580885,10133045,190185257,Schweizerbundweg,14,8215 Hallau,2971,SH,real,True,15.11.2024,2676756,1283490
101580887,10179759,190185271,Bergstrasse,42,8215 Hallau,2971,SH,real,True,15.11.2024,2676962,1283740
101581010,10237818,190190962,Rebbergstrasse,119,8240 Thayngen,2920,SH,real,True,15.11.2024,2696448,1289426
101581617,10073040,190187705,Gugerhalde,15,8207 Schaffhausen,2939,SH,real,True,15.11.2024,2692137,1286883
101581620,10073040,190187711,Gugerhalde,15a,8207 Schaffhausen,2939,SH,real,True,15.11.2024,2692140,1286874
101581621,10073040,190187713,Gugerhalde,17a,8207 Schaffhausen,2939,SH,real,True,15.11.2024,2692143,1286849
101581933,10030808,190190117,Morgenackerstrasse,19,8454 Buchberg,2933,SH,real,True,15.11.2024,2684148,1269852
101582135,10024951,471358,Randeggerstrasse,3,8239 Dörflingen,2915,SH,real,True,15.11.2024,2696490,1285502
101582939,10111806,471114,Höfen,8,8243 Altdorf SH,2920,SH,real,True,15.11.2024,2691416,1293249
101582972,10179753,190184911,Alte Zollstrasse,20,8260 Stein am Rhein,2964,SH,real,True,15.11.2024,2707541,1279737
101583291,10024937,190189145,Dorfstrasse,27,8236 Büttenhardt,2914,SH,real,True,15.11.2024,2691148,1290478
101583469,10161532,190184840,Rietweg,7,8260 Stein am Rhein,2964,SH,real,True,15.11.2024,2706230,1280347
101583685,10071693,190184481,Judebömmlistrasse,565.1,8262 Ramsen,2963,SH,real,True,23.07.2024,2703324,1285096
101583700,10118358,190185839,Im vorderen Chapf,14,8455 Rüdlingen,2938,SH,real,True,15.11.2024,2684789,1270399
101583755,10018447,190180419,Benzeweg,53b,8222 Beringen,2932,SH,real,True,15.11.2024,2686615,1283585
101583912,10018447,190181214,Benzeweg,47d,8222 Beringen,2932,SH,real,True,15.11.2024,2686538,1283586
101583939,10180882,190181542,Im Stemmerli,1,8200 Schaffhausen,2939,SH,real,True,15.11.2024,2691981,1282546
101583945,10086475,190181548,Buchthalerstrasse,37,8200 Schaffhausen,2939,SH,real,True,15.11.2024,2690707,1283469
101583946,10106947,190181549,Dachsenbüelstrasse,41,8200 Schaffhausen,2939,SH,real,True,15.11.2024,2690358,1286624
101583947,10106947,190181550,Dachsenbüelstrasse,43,8200 Schaffhausen,2939,SH,real,True,15.11.2024,2690351,1286624
101583948,10156881,190181551,Geisshofweg,7,8200 Schaffhausen,2939,SH,real,True,15.11.2024,2689705,1284740
101584174,10073020,190185895,Underem Förlibuck,3,8455 Rüdlingen,2938,SH,real,True,15.11.2024,2684721,1270407
101584176,10186344,190185950,Im underen Chapf,12,8455 Rüdlingen,2938,SH,real,True,15.11.2024,2685022,1270230
101584178,10091233,190186061,Langwiesen,29,8231 Hemmental,2939,SH,real,True,15.11.2024,2686285,1287276
101584471,10113218,190184943,Im Riet,14,8260 Stein am Rhein,2964,SH,real,True,15.11.2024,2706298,1280276
101584851,10073024,1611648,Bachtelstrasse,34,8200 Schaffhausen,2939,SH,real,True,15.11.2024,2688596,1284817
101585582,10085748,190188295,Stokarbergstrasse,50,8200 Schaffhausen,2939,SH,real,True,15.11.2024,2688955,1283767
101586783,10087219,190190605,Fortenbach,569,8262 Ramsen,2963,SH,real,True,15.11.2024,2702891,1285107
101589405,10135339,190186559,Untere Burghalde,8,8225 Siblingen,2953,SH,real,True,15.11.2024,2681566,1285556
101589406,10031577,190186560,Randenstrasse,15,8225 Siblingen,2953,SH,real,True,15.11.2024,2681444,1285608
101589408,10031578,190186562,Schoopacker,1,8225 Siblingen,2953,SH,real,True,15.11.2024,2681337,1285947
101589409,10135339,190186563,Untere Burghalde,14,8225 Siblingen,2953,SH,real,True,15.11.2024,2681507,1285611
101589410,10135339,190186564,Untere Burghalde,12,8225 Siblingen,2953,SH,real,True,15.11.2024,2681520,1285589
101589411,10135339,190186565,Untere Burghalde,6,8225 Siblingen,2953,SH,real,True,15.11.2024,2681581,1285542
101589412,10110818,190186566,Raastrasse,18,8225 Siblingen,2953,SH,real,True,15.11.2024,2681179,1285281
101589413,10110818,190186567,Raastrasse,12,8225 Siblingen,2953,SH,real,True,15.11.2024,2681150,1285304
101589414,10110818,190186568,Raastrasse,22,8225 Siblingen,2953,SH,real,True,15.11.2024,2681161,1285239
101589415,10110818,190186569,Raastrasse,20,8225 Siblingen,2953,SH,real,True,15.11.2024,2681168,1285260
101593786,10142426,483808,Rosenauweg,1,8215 Hallau,2971,SH,real,True,15.11.2024,2676981,1283497
101597970,10173261,190191946,Braatle,3,8239 Dörflingen,2915,SH,real,True,15.11.2024,2696629,1284547
101597972,10173261,190191956,Braatle,4,8239 Dörflingen,2915,SH,real,True,15.11.2024,2696685,1284482
101597976,10173261,190191961,Braatle,6,8239 Dörflingen,2915,SH,real,True,15.11.2024,2696684,1284516
101598476,10027513,190184906,Schützenmauer,19,8213 Neunkirch,2904,SH,real,True,15.11.2024,2679861,1282328
101598575,10073055,190187233,Mühlentalstrasse,333a,8200 Schaffhausen,2939,SH,real,True,15.11.2024,2689294,1286893
101598619,10025687,190181232,Spitalstrasse,7,8200 Schaffhausen,2939,SH,real,True,15.11.2024,2689541,1283739
101599346,10073040,190187712,Gugerhalde,17,8207 Schaffhausen,2939,SH,real,True,15.11.2024,2692140,1286856
101599474,10086467,190191726,Albisstrasse,28,8200 Schaffhausen,2939,SH,real,True,15.11.2024,2688625,1284758
101599974,10237818,190182987,Rebbergstrasse,141,8240 Thayngen,2920,SH,real,True,15.11.2024,2696728,1289355
101600512,10121179,190186732,Blumenstrasse,5,8215 Hallau,2971,SH,real,True,15.11.2024,2675918,1283060
101600727,10171417,190189817,Chläggiblick,3,8224 Löhningen,2903,SH,real,True,15.11.2024,2683348,1284197
101600858,10031507,190186742,Obere Buckstrasse,11,8215 Hallau,2971,SH,real,True,15.11.2024,2676981,1283708
101600939,10025687,190181232,Spitalstrasse,3,8200 Schaffhausen,2939,SH,real,True,15.11.2024,2689515,1283678
101601587,10072966,471104,Im Bohl,7,8243 Altdorf SH,2920,SH,real,True,15.11.2024,2691375,1293323
101601593,10024932,471226,Bohl,7,8242 Bibern SH,2920,SH,real,True,15.11.2024,2692888,1292015
101601594,10120403,2024117,Hauptstrasse,41,8242 Bibern SH,2920,SH,real,True,15.11.2024,2693107,1291936
101601599,10120403,471568,Hauptstrasse,13,8242 Hofen SH,2920,SH,real,True,15.11.2024,2692774,1293140
101601602,10120403,471557,Hauptstrasse,23,8242 Hofen SH,2920,SH,real,True,15.11.2024,2692802,1293229
101601603,10120403,471557,Hauptstrasse,25,8242 Hofen SH,2920,SH,real,True,15.11.2024,2692816,1293227
101601607,10024955,471572,Oberhof,14,8242 Hofen SH,2920,SH,real,True,15.11.2024,2692712,1293175
101601608,10024955,471572,Oberhof,16,8242 Hofen SH,2920,SH,real,True,15.11.2024,2692724,1293161
101601610,10024955,471575,Oberhof,24,8242 Hofen SH,2920,SH,real,True,15.11.2024,2692719,1293116
101601611,10120403,471576,Hauptstrasse,15,8242 Hofen SH,2920,SH,real,True,15.11.2024,2692753,1293156
101601979,10018679,190191116,Lebernstrasse,20,8207 Schaffhausen,2939,SH,real,True,15.11.2024,2691758,1286786
101602339,10091390,190186775,Oberhallauerstrasse,10,8215 Hallau,2971,SH,real,True,15.11.2024,2677097,1283474
101602341,10190666,190186777,Konservenstrasse,8,8215 Hallau,2971,SH,real,True,15.11.2024,2676576,1283041
101602342,10031507,190186778,Obere Buckstrasse,9,8215 Hallau,2971,SH,real,True,15.11.2024,2676953,1283696
101602865,10136921,190190323,Chapfweg,33,8214 Gächlingen,2901,SH,real,True,15.11.2024,2679810,1284594
101602867,10026326,190190324,Talstrasse,4,8214 Gächlingen,2901,SH,real,True,15.11.2024,2679342,1284235
101603328,10018157,190185545,Zieglerweg,68,8240 Thayngen,2920,SH,real,True,15.11.2024,2694604,1289890
101603329,10018157,190185546,Zieglerweg,64,8240 Thayngen,2920,SH,real,True,15.11.2024,2694634,1289874
101603330,10121048,190185547,Oberbildweg,4,8240 Thayngen,2920,SH,real,True,15.11.2024,2694804,1289598
101603423,10024937,190183300,Dorfstrasse,26,8236 Büttenhardt,2914,SH,real,True,15.11.2024,2691102,1290289
101603508,10206069,190185801,Oberdorfstrasse,10,8455 Rüdlingen,2938,SH,real,True,15.11.2024,2685051,1270391
101603511,10118358,190185823,Im vorderen Chapf,16,8455 Rüdlingen,2938,SH,real,True,15.11.2024,2684778,1270424
101604054,10031589,190189351,Im Oberfeld,5,8261 Hemishofen,2962,SH,real,True,15.11.2024,2704853,1281468
101604403,10173261,190191948,Braatle,2,8239 Dörflingen,2915,SH,real,True,15.11.2024,2696666,1284500
101604406,10173261,190191952,Braatle,7,8239 Dörflingen,2915,SH,real,True,15.11.2024,2696649,1284560
101604408,10185477,190191954,Neudörflingerstrasse,21b,8239 Dörflingen,2915,SH,real,True,15.11.2024,2696239,1285127
101604436,10173261,190192000,Braatle,1,8239 Dörflingen,2915,SH,real,True,15.11.2024,2696647,1284523
101604843,10091404,190183239,Blumenweg,8,8217 Wilchingen,2974,SH,real,True,15.11.2024,2677180,1280531
101606323,10179716,190192311,Hermann Rorschach-Strasse,24,8200 Schaffhausen,2939,SH,real,True,15.11.2024,2688505,1283750
101607037,10068436,190180906,Hasenbergstrasse,12a,8213 Neunkirch,2904,SH,real,True,15.11.2024,2679431,1282188
101607180,10178316,190190080,Birkenweg,3,8454 Buchberg,2933,SH,real,True,15.11.2024,2684254,1270052
101607481,10091169,190195345,Kleintalstrasse,8,8224 Löhningen,2903,SH,real,True,15.11.2024,2683828,1284108
101607814,10179753,190184886,Alte Zollstrasse,18,8260 Stein am Rhein,2964,SH,real,True,15.11.2024,2707537,1279766
101607916,10171306,190181778,Tulpenweg,1,8263 Buch SH,2961,SH,real,True,15.11.2024,2701082,1286973
101608846,10018447,190180159,Benzeweg,49a,8222 Beringen,2932,SH,real,True,15.11.2024,2686572,1283568
101608848,10018447,190180163,Benzeweg,49c,8222 Beringen,2932,SH,real,True,15.11.2024,2686575,1283605
101609234,10018447,190180410,Benzeweg,53a,8222 Beringen,2932,SH,real,True,15.11.2024,2686620,1283564
101609242,10018447,190180432,Benzeweg,53c,8222 Beringen,2932,SH,real,True,15.11.2024,2686624,1283584
101609272,10178599,190185805,Grabenstrasse,7.1,8455 Rüdlingen,2938,SH,real,True,23.07.2024,2684690,1270617
101609361,10018447,190181212,Benzeweg,47b,8222 Beringen,2932,SH,real,True,15.11.2024,2686535,1283567
101609362,10018447,190181216,Benzeweg,47f,8222 Beringen,2932,SH,real,True,15.11.2024,2686551,1283608
101609363,10128229,190181217,Rauhenbergstrasse,8,8263 Buch SH,2961,SH,real,True,15.11.2024,2700968,1287011
101609769,10025687,190181232,Spitalstrasse,5,8200 Schaffhausen,2939,SH,real,True,15.11.2024,2689536,1283718
101609875,10018447,190181215,Benzeweg,47e,8222 Beringen,2932,SH,real,True,15.11.2024,2686540,1283605
101609895,10018174,190185920,Im hinderen Chapf,3,8455 Rüdlingen,2938,SH,real,True,15.11.2024,2685018,1270197
101609907,10186575,190186172,Obere Hofwiesen,24,8226 Schleitheim,2952,SH,real,True,15.11.2024,2678777,1289619
101610085,10077454,190188175,J.C. Fischer-Strasse,4,8200 Schaffhausen,2939,SH,real,True,15.11.2024,2689567,1284365
101610241,10058935,190179384,Dorfstrasse,70,8228 Beggingen,2951,SH,real,True,15.11.2024,2681824,1291151
101610642,10019557,190180808,Zimmerberg,2,8222 Beringen,2932,SH,real,True,15.11.2024,2685256,1283924
101610646,10019557,190180815,Zimmerberg,4,8222 Beringen,2932,SH,real,True,15.11.2024,2685277,1283948
101610647,10019557,190180819,Zimmerberg,6,8222 Beringen,2932,SH,real,True,15.11.2024,2685285,1283926
101610935,10046615,190182276,Dützebüelstrasse,12,8207 Schaffhausen,2939,SH,real,True,15.11.2024,2692014,1286828
101611045,10073020,190185833,Underem Förlibuck,5,8455 Rüdlingen,2938,SH,real,True,15.11.2024,2684735,1270381
101611105,10091265,190179146,Im Vogelsand,3,8455 Rüdlingen,2938,SH,real,True,15.11.2024,2684883,1270636
101611183,10073637,190179795,Gärtliweg,14,8222 Beringen,2932,SH,real,True,15.11.2024,2684887,1283784
101611192,10073024,1611648,Bachtelstrasse,32,8200 Schaffhausen,2939,SH,real,True,15.11.2024,2688596,1284811
101611453,10130701,190182946,Barzingergasse,19,8240 Thayngen,2920,SH,real,True,15.11.2024,2695323,1289823
101611669,10171417,190180073,Chläggiblick,11,8224 Löhningen,2903,SH,real,True,15.11.2024,2683420,1284182
101611816,10018465,190181008,Postberg,8,8222 Beringen,2932,SH,real,True,15.11.2024,2685122,1283718
101611834,10091223,190181037,Schützeweg,33c,8222 Beringen,2932,SH,real,True,15.11.2024,2685297,1284189
101612194,10073024,1611648,Bachtelstrasse,30,8200 Schaffhausen,2939,SH,real,True,15.11.2024,2688596,1284805
101612302,10073077,190181903,Waldstrasse,14a,8200 Schaffhausen,2939,SH,real,True,15.11.2024,2689862,1284906
101612320,10018447,190180430,Benzeweg,53d,8222 Beringen,2932,SH,real,True,15.11.2024,2686616,1283604
101612322,10018447,190180436,Benzeweg,53e,8222 Beringen,2932,SH,real,True,15.11.2024,2686626,1283603
101612323,10018447,190180438,Benzeweg,1122.1,8222 Beringen,2932,SH,real,True,23.07.2024,2686593,1283580
101612407,10018447,190181209,Benzeweg,47a,8222 Beringen,2932,SH,real,True,15.11.2024,2686534,1283567
101612625,10206074,190185796,Bungertweg,2,8455 Rüdlingen,2938,SH,real,True,15.11.2024,2685237,1270650
101613191,10018447,190180165,Benzeweg,51b,8222 Beringen,2932,SH,real,True,15.11.2024,2686600,1283602
101613227,10019569,190185826,Hochrahn,56,8231 Hemmental,2939,SH,real,True,15.11.2024,2686198,1287544
101613228,10091265,190185832,Im Vogelsand,4,8455 Rüdlingen,2938,SH,real,True,15.11.2024,2684862,1270628
101613912,10167961,190180466,Reibacker,12,8222 Beringen,2932,SH,real,True,15.11.2024,2685104,1283500
101613938,10167961,190180498,Reibacker,10,8222 Beringen,2932,SH,real,True,15.11.2024,2685080,1283528
101613940,10167961,190180501,Reibacker,8,8222 Beringen,2932,SH,real,True,15.11.2024,2685052,1283514
101614026,10091404,190182845,Blumenweg,10,8217 Wilchingen,2974,SH,real,True,15.11.2024,2677199,1280552
101614400,10018447,190180161,Benzeweg,49b,8222 Beringen,2932,SH,real,True,15.11.2024,2686573,1283586
101614839,10046627,190181539,Rietmattstrasse,21,8200 Schaffhausen,2939,SH,real,True,15.11.2024,2688309,1284045
101614840,10085728,190181540,Otterngutstrasse,16,8200 Schaffhausen,2939,SH,real,True,15.11.2024,2690296,1285246
101615609,10026388,190180864,Chlenglerweg,103,8240 Thayngen,2920,SH,real,True,15.11.2024,2696651,1289324
101616361,10046605,190190396,Dorfstrasse,23,8454 Buchberg,2933,SH,real,True,15.11.2024,2684662,1269733
101616498,10018157,190185615,Zieglerweg,66,8240 Thayngen,2920,SH,real,True,15.11.2024,2694611,1289886
101616681,10131683,190182001,Im Höfli,,8234 Stetten SH,2919,SH,real,True,23.07.2024,2691680,1288483
101617041,10026388,190180873,Chlenglerweg,105,8240 Thayngen,2920,SH,real,True,15.11.2024,2696662,1289318
101617043,10087060,190180886,Stockwiesenstrasse,42,8240 Thayngen,2920,SH,real,True,15.11.2024,2695823,1288690
101617054,10024931,190180903,Im Dorf,5,8241 Barzheim,2920,SH,real,True,15.11.2024,2696152,1290721
101617170,10031578,190186361,Schoopacker,34,8225 Siblingen,2953,SH,real,True,15.11.2024,2681318,1286201
101617198,10146649,190181107,Bömmliacker,12.1,8222 Beringen,2932,SH,real,True,23.07.2024,2686597,1283215
101617383,10085721,190189485,Lochstrasse,17a,8200 Schaffhausen,2939,SH,real,True,15.11.2024,2689198,1284891
101617384,10085738,190189489,Schwarzadlerstrasse,15,8200 Schaffhausen,2939,SH,real,True,15.11.2024,2689186,1284911
101617385,10085738,190189490,Schwarzadlerstrasse,17,8200 Schaffhausen,2939,SH,real,True,15.11.2024,2689180,1284908
101617387,10085738,190189492,Schwarzadlerstrasse,19,8200 Schaffhausen,2939,SH,real,True,15.11.2024,2689177,1284907
101618054,10164384,190181783,Schüppelstrasse,12,8263 Buch SH,2961,SH,real,True,15.11.2024,2701287,1286259
101618055,10105350,190181784,Biberweg,1,8263 Buch SH,2961,SH,real,True,15.11.2024,2701044,1286062
101618079,10161532,190181829,Rietweg,8,8260 Stein am Rhein,2964,SH,real,True,15.11.2024,2706255,1280367
101618204,10030808,190190122,Morgenackerstrasse,21,8454 Buchberg,2933,SH,real,True,15.11.2024,2684176,1269837
101618437,10031499,190185242,Hauptstrasse,33a,8215 Hallau,2971,SH,real,True,15.11.2024,2676574,1283498
101618440,10110820,190185245,Gehringerstrasse,2,8215 Hallau,2971,SH,real,True,15.11.2024,2676299,1283171
101618441,10073101,190185246,Laamenstrasse,3,8215 Hallau,2971,SH,real,True,15.11.2024,2676081,1283319
101618442,10130701,190185249,Barzingergasse,17,8240 Thayngen,2920,SH,real,True,15.11.2024,2695319,1289800
101619270,10121180,190186735,Oberwiesenstrasse,21,8215 Hallau,2971,SH,real,True,15.11.2024,2676329,1283767
101619593,10024957,190179427,Blattenacker,2a,8235 Lohn SH,2917,SH,real,True,15.11.2024,2692522,1290127
101619594,10104917,190179428,Blattenweg,5,8235 Lohn SH,2917,SH,real,True,15.11.2024,2692553,1289981
101619595,10104917,190179429,Blattenweg,3,8235 Lohn SH,2917,SH,real,True,15.11.2024,2692570,1289995
101619596,10086758,190179430,Quellenstrasse,12,8235 Lohn SH,2917,SH,real,True,15.11.2024,2692685,1290256
101620669,10073028,190187988,Brunnengasse,6,8200 Schaffhausen,2939,SH,real,True,15.11.2024,2690002,1283523
101622465,10046605,190190131,Dorfstrasse,123,8454 Buchberg,2933,SH,real,True,15.11.2024,2683925,1269658
101622467,10030808,190190134,Morgenackerstrasse,12,8454 Buchberg,2933,SH,real,True,15.11.2024,2684121,1269864
101622737,10031615,190184833,Bockrain,5,8260 Stein am Rhein,2964,SH,real,True,15.11.2024,2706329,1280302
101623017,10046626,190185481,Repfergasse,14,8200 Schaffhausen,2939,SH,real,True,15.11.2024,2689918,1283709
101624579,10018463,2025969,Oberdorf,14b,8222 Beringen,2932,SH,real,True,15.11.2024,2685258,1283762
101624705,10212134,190201011,Heinrich Moser-Platz,5.1,8212 Neuhausen am Rheinfall,2937,SH,real,True,15.11.2024,2688678,1281594
101624816,10018642,1610319,Grabenstrasse,6,8200 Schaffhausen,2939,SH,real,True,15.11.2024,2689588,1283283
101624819,10025705,1610633,Unterstadt,37,8200 Schaffhausen,2939,SH,real,True,15.11.2024,2690071,1283491
101624972,10019569,190208559,Hochrahn,73,8231 Hemmental,2939,SH,real,True,15.11.2024,2686161,1287527
101624996,10178590,190208586,Staanackerstrasse,9,8232 Merishausen,2936,SH,real,True,15.11.2024,2687792,1290101
101625498,10186929,190200105,Stammlerbühlstrasse,12,8240 Thayngen,2920,SH,real,True,15.11.2024,2696073,1288719
101625676,10085737,190199222,Schlossstrasse,65,8207 Schaffhausen,2939,SH,real,True,15.11.2024,2691756,1286899
101625785,10026386,1609327,Bolliweg,1,8240 Thayngen,2920,SH,real,True,23.07.2024,2695317,1289651
101625833,10107218,190201710,Hofwisenstrasse,21,8260 Stein am Rhein,2964,SH,real,True,15.11.2024,2706341,1278830
101625951,10110819,190201708,Espiweg,28,8260 Stein am Rhein,2964,SH,real,True,15.11.2024,2706499,1279579
101625956,10107218,190201709,Hofwisenstrasse,13,8260 Stein am Rhein,2964,SH,real,True,15.11.2024,2706512,1278726
101626074,10071978,190204492,Sonnenstrasse,420c,8262 Ramsen,2963,SH,real,True,15.11.2024,2703255,1285101
101626084,10019557,473370,Zimmerberg,20,8222 Beringen,2932,SH,real,True,15.11.2024,2685245,1284149
101626090,10019557,473381,Zimmerberg,26,8222 Beringen,2932,SH,real,True,15.11.2024,2685236,1284205
101626094,10018463,2025456,Oberdorf,53,8222 Beringen,2932,SH,real,True,15.11.2024,2685126,1284017
101626095,10073644,473430,Prinzenhof,14,8222 Beringen,2932,SH,real,True,15.11.2024,2685174,1283966
101626170,10186340,2025968,Schaffhauserstrasse,52,8222 Beringen,2932,SH,real,True,15.11.2024,2685697,1283449
101626337,10019781,190206651,Neherstieg,26,8200 Schaffhausen,2939,SH,real,True,15.11.2024,2688391,1283815
101626338,10019781,190206652,Neherstieg,28,8200 Schaffhausen,2939,SH,real,True,15.11.2024,2688401,1283799
101627510,10073056,1610327,Neustadt,1,8200 Schaffhausen,2939,SH,real,True,15.11.2024,2689604,1283259
101627829,10113206,1610107,Vorstadt,60,8200 Schaffhausen,2939,SH,real,True,15.11.2024,2689821,1283865
101627952,10104965,1610271,Kirchhofplatz,22,8200 Schaffhausen,2939,SH,real,True,15.11.2024,2689935,1283564
101627953,10019780,1610356,Münstergasse,15,8200 Schaffhausen,2939,SH,real,True,15.11.2024,2689786,1283482
101627961,10018673,1610562,Kreuzgasse,14,8200 Schaffhausen,2939,SH,real,True,15.11.2024,2689030,1283217
101627963,10073060,190206976,Rheinstrasse,7,8200 Schaffhausen,2939,SH,real,True,15.11.2024,2689798,1283257
101627968,10073055,190206999,Mühlentalstrasse,38,8200 Schaffhausen,2939,SH,real,True,15.11.2024,2689415,1284159
101627969,10073055,190206999,Mühlentalstrasse,36,8200 Schaffhausen,2939,SH,real,True,15.11.2024,2689419,1284127
101628628,10019781,190206648,Neherstieg,22,8200 Schaffhausen,2939,SH,real,True,15.11.2024,2688367,1283860
101628870,10156881,190199680,Geisshofweg,5,8200 Schaffhausen,2939,SH,real,True,15.11.2024,2689686,1284707
101628871,10156881,190199681,Geisshofweg,5a,8200 Schaffhausen,2939,SH,real,True,15.11.2024,2689696,1284719
101628925,10018461,473453,Kirchgängli,3,8222 Beringen,2932,SH,real,True,15.11.2024,2685171,1283687
101629369,10178590,190205668,Staanackerstrasse,5,8232 Merishausen,2936,SH,real,True,15.11.2024,2687828,1290122
101630254,10085755,1610455,Vordersteig,15,8200 Schaffhausen,2939,SH,real,True,15.11.2024,2689437,1283594
101630256,10113206,1610107,Vorstadt,58,8200 Schaffhausen,2939,SH,real,True,15.11.2024,2689820,1283861
101630265,10073034,190206963,Friedbergstrasse,60a,8200 Schaffhausen,2939,SH,real,True,15.11.2024,2689199,1283593
101630454,10072966,471105,Im Bohl,3,8243 Altdorf SH,2920,SH,real,True,15.11.2024,2691409,1293325
101630582,10117541,473480,Stalden,26,8222 Beringen,2932,SH,real,True,15.11.2024,2684724,1283551
101630814,10087072,473057,Neugrüthalde,19,8222 Beringen,2932,SH,real,True,15.11.2024,2686270,1283703
101630815,10087072,473057,Neugrüthalde,21,8222 Beringen,2932,SH,real,True,15.11.2024,2686270,1283713
101630816,10087071,2025901,Klösterli,11,8222 Beringen,2932,SH,real,True,15.11.2024,2685165,1283575
101631134,10167069,471169,Hinterdorfstrasse,7,8241 Barzheim,2920,SH,real,True,15.11.2024,2696091,1290720
101631137,10018146,1609609,Predigerweg,8,8240 Thayngen,2920,SH,real,True,15.11.2024,2695029,1289504
101631973,10173738,190199802,Zentralschulhaus,49a,8242 Hofen SH,2920,SH,real,True,23.07.2024,2692400,1292806
101633123,10187857,190209776,Tannerberg,12,8200 Schaffhausen,2939,SH,real,True,15.11.2024,2689658,1284127
101633665,10025710,190202488,Windeggstieg,34,8203 Schaffhausen,2939,SH,real,True,15.11.2024,2691402,1283101
101633869,10179737,481942,Adlerstrasse,9a,8226 Schleitheim,2952,SH,real,True,15.11.2024,2678564,1289275
101634408,10174098,190208420,Underdoorf,5,8224 Löhningen,2903,SH,real,True,15.11.2024,2683735,1283940
101634413,10171416,190208438,Wiideblick,10,8224 Löhningen,2903,SH,real,True,15.11.2024,2683359,1284115
101634861,10025728,481533,Schmalzgasse,2,8228 Beggingen,2951,SH,real,True,15.11.2024,2682363,1291338
101634862,10025714,481575,Bückli,2,8228 Beggingen,2951,SH,real,True,15.11.2024,2682374,1291243
101635726,10106943,190143393,Wistenstrasse,25,8240 Thayngen,2920,SH,real,True,15.11.2024,2694745,1290107
101636228,10187857,190209769,Tannerberg,16,8200 Schaffhausen,2939,SH,real,True,15.11.2024,2689625,1284163
101636230,10187857,190209771,Tannerberg,14,8200 Schaffhausen,2939,SH,real,True,15.11.2024,2689641,1284144
101636499,10091226,190025014,Zelgstrasse,30,8222 Beringen,2932,SH,real,True,15.11.2024,2685140,1283522
101636503,10091226,190025010,Zelgstrasse,22,8222 Beringen,2932,SH,real,True,15.11.2024,2685142,1283464
101636504,10091226,190025007,Zelgstrasse,18,8222 Beringen,2932,SH,real,True,15.11.2024,2685142,1283434
101636853,10058934,9081204,Industrieplatz,1e,8212 Neuhausen am Rheinfall,2937,SH,real,True,15.11.2024,2688572,1281561
101636907,10031583,190213552,Oberdorfstrasse,12,8263 Buch SH,2961,SH,real,True,15.11.2024,2700924,1285900
101636908,10071685,190213555,Dorfstrasse,23,8263 Buch SH,2961,SH,real,True,15.11.2024,2700741,1286059
101637288,10146649,190210686,Bömmliacker,1,8222 Beringen,2932,SH,real,True,15.11.2024,2686545,1283100
101637320,10018447,190211011,Benzeweg,53f,8222 Beringen,2932,SH,real,True,15.11.2024,2686652,1283571
101637477,10018153,190143393,Stofflerstrasse,22,8240 Thayngen,2920,SH,real,True,15.11.2024,2694743,1290104
101637577,10018153,190143393,Stofflerstrasse,24,8240 Thayngen,2920,SH,real,True,15.11.2024,2694744,1290105
101638509,10136937,190210452,Industriestrasse,8.1,8222 Beringen,2932,SH,real,True,23.07.2024,2685984,1283224
101639110,10176069,190215760,Riigaarte,3,8261 Hemishofen,2962,SH,real,True,15.11.2024,2704558,1281486
101639150,10185483,190215083,Buchbergstrasse,3,8240 Thayngen,2920,SH,real,True,15.11.2024,2695618,1289559
101639204,10171417,190208394,Chläggiblick,6,8224 Löhningen,2903,SH,real,True,15.11.2024,2683355,1284167
101639214,10171416,190208405,Wiideblick,5,8224 Löhningen,2903,SH,real,True,15.11.2024,2683350,1284147
101639346,10073056,1610299,Neustadt,55,8200 Schaffhausen,2939,SH,real,True,15.11.2024,2689593,1283446
101639682,10072983,471642,Unterdorf,3,8235 Lohn SH,2917,SH,real,True,15.11.2024,2692294,1290102
101639853,10018468,190210646,Schwärziweg,17a,8222 Beringen,2932,SH,real,True,15.11.2024,2685899,1283576
101640098,10120418,190210607,Rheinfallquai,3,8212 Neuhausen am Rheinfall,2937,SH,real,True,15.11.2024,2688062,1281513
101640102,10137915,190210613,Neuwiesenstrasse,4,8222 Beringen,2932,SH,real,True,15.11.2024,2685292,1283149
101640282,10149629,190214100,Bolderhof,2,8261 Hemishofen,2962,SH,real,True,15.11.2024,2703800,1282521
101640286,10149629,190214107,Bolderhof,3,8261 Hemishofen,2962,SH,real,True,15.11.2024,2703813,1282548
101641079,10136937,190210451,Industriestrasse,8,8222 Beringen,2932,SH,real,True,15.11.2024,2685948,1283291
101641081,10186340,190210454,Schaffhauserstrasse,249.1,8222 Beringen,2932,SH,real,True,23.07.2024,2687658,1283204
101641120,10186339,190210661,Gellerstrasse,52a,8222 Beringen,2932,SH,real,True,15.11.2024,2685580,1283606
101641356,10018661,190211290,Im Eschengut,2a,8200 Schaffhausen,2939,SH,real,True,15.11.2024,2690775,1284788
101642305,10186339,190210653,Gellerstrasse,50,8222 Beringen,2932,SH,real,True,15.11.2024,2685568,1283622
101642307,10186339,190210660,Gellerstrasse,52b,8222 Beringen,2932,SH,real,True,15.11.2024,2685572,1283604
101642331,10087215,190199464,Oberdorfstrasse,3,8261 Hemishofen,2962,SH,real,True,15.11.2024,2704739,1281639
101642332,10087215,190199465,Oberdorfstrasse,1,8261 Hemishofen,2962,SH,real,True,15.11.2024,2704733,1281648
101642423,10024967,471747,Birkenstrasse,1,8236 Opfertshofen SH,2920,SH,real,True,15.11.2024,2691671,1292631
101642459,10031499,483814,Hauptstrasse,112,8215 Hallau,2971,SH,real,True,15.11.2024,2676958,1283529
101642749,10146649,190211056,Bömmliacker,3c,8222 Beringen,2932,SH,real,True,15.11.2024,2686539,1283111
101642774,10106950,190211145,Kometsträsschen,26,8200 Schaffhausen,2939,SH,real,True,15.11.2024,2689192,1283437
101642920,10027493,190133475,Rebhaldenweg,3,8224 Löhningen,2903,SH,real,True,15.11.2024,2683775,1284229
101642996,10087052,1609734,Im Gatter,29,8240 Thayngen,2920,SH,real,True,15.11.2024,2694802,1289293
101643212,10072975,190203591,Im Chloster,11,8239 Dörflingen,2915,SH,real,True,15.11.2024,2696149,1284676
101643367,10085756,2028936,Webergasse,17,8200 Schaffhausen,2939,SH,real,True,15.11.2024,2689887,1283756
101643369,10085756,2028936,Webergasse,15,8200 Schaffhausen,2939,SH,real,True,15.11.2024,2689892,1283756
101643379,10179743,190200292,Zunderst Wyler,14,8226 Schleitheim,2952,SH,real,True,15.11.2024,2678057,1288481
101643449,10019553,473242,Unterdorf,20,8222 Beringen,2932,SH,real,True,15.11.2024,2685279,1283560
101643841,10018448,190199864,Biberichweg,13,8222 Beringen,2932,SH,real,True,15.11.2024,2684963,1283842
101644387,10019289,190198542,Dahlienstrasse,1,8200 Schaffhausen,2939,SH,real,True,15.11.2024,2689333,1284568
101644960,10087070,190048028,Hülsteweg,6,8222 Beringen,2932,SH,real,True,15.11.2024,2686894,1283646
101645270,10186340,473014,Schaffhauserstrasse,249,8222 Beringen,2932,SH,real,True,15.11.2024,2687647,1283216
101645312,10086491,190204773,Haldenstrasse,20a,8200 Schaffhausen,2939,SH,real,True,15.11.2024,2689367,1284645
101645600,10026390,190215088,Drachenbrunnenweg,11,8240 Thayngen,2920,SH,real,True,15.11.2024,2694027,1290008
101645845,10179732,190198917,Tellstrasse,4b,8200 Schaffhausen,2939,SH,real,True,15.11.2024,2690310,1284015
101645993,10027503,190200745,Gigebuck,8,8213 Neunkirch,2904,SH,real,True,15.11.2024,2679017,1282294
101645996,10104916,190200749,Glaserstrasse,1,8213 Neunkirch,2904,SH,real,True,15.11.2024,2680135,1282658
101645997,10137899,190200750,Glaserweg,4,8213 Neunkirch,2904,SH,real,True,15.11.2024,2680208,1282628
101645999,10072964,190200756,Zelgstrasse,2,8213 Neunkirch,2904,SH,real,True,15.11.2024,2679784,1282955
101646005,10091178,190200763,Hintergasse,19,8213 Neunkirch,2904,SH,real,True,15.11.2024,2679656,1282685
101647165,10025710,190205443,Windeggstieg,36,8203 Schaffhausen,2939,SH,real,True,15.11.2024,2691408,1283112
101647927,10122077,190207098,Widlenstrasse,4,8203 Schaffhausen,2939,SH,real,True,15.11.2024,2691994,1283731
101648132,10087072,473057,Neugrüthalde,15,8222 Beringen,2932,SH,real,True,15.11.2024,2686257,1283708
101648133,10087072,473057,Neugrüthalde,17,8222 Beringen,2932,SH,real,True,15.11.2024,2686270,1283693
101648616,10048900,190200104,Lohningerweg,99,8240 Thayngen,2920,SH,real,True,15.11.2024,2694235,1289409
101648623,10186339,190200120,Gellerstrasse,40,8222 Beringen,2932,SH,real,True,15.11.2024,2685447,1283586
101649000,10025710,190200942,Windeggstieg,48,8203 Schaffhausen,2939,SH,real,True,15.11.2024,2691466,1283072
101650154,10172660,471120,Unterdorf,2,8243 Altdorf SH,2920,SH,real,True,15.11.2024,2691491,1293301
101650156,10237809,471124,Dorfstrasse,13,8243 Altdorf SH,2920,SH,real,True,15.11.2024,2691502,1293351
101650174,10018468,190199973,Schwärziweg,31,8222 Beringen,2932,SH,real,True,15.11.2024,2686058,1283626
101650175,10018468,190199975,Schwärziweg,35,8222 Beringen,2932,SH,real,True,15.11.2024,2686094,1283629
101650176,10018468,190199977,Schwärziweg,39,8222 Beringen,2932,SH,real,True,15.11.2024,2686073,1283599
101650183,10185491,190199995,Mühleweg,17,8222 Beringen,2932,SH,real,True,15.11.2024,2685056,1283984
101650184,10185491,190199996,Mühleweg,15,8222 Beringen,2932,SH,real,True,15.11.2024,2685065,1283944
101654022,10018631,190195362,Forstweg,4,8200 Schaffhausen,2939,SH,real,True,15.11.2024,2689751,1284843
101654378,10032578,482027,Schwarzwaldstrasse,74,8226 Schleitheim,2952,SH,real,True,15.11.2024,2676502,1289091
101654840,10111807,471305,Braatistrasse,1,8236 Büttenhardt,2914,SH,real,True,15.11.2024,2691038,1290154
101656723,10161547,190192757,Im Brand,2,8200 Schaffhausen,2939,SH,real,True,15.11.2024,2690243,1286670
101656733,10161547,190192769,Im Brand,4,8200 Schaffhausen,2939,SH,real,True,15.11.2024,2690255,1286669
101657587,10142426,483809,Rosenauweg,3,8215 Hallau,2971,SH,real,True,15.11.2024,2676974,1283493
101670939,10128947,190377411,Hinder Nüchilch,12,8213 Neunkirch,2904,SH,real,True,15.11.2024,2679600,1282099
101671246,10141604,190434430,Wirbelwies,12,8200 Schaffhausen,2939,SH,real,True,15.11.2024,2688654,1285920
101671247,10141604,190434431,Wirbelwies,13,8200 Schaffhausen,2939,SH,real,True,15.11.2024,2688675,1285914
101671280,10146886,190435348,Brunnackerstrasse,20,8200 Schaffhausen,2939,SH,real,True,15.11.2024,2688337,1284044
101671281,10146886,190435388,Brunnackerstrasse,16,8200 Schaffhausen,2939,SH,real,True,15.11.2024,2688337,1284077
101671282,10146886,190435389,Brunnackerstrasse,18,8200 Schaffhausen,2939,SH,real,True,15.11.2024,2688329,1284076
101672801,10180889,190287568,Lettengarten,9,8225 Siblingen,2953,SH,real,True,15.11.2024,2681610,1285221
101672904,10024951,190323588,Randeggerstrasse,1,8239 Dörflingen,2915,SH,real,True,15.11.2024,2696480,1285497
101673721,10031918,190259369,Chupferwise,5,8260 Stein am Rhein,2964,SH,real,True,15.11.2024,2706417,1280099
101673949,10111804,190229895,Hallauerstrasse,35,8213 Neunkirch,2904,SH,real,True,15.11.2024,2678962,1282758
101674054,10031927,190259168,Köhlerweid,4,8260 Stein am Rhein,2964,SH,real,True,15.11.2024,2706066,1279223
101674055,10113218,190259288,Im Riet,21,8260 Stein am Rhein,2964,SH,real,True,15.11.2024,2706176,1280302
101674080,10087233,190262608,Guldifuess,15a,8260 Stein am Rhein,2964,SH,real,True,15.11.2024,2707108,1280183
101674218,10104916,190293951,Glaserstrasse,1.1,8213 Neunkirch,2904,SH,real,True,23.07.2024,2680122,1282659
101675116,10120424,190387708,Herblingerstrasse,13,8207 Schaffhausen,2939,SH,real,True,15.11.2024,2691249,1286069
101675118,10025683,190387711,Sonnenberg,4,8207 Schaffhausen,2939,SH,real,True,15.11.2024,2691200,1286077
101675360,10179726,190327268,Rietstrasse,157,8200 Schaffhausen,2939,SH,real,True,15.11.2024,2688438,1284263
101676773,10017860,190441009,Engestrasse,8c,8212 Neuhausen am Rheinfall,2937,SH,real,True,15.11.2024,2688386,1282278
101676777,10017860,190441030,Engestrasse,8b,8212 Neuhausen am Rheinfall,2937,SH,real,True,15.11.2024,2688392,1282280
101676778,10017860,190441031,Engestrasse,8a,8212 Neuhausen am Rheinfall,2937,SH,real,True,15.11.2024,2688400,1282281
101677412,10154375,190304768,Gemeindewiesenstrasse,19a,8212 Neuhausen am Rheinfall,2937,SH,real,True,15.11.2024,2687383,1281638
101677998,10085728,190443108,Otterngutstrasse,32,8200 Schaffhausen,2939,SH,real,True,15.11.2024,2690447,1285325
101678691,10161547,190306670,Im Brand,14,8200 Schaffhausen,2939,SH,real,True,15.11.2024,2690298,1286676
101679237,10164640,190406788,Hansegässli,3,8261 Hemishofen,2962,SH,real,True,15.11.2024,2704500,1281545
101680008,10135339,190346988,Untere Burghalde,15,8225 Siblingen,2953,SH,real,True,15.11.2024,2681468,1285623
101680421,10024976,190450789,Rotackerstrasse,1a,8234 Stetten SH,2919,SH,real,True,15.11.2024,2691849,1288505
101681312,10018448,190357048,Biberichweg,39b,8222 Beringen,2932,SH,real,True,15.11.2024,2684781,1283865
101681791,10019554,190414477,Unterstieg,15,8222 Beringen,2932,SH,real,True,15.11.2024,2685735,1283779
101681945,10206080,190254470,Vogelsandstrasse,1,8455 Rüdlingen,2938,SH,real,True,15.11.2024,2684844,1270661
101681946,10118143,190254473,Chapfstrasse,12,8455 Rüdlingen,2938,SH,real,True,15.11.2024,2684819,1270430
101681947,10206080,190254474,Vogelsandstrasse,2,8455 Rüdlingen,2938,SH,real,True,15.11.2024,2684825,1270662
101682950,10085777,482278,Auf der Breite,2,8225 Siblingen,2953,SH,real,True,15.11.2024,2681245,1285416
101683138,10106952,190419789,Sandackerstrasse,5,8200 Schaffhausen,2939,SH,real,True,15.11.2024,2688415,1284118
101683257,10126724,190445409,Hofwis,4,8234 Stetten SH,2919,SH,real,True,15.11.2024,2691540,1288354
101683381,10031927,190259148,Köhlerweid,3,8260 Stein am Rhein,2964,SH,real,True,15.11.2024,2706070,1279221
101684272,10115148,1609204,Lochgässli,3,8240 Thayngen,2920,SH,real,True,15.11.2024,2695282,1289312
101684707,10132353,190268648,Im Morgen,6,8239 Dörflingen,2915,SH,real,True,15.11.2024,2696169,1285097
101684729,10024957,190270908,Blattenacker,7a,8235 Lohn SH,2917,SH,real,True,15.11.2024,2692476,1290014
101685460,10073636,190411134,Durlängiweg,343.1,8222 Beringen,2932,SH,real,True,23.07.2024,2684740,1282934
101685739,10046604,190416034,Werkstrasse,39,8222 Beringen,2932,SH,real,True,15.11.2024,2684794,1283126
101685960,10072971,190282969,Huebstrasse,2,8236 Büttenhardt,2914,SH,real,True,15.11.2024,2691049,1290343
101686857,10174098,190355528,Underdoorf,8,8224 Löhningen,2903,SH,real,True,15.11.2024,2683747,1283913
101687759,10071693,190371391,Judebömmlistrasse,542,8262 Ramsen,2963,SH,real,True,15.11.2024,2703386,1285048
101687839,10072977,190323408,Morgenbuckweg,7e,8239 Dörflingen,2915,SH,real,True,15.11.2024,2696207,1285126
101687853,10185477,190324248,Neudörflingerstrasse,53a,8239 Dörflingen,2915,SH,real,True,15.11.2024,2696353,1285366
101688512,10031927,190259088,Köhlerweid,1,8260 Stein am Rhein,2964,SH,real,True,15.11.2024,2706094,1279210
101689095,10141604,190434328,Wirbelwies,2,8200 Schaffhausen,2939,SH,real,True,15.11.2024,2688610,1285977
101689096,10141604,190434370,Wirbelwies,6,8200 Schaffhausen,2939,SH,real,True,15.11.2024,2688625,1285959
101689098,10141604,190434428,Wirbelwies,11,8200 Schaffhausen,2939,SH,real,True,15.11.2024,2688670,1285925
101689600,10161512,190268509,Hohlegasse,10,8454 Buchberg,2933,SH,real,True,15.11.2024,2684441,1269616
101689694,10185477,190323468,Neudörflingerstrasse,9,8239 Dörflingen,2915,SH,real,True,15.11.2024,2696234,1285055
101689704,10024950,190324368,Obere Laag,143,8239 Dörflingen,2915,SH,real,True,15.11.2024,2696679,1283469
101690717,10154375,190260889,Gemeindewiesenstrasse,29,8212 Neuhausen am Rheinfall,2937,SH,real,True,15.11.2024,2687458,1281712
101691176,10156881,190379168,Geisshofweg,2,8200 Schaffhausen,2939,SH,real,True,15.11.2024,2689639,1284711
101691275,10071685,190414257,Dorfstrasse,46,8263 Buch SH,2961,SH,real,True,15.11.2024,2700426,1286073
101691383,10120413,190244709,Steig,6,8222 Beringen,2932,SH,real,True,15.11.2024,2685304,1283739
101691540,10087048,190233457,Buchhaldenweg,22a,8240 Thayngen,2920,SH,real,True,15.11.2024,2695098,1290145
101691601,10087055,1609432,Merzenbrunnenweg,6,8240 Thayngen,2920,SH,real,False,15.11.2024,2695183,1289590
101691801,10120406,1609639,Biberstrasse,21,8240 Thayngen,2920,SH,real,True,15.11.2024,2695084,1289396
101692346,10185484,190236108,Guggenbüelweg,1,8240 Thayngen,2920,SH,real,True,15.11.2024,2695520,1289205
101692362,10187867,190287589,Eschenzerstrasse,17,8260 Stein am Rhein,2964,SH,real,True,15.11.2024,2706820,1279214
101692852,10018151,190272588,Silberbergweg,7,8240 Thayngen,2920,SH,real,True,15.11.2024,2694484,1289362
101693060,10019553,473517,Unterdorf,13b,8222 Beringen,2932,SH,real,True,15.11.2024,2685279,1283527
101693096,10169254,190268430,Unterbreitenstrasse,24,8454 Buchberg,2933,SH,real,True,15.11.2024,2684715,1269716
101693099,10072972,190268948,Bildsteinstrasse,7,8239 Dörflingen,2915,SH,real,True,15.11.2024,2696372,1285133
101693104,10030808,190269031,Morgenackerstrasse,15,8454 Buchberg,2933,SH,real,True,15.11.2024,2684105,1269805
101693184,10018654,190242828,Hochstrasse,195,8200 Schaffhausen,2939,SH,real,True,15.11.2024,2690144,1285161
101693186,10111812,190243068,Ebringerstrasse,285,8240 Thayngen,2920,SH,real,True,15.11.2024,2697633,1289575
101693674,10025683,190286228,Sonnenberg,2,8207 Schaffhausen,2939,SH,real,True,15.11.2024,2691183,1286051
101694371,10141604,190434348,Wirbelwies,4,8200 Schaffhausen,2939,SH,real,True,15.11.2024,2688617,1285968
101694372,10141604,190434388,Wirbelwies,8,8200 Schaffhausen,2939,SH,real,True,15.11.2024,2688632,1285950
101694373,10137915,190024588,Neuwiesenstrasse,5,8222 Beringen,2932,SH,real,True,15.11.2024,2685390,1283138
101694711,10161547,190277290,Im Brand,18,8200 Schaffhausen,2939,SH,real,True,15.11.2024,2690312,1286678
101694922,10237825,190247790,Randenstrasse,50,8231 Hemmental,2939,SH,real,True,15.11.2024,2685371,1287687
101695457,10072977,190324030,Morgenbuckweg,7d,8239 Dörflingen,2915,SH,real,True,15.11.2024,2696214,1285134
101695459,10072977,190324032,Morgenbuckweg,7c,8239 Dörflingen,2915,SH,real,True,15.11.2024,2696221,1285142
101695460,10072977,190324048,Morgenbuckweg,7a,8239 Dörflingen,2915,SH,real,True,15.11.2024,2696236,1285158
101695595,10152449,190250249,Haslachergasse,9,8217 Wilchingen,2974,SH,real,True,15.11.2024,2677337,1280380
101695936,10136923,190406608,Bütenweg,8,8240 Thayngen,2920,SH,real,True,15.11.2024,2694977,1289907
101695939,10136923,190406669,Bütenweg,10,8240 Thayngen,2920,SH,real,True,15.11.2024,2694932,1289932
101696179,10185477,190323489,Neudörflingerstrasse,60,8239 Dörflingen,2915,SH,real,True,15.11.2024,2696415,1285395
101696224,10164638,190328649,Im Gali,4,8261 Hemishofen,2962,SH,real,True,15.11.2024,2704937,1281629
101696907,10118144,190413049,Hintersteig,9,8200 Schaffhausen,2939,SH,real,True,15.11.2024,2689519,1283798
101697174,10024936,190344468,Buckstrasse,5,8236 Büttenhardt,2914,SH,real,True,15.11.2024,2690890,1290433
101697277,10141604,190434432,Wirbelwies,14,8200 Schaffhausen,2939,SH,real,True,15.11.2024,2688659,1285910
101697279,10141604,190434468,Wirbelwies,15,8200 Schaffhausen,2939,SH,real,True,15.11.2024,2688681,1285904
101697481,10161547,190277229,Im Brand,20,8200 Schaffhausen,2939,SH,real,True,15.11.2024,2690325,1286677
101697536,10168524,190271090,Friedauweg,3,8215 Hallau,2971,SH,real,True,15.11.2024,2676679,1282772
101697537,10086757,190271108,Im Rietacker,5,8235 Lohn SH,2917,SH,real,True,15.11.2024,2692260,1289961
101697538,10086757,190271109,Im Rietacker,7,8235 Lohn SH,2917,SH,real,True,15.11.2024,2692275,1289953
101698113,10147630,190444828,Buechackerweg,6,8234 Stetten SH,2919,SH,real,True,15.11.2024,2691868,1288171
101698390,10237825,190436049,Randenstrasse,31,8231 Hemmental,2939,SH,real,True,15.11.2024,2685548,1287672
101698863,10018174,190306168,Im hinderen Chapf,1,8455 Rüdlingen,2938,SH,real,True,15.11.2024,2684999,1270215
101699065,10039881,190447075,Chlosterstrasse,7,8234 Stetten SH,2919,SH,real,True,15.11.2024,2691859,1288311
101699421,10126724,190445537,Hofwis,6,8234 Stetten SH,2919,SH,real,True,15.11.2024,2691565,1288371
101699422,10126724,190445588,Hofwis,8,8234 Stetten SH,2919,SH,real,True,15.11.2024,2691591,1288388
101699864,10146886,190419773,Brunnackerstrasse,5,8200 Schaffhausen,2939,SH,real,True,15.11.2024,2688373,1284098
101699903,10179718,190422689,Im Riet,9,8200 Schaffhausen,2939,SH,real,True,15.11.2024,2688279,1284252
101700564,10120424,190286248,Herblingerstrasse,11,8207 Schaffhausen,2939,SH,real,True,15.11.2024,2691222,1286031
101702417,10237810,190407468,Dorfstrasse,41,8236 Opfertshofen SH,2920,SH,real,True,15.11.2024,2691495,1292263
101702710,10072977,190324033,Morgenbuckweg,7b,8239 Dörflingen,2915,SH,real,True,15.11.2024,2696228,1285150
101702715,10185477,190324350,Neudörflingerstrasse,13,8239 Dörflingen,2915,SH,real,True,15.11.2024,2696258,1285085
101702788,10025707,190348248,Vorderenge,10,8200 Schaffhausen,2939,SH,real,True,15.11.2024,2688569,1283502
101702957,10091226,190364610,Zelgstrasse,32,8222 Beringen,2932,SH,real,True,15.11.2024,2685108,1283437
101703418,10046604,190364430,Werkstrasse,5,8222 Beringen,2932,SH,real,True,15.11.2024,2685282,1283285
101703731,10018464,190426013,Oberstieg,43b,8222 Beringen,2932,SH,real,True,15.11.2024,2686002,1283793
101703733,10018464,190426072,Oberstieg,45d,8222 Beringen,2932,SH,real,True,15.11.2024,2686015,1283800
101704553,10185491,190418649,Mühleweg,19,8222 Beringen,2932,SH,real,True,15.11.2024,2685086,1283992
101704753,10060698,482482,Rudolf-Tappolet-Weg,1,8263 Buch SH,2961,SH,real,True,15.11.2024,2701266,1286254
101704757,10111812,9003504,Ebringerstrasse,68,8240 Thayngen,2920,SH,real,True,15.11.2024,2696176,1289274
101704803,10237818,190236069,Rebbergstrasse,121,8240 Thayngen,2920,SH,real,True,15.11.2024,2696475,1289410
101705143,10111812,190235808,Ebringerstrasse,151,8240 Thayngen,2920,SH,real,True,15.11.2024,2696730,1289231
101705367,10048898,190439629,Schmerlatstrasse,1,8213 Neunkirch,2904,SH,real,True,15.11.2024,2680138,1282542
101706014,10179743,190231888,Zunderst Wyler,10,8226 Schleitheim,2952,SH,real,True,15.11.2024,2678037,1288522
101707319,10073624,190236128,Barzingersteig,2,8240 Thayngen,2920,SH,real,True,15.11.2024,2695329,1289741
101707388,10141604,190434409,Wirbelwies,10,8200 Schaffhausen,2939,SH,real,True,15.11.2024,2688640,1285940
101707485,10161532,190255108,Rietweg,1,8260 Stein am Rhein,2964,SH,real,True,15.11.2024,2706310,1280299
101707694,10152436,190251372,Brüelstrasse,4,8217 Wilchingen,2974,SH,real,True,15.11.2024,2677239,1279975
101708067,10031593,190247974,Alemannenweg,567,8262 Ramsen,2963,SH,real,True,15.11.2024,2703599,1284900
101708290,10019280,190423308,Bläsihofstrasse,78,8200 Schaffhausen,2939,SH,real,True,15.11.2024,2690606,1285849
101708320,10018464,190426013,Oberstieg,43d,8222 Beringen,2932,SH,real,True,15.11.2024,2686004,1283800
101708323,10018464,190426072,Oberstieg,45c,8222 Beringen,2932,SH,real,True,15.11.2024,2686014,1283794
101708643,10086486,190387688,Geissbergstrasse,6,8200 Schaffhausen,2939,SH,real,True,15.11.2024,2689647,1284744
101708719,10024961,190255768,In Gärten,3,8235 Lohn SH,2917,SH,real,True,15.11.2024,2692300,1290336
101708720,10104919,190255769,Wasserbrunnen,2,8235 Lohn SH,2917,SH,real,True,15.11.2024,2692637,1290035
101708950,10068428,190346768,Neuengasse,16,8223 Guntmadingen,2932,SH,real,True,15.11.2024,2683878,1282246
101708951,10068427,190346769,Im Winkel,12,8223 Guntmadingen,2932,SH,real,True,15.11.2024,2684062,1282253
101709547,10118143,190254749,Chapfstrasse,10,8455 Rüdlingen,2938,SH,real,True,15.11.2024,2684810,1270453
101711061,10019559,190266788,Erlistrasse,40,8454 Buchberg,2933,SH,real,True,15.11.2024,2684244,1269951
101711085,10173261,190268708,Braatle,11,8239 Dörflingen,2915,SH,real,True,15.11.2024,2696699,1284546
101711592,10141604,190434309,Wirbelwies,1,8200 Schaffhausen,2939,SH,real,True,15.11.2024,2688625,1285985
101711595,10141604,190434330,Wirbelwies,3,8200 Schaffhausen,2939,SH,real,True,15.11.2024,2688632,1285976
101711596,10141604,190434368,Wirbelwies,5,8200 Schaffhausen,2939,SH,real,True,15.11.2024,2688639,1285967
101711598,10141604,190434408,Wirbelwies,9,8200 Schaffhausen,2939,SH,real,True,15.11.2024,2688655,1285948
101711631,10146886,190435368,Brunnackerstrasse,22,8200 Schaffhausen,2939,SH,real,True,15.11.2024,2688330,1284042
101712208,10073034,190387168,Friedbergstrasse,43,8200 Schaffhausen,2939,SH,real,True,15.11.2024,2689089,1283569
101712550,10039881,190443508,Chlosterstrasse,2,8234 Stetten SH,2919,SH,real,True,15.11.2024,2691854,1288251
101712565,10147630,190444149,Buechackerweg,8,8234 Stetten SH,2919,SH,real,True,15.11.2024,2691885,1288184
101712571,10147630,190444848,Buechackerweg,4,8234 Stetten SH,2919,SH,real,True,15.11.2024,2691874,1288204
101713550,10091226,190363311,Zelgstrasse,38,8222 Beringen,2932,SH,real,True,15.11.2024,2685056,1283479
101713716,10091226,190363597,Zelgstrasse,34,8222 Beringen,2932,SH,real,True,15.11.2024,2685099,1283470
101714876,10185477,190324308,Neudörflingerstrasse,55,8239 Dörflingen,2915,SH,real,True,15.11.2024,2696316,1285387
101714879,10086754,471501,Unterbergstrasse,6,8239 Dörflingen,2915,SH,real,True,15.11.2024,2696091,1284687
101714980,10179760,190418915,Festistrasse,10,8215 Hallau,2971,SH,real,True,15.11.2024,2676260,1283431
101715104,10019582,190340209,Hinterburg,2,8232 Merishausen,2936,SH,real,True,15.11.2024,2687848,1290532
101715107,10091237,190340212,Hohlgasse,2,8232 Merishausen,2936,SH,real,True,15.11.2024,2687712,1290767
101715337,10039881,190447078,Chlosterstrasse,9,8234 Stetten SH,2919,SH,real,True,15.11.2024,2691850,1288336
101715962,10106952,190419812,Sandackerstrasse,3,8200 Schaffhausen,2939,SH,real,True,15.11.2024,2688412,1284075
101716031,10174098,190355548,Underdoorf,6,8224 Löhningen,2903,SH,real,True,15.11.2024,2683730,1283909
101716853,10091226,190362829,Zelgstrasse,36,8222 Beringen,2932,SH,real,True,15.11.2024,2685060,1283440
101716950,10025681,190366651,Sennereistrasse,59,8200 Schaffhausen,2939,SH,real,True,15.11.2024,2690662,1285477
101717188,10024970,190384064,Dorfstrasse,15b,8234 Stetten SH,2919,SH,real,True,15.11.2024,2691700,1288353
101717517,10018681,190422322,Lindliweg,5e,8200 Schaffhausen,2939,SH,real,True,15.11.2024,2691061,1283245
101717539,10179718,190422708,Im Riet,11,8200 Schaffhausen,2939,SH,real,True,15.11.2024,2688263,1284249
101717557,10019280,190423288,Bläsihofstrasse,79,8200 Schaffhausen,2939,SH,real,True,15.11.2024,2690627,1285869
101717597,10164638,190426330,Im Gali,12,8261 Hemishofen,2962,SH,real,True,15.11.2024,2704875,1281713
101717879,10025683,190387729,Sonnenberg,6,8207 Schaffhausen,2939,SH,real,True,15.11.2024,2691218,1286102
101718506,10156881,190392668,Geisshofweg,4,8200 Schaffhausen,2939,SH,real,True,15.11.2024,2689629,1284660
101719265,10086472,190400135,Blautraubenstrasse,21,8200 Schaffhausen,2939,SH,real,True,15.11.2024,2690254,1284275
101719368,10018462,190426013,Oberberg,44,8222 Beringen,2932,SH,real,True,15.11.2024,2686005,1283820
101719369,10018464,190426013,Oberstieg,43a,8222 Beringen,2932,SH,real,True,15.11.2024,2686002,1283789
101719375,10018464,190426072,Oberstieg,45b,8222 Beringen,2932,SH,real,True,15.11.2024,2686013,1283790
101719703,10126773,190231608,Rebweg,2,8214 Gächlingen,2901,SH,real,True,15.11.2024,2679711,1284442
101720930,10186930,190215457,Victor-von-Bruns-Strasse,23,8212 Neuhausen am Rheinfall,2937,SH,real,True,15.11.2024,2689086,1281499
101721029,10237810,471771,Dorfstrasse,19a,8236 Opfertshofen SH,2920,SH,real,True,15.11.2024,2691674,1292502
101721529,10111804,190229890,Hallauerstrasse,33,8213 Neunkirch,2904,SH,real,True,15.11.2024,2679003,1282751
101721636,10087048,190233457,Buchhaldenweg,22c,8240 Thayngen,2920,SH,real,True,15.11.2024,2695100,1290134
101722588,10087048,190114750,Buchhaldenweg,20b,8240 Thayngen,2920,SH,real,True,15.11.2024,2695089,1290142
101722589,10087048,190114750,Buchhaldenweg,20c,8240 Thayngen,2920,SH,real,True,15.11.2024,2695090,1290136
101723163,10071689,190249810,Bahnhofstrasse,566,8262 Ramsen,2963,SH,real,True,15.11.2024,2703605,1285018
101723218,10073115,190252208,Hofackergarten,8,8217 Wilchingen,2974,SH,real,True,15.11.2024,2677274,1280364
101723480,10091183,190215651,Uf Nüchilch,5,8213 Neunkirch,2904,SH,real,True,15.11.2024,2679676,1282191
101724410,10031615,190259449,Bockrain,3,8260 Stein am Rhein,2964,SH,real,True,15.11.2024,2706346,1280283
101725043,10018157,190028107,Zieglerweg,6a,8240 Thayngen,2920,SH,real,True,15.11.2024,2694893,1289645
101725044,10018157,190028106,Zieglerweg,4a,8240 Thayngen,2920,SH,real,True,15.11.2024,2694866,1289619
101725634,10068436,190220852,Hasenbergstrasse,12b,8213 Neunkirch,2904,SH,real,True,15.11.2024,2679408,1282197
101725636,10068436,190220854,Hasenbergstrasse,12c,8213 Neunkirch,2904,SH,real,True,15.11.2024,2679383,1282207
101726016,10033110,190215466,Fronhofweg,5,8215 Hallau,2971,SH,real,True,15.11.2024,2676440,1283360
101727734,10018178,190254469,Rafzerstrasse,2.1,8455 Rüdlingen,2938,SH,real,True,23.07.2024,2684924,1271444
101727735,10073020,190254472,Underem Förlibuck,6,8455 Rüdlingen,2938,SH,real,True,15.11.2024,2684720,1270371
101727742,10206084,190254733,Sustenstrasse,2,8455 Rüdlingen,2938,SH,real,True,15.11.2024,2685077,1270239
101727953,10172071,190224707,Schützenstrasse,6,8234 Stetten SH,2919,SH,real,True,15.11.2024,2691989,1288548
101728016,10111804,190228827,Hallauerstrasse,29,8213 Neunkirch,2904,SH,real,True,15.11.2024,2679091,1282737
101728127,10120398,190216149,Gigering,14,8213 Neunkirch,2904,SH,real,True,15.11.2024,2679063,1282346
101728288,10031583,190213550,Oberdorfstrasse,16,8263 Buch SH,2961,SH,real,True,15.11.2024,2700928,1285846
101728890,10187872,190258150,Chilstig,21,8219 Trasadingen,2973,SH,real,True,15.11.2024,2674326,1279827
101728941,10127143,190268968,Im Neuhuus,2,8239 Dörflingen,2915,SH,real,True,15.11.2024,2696410,1285072
101729190,10188153,190215662,Gächlingerstrasse,8,8213 Neunkirch,2904,SH,real,True,15.11.2024,2679775,1282923
101729200,10137899,190215670,Glaserweg,11,8213 Neunkirch,2904,SH,real,True,15.11.2024,2680293,1282586
101729201,10120398,190215673,Gigering,16,8213 Neunkirch,2904,SH,real,True,15.11.2024,2679066,1282341
101730050,10187869,190270548,Küferstrasse,40,8215 Hallau,2971,SH,real,True,15.11.2024,2675931,1283125
101730348,10172071,190224867,Schützenstrasse,8,8234 Stetten SH,2919,SH,real,True,15.11.2024,2692006,1288518
101731958,10031591,190213561,Hegaustrasse,4,8263 Buch SH,2961,SH,real,True,15.11.2024,2701150,1286950
101733055,10120398,190216035,Gigering,18,8213 Neunkirch,2904,SH,real,True,15.11.2024,2679086,1282328
101733061,10048897,190216043,Rebweg,19,8213 Neunkirch,2904,SH,real,True,15.11.2024,2679663,1282147
101733254,10018162,190215425,Tannenstrasse,15a,8212 Neuhausen am Rheinfall,2937,SH,real,True,15.11.2024,2688329,1283004
101733274,10018166,475493,Zentralstrasse,10,8212 Neuhausen am Rheinfall,2937,SH,real,True,15.11.2024,2688620,1281750
101733499,10091406,190252908,Haslacherstrasse,12,8217 Wilchingen,2974,SH,real,True,15.11.2024,2677204,1280588
101736061,10186334,471180,In Gmeindgärte,5,8241 Barzheim,2920,SH,real,True,15.11.2024,2696288,1290803
101737197,10086750,190220907,Im Unterberg,8,8239 Dörflingen,2915,SH,real,True,15.11.2024,2696016,1284733
101737200,10118352,190220910,Dorfstrasse,2,8239 Dörflingen,2915,SH,real,True,15.11.2024,2696121,1284836
101737536,10185476,190218408,Im Häsli,11,8239 Dörflingen,2915,SH,real,True,15.11.2024,2696599,1284774
101737547,10048898,190219812,Schmerlatstrasse,13,8213 Neunkirch,2904,SH,real,True,15.11.2024,2681061,1282582
101737549,10177867,190219928,Langwis,2,8219 Trasadingen,2973,SH,real,True,15.11.2024,2674813,1279983
101738554,10024970,190217467,Dorfstrasse,32a,8234 Stetten SH,2919,SH,real,True,15.11.2024,2691640,1288364
101739055,10073652,190268108,Hurbigstrasse,1,8454 Buchberg,2933,SH,real,True,15.11.2024,2684465,1269862
101739099,10187869,190271088,Küferstrasse,10,8215 Hallau,2971,SH,real,True,15.11.2024,2676142,1283274
101740145,10017855,190214878,Birchstrasse,22,8212 Neuhausen am Rheinfall,2937,SH,real,True,15.11.2024,2687063,1281522
101740744,10111804,190228828,Hallauerstrasse,29.1,8213 Neunkirch,2904,SH,real,True,23.07.2024,2679067,1282733
101740745,10111804,190228829,Hallauerstrasse,31,8213 Neunkirch,2904,SH,real,True,15.11.2024,2679047,1282745
101740757,10073369,190225787,Fohrenhof,142b,8225 Siblingen,2953,SH,real,True,15.11.2024,2682075,1284900
101741159,10039881,190443548,Chlosterstrasse,6,8234 Stetten SH,2919,SH,real,True,15.11.2024,2691883,1288290
101741181,10126724,190445248,Hofwis,2,8234 Stetten SH,2919,SH,real,True,15.11.2024,2691515,1288337
101741189,10126724,190445649,Hofwis,6a,8234 Stetten SH,2919,SH,real,True,15.11.2024,2691579,1288376
101741833,10087048,190114750,Buchhaldenweg,20d,8240 Thayngen,2920,SH,real,True,15.11.2024,2695090,1290130
101741969,10032576,190233088,Rütistelmüli,319.1,8226 Schleitheim,2952,SH,real,True,23.07.2024,2679842,1290645
101742427,10186575,190231333,Obere Hofwiesen,800.1,8226 Schleitheim,2952,SH,real,True,23.07.2024,2678809,1289616
101742457,10087048,190233457,Buchhaldenweg,22d,8240 Thayngen,2920,SH,real,True,15.11.2024,2695100,1290128
101743039,10019272,190249969,Auf der Platte,3,8200 Schaffhausen,2939,SH,real,True,15.11.2024,2689219,1285204
101743316,10106943,190235948,Wistenstrasse,30,8240 Thayngen,2920,SH,real,True,15.11.2024,2694635,1290225
101743319,10192055,190236048,Gänzlerweg,4,8241 Barzheim,2920,SH,real,True,15.11.2024,2696235,1290693
101743401,10072988,190388568,Im Tubackacker,7,8234 Stetten SH,2919,SH,real,True,15.11.2024,2691650,1288068
101743507,10031508,190291090,Schmalzgasse,8a,8215 Hallau,2971,SH,real,True,15.11.2024,2676420,1283239
101743884,10018466,473109,Rain,15a,8222 Beringen,2932,SH,real,True,15.11.2024,2686125,1283714
101744287,10130593,190258111,Friedhofweg,11,8219 Trasadingen,2973,SH,real,True,15.11.2024,2674571,1280482
101744470,10019278,190272348,Birchweg,40,8200 Schaffhausen,2939,SH,real,True,15.11.2024,2689506,1285747
101745499,10031927,190259110,Köhlerweid,2,8260 Stein am Rhein,2964,SH,real,True,15.11.2024,2706089,1279212
101746201,10160823,190269048,Morgenackerweg,4,8454 Buchberg,2933,SH,real,True,15.11.2024,2684234,1269858
101746509,10019291,2029217,Ebnatstrasse,65c,8200 Schaffhausen,2939,SH,real,False,15.11.2024,2690394,1284757
101747077,10171416,190355388,Wiideblick,7,8224 Löhningen,2903,SH,real,True,15.11.2024,2683382,1284137
101747161,10068436,190377409,Hasenbergstrasse,4,8213 Neunkirch,2904,SH,real,True,15.11.2024,2679447,1282291
101747693,10019799,190422510,Rosenbergstrasse,11a,8200 Schaffhausen,2939,SH,real,True,15.11.2024,2690830,1283649
101747847,10187867,190287588,Eschenzerstrasse,15,8260 Stein am Rhein,2964,SH,real,True,15.11.2024,2706826,1279205
101748414,10018681,190422316,Lindliweg,5,8200 Schaffhausen,2939,SH,real,True,15.11.2024,2691028,1283220
101748415,10018681,190422317,Lindliweg,5a,8200 Schaffhausen,2939,SH,real,True,15.11.2024,2691031,1283222
101748416,10018681,190422319,Lindliweg,5c,8200 Schaffhausen,2939,SH,real,True,15.11.2024,2691046,1283233
101748417,10018681,190422320,Lindliweg,5d,8200 Schaffhausen,2939,SH,real,True,15.11.2024,2691053,1283239
101748418,10018681,190422323,Lindliweg,5f,8200 Schaffhausen,2939,SH,real,True,15.11.2024,2691068,1283251
101748419,10018681,190422324,Lindliweg,5g,8200 Schaffhausen,2939,SH,real,True,15.11.2024,2691075,1283256
101748460,10024925,190423968,Zollstrasse,22,8218 Osterfingen,2974,SH,real,True,15.11.2024,2678529,1278851
101748674,10111809,190360488,Vorderdorf,9,8235 Lohn SH,2917,SH,real,True,15.11.2024,2692405,1290306
101748774,10146949,190362788,Dostentalstrasse,5,8232 Merishausen,2936,SH,real,True,15.11.2024,2687907,1290085
101748776,10108015,190362790,Hauptstrasse,3,8232 Merishausen,2936,SH,real,True,15.11.2024,2687912,1290155
101748777,10146118,190362792,Vorbuechweg,10,8232 Merishausen,2936,SH,real,True,15.11.2024,2687880,1290023
101749430,10018464,190426013,Oberstieg,43f,8222 Beringen,2932,SH,real,True,15.11.2024,2686005,1283808
101749431,10018464,190426013,Oberstieg,43e,8222 Beringen,2932,SH,real,True,15.11.2024,2686005,1283804
101749435,10018462,190426072,Oberberg,46,8222 Beringen,2932,SH,real,True,15.11.2024,2686021,1283817
101749438,10018464,190426072,Oberstieg,45f,8222 Beringen,2932,SH,real,True,15.11.2024,2686016,1283807
101749439,10018464,190426072,Oberstieg,45e,8222 Beringen,2932,SH,real,True,15.11.2024,2686015,1283804
101749614,10120406,1609639,Biberstrasse,17,8240 Thayngen,2920,SH,real,True,15.11.2024,2695087,1289385
101749637,10019579,190362793,Bodenwiesenweg,11,8232 Merishausen,2936,SH,real,True,15.11.2024,2687870,1290402
101750108,10174098,190355509,Underdoorf,10,8224 Löhningen,2903,SH,real,True,15.11.2024,2683767,1283919
101750728,10072974,190324148,Gärtlistrasse,6,8239 Dörflingen,2915,SH,real,True,15.11.2024,2696541,1284602
101752783,10156881,190380048,Geisshofweg,6,8200 Schaffhausen,2939,SH,real,True,15.11.2024,2689675,1284683
101754490,10026334,190347788,Trasadingerstrasse,3,8223 Guntmadingen,2932,SH,real,True,15.11.2024,2683740,1282641
101755430,10018464,190414468,Oberstieg,18,8222 Beringen,2932,SH,real,True,15.11.2024,2685729,1283800
101755438,10019291,2029217,Ebnatstrasse,65b,8200 Schaffhausen,2939,SH,real,False,15.11.2024,2690399,1284750
101755533,10136923,190406671,Bütenweg,12,8240 Thayngen,2920,SH,real,True,15.11.2024,2694952,1289962
101755622,10141604,190434470,Wirbelwies,16,8200 Schaffhausen,2939,SH,real,True,15.11.2024,2688664,1285899
101756246,10179760,190418913,Festistrasse,8,8215 Hallau,2971,SH,real,True,15.11.2024,2676252,1283432
101756596,10126991,190528528,Sandweg,6,8263 Buch SH,2961,SH,real,True,15.11.2024,2700464,1286100
101756645,10161547,190458008,Im Brand,16,8200 Schaffhausen,2939,SH,real,True,15.11.2024,2690311,1286676
101756711,10091223,190463088,Schützeweg,4,8222 Beringen,2932,SH,real,True,15.11.2024,2685474,1283882
101756779,10179719,1614279,Kesselgutstieg,2a,8200 Schaffhausen,2939,SH,real,True,15.11.2024,2690919,1284284
101756780,10073070,1615446,Stuckengässchen,42,8203 Schaffhausen,2939,SH,real,True,15.11.2024,2691651,1283171
101756782,10025693,2028230,Stimmerstrasse,80,8200 Schaffhausen,2939,SH,real,True,15.11.2024,2691209,1284565
101756783,10120420,2029217,Amsler-Laffon-Strasse,16,8200 Schaffhausen,2939,SH,real,False,15.11.2024,2690383,1284783
101756784,10086484,2029252,Fulacherhalde,6,8207 Schaffhausen,2939,SH,real,True,15.11.2024,2690978,1285436
101756785,10055273,2029313,In Gruben,1,8200 Schaffhausen,2939,SH,real,True,15.11.2024,2690639,1284276
101757011,10073075,1614220,Ungarbühlstrasse,56,8200 Schaffhausen,2939,SH,real,True,15.11.2024,2690246,1284329
101757013,10019570,1609983,Hofwiesenstrasse,28,8231 Hemmental,2939,SH,real,True,15.11.2024,2685877,1287609
101757014,10019790,1610074,Posthof,4,8200 Schaffhausen,2939,SH,real,True,15.11.2024,2689641,1283575
101757015,10113206,1610098,Vorstadt,61,8200 Schaffhausen,2939,SH,real,True,15.11.2024,2689818,1283889
101757016,10113206,1610098,Vorstadt,59,8200 Schaffhausen,2939,SH,real,True,15.11.2024,2689816,1283883
101757017,10085724,1610568,Mühlenstrasse,66,8200 Schaffhausen,2939,SH,real,True,15.11.2024,2689165,1283181
101757019,10025705,1610632,Unterstadt,29,8200 Schaffhausen,2939,SH,real,True,15.11.2024,2690091,1283489
101757020,10019287,1610910,Bühlstrasse,7,8200 Schaffhausen,2939,SH,real,True,15.11.2024,2689049,1283862
101757021,10179716,1611060,Hermann Rorschach-Strasse,31,8200 Schaffhausen,2939,SH,real,True,15.11.2024,2688565,1283698
101757071,10032568,190475608,Hölderlistrasse,20,8226 Schleitheim,2952,SH,real,True,15.11.2024,2677722,1289132
101757291,10018462,190501368,Oberberg,48,8222 Beringen,2932,SH,real,True,15.11.2024,2686046,1283813
101757293,10018464,190501368,Oberstieg,47b,8222 Beringen,2932,SH,real,True,15.11.2024,2686050,1283784
101757294,10018464,190501368,Oberstieg,47c,8222 Beringen,2932,SH,real,True,15.11.2024,2686051,1283788
101757295,10018464,190501368,Oberstieg,47d,8222 Beringen,2932,SH,real,True,15.11.2024,2686052,1283792
101757296,10018464,190501368,Oberstieg,47f,8222 Beringen,2932,SH,real,True,15.11.2024,2686053,1283800
101757298,10018464,190501368,Oberstieg,47g,8222 Beringen,2932,SH,real,True,15.11.2024,2686054,1283804
101757335,10122740,190528428,Lindenweg,5,8263 Buch SH,2961,SH,real,True,15.11.2024,2700936,1286025
101757337,10179746,190528488,Rosengartenstrasse,3,8263 Buch SH,2961,SH,real,True,15.11.2024,2700827,1285977
101758712,10018166,2026696,Zentralstrasse,4,8212 Neuhausen am Rheinfall,2937,SH,real,True,15.11.2024,2688608,1281741
101758713,10018166,2026696,Zentralstrasse,6,8212 Neuhausen am Rheinfall,2937,SH,real,True,15.11.2024,2688609,1281740
101758714,10018166,475494,Zentralstrasse,3,8212 Neuhausen am Rheinfall,2937,SH,real,True,15.11.2024,2688582,1281749
101759391,10025692,1613159,Stettemerstrasse,115,8207 Schaffhausen,2939,SH,real,True,15.11.2024,2691413,1286706
101759392,10025692,1613163,Stettemerstrasse,105,8207 Schaffhausen,2939,SH,real,True,15.11.2024,2691383,1286669
101759393,10025692,1613163,Stettemerstrasse,107,8207 Schaffhausen,2939,SH,real,True,15.11.2024,2691390,1286676
101759394,10073051,1613504,Krummacker,18,8207 Schaffhausen,2939,SH,real,True,15.11.2024,2691697,1286987
101759396,10128950,1613728,Frohbergstrasse,20,8200 Schaffhausen,2939,SH,real,True,15.11.2024,2690024,1284051
101759397,10128950,1613728,Frohbergstrasse,22,8200 Schaffhausen,2939,SH,real,True,15.11.2024,2690021,1284051
101759400,10018641,1613787,Glärnischstrasse,18,8200 Schaffhausen,2939,SH,real,True,15.11.2024,2690712,1283529
101759402,10019804,1613955,Schildstrasse,16,8200 Schaffhausen,2939,SH,real,True,15.11.2024,2690628,1283800
101759403,10073022,1614041,Alpenstrasse,11,8200 Schaffhausen,2939,SH,real,True,15.11.2024,2690411,1283916
101759404,10019806,1614411,Schlössliweg,29,8200 Schaffhausen,2939,SH,real,True,15.11.2024,2690480,1284399
101759405,10113193,1614560,Birkenstrasse,29,8200 Schaffhausen,2939,SH,real,True,15.11.2024,2690678,1284664
101759406,10113193,1614560,Birkenstrasse,31,8200 Schaffhausen,2939,SH,real,True,15.11.2024,2690670,1284672
101759407,10118359,1614564,Baumschulstrasse,2,8200 Schaffhausen,2939,SH,real,True,15.11.2024,2690577,1284578
101759411,10073022,1615043,Alpenstrasse,86,8200 Schaffhausen,2939,SH,real,True,15.11.2024,2690959,1283830
101759704,10085778,190486168,Burghaldenstrasse,8,8225 Siblingen,2953,SH,real,True,15.11.2024,2681553,1285702
101760316,10072976,190455870,Im Schützerhus,4,8239 Dörflingen,2915,SH,real,True,15.11.2024,2696400,1285044
101760318,10072972,190455873,Bildsteinstrasse,12,8239 Dörflingen,2915,SH,real,True,15.11.2024,2696373,1285008
101760487,10026004,190475769,Bergwaldhof,408e,8226 Schleitheim,2952,SH,real,True,15.11.2024,2678574,1286950
101760522,10113206,1610120,Vorstadt,34,8200 Schaffhausen,2939,SH,real,True,15.11.2024,2689773,1283784
101760523,10019789,1610149,Walther-Bringolf-Platz,7,8200 Schaffhausen,2939,SH,real,True,15.11.2024,2689798,1283715
101760524,10085756,1610149,Webergasse,39,8200 Schaffhausen,2939,SH,real,True,15.11.2024,2689810,1283761
101760525,10019789,1610168,Walther-Bringolf-Platz,10,8200 Schaffhausen,2939,SH,real,True,15.11.2024,2689820,1283708
101760526,10085756,1610188,Webergasse,13,8200 Schaffhausen,2939,SH,real,True,15.11.2024,2689898,1283756
101760528,10073076,1610236,Vordergasse,68,8200 Schaffhausen,2939,SH,real,True,15.11.2024,2689776,1283549
101760529,10073076,1610245,Vordergasse,72,8200 Schaffhausen,2939,SH,real,True,15.11.2024,2689763,1283550
101760531,10025688,1610259,Sporrengasse,6,8200 Schaffhausen,2939,SH,real,True,15.11.2024,2689786,1283578
101760532,10025690,1610260,Stadthausgasse,15,8200 Schaffhausen,2939,SH,real,True,15.11.2024,2689786,1283607
101760533,10073076,1610263,Vordergasse,38,8200 Schaffhausen,2939,SH,real,True,15.11.2024,2689922,1283551
101760534,10086470,1610273,Bachstrasse,19,8200 Schaffhausen,2939,SH,real,True,15.11.2024,2690017,1283556
101760536,10073042,1610411,Herrenacker,12,8200 Schaffhausen,2939,SH,real,True,15.11.2024,2689628,1283419
101760538,10073060,1610445,Rheinstrasse,29a,8200 Schaffhausen,2939,SH,real,True,15.11.2024,2689701,1283245
101760539,10025691,1610457,Steigstrasse,22,8200 Schaffhausen,2939,SH,real,True,15.11.2024,2689457,1283528
101760540,10025692,1613159,Stettemerstrasse,113,8207 Schaffhausen,2939,SH,real,True,15.11.2024,2691406,1286699
101760831,10024945,190455749,Hinterdorf,42,8239 Dörflingen,2915,SH,real,True,15.11.2024,2696654,1284354
101760832,10072974,190455750,Gärtlistrasse,20,8239 Dörflingen,2915,SH,real,True,15.11.2024,2696623,1284508
101760833,10192056,190455751,Im Schöber,5,8239 Dörflingen,2915,SH,real,True,15.11.2024,2696732,1284432
101760834,10142113,190455752,Bildsteinweg,11,8239 Dörflingen,2915,SH,real,True,15.11.2024,2696301,1284983
101760835,10173261,190455754,Braatle,5,8239 Dörflingen,2915,SH,real,True,15.11.2024,2696664,1284541
101760928,10019573,1609910,Mettlerhof,24,8231 Hemmental,2939,SH,real,True,15.11.2024,2685637,1287821
101761286,10019793,1610351,Rathausbogen,9,8200 Schaffhausen,2939,SH,real,True,15.11.2024,2689725,1283511
101761287,10025678,1610367,Schönmaiengässchen,14,8200 Schaffhausen,2939,SH,real,True,23.07.2024,2689828,1283512
101761288,10085755,1610518,Vordersteig,10,8200 Schaffhausen,2939,SH,real,True,15.11.2024,2689470,1283592
101761289,10085755,1610534,Vordersteig,2a,8200 Schaffhausen,2939,SH,real,True,15.11.2024,2689493,1283586
101761290,10179722,1610606,Munotstieg,3,8200 Schaffhausen,2939,SH,real,True,15.11.2024,2690109,1283514
101761293,10019774,1610650,Läufergässchen,7,8200 Schaffhausen,2939,SH,real,True,15.11.2024,2690169,1283477
101761294,10179712,1610654,Fischergässchen,10,8200 Schaffhausen,2939,SH,real,True,15.11.2024,2690121,1283454
101761295,10086475,1610675,Buchthalerstrasse,5,8200 Schaffhausen,2939,SH,real,True,15.11.2024,2690505,1283493
101761296,10086481,1610687,Fischerhäuserstrasse,22,8200 Schaffhausen,2939,SH,real,True,15.11.2024,2690413,1283478
101761298,10018681,1610727,Lindliweg,12,8200 Schaffhausen,2939,SH,real,True,15.11.2024,2691064,1283154
101761299,10018681,1610727,Lindliweg,14,8200 Schaffhausen,2939,SH,real,True,15.11.2024,2691070,1283150
101761300,10018681,1610727,Lindliweg,16,8200 Schaffhausen,2939,SH,real,True,15.11.2024,2691076,1283145
101761314,10086766,1614564,Klausweg,31,8200 Schaffhausen,2939,SH,real,True,15.11.2024,2690586,1284558
101761397,10186928,470595,Mühlengasse,24a,8213 Neunkirch,2904,SH,real,True,15.11.2024,2679621,1282756
101761459,10032571,190475708,Lendenbergstrasse,52,8226 Schleitheim,2952,SH,real,True,15.11.2024,2677795,1289233
101761883,10031508,190523388,Schmalzgasse,41,8215 Hallau,2971,SH,real,True,15.11.2024,2676251,1283144
101761910,10087226,190503349,Wiesholz,575.1,8262 Ramsen,2963,SH,real,True,23.07.2024,2705097,1285433
101762690,10018677,1611544,Lahnstieg,12,8200 Schaffhausen,2939,SH,real,True,15.11.2024,2688321,1284607
101762691,10018677,1611544,Lahnstieg,14,8200 Schaffhausen,2939,SH,real,True,15.11.2024,2688313,1284615
101762692,10018677,1611544,Lahnstieg,16,8200 Schaffhausen,2939,SH,real,True,15.11.2024,2688310,1284618
101762693,10018677,1611544,Lahnstieg,18,8200 Schaffhausen,2939,SH,real,True,15.11.2024,2688305,1284623
101762694,10018677,1611544,Lahnstieg,20,8200 Schaffhausen,2939,SH,real,True,15.11.2024,2688299,1284629
101762695,10179720,1611544,Lahnhalde,21a,8200 Schaffhausen,2939,SH,real,True,15.11.2024,2688326,1284628
101762696,10179720,1611544,Lahnhalde,21b,8200 Schaffhausen,2939,SH,real,True,15.11.2024,2688323,1284631
101762697,10179720,1611544,Lahnhalde,21c,8200 Schaffhausen,2939,SH,real,True,15.11.2024,2688318,1284636
101762698,10179720,1611544,Lahnhalde,21d,8200 Schaffhausen,2939,SH,real,True,15.11.2024,2688312,1284642
101762700,10186931,1614183,Emmersbergstrasse,43,8200 Schaffhausen,2939,SH,real,True,15.11.2024,2690128,1284119
101762701,10073035,1614298,Fulachstrasse,6,8200 Schaffhausen,2939,SH,real,True,15.11.2024,2690028,1284163
101762702,10073035,1614305,Fulachstrasse,42,8200 Schaffhausen,2939,SH,real,True,15.11.2024,2690050,1284415
101762703,10019291,1614782,Ebnatstrasse,31,8200 Schaffhausen,2939,SH,real,True,15.11.2024,2690240,1284600
101762796,10031508,190519669,Schmalzgasse,72,8215 Hallau,2971,SH,real,True,15.11.2024,2675959,1283066
101762798,10031504,190519688,Lärchenstrasse,3,8215 Hallau,2971,SH,real,True,15.11.2024,2676227,1282964
101762803,10143056,190520989,Obere Burghalde,14,8225 Siblingen,2953,SH,real,True,15.11.2024,2681556,1285624
101763191,10108010,9003497,Buechetellenweg,11b,8240 Thayngen,2920,SH,real,True,15.11.2024,2695054,1290078
101763201,10113222,190464688,Dorfstrasse,19b,8218 Osterfingen,2974,SH,real,True,15.11.2024,2678480,1279546
101763270,10031833,190530192,Weiherweg,11,8217 Wilchingen,2974,SH,real,True,15.11.2024,2677788,1280079
101763299,10145459,190514388,Anker-Wisli,572e,8262 Ramsen,2963,SH,real,True,15.11.2024,2703108,1285093
101763534,10018630,1611998,Floraweg,22,8200 Schaffhausen,2939,SH,real,True,15.11.2024,2689231,1285047
101763535,10085721,1612085,Lochstrasse,91,8200 Schaffhausen,2939,SH,real,True,15.11.2024,2689412,1285336
101763536,10085721,1612086,Lochstrasse,97,8200 Schaffhausen,2939,SH,real,True,15.11.2024,2689458,1285353
101763537,10019295,1612190,Felsenaustrasse,17,8200 Schaffhausen,2939,SH,real,True,15.11.2024,2689568,1285288
101763542,10085757,1612443,Wiesenweg,29,8200 Schaffhausen,2939,SH,real,True,15.11.2024,2689777,1284656
101763543,10025692,1613134,Stettemerstrasse,13,8207 Schaffhausen,2939,SH,real,True,15.11.2024,2691053,1286233
101763544,10025692,1613155,Stettemerstrasse,121,8207 Schaffhausen,2939,SH,real,True,15.11.2024,2691428,1286728
101763545,10025692,1613155,Stettemerstrasse,123,8207 Schaffhausen,2939,SH,real,True,15.11.2024,2691435,1286735
101763546,10108024,1613343,Kirchbergstrasse,46,8207 Schaffhausen,2939,SH,real,True,15.11.2024,2691598,1286421
101763547,10108024,1613343,Kirchbergstrasse,48,8207 Schaffhausen,2939,SH,real,True,15.11.2024,2691605,1286427
101763548,10108024,1613417,Kirchbergstrasse,65,8207 Schaffhausen,2939,SH,real,True,15.11.2024,2691679,1286534
101763549,10108024,1613417,Kirchbergstrasse,67,8207 Schaffhausen,2939,SH,real,True,15.11.2024,2691674,1286540
101763550,10108024,1613420,Kirchbergstrasse,71,8207 Schaffhausen,2939,SH,real,False,15.11.2024,2691703,1286552
101763551,10108024,1613420,Kirchbergstrasse,73,8207 Schaffhausen,2939,SH,real,False,15.11.2024,2691700,1286555
101763552,10108024,1613420,Kirchbergstrasse,75,8207 Schaffhausen,2939,SH,real,False,15.11.2024,2691696,1286561
101763553,10108024,1613420,Kirchbergstrasse,77,8207 Schaffhausen,2939,SH,real,False,15.11.2024,2691692,1286567
101763554,10108024,1613445,Kirchbergstrasse,81,8207 Schaffhausen,2939,SH,real,True,15.11.2024,2691724,1286569
101763555,10108024,1613445,Kirchbergstrasse,83,8207 Schaffhausen,2939,SH,real,True,15.11.2024,2691721,1286573
101763556,10108024,1613445,Kirchbergstrasse,85,8207 Schaffhausen,2939,SH,real,True,15.11.2024,2691717,1286579
101763557,10108024,1613445,Kirchbergstrasse,87,8207 Schaffhausen,2939,SH,real,True,15.11.2024,2691713,1286585
101763654,10149928,190521035,Haartelstrasse,28,8217 Wilchingen,2974,SH,real,True,15.11.2024,2677798,1280113
101763855,10179747,190499009,Im Hafacker,6,8261 Hemishofen,2962,SH,real,True,15.11.2024,2704502,1281763
101763857,10087053,1609322,Im Oberhof,11,8240 Thayngen,2920,SH,real,True,15.11.2024,2695475,1289401
101764125,10124089,190530670,Auffahrtstrasse,35,8215 Hallau,2971,SH,real,True,15.11.2024,2676290,1283734
101764461,10128947,190491168,Hinder Nüchilch,30,8213 Neunkirch,2904,SH,real,True,15.11.2024,2679773,1281993
101764791,10087226,190519248,Wiesholz,571,8262 Ramsen,2963,SH,real,True,15.11.2024,2704631,1285207
101765226,10119461,190529410,Querstrasse,5,8212 Neuhausen am Rheinfall,2937,SH,real,True,15.11.2024,2687417,1281313
101766306,10018464,190501368,Oberstieg,47a,8222 Beringen,2932,SH,real,True,15.11.2024,2686049,1283780
101766308,10018464,190501368,Oberstieg,47e,8222 Beringen,2932,SH,real,True,15.11.2024,2686053,1283796
101766309,10018464,190501369,Oberstieg,49a,8222 Beringen,2932,SH,real,True,15.11.2024,2686061,1283778
101766310,10018464,190501369,Oberstieg,49b,8222 Beringen,2932,SH,real,True,15.11.2024,2686062,1283782
101766311,10018464,190501369,Oberstieg,49c,8222 Beringen,2932,SH,real,True,15.11.2024,2686062,1283785
101766312,10018464,190501369,Oberstieg,49f,8222 Beringen,2932,SH,real,True,15.11.2024,2686065,1283797
101766313,10018464,190501369,Oberstieg,49g,8222 Beringen,2932,SH,real,True,15.11.2024,2686065,1283801
101766821,10018638,1612558,Geissbergstieg,8,8200 Schaffhausen,2939,SH,real,True,15.11.2024,2690027,1285065
101766825,10073050,1613239,Kreuzgutweg,22,8207 Schaffhausen,2939,SH,real,True,15.11.2024,2691537,1286674
101766826,10073046,1613275,Im Glockengut,33,8207 Schaffhausen,2939,SH,real,True,15.11.2024,2691188,1286128
101766827,10120424,1613346,Herblingerstrasse,105,8207 Schaffhausen,2939,SH,real,True,15.11.2024,2691665,1286408
101766828,10073054,1613539,Muracker,23,8207 Schaffhausen,2939,SH,real,True,15.11.2024,2691360,1286071
101766829,10073054,1613541,Muracker,27,8207 Schaffhausen,2939,SH,real,True,15.11.2024,2691328,1286035
101766830,10073054,1613543,Muracker,31,8207 Schaffhausen,2939,SH,real,True,15.11.2024,2691296,1285999
101766832,10120424,1613561,Herblingerstrasse,54,8207 Schaffhausen,2939,SH,real,True,15.11.2024,2691403,1286142
101766833,10120424,1613561,Herblingerstrasse,56,8207 Schaffhausen,2939,SH,real,True,15.11.2024,2691412,1286130
101766834,10120424,1613568,Herblingerstrasse,60,8207 Schaffhausen,2939,SH,real,True,15.11.2024,2691465,1286170
101766835,10120424,1613568,Herblingerstrasse,62,8207 Schaffhausen,2939,SH,real,True,15.11.2024,2691473,1286158
101766836,10018661,190211290,Im Eschengut,2b,8200 Schaffhausen,2939,SH,real,True,15.11.2024,2690762,1284774
101767039,10134235,190521168,Galgenbuckstrasse,16,8217 Wilchingen,2974,SH,real,True,15.11.2024,2677010,1281684
101767078,10019799,400018306,Rosenbergstrasse,8.1,8200 Schaffhausen,2939,SH,real,True,23.07.2024,2690862,1283585
101767080,10187869,190524848,Küferstrasse,12a,8215 Hallau,2971,SH,real,True,15.11.2024,2676131,1283311
101767382,10186930,190527091,Victor-von-Bruns-Strasse,21,8212 Neuhausen am Rheinfall,2937,SH,real,True,15.11.2024,2689111,1281532
101768301,10108010,9003499,Buechetellenweg,13b,8240 Thayngen,2920,SH,real,True,15.11.2024,2695055,1290105
101768845,10110810,190497768,Neuweg,52,8222 Beringen,2932,SH,real,True,15.11.2024,2685826,1283709
101768856,10185491,190498709,Mühleweg,13,8222 Beringen,2932,SH,real,True,15.11.2024,2685090,1283966
101768986,10086755,190526349,Brettlocher,18,8235 Lohn SH,2917,SH,real,True,15.11.2024,2692748,1290216
101769425,10149559,190508369,Müliwis,7,8261 Hemishofen,2962,SH,real,True,15.11.2024,2704411,1281742
101769653,10145459,190514368,Anker-Wisli,572d,8262 Ramsen,2963,SH,real,True,15.11.2024,2703108,1285094
101770039,10104917,190526391,Blattenweg,10,8235 Lohn SH,2917,SH,real,True,15.11.2024,2692522,1289989
101770043,10024957,190526450,Blattenacker,3b,8235 Lohn SH,2917,SH,real,True,15.11.2024,2692512,1290047
101770044,10024957,190526451,Blattenacker,3a,8235 Lohn SH,2917,SH,real,True,15.11.2024,2692520,1290054
101770085,10126991,190529228,Sandweg,8,8263 Buch SH,2961,SH,real,True,15.11.2024,2700445,1286090
101770086,10031583,190529229,Oberdorfstrasse,13,8263 Buch SH,2961,SH,real,True,15.11.2024,2701015,1285863
101770088,10132353,190529250,Im Morgen,7,8239 Dörflingen,2915,SH,real,True,15.11.2024,2696129,1285118
101770089,10072977,190529251,Morgenbuckweg,6,8239 Dörflingen,2915,SH,real,True,15.11.2024,2696252,1285193
101770090,10072976,190529253,Im Schützerhus,3,8239 Dörflingen,2915,SH,real,True,15.11.2024,2696436,1285051
101770091,10142113,190529254,Bildsteinweg,10,8239 Dörflingen,2915,SH,real,True,15.11.2024,2696307,1285011
101770199,10145459,190514430,Anker-Wisli,573g,8262 Ramsen,2963,SH,real,True,15.11.2024,2703104,1285028
101770275,10018462,190501369,Oberberg,50,8222 Beringen,2932,SH,real,True,15.11.2024,2686072,1283808
101770276,10018464,190501369,Oberstieg,49d,8222 Beringen,2932,SH,real,True,15.11.2024,2686063,1283789
101770277,10018464,190501369,Oberstieg,49e,8222 Beringen,2932,SH,real,True,15.11.2024,2686064,1283793
101770288,10177867,190501668,Langwis,19,8219 Trasadingen,2973,SH,real,True,15.11.2024,2674812,1280055
101772076,10179737,190480829,Adlerstrasse,16,8226 Schleitheim,2952,SH,real,True,15.11.2024,2678478,1289281
101772530,10126991,190482108,Sandweg,4,8263 Buch SH,2961,SH,real,True,15.11.2024,2700489,1286093
101772858,10185478,190526368,Isenbühlweg,11,8235 Lohn SH,2917,SH,real,True,15.11.2024,2692497,1289980
101774062,10126991,190460090,Sandweg,2,8263 Buch SH,2961,SH,real,True,15.11.2024,2700498,1286059
101774083,10046618,1611742,Fernsichtstrasse,5a,8200 Schaffhausen,2939,SH,real,True,15.11.2024,2688956,1284816
101774084,10046618,1611742,Fernsichtstrasse,5b,8200 Schaffhausen,2939,SH,real,True,15.11.2024,2688954,1284822
101774085,10046618,1611742,Fernsichtstrasse,5c,8200 Schaffhausen,2939,SH,real,True,15.11.2024,2688952,1284828
101774086,10046618,1611743,Fernsichtstrasse,7a,8200 Schaffhausen,2939,SH,real,True,15.11.2024,2688932,1284804
101774087,10046618,1611743,Fernsichtstrasse,7b,8200 Schaffhausen,2939,SH,real,True,15.11.2024,2688930,1284810
101774088,10046618,1611743,Fernsichtstrasse,7c,8200 Schaffhausen,2939,SH,real,True,15.11.2024,2688928,1284816
101774089,10046618,1611744,Fernsichtstrasse,9a,8200 Schaffhausen,2939,SH,real,True,15.11.2024,2688908,1284793
101774090,10046618,1611744,Fernsichtstrasse,9b,8200 Schaffhausen,2939,SH,real,True,15.11.2024,2688906,1284799
101774091,10046618,1611744,Fernsichtstrasse,9d,8200 Schaffhausen,2939,SH,real,True,15.11.2024,2688902,1284811
101774094,10018654,1612868,Hochstrasse,237,8200 Schaffhausen,2939,SH,real,True,15.11.2024,2690326,1285436
101774095,10018654,1612869,Hochstrasse,243,8200 Schaffhausen,2939,SH,real,True,15.11.2024,2690336,1285488
101774691,10032571,190475728,Lendenbergstrasse,30,8226 Schleitheim,2952,SH,real,True,15.11.2024,2677889,1289289
101775092,10086770,1611239,Langhansergässchen,23b,8200 Schaffhausen,2939,SH,real,True,15.11.2024,2688183,1284473
101775093,10018344,1611878,Felsenstieg,8,8200 Schaffhausen,2939,SH,real,True,15.11.2024,2689312,1284880
101775095,10108021,1611913,Hauentalstrasse,23,8200 Schaffhausen,2939,SH,real,True,15.11.2024,2689077,1285021
101775096,10108021,1611915,Hauentalstrasse,27,8200 Schaffhausen,2939,SH,real,True,15.11.2024,2689069,1285049
101775098,10187857,1612224,Tannerberg,6a,8200 Schaffhausen,2939,SH,real,True,15.11.2024,2689685,1284082
101775099,10187857,1612225,Tannerberg,5,8200 Schaffhausen,2939,SH,real,True,15.11.2024,2689670,1284080
101775100,10187857,1612225,Tannerberg,7,8200 Schaffhausen,2939,SH,real,True,15.11.2024,2689668,1284083
101775101,10187857,1612225,Tannerberg,9,8200 Schaffhausen,2939,SH,real,True,15.11.2024,2689666,1284085
101775102,10179734,1612371,Weinsteig,157,8200 Schaffhausen,2939,SH,real,True,15.11.2024,2689563,1284799
101775105,10046615,2711528,Dützebüelstrasse,34,8207 Schaffhausen,2939,SH,real,True,15.11.2024,2692084,1286673
101775107,10179714,3122130,Gemsgasse,66,8200 Schaffhausen,2939,SH,real,True,15.11.2024,2690357,1286098
101775108,10073061,9012699,Ringkengässchen,13,8200 Schaffhausen,2939,SH,real,True,15.11.2024,2689665,1283357
101775110,10019282,9012739,Bocksrietweg,44,8200 Schaffhausen,2939,SH,real,True,15.11.2024,2690501,1285503
101775112,10086475,9012792,Buchthalerstrasse,137,8203 Schaffhausen,2939,SH,real,True,15.11.2024,2691208,1283600
101775114,10103225,9012901,Plattenhalde,29,8200 Schaffhausen,2939,SH,real,True,15.11.2024,2689046,1285281
101775115,10117545,11526754,Finsterwaldstrasse,92,8200 Schaffhausen,2939,SH,real,True,15.11.2024,2689949,1284867
101775117,10086481,101206941,Fischerhäuserstrasse,65,8200 Schaffhausen,2939,SH,real,True,15.11.2024,2690636,1283441
101775118,10018681,190017390,Lindliweg,9a,8200 Schaffhausen,2939,SH,real,True,15.11.2024,2691049,1283208
101775119,10018681,190017390,Lindliweg,11,8200 Schaffhausen,2939,SH,real,True,15.11.2024,2691054,1283211
101775120,10018681,190017390,Lindliweg,11a,8200 Schaffhausen,2939,SH,real,True,15.11.2024,2691060,1283214
101775122,10073033,190105932,Frauengasse,16,8200 Schaffhausen,2939,SH,real,True,15.11.2024,2689715,1283376
101775125,10124087,1615294,Kohlfirststrasse,38a,8203 Schaffhausen,2939,SH,real,True,15.11.2024,2691204,1283433
101775127,10019270,1615334,Alte Gasse,5,8203 Schaffhausen,2939,SH,real,True,15.11.2024,2691272,1283629
101775128,10018680,1615366,Lindenplatz,14a,8203 Schaffhausen,2939,SH,real,True,15.11.2024,2691384,1283639
101775129,10019808,2029677,Schwertstrasse,1,8200 Schaffhausen,2939,SH,real,True,15.11.2024,2689661,1283625
101775131,10046623,2711403,Kirchgasse,16a,8203 Schaffhausen,2939,SH,real,True,15.11.2024,2691494,1283599
101775132,10025692,2711501,Stettemerstrasse,101,8207 Schaffhausen,2939,SH,real,True,15.11.2024,2691348,1286644
101775133,10025692,3122115,Stettemerstrasse,159,8207 Schaffhausen,2939,SH,real,True,15.11.2024,2691664,1287044
101775134,10178603,3122136,Baumgartenstrasse,6,8200 Schaffhausen,2939,SH,real,True,15.11.2024,2689955,1283369
101775136,10019777,9012691,Moserstrasse,14,8200 Schaffhausen,2939,SH,real,True,15.11.2024,2690140,1283438
101775138,10018654,9012731,Hochstrasse,129,8200 Schaffhausen,2939,SH,real,True,15.11.2024,2689992,1284817
101775141,10118360,9012771,Jägerstrasse,23,8200 Schaffhausen,2939,SH,real,True,15.11.2024,2690476,1285917
101775143,10073022,9012791,Alpenstrasse,95,8200 Schaffhausen,2939,SH,real,True,15.11.2024,2691027,1283869
101775144,10025692,9012813,Stettemerstrasse,165,8207 Schaffhausen,2939,SH,real,True,15.11.2024,2691628,1287070
101775145,10085737,9012815,Schlossstrasse,81,8207 Schaffhausen,2939,SH,real,True,15.11.2024,2691692,1287138
101775146,10085737,9012816,Schlossstrasse,85,8207 Schaffhausen,2939,SH,real,True,15.11.2024,2691653,1287144
101775147,10025692,9012824,Stettemerstrasse,152,8207 Schaffhausen,2939,SH,real,True,15.11.2024,2691701,1287049
101775148,10025692,9012824,Stettemerstrasse,154,8207 Schaffhausen,2939,SH,real,True,15.11.2024,2691702,1287069
101775149,10019295,9012908,Felsenaustrasse,30,8200 Schaffhausen,2939,SH,real,True,15.11.2024,2689436,1285179
101775150,10019295,9012908,Felsenaustrasse,34,8200 Schaffhausen,2939,SH,real,True,15.11.2024,2689433,1285133
101775151,10019295,9012908,Felsenaustrasse,36,8200 Schaffhausen,2939,SH,real,True,15.11.2024,2689429,1285110
101775156,10019289,190000788,Dahlienstrasse,5,8200 Schaffhausen,2939,SH,real,True,15.11.2024,2689307,1284565
101775158,10025690,190105269,Stadthausgasse,7,8200 Schaffhausen,2939,SH,real,True,15.11.2024,2689833,1283609
101775160,10108024,190109873,Kirchbergstrasse,17f,8207 Schaffhausen,2939,SH,real,True,15.11.2024,2691387,1286372
101775161,10108024,190109873,Kirchbergstrasse,17g,8207 Schaffhausen,2939,SH,real,True,15.11.2024,2691384,1286377
101775162,10108024,190109873,Kirchbergstrasse,17h,8207 Schaffhausen,2939,SH,real,True,15.11.2024,2691379,1286380
101775163,10179716,190146883,Hermann Rorschach-Strasse,16,8200 Schaffhausen,2939,SH,real,True,15.11.2024,2688426,1283786
101775164,10118360,190159461,Jägerstrasse,14,8200 Schaffhausen,2939,SH,real,True,15.11.2024,2690494,1285851
101775166,10073028,190197037,Brunnengasse,7,8200 Schaffhausen,2939,SH,real,True,15.11.2024,2689998,1283516
101775204,10018157,190525748,Zieglerweg,64a,8240 Thayngen,2920,SH,real,True,15.11.2024,2694628,1289877
101776475,10126773,190503508,Rebweg,6,8214 Gächlingen,2901,SH,real,True,15.11.2024,2679740,1284406
101776874,10085778,190520970,Burghaldenstrasse,4,8225 Siblingen,2953,SH,real,True,15.11.2024,2681516,1285734
101778089,10031577,482390,Randenstrasse,140,8225 Siblingen,2953,SH,real,True,15.11.2024,2682492,1287183
101778091,10164638,190690551,Im Gali,24,8261 Hemishofen,2962,SH,real,True,15.11.2024,2704858,1281738
101778274,10087059,190554909,Schärrersgässli,1,8240 Thayngen,2920,SH,real,True,15.11.2024,2695470,1289172
101778407,10206079,190537128,Steinenkreuzstrasse,7,8455 Rüdlingen,2938,SH,real,True,15.11.2024,2684577,1270820
101778533,10130548,190552168,Barzingersee,2,8240 Thayngen,2920,SH,real,True,15.11.2024,2696360,1290200
101778567,10205630,190552730,Oberdorfweg,4,8455 Rüdlingen,2938,SH,real,True,15.11.2024,2685184,1270399
101778610,10135339,190536929,Untere Burghalde,11,8225 Siblingen,2953,SH,real,True,15.11.2024,2681487,1285589
101778883,10046638,190532588,Rosenstrasse,6,8215 Hallau,2971,SH,real,True,15.11.2024,2676443,1283933
101778994,10017875,190576288,Poststrasse,9,8212 Neuhausen am Rheinfall,2937,SH,real,True,15.11.2024,2688707,1282021
101779088,10171417,190536609,Chläggiblick,10,8224 Löhningen,2903,SH,real,True,15.11.2024,2683380,1284164
101779089,10171417,190536648,Chläggiblick,12,8224 Löhningen,2903,SH,real,True,15.11.2024,2683408,1284155
101779130,10031919,190569551,Degerfelderweg,60,8260 Stein am Rhein,2964,SH,real,True,15.11.2024,2705931,1279133
101779184,10017875,190576308,Poststrasse,11,8212 Neuhausen am Rheinfall,2937,SH,real,True,15.11.2024,2688672,1282012
101779397,10149559,190556188,Müliwis,4,8261 Hemishofen,2962,SH,real,True,15.11.2024,2704409,1281787
101779398,10149559,190556228,Müliwis,1,8261 Hemishofen,2962,SH,real,True,15.11.2024,2704458,1281809
101779473,10179737,190556391,Adlerstrasse,22,8226 Schleitheim,2952,SH,real,True,15.11.2024,2678429,1289241
101779978,10110818,190582228,Raastrasse,14,8225 Siblingen,2953,SH,real,True,15.11.2024,2681165,1285305
101779979,10080411,190582288,Rietstrasse,4,8225 Siblingen,2953,SH,real,True,15.11.2024,2681466,1285107
101779992,10048897,190583990,Rebweg,17,8213 Neunkirch,2904,SH,real,True,15.11.2024,2679678,1282139
101780061,10107219,190608149,Selhofstrasse,10,8215 Hallau,2971,SH,real,True,15.11.2024,2676405,1283294
101780262,10024954,190566008,Chuttlerstrasse,18,8242 Hofen SH,2920,SH,real,True,15.11.2024,2692724,1293284
101780265,10153985,190566368,Rohrstrasse,28,8216 Oberhallau,2972,SH,real,True,15.11.2024,2677773,1284312
101780333,10091239,190582109,Ledergasse,14,8232 Merishausen,2936,SH,real,True,15.11.2024,2687615,1290879
101780386,10024957,190588248,Blattenacker,5b,8235 Lohn SH,2917,SH,real,True,15.11.2024,2692491,1290027
101780387,10024957,190588249,Blattenacker,5a,8235 Lohn SH,2917,SH,real,True,15.11.2024,2692499,1290034
101780439,10087046,190550589,Blumenstrasse,15,8240 Thayngen,2920,SH,real,True,15.11.2024,2694956,1289199
101780443,10237818,190550628,Rebbergstrasse,77,8240 Thayngen,2920,SH,real,True,15.11.2024,2696227,1289519
101780564,10073022,1614841,Alpenstrasse,73,8200 Schaffhausen,2939,SH,real,True,15.11.2024,2690805,1283849
101780639,10091240,190586788,Rietstrasse,2,8232 Merishausen,2936,SH,real,True,15.11.2024,2687782,1290462
101780751,10186334,190634488,In Gmeindgärte,4,8241 Barzheim,2920,SH,real,True,15.11.2024,2696280,1290760
101780858,10117742,190610012,Untere Buckstrasse,3.1,8215 Hallau,2971,SH,real,True,23.07.2024,2676965,1283617
101781146,10134598,190591808,Grünau,5,8233 Bargen SH,2931,SH,real,True,15.11.2024,2687581,1294309
101781905,10046607,190607351,Rheinweg,1a,8200 Schaffhausen,2937,SH,real,True,15.11.2024,2688978,1283114
101782172,10027513,190650468,Schützenmauer,30,8213 Neunkirch,2904,SH,real,True,15.11.2024,2679865,1282353
101782387,10031941,190627668,Bahnhofstrasse,6,8215 Hallau,2971,SH,real,True,15.11.2024,2676464,1283343
101782434,10120420,190628747,Amsler-Laffon-Strasse,4,8200 Schaffhausen,2939,SH,real,True,15.11.2024,2690327,1284725
101782435,10104504,190628748,Kreuzgang,14,8200 Schaffhausen,2939,SH,real,True,15.11.2024,2689881,1283423
101782437,10018666,190628749,J.J. Wepfer-Strasse,8,8208 Schaffhausen,2939,SH,real,True,15.11.2024,2690100,1285501
101782438,10025700,190628750,Trüllenbuck,20,8207 Schaffhausen,2939,SH,real,True,15.11.2024,2691531,1286475
101782442,10073058,9012811,Otteregass,3,8207 Schaffhausen,2939,SH,real,True,15.11.2024,2691723,1286962
101782787,10087225,190645189,Steigblickstrasse,579,8262 Ramsen,2963,SH,real,True,15.11.2024,2702730,1284674
101782885,10086489,190651430,Grafenbuckstrasse,,8208 Schaffhausen,2939,SH,real,True,23.07.2024,2689755,1285320
101782886,10019292,190458470,Eigerstrasse,9a,8200 Schaffhausen,2939,SH,real,True,15.11.2024,2690056,1284213
101782887,10179716,190651447,Hermann Rorschach-Strasse,40,8200 Schaffhausen,2939,SH,real,True,15.11.2024,2688579,1283656
101782888,10179716,190651448,Hermann Rorschach-Strasse,38,8200 Schaffhausen,2939,SH,real,True,15.11.2024,2688538,1283672
101782905,10087225,190652191,Steigblickstrasse,582,8262 Ramsen,2963,SH,real,True,15.11.2024,2702658,1284728
101783062,10018654,190628756,Hochstrasse,202,8200 Schaffhausen,2939,SH,real,True,15.11.2024,2690335,1285373
101783063,10091233,190628757,Langwiesen,23,8231 Hemmental,2939,SH,real,True,15.11.2024,2686279,1287334
101783065,10025696,190628768,Sustenweg,3,8200 Schaffhausen,2939,SH,real,True,15.11.2024,2690794,1283779
101783066,10091233,190628769,Langwiesen,37,8231 Hemmental,2939,SH,real,True,15.11.2024,2686312,1287179
101783067,10018630,190628770,Floraweg,,8200 Schaffhausen,2939,SH,real,True,23.07.2024,2689334,1285145
101783068,10018630,190628771,Floraweg,,8200 Schaffhausen,2939,SH,real,True,23.07.2024,2689338,1285157
101783069,10018653,1613050,Hirschwiesenweg,14,8200 Schaffhausen,2939,SH,real,True,15.11.2024,2690579,1286086
101783083,10091181,470759,Schaffhauserstrasse,7a,8213 Neunkirch,2904,SH,real,True,15.11.2024,2679831,1282781
101783347,10135011,190634988,Langwis,5,8232 Merishausen,2936,SH,real,True,15.11.2024,2688003,1290152
101783348,10135011,190634989,Langwis,7,8232 Merishausen,2936,SH,real,True,15.11.2024,2688018,1290158
101783349,10135011,190634990,Langwis,9,8232 Merishausen,2936,SH,real,True,15.11.2024,2688034,1290163
101783350,10019581,190634991,Durachstrasse,3,8232 Merishausen,2936,SH,real,True,15.11.2024,2687992,1290177
101783875,10091396,190610589,Hinterdorfstrasse,9a,8216 Oberhallau,2972,SH,real,True,15.11.2024,2678084,1284468
101783994,10087046,190550609,Blumenstrasse,17,8240 Thayngen,2920,SH,real,True,15.11.2024,2694950,1289218
101784060,10180882,190635970,Im Stemmerli,3,8200 Schaffhausen,2939,SH,real,True,15.11.2024,2691963,1282559
101784239,10104507,190617230,Randenstrasse,17,8228 Beggingen,2951,SH,real,True,15.11.2024,2682447,1291144
101784357,10136793,190612934,Bei der Bergkirche,461.1,8215 Hallau,2971,SH,real,True,23.07.2024,2676743,1284035
101784433,10031522,190563268,Zinggen,10,8219 Trasadingen,2973,SH,real,True,15.11.2024,2674286,1280109
101784601,10134598,190619468,Grünau,6.1,8233 Bargen SH,2931,SH,real,True,23.07.2024,2687623,1294325
101784603,10134598,190619470,Grünau,1,8233 Bargen SH,2931,SH,real,True,15.11.2024,2687619,1294301
101784766,10146118,190581568,Vorbuechweg,2,8232 Merishausen,2936,SH,real,True,15.11.2024,2687960,1290069
101784772,10180889,190582290,Lettengarten,4,8225 Siblingen,2953,SH,real,True,15.11.2024,2681559,1285276
101784962,10032578,190623890,Schwarzwaldstrasse,809.1,8226 Schleitheim,2952,SH,real,True,23.07.2024,2676442,1289067
101784972,10146948,190624328,Hengstackerstrasse,8,8233 Bargen SH,2931,SH,real,True,15.11.2024,2687603,1294111
101785793,10027496,190663151,Sonnenblickweg,7,8224 Löhningen,2903,SH,real,True,15.11.2024,2683467,1284054
101785794,10171868,190663168,Schmörletblick,14,8224 Löhningen,2903,SH,real,True,15.11.2024,2683422,1284039
101785796,10024948,190663171,Landenbergerstrasse,4,8239 Dörflingen,2915,SH,real,True,15.11.2024,2696393,1285319
101785950,10018443,472884,Steigstrasse,10,8233 Bargen SH,2931,SH,real,True,15.11.2024,2687798,1294237
101785984,10168102,190621488,Im Schalmenacker,15,8234 Stetten SH,2919,SH,real,True,15.11.2024,2691913,1288277
101785991,10024976,190622028,Rotackerstrasse,30,8234 Stetten SH,2919,SH,real,True,15.11.2024,2692061,1288583
101786387,10206069,190634968,Oberdorfstrasse,5,8455 Rüdlingen,2938,SH,real,True,15.11.2024,2685021,1270377
101786388,10206067,190634969,Grütweg,6,8455 Rüdlingen,2938,SH,real,True,15.11.2024,2684782,1270662
101786410,10046630,190638351,Rothüsliweg,14,8200 Schaffhausen,2939,SH,real,True,15.11.2024,2689902,1284770
101786810,10073032,190657674,Felsgutstieg,10,8200 Schaffhausen,2939,SH,real,True,15.11.2024,2689864,1284619
101786939,10031829,484727,Schulgasse,8,8217 Wilchingen,2974,SH,real,True,15.11.2024,2677447,1280250
101787148,10118143,190553809,Chapfstrasse,14,8455 Rüdlingen,2938,SH,real,True,15.11.2024,2684826,1270410
101787475,10186340,190630188,Schaffhauserstrasse,62,8222 Beringen,2932,SH,real,True,15.11.2024,2685778,1283470
101787476,10186340,190630188,Schaffhauserstrasse,64,8222 Beringen,2932,SH,real,True,15.11.2024,2685779,1283456
101787478,10186340,190630248,Schaffhauserstrasse,68,8222 Beringen,2932,SH,real,True,15.11.2024,2685783,1283417
101787479,10186340,190630248,Schaffhauserstrasse,70,8222 Beringen,2932,SH,real,True,15.11.2024,2685784,1283402
101787663,10087046,190650388,Blumenstrasse,20,8240 Thayngen,2920,SH,real,True,15.11.2024,2694890,1289275
101787705,10086756,190565648,Gässli,7,8235 Lohn SH,2917,SH,real,True,15.11.2024,2692392,1290214
101787730,10072974,190572310,Gärtlistrasse,22,8239 Dörflingen,2915,SH,real,True,15.11.2024,2696596,1284485
101787731,10127143,190572311,Im Neuhuus,4,8239 Dörflingen,2915,SH,real,True,15.11.2024,2696440,1285089
101787732,10024949,190572328,Morgenstrasse,28,8239 Dörflingen,2915,SH,real,True,15.11.2024,2696174,1285172
101787733,10086754,190572330,Unterbergstrasse,28,8239 Dörflingen,2915,SH,real,True,15.11.2024,2695866,1284667
101787734,10024952,190572332,Rheinstrasse,12,8239 Dörflingen,2915,SH,real,True,15.11.2024,2696435,1284569
101787735,10118352,190572333,Dorfstrasse,51,8239 Dörflingen,2915,SH,real,True,15.11.2024,2696458,1284695
101787736,10024945,190572334,Hinterdorf,22,8239 Dörflingen,2915,SH,real,True,15.11.2024,2696560,1284469
101787878,10149559,190556208,Müliwis,6,8261 Hemishofen,2962,SH,real,True,15.11.2024,2704393,1281773
101787908,10018448,190558408,Biberichweg,15a,8222 Beringen,2932,SH,real,True,15.11.2024,2684962,1283823
101788051,10134598,190591828,Grünau,3,8233 Bargen SH,2931,SH,real,True,15.11.2024,2687596,1294306
101788323,10087225,190642610,Steigblickstrasse,580,8262 Ramsen,2963,SH,real,True,15.11.2024,2702707,1284696
101788350,10130593,190563368,Friedhofweg,7,8219 Trasadingen,2973,SH,real,True,15.11.2024,2674544,1280449
101788368,10153985,190566248,Rohrstrasse,30,8216 Oberhallau,2972,SH,real,True,15.11.2024,2677781,1284337
101788411,10026319,190571728,Brüelstrasse,8,8214 Gächlingen,2901,SH,real,True,15.11.2024,2679490,1284227
101788714,10073649,190559051,Ampelengasse,14,8454 Buchberg,2933,SH,real,True,15.11.2024,2684424,1269824
101788747,10027512,190562210,Schwimmbadstrasse,38,8213 Neunkirch,2904,SH,real,True,15.11.2024,2680129,1282935
101789477,10139328,190565548,Rietstrasse,5,8235 Lohn SH,2917,SH,real,True,15.11.2024,2692223,1289921
101789478,10139328,190565588,Rietstrasse,7,8235 Lohn SH,2917,SH,real,True,15.11.2024,2692231,1289900
101789480,10139328,190565609,Rietstrasse,9,8235 Lohn SH,2917,SH,real,True,15.11.2024,2692245,1289914
101789859,10186340,190632048,Schaffhauserstrasse,100,8222 Beringen,2932,SH,real,True,15.11.2024,2686178,1283472
101789879,10073055,9012755,Mühlentalstrasse,258,8200 Schaffhausen,2939,SH,real,False,15.11.2024,2689551,1285774
101789880,10046630,1612508,Rothüsliweg,10,8200 Schaffhausen,2939,SH,real,True,15.11.2024,2689885,1284731
101790077,10024937,190571389,Dorfstrasse,29,8236 Büttenhardt,2914,SH,real,True,15.11.2024,2691123,1290491
101790213,10237819,190544048,Schützenweg,9,8242 Bibern SH,2920,SH,real,True,15.11.2024,2692611,1292326
101790214,10108011,190544049,Im Wölfli,10,8240 Thayngen,2920,SH,real,True,15.11.2024,2695939,1289385
101790215,10087061,190544050,Wixlenweg,10,8240 Thayngen,2920,SH,real,True,15.11.2024,2694678,1290033
101790216,10026388,190544051,Chlenglerweg,113,8240 Thayngen,2920,SH,real,True,15.11.2024,2696722,1289304
101790217,10026388,190544052,Chlenglerweg,115,8240 Thayngen,2920,SH,real,True,15.11.2024,2696727,1289301
101790286,10110818,190582248,Raastrasse,16,8225 Siblingen,2953,SH,real,True,15.11.2024,2681180,1285305
101790290,10071689,190582889,Bahnhofstrasse,570,8262 Ramsen,2963,SH,real,True,15.11.2024,2703311,1285022
101790676,10149559,190552068,Müliwis,8,8261 Hemishofen,2962,SH,real,True,15.11.2024,2704378,1281752
101790749,10134598,190619830,Grünau,4,8233 Bargen SH,2931,SH,real,True,15.11.2024,2687657,1294305
101790927,10086476,190658792,Büsingerstrasse,,8203 Schaffhausen,2939,SH,real,True,23.07.2024,2692405,1283860
101790940,10073655,190658868,Gehrenhalde,55,8231 Hemmental,2939,SH,real,True,15.11.2024,2686199,1287755
101790945,10073055,190658990,Mühlentalstrasse,2,8200 Schaffhausen,2939,SH,real,True,15.11.2024,2689616,1283885
101791078,10174269,190660210,Rietstrasse,9,8224 Löhningen,2903,SH,real,True,15.11.2024,2683329,1283857
101791197,10136262,190571989,Müliweg,8,8214 Gächlingen,2901,SH,real,True,15.11.2024,2679845,1284413
101791571,10117742,190609909,Untere Buckstrasse,1,8215 Hallau,2971,SH,real,True,15.11.2024,2676930,1283610
101792656,10134598,190619488,Grünau,7,8233 Bargen SH,2931,SH,real,True,15.11.2024,2687560,1294315
101792670,10087013,190613573,Schulgasse,24,8214 Gächlingen,2901,SH,real,True,15.11.2024,2679206,1284032
101792671,10087013,190613612,Schulgasse,22,8214 Gächlingen,2901,SH,real,True,15.11.2024,2679234,1284020
101792804,10119638,190585528,Golderaa,1216.1,8215 Hallau,2971,SH,real,True,23.07.2024,2676899,1284065
101793072,10091114,190650952,Mühlegasse,19,8215 Hallau,2971,SH,real,True,15.11.2024,2676323,1283475
101793084,10046614,190651440,Durachweg,11,8200 Schaffhausen,2939,SH,real,True,15.11.2024,2689597,1283935
101793086,10046614,190651442,Durachweg,15,8200 Schaffhausen,2939,SH,real,True,15.11.2024,2689550,1283925
101793218,10154819,190621568,Im Buechacker,21,8234 Stetten SH,2919,SH,real,True,15.11.2024,2691853,1288081
101793488,10018464,190626831,Oberstieg,38,8222 Beringen,2932,SH,real,True,15.11.2024,2685956,1283778
101793608,10017108,190652149,Buckstrasse,2,8215 Hallau,2971,SH,real,True,15.11.2024,2677119,1283621
101793770,10073069,190628735,Steingutstrasse,21,8200 Schaffhausen,2939,SH,real,True,15.11.2024,2690458,1285651
101793772,10120423,190628736,Gennersbrunn,,8207 Schaffhausen,2939,SH,real,True,23.07.2024,2693779,1285217
101793773,10120423,190628737,Gennersbrunn,,8207 Schaffhausen,2939,SH,real,True,23.07.2024,2693797,1285270
101793774,10120423,190628738,Gennersbrunn,,8207 Schaffhausen,2939,SH,real,True,23.07.2024,2693803,1285302
101793777,10019785,190628744,Oerlifallstieg,8,8200 Schaffhausen,2939,SH,real,True,15.11.2024,2688243,1284083
101793778,10019278,190628745,Birchweg,77,8200 Schaffhausen,2939,SH,real,True,15.11.2024,2689413,1285767
101793780,10018666,190628746,J.J. Wepfer-Strasse,,8200 Schaffhausen,2939,SH,real,True,19.11.2024,2690174,1285709
101793781,10118361,9012913,Längenbergstrasse,9,8200 Schaffhausen,2939,SH,real,True,15.11.2024,2689610,1286808
101793782,10118361,9012913,Längenbergstrasse,11,8200 Schaffhausen,2939,SH,real,True,15.11.2024,2689597,1286812
101793892,10186331,190625949,Berggasse,12a,8224 Löhningen,2903,SH,real,True,15.11.2024,2683507,1283644
101794045,10018671,190628740,Klosterstrasse,16,8200 Schaffhausen,2939,SH,real,True,15.11.2024,2689845,1283399
101794046,10073054,1613545,Muracker,35,8207 Schaffhausen,2939,SH,real,True,15.11.2024,2691264,1285962
101794047,10019807,190628751,Schweizersbildstrasse,70.2,8200 Schaffhausen,2939,SH,real,True,23.07.2024,2690002,1286706
101794049,10117542,190628759,Bruggwiesen,9,8231 Hemmental,2939,SH,real,True,15.11.2024,2686363,1287274
101794051,10018669,190628772,Kesselstrasse,6,8200 Schaffhausen,2939,SH,real,True,15.11.2024,2690852,1284116
101794052,10025698,190628772,Talstrasse,6,8200 Schaffhausen,2939,SH,real,True,23.07.2024,2690834,1284116
101794131,10186340,190630088,Schaffhauserstrasse,56,8222 Beringen,2932,SH,real,True,15.11.2024,2685748,1283466
101794132,10186340,190630088,Schaffhauserstrasse,58,8222 Beringen,2932,SH,real,True,15.11.2024,2685750,1283436
101794161,10237818,190653131,Rebbergstrasse,61,8240 Thayngen,2920,SH,real,True,15.11.2024,2696108,1289489
101794169,10237817,190653150,Rebbergstrasse,15,8242 Bibern SH,2920,SH,real,True,15.11.2024,2693165,1292210
101794235,10179714,190628755,Gemsgasse,76,8200 Schaffhausen,2939,SH,real,True,15.11.2024,2690334,1286249
101794279,10143056,190646710,Obere Burghalde,4,8225 Siblingen,2953,SH,real,True,15.11.2024,2681492,1285727
101794582,10186340,190630248,Schaffhauserstrasse,66,8222 Beringen,2932,SH,real,True,15.11.2024,2685781,1283431
101794617,10136937,190630870,Industriestrasse,7,8222 Beringen,2932,SH,real,True,15.11.2024,2685896,1283223
101794650,10179734,190631790,Weinsteig,3,8200 Schaffhausen,2939,SH,real,True,15.11.2024,2689726,1284077
101796306,10091403,190543129,Abendstrasse,1,8217 Wilchingen,2974,SH,real,True,15.11.2024,2677185,1280390
101796670,10087046,190650068,Blumenstrasse,18,8240 Thayngen,2920,SH,real,True,15.11.2024,2694892,1289247
101797355,10185462,190607428,Altenrain,5,8223 Guntmadingen,2932,SH,real,True,15.11.2024,2684329,1282072
101797540,10024927,190554871,Föhrenhof,66,8243 Altdorf SH,2920,SH,real,True,15.11.2024,2690709,1294462
101797541,10086747,190554888,Weinbergstrasse,14,8242 Bibern SH,2920,SH,real,True,15.11.2024,2692997,1292126
101797777,10087232,190569468,Chnebelgässli,4,8260 Stein am Rhein,2964,SH,real,True,15.11.2024,2706762,1279280
101797818,10146948,190571711,Hengstackerstrasse,1.1,8233 Bargen SH,2931,SH,real,True,23.07.2024,2687495,1293951
101798087,10071693,190663411,Judebömmlistrasse,585,8262 Ramsen,2963,SH,real,True,15.11.2024,2703454,1285037
101798190,10120396,190608988,Neunkircherstrasse,5,8214 Gächlingen,2901,SH,real,True,15.11.2024,2679577,1283940
101798196,10117916,190609169,Grüntalstrasse,7.1,8215 Hallau,2971,SH,real,True,23.07.2024,2676954,1283333
101798279,10171417,190663208,Chläggiblick,4,8224 Löhningen,2903,SH,real,True,15.11.2024,2683326,1284174
101798298,10085767,190556829,Flüelistrasse,804.1,8226 Schleitheim,2952,SH,real,True,23.07.2024,2676590,1289197
101798419,10154819,190621608,Im Buechacker,23,8234 Stetten SH,2919,SH,real,True,15.11.2024,2691860,1288095
101798425,10024976,190622048,Rotackerstrasse,32,8234 Stetten SH,2919,SH,real,True,15.11.2024,2692081,1288588
101798543,10186339,190559334,Gellerstrasse,30,8222 Beringen,2932,SH,real,True,15.11.2024,2685404,1283581
101798578,10030808,190561190,Morgenackerstrasse,14,8454 Buchberg,2933,SH,real,True,15.11.2024,2684132,1269824
101798749,10031937,190569509,Spittelmüli,14,8260 Stein am Rhein,2964,SH,real,True,15.11.2024,2706971,1279869
101799116,10019290,190631829,Dürstlingweg,3,8203 Schaffhausen,2939,SH,real,True,15.11.2024,2691173,1283891
101799117,10019290,190631830,Dürstlingweg,3a,8203 Schaffhausen,2939,SH,real,True,15.11.2024,2691156,1283893
101799118,10019290,190631831,Dürstlingweg,3b,8203 Schaffhausen,2939,SH,real,True,15.11.2024,2691140,1283895
101799119,10019290,190631832,Dürstlingweg,3c,8203 Schaffhausen,2939,SH,real,True,15.11.2024,2691125,1283896
101799128,10086763,190632208,Im Majorenacker,,8207 Schaffhausen,2939,SH,real,True,23.07.2024,2691741,1285969
101799218,10158304,190607248,Büntweg,5,8224 Löhningen,2903,SH,real,True,15.11.2024,2683512,1283865
101799308,10117742,190609988,Untere Buckstrasse,3,8215 Hallau,2971,SH,real,True,15.11.2024,2676954,1283601
101799396,10146641,190629948,Anthoptstrasse,5,8222 Beringen,2932,SH,real,False,15.11.2024,2686352,1283131
101799404,10186340,190630169,Schaffhauserstrasse,60,8222 Beringen,2932,SH,real,True,15.11.2024,2685754,1283400
101799595,10161532,190547637,Rietweg,3,8260 Stein am Rhein,2964,SH,real,True,15.11.2024,2706288,1280313
101799683,10108021,190628734,Hauentalstrasse,,8200 Schaffhausen,2939,SH,real,True,23.07.2024,2686752,1286590
101799684,10178604,190628754,Breitenaustrasse,,8200 Schaffhausen,2939,SH,real,True,23.07.2024,2688853,1284532
101799685,10073052,190628760,Lahnstrasse,80,8200 Schaffhausen,2939,SH,real,True,15.11.2024,2688045,1284637
101799686,10179732,190628762,Tellstrasse,,8200 Schaffhausen,2939,SH,real,True,23.07.2024,2690291,1284055
101799687,10046618,1611787,Fernsichtstrasse,13,8200 Schaffhausen,2939,SH,real,True,15.11.2024,2688915,1284833
101799688,10019796,190628763,Rheinhardstrasse,6.5,8200 Schaffhausen,2939,SH,real,True,23.07.2024,2690958,1284814
101799690,10073056,1610418,Neustadt,6,8200 Schaffhausen,2939,SH,real,True,15.11.2024,2689609,1283278
101799691,10018654,190628766,Hochstrasse,201.001,8200 Schaffhausen,2939,SH,real,True,15.11.2024,2690241,1285401
101799961,10086481,190643088,Fischerhäuserstrasse,4,8200 Schaffhausen,2939,SH,real,True,15.11.2024,2690332,1283480
101800166,10120398,190614217,Gigering,12,8213 Neunkirch,2904,SH,real,True,15.11.2024,2679034,1282337
101800352,10073032,190657688,Felsgutstieg,12,8200 Schaffhausen,2939,SH,real,True,15.11.2024,2689864,1284625
101800359,10024937,190658409,Dorfstrasse,33,8236 Büttenhardt,2914,SH,real,True,15.11.2024,2691112,1290539
101800394,10087051,190550569,Gygerweg,1,8240 Thayngen,2920,SH,real,True,15.11.2024,2694937,1290113
101800427,10118358,190552768,Im vorderen Chapf,19,8455 Rüdlingen,2938,SH,real,True,15.11.2024,2684777,1270369
101800450,10206078,190553908,Im Rhyblick,1,8455 Rüdlingen,2938,SH,real,True,15.11.2024,2684932,1271388
101800544,10161547,190631835,Im Brand,13,8200 Schaffhausen,2939,SH,real,True,15.11.2024,2690214,1286667
101800545,10161547,190631837,Im Brand,9,8200 Schaffhausen,2939,SH,real,True,15.11.2024,2690218,1286658
101800546,10161547,190631838,Im Brand,7,8200 Schaffhausen,2939,SH,real,True,15.11.2024,2690223,1286649
101800547,10161547,190631839,Im Brand,5,8200 Schaffhausen,2939,SH,real,True,15.11.2024,2690224,1286646
101800555,10120420,190632209,Amsler-Laffon-Strasse,,8200 Schaffhausen,2939,SH,real,True,19.11.2024,2690326,1284832
101800556,10073055,190632210,Mühlentalstrasse,7,8200 Schaffhausen,2939,SH,real,True,15.11.2024,2689425,1283944
101801201,10054993,190554148,Warthau,175.2,8455 Rüdlingen,2938,SH,real,True,23.07.2024,2684085,1271065
101801222,10112696,190556269,Bachäckerweg,4,8261 Hemishofen,2962,SH,real,True,15.11.2024,2704428,1281833
101801226,10149559,190556392,Müliwis,2,8261 Hemishofen,2962,SH,real,True,15.11.2024,2704422,1281806
101801657,10085751,190649610,Thayngerstrasse,74b,8207 Schaffhausen,2939,SH,real,True,15.11.2024,2691954,1287147
101801658,10085751,190649611,Thayngerstrasse,74a,8207 Schaffhausen,2939,SH,real,True,15.11.2024,2691945,1287148
101801659,10085751,190649612,Thayngerstrasse,74,8207 Schaffhausen,2939,SH,real,True,15.11.2024,2691935,1287149
101801660,10085751,190649613,Thayngerstrasse,72b,8207 Schaffhausen,2939,SH,real,True,15.11.2024,2691948,1287135
101801661,10085751,190649614,Thayngerstrasse,72a,8207 Schaffhausen,2939,SH,real,True,15.11.2024,2691937,1287135
101801662,10085751,190649615,Thayngerstrasse,72,8207 Schaffhausen,2939,SH,real,True,15.11.2024,2691927,1287134
101801849,10018448,190558348,Biberichweg,15b,8222 Beringen,2932,SH,real,True,15.11.2024,2684962,1283804
101802324,10073021,190651433,Ahornstrasse,1,8200 Schaffhausen,2939,SH,real,True,15.11.2024,2690373,1284621
101802325,10073021,190651435,Ahornstrasse,5,8200 Schaffhausen,2939,SH,real,True,15.11.2024,2690425,1284654
101802326,10019291,190651436,Ebnatstrasse,56,8200 Schaffhausen,2939,SH,real,True,15.11.2024,2690407,1284678
101802327,10019291,190651437,Ebnatstrasse,54,8200 Schaffhausen,2939,SH,real,True,15.11.2024,2690368,1284664
101802328,10019291,190651438,Ebnatstrasse,52,8200 Schaffhausen,2939,SH,real,True,15.11.2024,2690344,1284644
101802332,10018671,190651446,Klosterstrasse,,8200 Schaffhausen,2939,SH,real,True,23.07.2024,2689825,1283437
101802336,10018664,190651548,Im Schweizersbild,21,8200 Schaffhausen,2939,SH,real,True,15.11.2024,2690182,1286668
101802337,10018664,190651549,Im Schweizersbild,23,8200 Schaffhausen,2939,SH,real,True,15.11.2024,2690183,1286665
101802338,10018664,190651550,Im Schweizersbild,25,8200 Schaffhausen,2939,SH,real,True,15.11.2024,2690187,1286655
101802339,10018664,190651551,Im Schweizersbild,27,8200 Schaffhausen,2939,SH,real,True,15.11.2024,2690189,1286649
101802340,10018664,190651552,Im Schweizersbild,29,8200 Schaffhausen,2939,SH,real,True,15.11.2024,2690191,1286646
101802341,10018664,190651553,Im Schweizersbild,31,8200 Schaffhausen,2939,SH,real,True,15.11.2024,2690194,1286636
101802342,10018664,190651554,Im Schweizersbild,33,8200 Schaffhausen,2939,SH,real,True,15.11.2024,2690196,1286633
101802497,10128947,190562128,Hinder Nüchilch,28,8213 Neunkirch,2904,SH,real,True,15.11.2024,2679789,1282022
101802727,10135339,190578948,Untere Burghalde,32,8225 Siblingen,2953,SH,real,True,15.11.2024,2681461,1285707
101803614,10134598,190591768,Grünau,9,8233 Bargen SH,2931,SH,real,True,15.11.2024,2687542,1294319
101803746,10143284,190613611,Ob der Haalde,880,8215 Hallau,2971,SH,real,True,15.11.2024,2674953,1283386
101804205,10127143,190639808,Im Neuhuus,3,8239 Dörflingen,2915,SH,real,True,15.11.2024,2696406,1285113
101804206,10149730,190639809,Im Bildstei,9a,8239 Dörflingen,2915,SH,real,True,15.11.2024,2696323,1285035
101804207,10142113,190639811,Bildsteinweg,6,8239 Dörflingen,2915,SH,real,True,15.11.2024,2696334,1285010
101804208,10142113,190639812,Bildsteinweg,8,8239 Dörflingen,2915,SH,real,True,15.11.2024,2696323,1284994
101804584,10073021,190655649,Ahornstrasse,22,8200 Schaffhausen,2939,SH,real,True,15.11.2024,2690438,1284624
101805706,10087012,190656088,Isengartenstrasse,4,8214 Gächlingen,2901,SH,real,True,15.11.2024,2679952,1284395
101805984,10024976,190621668,Rotackerstrasse,24,8234 Stetten SH,2919,SH,real,True,15.11.2024,2692008,1288576
101806023,10087013,190613617,Schulgasse,18,8214 Gächlingen,2901,SH,real,True,06.12.2024,2679260,1284047
101806485,10025678,1610367,Schönmaiengässchen,10,8200 Schaffhausen,2939,SH,real,True,15.11.2024,2689828,1283494
101806657,10178599,190680608,Grabenstrasse,6,8455 Rüdlingen,2938,SH,real,True,15.11.2024,2684647,1270606
101806836,10090056,190547668,Hohrainstrasse,35.1,8260 Stein am Rhein,2964,SH,real,True,23.07.2024,2705862,1280486
101806875,10087046,190550610,Blumenstrasse,g1388,8240 Thayngen,2920,SH,real,True,23.07.2024,2694945,1289200
101807041,10237818,190549008,Rebbergstrasse,172,8240 Thayngen,2920,SH,real,True,15.11.2024,2696839,1289341
101807079,10018157,190550532,Zieglerweg,5,8240 Thayngen,2920,SH,real,True,15.11.2024,2694834,1289607
101807118,10171417,190537268,Chläggiblick,14,8224 Löhningen,2903,SH,real,True,15.11.2024,2683432,1284149
101807928,10165180,191067270,Gupfenweg,12,8454 Buchberg,2933,SH,real,True,15.11.2024,2684187,1269606
101808559,10129730,1609337,Bröckligraben,2a,8240 Thayngen,2920,SH,real,True,15.11.2024,2695196,1289776
101809384,10163252,190667228,Lugmerstrasse,6,8216 Oberhallau,2972,SH,real,True,15.11.2024,2678200,1284538
101810148,10024976,190684688,Rotackerstrasse,28,8234 Stetten SH,2919,SH,real,True,15.11.2024,2692036,1288580
101810347,10149156,190684268,Fuchslochstrasse,10,8234 Stetten SH,2919,SH,real,True,15.11.2024,2692155,1288478
101810349,10149156,190684328,Fuchslochstrasse,12,8234 Stetten SH,2919,SH,real,True,15.11.2024,2692183,1288478
101810353,10149156,190684768,Fuchslochstrasse,6,8234 Stetten SH,2919,SH,real,True,15.11.2024,2692099,1288477
101810458,10206080,190680768,Vogelsandstrasse,4,8455 Rüdlingen,2938,SH,real,True,15.11.2024,2684814,1270640
101810619,10018672,190674469,Krebsbachstrasse,55.1,8200 Schaffhausen,2939,SH,real,True,23.07.2024,2689976,1284684
101811548,10031518,190691431,Rebweg,15,8219 Trasadingen,2973,SH,real,True,15.11.2024,2674340,1280385
101811696,10027512,190690150,Schwimmbadstrasse,1,8213 Neunkirch,2904,SH,real,True,15.11.2024,2679797,1282896
101811705,10132218,190692110,Im Zwigaarte,4,8239 Dörflingen,2915,SH,real,True,15.11.2024,2696422,1285267
101811706,10142113,190692111,Bildsteinweg,5,8239 Dörflingen,2915,SH,real,True,15.11.2024,2696347,1284971
101811879,10180889,190692091,Lettengarten,2,8225 Siblingen,2953,SH,real,True,15.11.2024,2681571,1285254
101811880,10142113,190692109,Bildsteinweg,3,8239 Dörflingen,2915,SH,real,True,15.11.2024,2696362,1284988
101813081,10177867,190691429,Langwis,17,8219 Trasadingen,2973,SH,real,True,15.11.2024,2674808,1280034
101813379,10148187,190800329,Im Benze,45,8222 Beringen,2932,SH,real,True,15.11.2024,2686736,1283527
101813380,10071978,190800389,Sonnenstrasse,586,8262 Ramsen,2963,SH,real,True,15.11.2024,2703349,1285116
101813447,10019569,190745629,Hochrahn,69,8231 Hemmental,2939,SH,real,True,15.11.2024,2686197,1287516
101813761,10048899,190719609,Laugweg,5,8240 Thayngen,2920,SH,real,True,15.11.2024,2695979,1289496
101813767,10148816,484785,Hauptstrasse,32a,8217 Wilchingen,2974,SH,real,True,15.11.2024,2677317,1280180
101813821,10120398,190730449,Gigering,8,8213 Neunkirch,2904,SH,real,True,15.11.2024,2679002,1282324
101813864,10025691,190705449,Steigstrasse,73,8200 Schaffhausen,2939,SH,real,True,15.11.2024,2689297,1283697
101814207,10018158,190743689,Zielhagweg,1,8240 Thayngen,2920,SH,real,True,15.11.2024,2694528,1289557
101814213,10031819,484768,Hofackerstrasse,15,8217 Wilchingen,2974,SH,real,True,15.11.2024,2677189,1280268
101814388,10091222,190699429,Schulstrasse,3,8222 Beringen,2932,SH,real,True,15.11.2024,2685317,1284021
101814420,10112907,190814749,Rabenfluhstrasse,23,8212 Neuhausen am Rheinfall,2937,SH,real,True,15.11.2024,2689017,1282169
101814440,10017870,190815932,Laufengasse,17,8212 Neuhausen am Rheinfall,2937,SH,real,True,15.11.2024,2688377,1281585
101814547,10073055,190755029,Mühlentalstrasse,329,8200 Schaffhausen,2939,SH,real,True,15.11.2024,2689286,1286871
101814932,10091222,190744969,Schulstrasse,12.1,8222 Beringen,2932,SH,real,True,23.07.2024,2685297,1283980
101815070,10068436,190766929,Hasenbergstrasse,9b,8213 Neunkirch,2904,SH,real,True,15.11.2024,2679494,1282195
101815159,10108021,190825749,Hauentalstrasse,152,8200 Schaffhausen,2939,SH,real,True,15.11.2024,2688745,1285745
101815160,10108021,190825750,Hauentalstrasse,156,8200 Schaffhausen,2939,SH,real,True,15.11.2024,2688710,1285820
101815161,10108021,190825751,Hauentalstrasse,150,8200 Schaffhausen,2939,SH,real,True,15.11.2024,2688764,1285715
101815162,10108021,190825752,Hauentalstrasse,154,8200 Schaffhausen,2939,SH,real,True,15.11.2024,2688725,1285787
101815163,10108021,190825753,Hauentalstrasse,158,8200 Schaffhausen,2939,SH,real,True,15.11.2024,2688697,1285862
101815274,10186340,190798869,Schaffhauserstrasse,93,8222 Beringen,2932,SH,real,True,15.11.2024,2686111,1283535
101815464,10091105,190826049,Rietstrasse,8,8260 Stein am Rhein,2964,SH,real,True,15.11.2024,2706565,1280093
101815474,10073046,190826630,Im Glockengut,9g,8207 Schaffhausen,2939,SH,real,True,15.11.2024,2691099,1286065
101815475,10073046,190826631,Im Glockengut,9f,8207 Schaffhausen,2939,SH,real,True,15.11.2024,2691105,1286061
101815476,10073046,190826632,Im Glockengut,9d,8207 Schaffhausen,2939,SH,real,True,15.11.2024,2691118,1286052
101815477,10073046,190826633,Im Glockengut,9c,8207 Schaffhausen,2939,SH,real,True,15.11.2024,2691124,1286049
101815478,10073046,190826634,Im Glockengut,9b,8207 Schaffhausen,2939,SH,real,True,15.11.2024,2691130,1286044
101815479,10073046,190826636,Im Glockengut,9,8207 Schaffhausen,2939,SH,real,True,15.11.2024,2691142,1286036
101815480,10073046,190826689,Im Glockengut,9e,8207 Schaffhausen,2939,SH,real,True,15.11.2024,2691112,1286057
101815754,10133042,190839089,Empützistrasse,19,8215 Hallau,2971,SH,real,True,15.11.2024,2676277,1282996
101815765,10073105,190839469,Selmattenstrasse,30.1,8215 Hallau,2971,SH,real,True,23.07.2024,2676230,1282873
101815821,10147639,190781709,Im Gablemacher,20,8240 Thayngen,2920,SH,real,True,15.11.2024,2694444,1289609
101815828,10149599,190782150,Lindenweg,3,8218 Osterfingen,2974,SH,real,True,15.11.2024,2678399,1279580
101815977,10186334,190855872,In Gmeindgärte,1,8241 Barzheim,2920,SH,real,True,15.11.2024,2696263,1290775
101816130,10073022,190821829,Alpenstrasse,75,8200 Schaffhausen,2939,SH,real,True,15.11.2024,2690812,1283858
101816166,10025710,190825130,Windeggstieg,40,8203 Schaffhausen,2939,SH,real,True,15.11.2024,2691409,1283075
101816509,10046634,190825173,Weiherweg,1,8200 Schaffhausen,2939,SH,real,True,15.11.2024,2687892,1284554
101816555,10144429,190827132,Hegaustrasse,4,8235 Lohn SH,2917,SH,real,True,15.11.2024,2692682,1290364
101816559,10132353,190827229,Im Morgen,3,8239 Dörflingen,2915,SH,real,True,15.11.2024,2696164,1285079
101817456,10025694,190848529,Stokarweg,1a,8200 Schaffhausen,2939,SH,real,True,15.11.2024,2689001,1283485
101817942,10018154,190808295,Sunnebüelweg,4,8240 Thayngen,2920,SH,real,True,15.11.2024,2694733,1289232
101817977,10111808,190810030,Im Ifang,16,8235 Lohn SH,2917,SH,real,True,15.11.2024,2692564,1290412
101818383,10148187,190800309,Im Benze,43,8222 Beringen,2932,SH,real,True,15.11.2024,2686794,1283481
101818385,10148187,190800369,Im Benze,47,8222 Beringen,2932,SH,real,True,15.11.2024,2686799,1283518
101818386,10148187,190800409,Im Benze,49,8222 Beringen,2932,SH,real,True,15.11.2024,2686845,1283491
101818654,10018449,190818030,Bärenacker,4,8222 Beringen,2932,SH,real,True,15.11.2024,2685074,1283627
101818680,10073055,190713569,Mühlentalstrasse,272b,8200 Schaffhausen,2939,SH,real,True,15.11.2024,2689522,1286047
101818681,10073055,190713570,Mühlentalstrasse,272a,8200 Schaffhausen,2939,SH,real,True,15.11.2024,2689526,1286016
101818712,10025707,190718149,Vorderenge,12,8200 Schaffhausen,2939,SH,real,True,15.11.2024,2688558,1283490
101818715,10025707,190718150,Vorderenge,6,8200 Schaffhausen,2939,SH,real,True,15.11.2024,2688584,1283525
101818716,10025707,190718151,Vorderenge,4,8200 Schaffhausen,2939,SH,real,True,15.11.2024,2688592,1283536
101818717,10025707,190718152,Vorderenge,2,8200 Schaffhausen,2939,SH,real,True,15.11.2024,2688600,1283548
101818938,10111816,190700950,Hülstewise,21,8222 Beringen,2932,SH,real,True,15.11.2024,2686908,1283585
101818964,10026324,190702289,Obere Hanenbüelstrasse,24,8214 Gächlingen,2901,SH,real,True,15.11.2024,2679998,1284638
101819063,10126773,190702210,Rebweg,4,8214 Gächlingen,2901,SH,real,True,15.11.2024,2679724,1284425
101819552,10108015,190758350,Hauptstrasse,81a,8232 Merishausen,2936,SH,real,True,15.11.2024,2687698,1290878
101819553,10108015,190758351,Hauptstrasse,81b,8232 Merishausen,2936,SH,real,True,15.11.2024,2687697,1290882
101819554,10108015,190758352,Hauptstrasse,83a,8232 Merishausen,2936,SH,real,True,15.11.2024,2687693,1290898
101819555,10108015,190758355,Hauptstrasse,79,8232 Merishausen,2936,SH,real,True,15.11.2024,2687666,1290873
101819960,10031939,190769569,Wagenhauserstrasse,7,8260 Stein am Rhein,2964,SH,real,True,15.11.2024,2706549,1279348
101820547,10169252,190815013,Seglerweg,14,8454 Buchberg,2933,SH,real,True,15.11.2024,2684488,1269653
101820662,10086750,190763629,Im Unterberg,10,8239 Dörflingen,2915,SH,real,True,15.11.2024,2695994,1284726
101820897,10018449,190818049,Bärenacker,2,8222 Beringen,2932,SH,real,True,15.11.2024,2685068,1283602
101820919,10085778,190824829,Burghaldenstrasse,10,8225 Siblingen,2953,SH,real,True,15.11.2024,2681571,1285687
101820927,10087229,190826069,Blaurockstrasse,51,8260 Stein am Rhein,2964,SH,real,True,15.11.2024,2706337,1280336
101820938,10071693,190826553,Judebömmlistrasse,589,8262 Ramsen,2963,SH,real,True,15.11.2024,2703502,1285081
101821094,10179730,190850529,Spielweg,,8200 Schaffhausen,2939,SH,real,True,23.07.2024,2688805,1284360
101821195,10019579,190834273,Bodenwiesenweg,13,8232 Merishausen,2936,SH,real,True,15.11.2024,2687902,1290406
101821491,10085751,190825829,Thayngerstrasse,5,8207 Schaffhausen,2939,SH,real,True,15.11.2024,2691865,1286518
101821555,10019280,190848049,Bläsihofstrasse,,8200 Schaffhausen,2939,SH,real,True,19.11.2024,2690610,1285865
101822710,10032571,190842089,Lendenbergstrasse,54c,8226 Schleitheim,2952,SH,real,True,15.11.2024,2677677,1289253
101822754,10134235,190781369,Galgenbuckstrasse,3,8217 Wilchingen,2974,SH,real,True,15.11.2024,2676954,1281562
101822757,10147639,190781749,Im Gablemacher,10,8240 Thayngen,2920,SH,real,True,15.11.2024,2694501,1289637
101822916,10171416,190738589,Wiideblick,8,8224 Löhningen,2903,SH,real,True,15.11.2024,2683335,1284120
101823198,10086768,190779449,Korallenstrasse,4,8200 Schaffhausen,2939,SH,real,True,15.11.2024,2690410,1283865
101823477,10086475,190706689,Buchthalerstrasse,23,8200 Schaffhausen,2939,SH,real,True,15.11.2024,2690585,1283506
101823478,10086475,190706690,Buchthalerstrasse,21,8200 Schaffhausen,2939,SH,real,True,15.11.2024,2690579,1283490
101823594,10237818,190823509,Rebbergstrasse,115,8240 Thayngen,2920,SH,real,True,15.11.2024,2696403,1289438
101823607,10147639,190824769,Im Gablemacher,8,8240 Thayngen,2920,SH,real,True,15.11.2024,2694501,1289618
101823610,10143056,190824810,Obere Burghalde,21,8225 Siblingen,2953,SH,real,True,15.11.2024,2681630,1285592
101823659,10148816,484619,Hauptstrasse,73,8217 Wilchingen,2974,SH,real,True,15.11.2024,2677037,1280157
101823673,10111816,190699169,Hülstewise,23,8222 Beringen,2932,SH,real,True,15.11.2024,2686913,1283602
101824116,10112907,190814735,Rabenfluhstrasse,21,8212 Neuhausen am Rheinfall,2937,SH,real,True,15.11.2024,2689011,1282201
101824125,10112907,190814809,Rabenfluhstrasse,25,8212 Neuhausen am Rheinfall,2937,SH,real,True,15.11.2024,2689023,1282135
101824320,10018172,475938,Hauffeld,1,8455 Rüdlingen,2938,SH,real,True,15.11.2024,2685285,1270477
101824324,10048900,190746289,Lohningerweg,27,8240 Thayngen,2920,SH,real,True,15.11.2024,2694692,1289506
101824444,10071980,190828016,Winkelackerstrasse,583,8262 Ramsen,2963,SH,real,True,15.11.2024,2702622,1284601
101824525,10039881,190741609,Chlosterstrasse,23,8234 Stetten SH,2919,SH,real,True,15.11.2024,2691872,1288378
101824572,10019778,190754829,Munotstrasse,,8200 Schaffhausen,2939,SH,real,True,23.07.2024,2690288,1283818
101824573,10085724,190754849,Mühlenstrasse,21,8200 Schaffhausen,2939,SH,real,True,15.11.2024,2689393,1283205
101824612,10139328,190760209,Rietstrasse,1,8235 Lohn SH,2917,SH,real,True,15.11.2024,2692202,1289927
101824672,10031613,190828349,Wydenhagweg,587.1,8262 Ramsen,2963,SH,real,True,23.07.2024,2702896,1285323
101824793,10018158,190743789,Zielhagweg,3,8240 Thayngen,2920,SH,real,True,15.11.2024,2694535,1289611
101825017,10046609,190765989,Sonnenbergstrasse,28,8212 Neuhausen am Rheinfall,2937,SH,real,True,15.11.2024,2688171,1282582
101825026,10027511,190767129,Oberwiesweg,12b,8213 Neunkirch,2904,SH,real,True,15.11.2024,2679508,1282162
101825027,10027511,190767169,Oberwiesweg,12c,8213 Neunkirch,2904,SH,real,True,15.11.2024,2679501,1282164
101825113,10019572,190838789,Leuenhof,10,8231 Hemmental,2939,SH,real,True,15.11.2024,2685642,1287654
101825132,10086468,1610271,Ampelngasse,7,8200 Schaffhausen,2939,SH,real,True,15.11.2024,2689982,1283568
101825264,10073056,1610306,Neustadt,71,8200 Schaffhausen,2939,SH,real,True,15.11.2024,2689595,1283492
101825315,10136262,190845789,Müliweg,1,8214 Gächlingen,2901,SH,real,True,15.11.2024,2679767,1284349
101825650,10068429,190854452,Goldackerweg,16,8224 Löhningen,2903,SH,real,True,15.11.2024,2683481,1283820
101825865,10111812,190848590,Ebringerstrasse,43,8240 Thayngen,2920,SH,real,True,15.11.2024,2696064,1289329
101826243,10120398,190819809,Gigering,6,8213 Neunkirch,2904,SH,real,True,15.11.2024,2678984,1282317
101826750,10111814,472928,Im Tal,19,8233 Bargen SH,2931,SH,real,True,15.11.2024,2687525,1293905
101827096,10027516,190856112,Taufgarten,16,8213 Neunkirch,2904,SH,real,True,15.11.2024,2679880,1282195
101827388,10085766,190842049,Brüelstrasse,4,8226 Schleitheim,2952,SH,real,True,15.11.2024,2678532,1289212
101827390,10032571,190842129,Lendenbergstrasse,54b,8226 Schleitheim,2952,SH,real,True,15.11.2024,2677697,1289254
101827832,10186335,190846169,Reibäckerli,21,8236 Büttenhardt,2914,SH,real,True,15.11.2024,2691209,1290373
101828691,10111809,190742569,Vorderdorf,17,8235 Lohn SH,2917,SH,real,True,15.11.2024,2692476,1290265
101828809,10068436,190713330,Hasenbergstrasse,9,8213 Neunkirch,2904,SH,real,True,15.11.2024,2679469,1282205
101829070,10149588,190802469,Wiesentalwegli,2,8222 Beringen,2932,SH,real,True,15.11.2024,2685552,1283566
101829116,10186340,190746149,Schaffhauserstrasse,240,8222 Beringen,2932,SH,real,True,15.11.2024,2687564,1283232
101829143,10111816,190699209,Hülstewise,25,8222 Beringen,2932,SH,real,True,15.11.2024,2686915,1283612
101829180,10031819,484760,Hofackerstrasse,4,8217 Wilchingen,2974,SH,real,True,15.11.2024,2677194,1280201
101829200,10111814,472933,Im Tal,3,8233 Bargen SH,2931,SH,real,True,15.11.2024,2687740,1294051
101829541,10120398,190806889,Gigering,10,8213 Neunkirch,2904,SH,real,True,15.11.2024,2679015,1282331
101829786,10018157,190792389,Zieglerweg,3,8240 Thayngen,2920,SH,real,True,15.11.2024,2694824,1289588
101829874,10111812,190808297,Ebringerstrasse,161,8240 Thayngen,2920,SH,real,True,15.11.2024,2696837,1289213
101829896,10031603,190828089,Moskau,309,8262 Ramsen,2963,SH,real,True,15.11.2024,2703847,1285515
101829898,10031613,190828289,Wydenhagweg,479.1,8262 Ramsen,2963,SH,real,True,23.07.2024,2702884,1285357
101830012,10068436,190767049,Hasenbergstrasse,9e,8213 Neunkirch,2904,SH,real,True,15.11.2024,2679478,1282172
101830013,10111805,190767189,Welscher Garten,2,8213 Neunkirch,2904,SH,real,True,15.11.2024,2679390,1282442
101830106,10031939,190769589,Wagenhauserstrasse,9,8260 Stein am Rhein,2964,SH,real,True,15.11.2024,2706536,1279331
101830107,10161532,190769609,Rietweg,10,8260 Stein am Rhein,2964,SH,real,True,15.11.2024,2706228,1280379
101830109,10177867,190769649,Langwis,11,8219 Trasadingen,2973,SH,real,True,15.11.2024,2674770,1280087
101830221,10111812,190812389,Ebringerstrasse,107a,8240 Thayngen,2920,SH,real,True,15.11.2024,2696436,1289285
101830384,10019287,190729510,Bühlstrasse,29,8200 Schaffhausen,2939,SH,real,True,15.11.2024,2688859,1283933
101830391,10143056,190730049,Obere Burghalde,16,8225 Siblingen,2953,SH,real,True,15.11.2024,2681570,1285604
101830866,10185475,190744949,Zelgliweg,8,8236 Büttenhardt,2914,SH,real,True,15.11.2024,2690885,1289996
101831120,10018634,1610204,Fronwagplatz,20,8200 Schaffhausen,2939,SH,real,True,15.11.2024,2689702,1283615
101831122,10123290,190821850,Krummgasse,17,8200 Schaffhausen,2939,SH,real,True,15.11.2024,2689754,1283665
101831156,10091230,190824369,Hauptstrasse,24b,8231 Hemmental,2939,SH,real,True,15.11.2024,2685911,1287636
101831257,10068436,190767009,Hasenbergstrasse,9d,8213 Neunkirch,2904,SH,real,True,15.11.2024,2679471,1282175
101831259,10027511,190767069,Oberwiesweg,12,8213 Neunkirch,2904,SH,real,True,15.11.2024,2679526,1282182
101831314,10149599,190781229,Lindenweg,1,8218 Osterfingen,2974,SH,real,True,15.11.2024,2678381,1279560
101831438,10179754,190825993,Chalberweidstrasse,4,8260 Stein am Rhein,2964,SH,real,True,15.11.2024,2707232,1279878
101831455,10019576,190828989,Schlatterhof,,8231 Hemmental,2939,SH,real,True,23.07.2024,2685583,1287773
101831458,10031830,190829290,Sägereistrasse,1,8217 Wilchingen,2974,SH,real,True,15.11.2024,2676993,1280120
101831575,10026383,190782729,Bietingerstrasse,100,8240 Thayngen,2920,SH,real,True,15.11.2024,2695770,1288672
101831591,10143282,190779549,Sonnenburgweg,4,8215 Hallau,2971,SH,real,True,15.11.2024,2676625,1282951
101831879,10025680,190804389,Seilerweg,3,8200 Schaffhausen,2939,SH,real,True,15.11.2024,2690275,1284677
101832563,10155578,190723509,Hohchrüz,577,8262 Ramsen,2963,SH,real,True,15.11.2024,2703516,1284184
101832574,10148816,484763,Hauptstrasse,34,8217 Wilchingen,2974,SH,real,True,15.11.2024,2677283,1280177
101832712,10143056,190730069,Obere Burghalde,22,8225 Siblingen,2953,SH,real,True,15.11.2024,2681613,1285566
101833052,10019791,190821911,Quaistrasse,11,8200 Schaffhausen,2939,SH,real,True,15.11.2024,2690105,1283389
101833116,10118354,190746429,Bahnhofstrasse,28,8222 Beringen,2932,SH,real,True,15.11.2024,2685020,1283346
101833401,10206067,190752149,Grütweg,4,8455 Rüdlingen,2938,SH,real,True,15.11.2024,2684779,1270630
101833499,10091231,190829649,Im Herbstel,,8231 Hemmental,2939,SH,real,True,23.07.2024,2685641,1287909
101833526,10018630,190831469,Floraweg,37,8200 Schaffhausen,2939,SH,real,True,15.11.2024,2689153,1285011
101833900,10086476,190823770,Büsingerstrasse,,8203 Schaffhausen,2939,SH,real,True,23.07.2024,2691768,1283585
101833918,10091230,190824450,Hauptstrasse,24a,8231 Hemmental,2939,SH,real,True,15.11.2024,2685898,1287638
101833919,10091230,190824451,Hauptstrasse,24,8231 Hemmental,2939,SH,real,True,15.11.2024,2685885,1287640
101833932,10118147,190825489,Windeggstrasse,48,8203 Schaffhausen,2939,SH,real,True,15.11.2024,2691280,1283279
101834033,10112907,190814849,Rabenfluhstrasse,21.1,8212 Neuhausen am Rheinfall,2937,SH,real,True,23.07.2024,2689016,1282178
101834037,10018681,190815115,Lindliweg,,8200 Schaffhausen,2939,SH,real,True,23.07.2024,2691018,1283225
101834100,10019295,190826210,Felsenaustrasse,28,8200 Schaffhausen,2939,SH,real,True,15.11.2024,2689421,1285220
101834101,10019295,190826211,Felsenaustrasse,24,8200 Schaffhausen,2939,SH,real,True,15.11.2024,2689423,1285247
101834102,10019295,190826212,Felsenaustrasse,26,8200 Schaffhausen,2939,SH,real,True,15.11.2024,2689451,1285245
101834103,10019295,190826213,Felsenaustrasse,20,8200 Schaffhausen,2939,SH,real,True,15.11.2024,2689425,1285274
101834104,10019295,190826214,Felsenaustrasse,22,8200 Schaffhausen,2939,SH,real,True,15.11.2024,2689453,1285272
101834146,10027511,190767089,Oberwiesweg,12a,8213 Neunkirch,2904,SH,real,True,15.11.2024,2679519,1282185
101834728,10087049,190743849,Egelseeweg,31,8240 Thayngen,2920,SH,real,True,15.11.2024,2694520,1289659
101835238,10180864,190799889,Ringweg,7,8263 Buch SH,2961,SH,real,True,15.11.2024,2700511,1286041
101835239,10071685,190799909,Dorfstrasse,31,8263 Buch SH,2961,SH,real,True,15.11.2024,2700651,1286018
101835254,10018664,190803629,Im Schweizersbild,5,8200 Schaffhausen,2939,SH,real,True,15.11.2024,2690108,1286742
101835255,10018664,190803631,Im Schweizersbild,9,8200 Schaffhausen,2939,SH,real,True,15.11.2024,2690153,1286705
101836304,10179748,190877769,Unterdorf,10,8261 Hemishofen,2962,SH,real,True,15.11.2024,2704401,1281515
101836707,10018654,190868529,Hochstrasse,279.1,8200 Schaffhausen,2939,SH,real,True,23.07.2024,2690536,1285621
101836935,10186340,190869169,Schaffhauserstrasse,9,8222 Beringen,2932,SH,real,True,15.11.2024,2685410,1283554
101836954,10111805,190871929,Welscher Garten,4a,8213 Neunkirch,2904,SH,real,True,15.11.2024,2679351,1282462
101836955,10111805,190871932,Welscher Garten,4,8213 Neunkirch,2904,SH,real,True,15.11.2024,2679359,1282457
101836956,10111805,190871933,Welscher Garten,4c,8213 Neunkirch,2904,SH,real,True,15.11.2024,2679365,1282474
101836972,10163252,190872909,Lugmerstrasse,8,8216 Oberhallau,2972,SH,real,True,15.11.2024,2678226,1284541
101837449,10024928,190879389,Häldeli,44,8243 Altdorf SH,2920,SH,real,True,15.11.2024,2691105,1293792
101837593,10054969,190923809,Haldenhof,286a,8213 Neunkirch,2904,SH,real,True,15.11.2024,2680436,1281859
101837618,10135340,190913770,In Pratle,6,8261 Hemishofen,2962,SH,real,True,15.11.2024,2704583,1281482
101837632,10085740,190914249,Seewadelstrasse,29,8203 Schaffhausen,2939,SH,real,True,15.11.2024,2691534,1283891
101837653,10018157,190941470,Zieglerweg,30,8240 Thayngen,2920,SH,real,True,15.11.2024,2694805,1289728
101837845,10019579,190887329,Bodenwiesenweg,9,8232 Merishausen,2936,SH,real,True,15.11.2024,2687904,1290386
101838230,10046605,190943171,Dorfstrasse,60a,8454 Buchberg,2933,SH,real,True,15.11.2024,2684430,1269777
101838331,10168102,190904730,Im Schalmenacker,7,8234 Stetten SH,2919,SH,real,True,15.11.2024,2691967,1288326
101838359,10147639,190910269,Im Gablemacher,18,8240 Thayngen,2920,SH,real,True,15.11.2024,2694441,1289590
101838585,10019796,190868509,Rheinhardstrasse,3.5,8200 Schaffhausen,2939,SH,real,True,23.07.2024,2690972,1284898
101838586,10019796,190868510,Rheinhardstrasse,,8200 Schaffhausen,2939,SH,real,True,23.07.2024,2690955,1284891
101838782,10111816,190928970,Hülstewise,2,8222 Beringen,2932,SH,real,True,15.11.2024,2686952,1283405
101838783,10186340,190928990,Schaffhauserstrasse,181,8222 Beringen,2932,SH,real,True,15.11.2024,2686985,1283401
101838784,10018448,190929129,Biberichweg,39a,8222 Beringen,2932,SH,real,True,15.11.2024,2684803,1283864
101838789,10148187,190929749,Im Benze,39,8222 Beringen,2932,SH,real,True,15.11.2024,2686680,1283526
101839262,10144196,190868191,Giiger,1217,8215 Hallau,2971,SH,real,True,15.11.2024,2675531,1282898
101839457,10032565,190934790,Hallauerstrasse,17,8226 Schleitheim,2952,SH,real,True,15.11.2024,2677999,1288841
101839484,10186340,190869109,Schaffhauserstrasse,7,8222 Beringen,2932,SH,real,True,15.11.2024,2685432,1283517
101840009,10237811,190910209,Dorfstrasse,36,8242 Bibern SH,2920,SH,real,True,15.11.2024,2692984,1292006
101840010,10237811,190910229,Dorfstrasse,34,8242 Bibern SH,2920,SH,real,True,15.11.2024,2692971,1292011
101840636,10073637,190922629,Gärtliweg,7a,8222 Beringen,2932,SH,real,True,15.11.2024,2684928,1283721
101840838,10087038,190904491,Brämlenstrasse,2,8234 Stetten SH,2919,SH,real,True,15.11.2024,2691495,1288263
101841124,10111805,190871930,Welscher Garten,4b,8213 Neunkirch,2904,SH,real,True,15.11.2024,2679342,1282467
101841153,10148187,190929590,Im Benze,33,8222 Beringen,2932,SH,real,True,15.11.2024,2686634,1283501
101841154,10148187,190929689,Im Benze,37,8222 Beringen,2932,SH,real,True,15.11.2024,2686637,1283531
101841726,10091239,190887629,Ledergasse,12,8232 Merishausen,2936,SH,real,True,15.11.2024,2687623,1290867
101841941,10147639,190910249,Im Gablemacher,14,8240 Thayngen,2920,SH,real,True,15.11.2024,2694436,1289551
101842215,10073027,190868349,Brauereistrasse,,8200 Schaffhausen,2939,SH,real,True,23.07.2024,2690586,1285165
101842222,10086489,190868309,Grafenbuckstrasse,,8208 Schaffhausen,2939,SH,real,True,23.07.2024,2689765,1285257
101842223,10085755,190868310,Vordersteig,1.1,8200 Schaffhausen,2939,SH,real,True,23.07.2024,2689503,1283554
101842233,10186340,190869189,Schaffhauserstrasse,11,8222 Beringen,2932,SH,real,True,15.11.2024,2685442,1283556
101842571,10187854,190868737,Pestalozzistrasse,14,8200 Schaffhausen,2939,SH,real,True,15.11.2024,2690016,1284084
101842572,10237810,190868890,Dorfstrasse,43,8236 Opfertshofen SH,2920,SH,real,True,15.11.2024,2691480,1292231
101842573,10087047,190868909,Bröckliweg,9,8240 Thayngen,2920,SH,real,True,15.11.2024,2695229,1289886
101842633,10024967,190877429,Birkenstrasse,3,8236 Opfertshofen SH,2920,SH,real,True,15.11.2024,2691649,1292622
101843052,10149226,190894549,Rotackerstrasse,14,8235 Lohn SH,2917,SH,real,True,15.11.2024,2692663,1290409
101843053,10141933,190894569,Wiesenstrasse,6,8235 Lohn SH,2917,SH,real,True,15.11.2024,2692578,1290384
101843491,10164638,190913789,Im Gali,18,8261 Hemishofen,2962,SH,real,True,15.11.2024,2704890,1281746
101843647,10018157,190941369,Zieglerweg,32,8240 Thayngen,2920,SH,real,True,15.11.2024,2694763,1289742
101843648,10120416,190942309,Kerrstrasse,12,8232 Merishausen,2936,SH,real,True,15.11.2024,2687586,1290098
101843702,10018654,190899289,Hochstrasse,201.002,8200 Schaffhausen,2939,SH,real,True,15.11.2024,2690231,1285452
101844225,10148187,190929609,Im Benze,35,8222 Beringen,2932,SH,real,True,15.11.2024,2686677,1283497
101844286,10168102,190904810,Im Schalmenacker,11,8234 Stetten SH,2919,SH,real,True,15.11.2024,2691944,1288299
101844775,10190886,190898910,Langfeldweg,12,8213 Neunkirch,2904,SH,real,True,15.11.2024,2679109,1282674
101845241,10033112,190871755,Haingartenstrasse,25.1,8215 Hallau,2971,SH,real,True,23.07.2024,2676654,1283197
101845380,10111816,190928849,Hülstewise,4,8222 Beringen,2932,SH,real,True,15.11.2024,2686961,1283456
101845381,10186340,190929049,Schaffhauserstrasse,187,8222 Beringen,2932,SH,real,True,15.11.2024,2687094,1283392
101845689,10033112,190871851,Haingartenstrasse,25.2,8215 Hallau,2971,SH,real,True,23.07.2024,2676637,1283202
101845862,10111808,190936169,Im Ifang,18,8235 Lohn SH,2917,SH,real,True,15.11.2024,2692591,1290409
101845863,10111808,190936170,Im Ifang,11,8235 Lohn SH,2917,SH,real,True,15.11.2024,2692451,1290401
101845864,10144429,190936171,Hegaustrasse,9,8235 Lohn SH,2917,SH,real,True,15.11.2024,2692685,1290398
101845865,10111808,190936189,Im Ifang,20,8235 Lohn SH,2917,SH,real,True,15.11.2024,2692620,1290406
101845932,10187870,190868849,Schorenhof,652.2,8215 Hallau,2971,SH,real,True,23.07.2024,2675774,1285688
101846045,10018157,190941449,Zieglerweg,28,8240 Thayngen,2920,SH,real,True,15.11.2024,2694782,1289712
101846623,10237818,190919057,Rebbergstrasse,147,8240 Thayngen,2920,SH,real,True,15.11.2024,2696790,1289359
101846745,10113214,190902009,Faselroo,597,8262 Ramsen,2963,SH,real,True,15.11.2024,2703214,1284794
101846887,10091224,190928909,Sonnhalde,11,8222 Beringen,2932,SH,real,True,15.11.2024,2687049,1283455
101846889,10186340,190929009,Schaffhauserstrasse,185,8222 Beringen,2932,SH,real,True,15.11.2024,2687060,1283396
101846954,10149156,190904909,Fuchslochstrasse,8,8234 Stetten SH,2919,SH,real,True,15.11.2024,2692124,1288480
101846955,10174269,190905049,Rietstrasse,3,8224 Löhningen,2903,SH,real,True,15.11.2024,2683374,1283857
101847292,10141933,190892029,Wiesenstrasse,4,8235 Lohn SH,2917,SH,real,True,15.11.2024,2692572,1290362
101847451,10018157,190941229,Zieglerweg,34,8240 Thayngen,2920,SH,real,True,15.11.2024,2694745,1289773
101847870,10117742,190869949,Untere Buckstrasse,14,8215 Hallau,2971,SH,real,True,15.11.2024,2677045,1283613
101848103,10031499,190864829,Hauptstrasse,45.1,8215 Hallau,2971,SH,real,True,23.07.2024,2676644,1283537
101848302,10128947,190925129,Hinder Nüchilch,38,8213 Neunkirch,2904,SH,real,True,15.11.2024,2679858,1281960
101848340,10086476,190927110,Büsingerstrasse,64.2,8203 Schaffhausen,2939,SH,real,True,23.07.2024,2691963,1283686
101848383,10148187,191022711,Im Benze,24,8222 Beringen,2932,SH,real,True,15.11.2024,2686543,1283463
101848385,10148187,191022714,Im Benze,26,8222 Beringen,2932,SH,real,True,15.11.2024,2686571,1283459
101848388,10148187,191022730,Im Benze,28,8222 Beringen,2932,SH,real,True,15.11.2024,2686599,1283454
101848391,10148187,191022734,Im Benze,30,8222 Beringen,2932,SH,real,True,15.11.2024,2686625,1283452
101848430,10073075,191027752,Ungarbühlstrasse,,8200 Schaffhausen,2939,SH,real,True,23.07.2024,2690211,1284435
101848431,10073075,191027770,Ungarbühlstrasse,2.3,8200 Schaffhausen,2939,SH,real,True,23.07.2024,2690208,1284500
101848446,10073075,191027951,Ungarbühlstrasse,,8200 Schaffhausen,2939,SH,real,True,23.07.2024,2690181,1284439
101848518,10031824,190969649,Mühlenstrasse,20,8217 Wilchingen,2974,SH,real,True,15.11.2024,2677301,1281090
101848568,10031507,190965949,Obere Buckstrasse,5,8215 Hallau,2971,SH,real,True,15.11.2024,2676929,1283704
101848580,10171868,191022897,Schmörletblick,1,8224 Löhningen,2903,SH,real,True,15.11.2024,2683282,1284100
101848581,10171868,191022910,Schmörletblick,3,8224 Löhningen,2903,SH,real,True,15.11.2024,2683302,1284096
101848582,10171868,191022911,Schmörletblick,5,8224 Löhningen,2903,SH,real,True,15.11.2024,2683322,1284092
101848583,10171868,191022913,Schmörletblick,4,8224 Löhningen,2903,SH,real,True,15.11.2024,2683300,1284075
101848584,10171868,191022914,Schmörletblick,6,8224 Löhningen,2903,SH,real,True,15.11.2024,2683321,1284071
101848585,10171868,191022915,Schmörletblick,8,8224 Löhningen,2903,SH,real,True,15.11.2024,2683342,1284067
101848586,10018664,191022916,Im Schweizersbild,11,8200 Schaffhausen,2939,SH,real,True,15.11.2024,2690176,1286697
101848587,10018664,191022917,Im Schweizersbild,13,8200 Schaffhausen,2939,SH,real,True,15.11.2024,2690183,1286697
101848588,10018664,191022918,Im Schweizersbild,15,8200 Schaffhausen,2939,SH,real,True,15.11.2024,2690190,1286697
101848589,10018664,191022919,Im Schweizersbild,17,8200 Schaffhausen,2939,SH,real,True,15.11.2024,2690197,1286696
101848590,10018664,191022920,Im Schweizersbild,19,8200 Schaffhausen,2939,SH,real,True,15.11.2024,2690204,1286696
101848591,10161547,191022921,Im Brand,25.1,8200 Schaffhausen,2939,SH,real,True,23.07.2024,2690226,1286715
101848592,10161547,191022922,Im Brand,23,8200 Schaffhausen,2939,SH,real,True,15.11.2024,2690211,1286719
101848593,10161547,191022923,Im Brand,21,8200 Schaffhausen,2939,SH,real,True,15.11.2024,2690212,1286718
101848594,10161547,191022924,Im Brand,19,8200 Schaffhausen,2939,SH,real,True,15.11.2024,2690222,1286710
101848595,10161547,191022925,Im Brand,17,8200 Schaffhausen,2939,SH,real,True,15.11.2024,2690227,1286705
101848596,10161547,191022926,Im Brand,15,8200 Schaffhausen,2939,SH,real,True,15.11.2024,2690228,1286704
101848597,10161547,191022927,Im Brand,31,8200 Schaffhausen,2939,SH,real,True,15.11.2024,2690231,1286734
101848598,10161547,191022928,Im Brand,29,8200 Schaffhausen,2939,SH,real,True,15.11.2024,2690233,1286732
101848599,10161547,191022929,Im Brand,27,8200 Schaffhausen,2939,SH,real,True,15.11.2024,2690243,1286724
101848600,10161547,191022931,Im Brand,33,8200 Schaffhausen,2939,SH,real,True,15.11.2024,2690253,1286732
101848601,10161547,191022932,Im Brand,35,8200 Schaffhausen,2939,SH,real,True,15.11.2024,2690266,1286734
101848613,10019807,191023091,Schweizersbildstrasse,5.1,8200 Schaffhausen,2939,SH,real,True,23.07.2024,2690098,1286723
101848614,10148187,191023092,Im Benze,32,8222 Beringen,2932,SH,real,True,15.11.2024,2686654,1283450
101848620,10148187,191023099,Im Benze,34,8222 Beringen,2932,SH,real,True,15.11.2024,2686682,1283448
101848628,10174269,191023311,Rietstrasse,5,8224 Löhningen,2903,SH,real,True,15.11.2024,2683351,1283856
101848632,10026340,191023410,Chriesiweg,8,8224 Löhningen,2903,SH,real,True,15.11.2024,2683840,1284135
101848784,10180889,190946811,Lettengarten,3,8225 Siblingen,2953,SH,real,True,15.11.2024,2681514,1285249
101849043,10046605,190945609,Dorfstrasse,60b,8454 Buchberg,2933,SH,real,True,15.11.2024,2684433,1269778
101849050,10046605,190945729,Dorfstrasse,60c,8454 Buchberg,2933,SH,real,True,15.11.2024,2684456,1269782
101849238,10147639,190981590,Im Gablemacher,9,8240 Thayngen,2920,SH,real,True,15.11.2024,2694473,1289610
101849270,10087214,190976489,In Enzwise,4,8261 Hemishofen,2962,SH,real,True,15.11.2024,2704234,1281647
101849415,10073052,190948390,Lahnstrasse,,8200 Schaffhausen,2939,SH,real,True,23.07.2024,2687926,1284590
101849458,10046605,190945769,Dorfstrasse,60d,8454 Buchberg,2933,SH,real,True,15.11.2024,2684459,1269783
101849532,10163252,190998050,Lugmerstrasse,4,8216 Oberhallau,2972,SH,real,True,15.11.2024,2678185,1284542
101849641,10179725,1615319,Rebweg,1,8203 Schaffhausen,2939,SH,real,True,15.11.2024,2691443,1283597
101849670,10111816,191024173,Hülstewise,3,8222 Beringen,2932,SH,real,True,15.11.2024,2686896,1283467
101849672,10111816,191024177,Hülstewise,7,8222 Beringen,2932,SH,real,True,15.11.2024,2686871,1283470
101849868,10179730,191008071,Spielweg,2a,8200 Schaffhausen,2939,SH,real,True,15.11.2024,2688862,1284284
101850038,10071978,190998970,Sonnenstrasse,613,8262 Ramsen,2963,SH,real,True,15.11.2024,2703540,1285204
101850073,10019806,191024650,Schlössliweg,12,8200 Schaffhausen,2939,SH,real,True,15.11.2024,2690498,1284376
101850074,10019806,191024650,Schlössliweg,14,8200 Schaffhausen,2939,SH,real,True,15.11.2024,2690515,1284367
101850115,10086485,101206882,Fäsenstaubstrasse,41,8200 Schaffhausen,2939,SH,real,True,15.11.2024,2689258,1283500
101850349,10149156,191015810,Fuchslochstrasse,4,8234 Stetten SH,2919,SH,real,True,15.11.2024,2692066,1288480
101850677,10104917,191029010,Blattenweg,6,8235 Lohn SH,2917,SH,real,True,15.11.2024,2692550,1290026
101850769,10073637,190992370,Gärtliweg,6,8222 Beringen,2932,SH,real,True,15.11.2024,2684962,1283767
101851146,10025698,190975429,Talstrasse,21,8200 Schaffhausen,2939,SH,real,True,15.11.2024,2690806,1284183
101851791,10019579,191005394,Bodenwiesenweg,8,8232 Merishausen,2936,SH,real,True,15.11.2024,2687931,1290366
101851871,10169252,190993810,Seglerweg,12,8454 Buchberg,2933,SH,real,True,15.11.2024,2684522,1269661
101851905,10136262,191007850,Müliweg,22,8214 Gächlingen,2901,SH,real,True,15.11.2024,2679878,1284437
101851909,10126773,191007854,Rebweg,8,8214 Gächlingen,2901,SH,real,True,15.11.2024,2679762,1284387
101851910,10106940,191007855,Hanenbüelstrasse,7,8214 Gächlingen,2901,SH,real,True,15.11.2024,2679975,1284544
101851920,10108011,190544049,Im Wölfli,12,8240 Thayngen,2920,SH,real,True,15.11.2024,2695939,1289393
101851921,10108011,190544049,Im Wölfli,14,8240 Thayngen,2920,SH,real,True,15.11.2024,2695940,1289400
101852173,10104916,470783,Glaserstrasse,8,8213 Neunkirch,2904,SH,real,True,15.11.2024,2680207,1282657
101852649,10147639,190959189,Im Gablemacher,1,8240 Thayngen,2920,SH,real,True,15.11.2024,2694463,1289544
101852709,10091109,190953529,Blumengartenstrasse,18.1,8215 Hallau,2971,SH,real,True,23.07.2024,2676301,1283015
101852710,10091109,190953530,Blumengartenstrasse,16.1,8215 Hallau,2971,SH,real,True,23.07.2024,2676308,1283018
101853133,10134235,190962969,Galgenbuckstrasse,8,8217 Wilchingen,2974,SH,real,True,15.11.2024,2676966,1281634
101853139,10171417,190963909,Chläggiblick,7,8224 Löhningen,2903,SH,real,True,15.11.2024,2683381,1284181
101853273,10147639,190981572,Im Gablemacher,22,8240 Thayngen,2920,SH,real,True,15.11.2024,2694448,1289632
101853811,10046632,190972749,Ebnatring,29a,8200 Schaffhausen,2939,SH,real,True,15.11.2024,2690990,1285325
101853863,10161515,190972074,Meierhofweg,7,8454 Buchberg,2933,SH,real,True,15.11.2024,2684349,1269961
101854094,10025697,190975889,Säntisstrasse,,8200 Schaffhausen,2939,SH,real,True,19.11.2024,2690308,1283602
101854103,10087215,190976490,Oberdorfstrasse,5,8261 Hemishofen,2962,SH,real,True,15.11.2024,2704745,1281622
101854485,10033112,190952909,Haingartenstrasse,28,8215 Hallau,2971,SH,real,True,15.11.2024,2676582,1283207
101854930,10108015,191005395,Hauptstrasse,13a,8232 Merishausen,2936,SH,real,True,15.11.2024,2687872,1290212
101854932,10143056,191005436,Obere Burghalde,12,8225 Siblingen,2953,SH,real,True,15.11.2024,2681543,1285643
101855919,10019781,190948410,Neherstieg,,8200 Schaffhausen,2939,SH,real,True,23.07.2024,2688373,1283821
101856486,10073637,190992373,Gärtliweg,8,8222 Beringen,2932,SH,real,True,15.11.2024,2684963,1283785
101856581,10118352,190944909,Dorfstrasse,54,8239 Dörflingen,2915,SH,real,True,15.11.2024,2696457,1284655
101857323,10046632,190972729,Ebnatring,,8200 Schaffhausen,2939,SH,real,True,23.07.2024,2690864,1285247
101857324,10046632,190972730,Ebnatring,,8200 Schaffhausen,2939,SH,real,True,23.07.2024,2690888,1285172
101857325,10046632,190972731,Ebnatring,27,8200 Schaffhausen,2939,SH,real,True,15.11.2024,2690915,1285195
101857326,10046632,190972750,Ebnatring,29b,8200 Schaffhausen,2939,SH,real,True,15.11.2024,2691015,1285259
101858549,10031609,190998992,Turnplatzweg,598,8262 Ramsen,2963,SH,real,True,15.11.2024,2703034,1285170
101859983,10107064,190962909,Gigeweg,71,8213 Neunkirch,2904,SH,real,True,15.11.2024,2679116,1282375
101860436,10024948,190944589,Landenbergerstrasse,6,8239 Dörflingen,2915,SH,real,True,15.11.2024,2696426,1285321
101860437,10024948,190944629,Landenbergerstrasse,10,8239 Dörflingen,2915,SH,real,True,15.11.2024,2696419,1285294
101860733,10027512,190950869,Schwimmbadstrasse,36,8213 Neunkirch,2904,SH,real,True,15.11.2024,2680113,1282919
101861414,10019808,190953309,Schwertstrasse,9.1,8200 Schaffhausen,2939,SH,real,True,23.07.2024,2689614,1283625
101861810,10018657,191023170,Hohlenbaumstrasse,186,8200 Schaffhausen,2939,SH,real,True,15.11.2024,2689093,1284838
101861811,10018657,191023170,Hohlenbaumstrasse,188,8200 Schaffhausen,2939,SH,real,True,15.11.2024,2689119,1284845
101861846,10018657,191023750,Hohlenbaumstrasse,18,8200 Schaffhausen,2939,SH,real,True,15.11.2024,2688393,1284450
101862091,10111816,191024174,Hülstewise,5,8222 Beringen,2932,SH,real,True,15.11.2024,2686889,1283468
101862293,10179734,190973170,Weinsteig,160.1,8200 Schaffhausen,2939,SH,real,True,23.07.2024,2689594,1284766
101862294,10179734,190973189,Weinsteig,154.1,8200 Schaffhausen,2939,SH,real,True,23.07.2024,2689610,1284751
101862987,10186931,190986891,Emmersbergstrasse,1.4,8200 Schaffhausen,2939,SH,real,True,04.10.2024,2690024,1284512
101863001,10072978,190987372,Puläjen,11,8239 Dörflingen,2915,SH,real,True,15.11.2024,2696472,1285379
101863174,10048899,191019152,Laugweg,9,8240 Thayngen,2920,SH,real,True,15.11.2024,2696048,1289512
101863690,10072981,190994310,Kerzenstübliweg,5,8235 Lohn SH,2917,SH,real,True,15.11.2024,2692707,1290324
101863899,10186339,190957689,Gellerstrasse,2,8222 Beringen,2932,SH,real,True,15.11.2024,2685223,1283660
101864182,10149156,191015910,Fuchslochstrasse,2,8234 Stetten SH,2919,SH,real,True,15.11.2024,2692036,1288479
101864189,10019283,191016170,Breitwiesenstrasse,10,8207 Schaffhausen,2939,SH,real,True,15.11.2024,2692512,1286391
101864246,10091233,191022251,Langwiesen,35,8231 Hemmental,2939,SH,real,True,15.11.2024,2686302,1287199
101864249,10085721,191022330,Lochstrasse,50a,8200 Schaffhausen,2939,SH,real,True,15.11.2024,2689362,1285050
101864505,10171416,191022894,Wiideblick,4,8224 Löhningen,2903,SH,real,True,15.11.2024,2683316,1284125
101864527,10046604,191024154,Werkstrasse,37,8222 Beringen,2932,SH,real,True,15.11.2024,2684845,1283128
101864529,10111816,191024178,Hülstewise,9,8222 Beringen,2932,SH,real,True,15.11.2024,2686865,1283471
101865195,10024948,190944609,Landenbergerstrasse,8,8239 Dörflingen,2915,SH,real,True,15.11.2024,2696418,1285309
101865789,10161515,190972070,Meierhofweg,3,8454 Buchberg,2933,SH,real,True,15.11.2024,2684297,1269958
101866027,10026320,190954449,Dorfstrasse,11,8214 Gächlingen,2901,SH,real,True,15.11.2024,2679592,1284160
101866153,10026388,190981491,Chlenglerweg,138,8240 Thayngen,2920,SH,real,True,15.11.2024,2696844,1289243
101866155,10147639,190981570,Im Gablemacher,11,8240 Thayngen,2920,SH,real,True,15.11.2024,2694475,1289625
101866169,10027508,190983132,Löhningerstrasse,9,8213 Neunkirch,2904,SH,real,True,15.11.2024,2680138,1282796
101866336,10120403,190981550,Hauptstrasse,37,8242 Hofen SH,2920,SH,real,True,15.11.2024,2692894,1293323
101866902,10068428,191002851,Neuengasse,19,8223 Guntmadingen,2932,SH,real,True,15.11.2024,2683863,1282190
101866969,10186339,190991098,Gellerstrasse,81,8222 Beringen,2932,SH,real,True,15.11.2024,2685802,1283683
101867191,10071693,190998990,Judebömmlistrasse,602,8262 Ramsen,2963,SH,real,True,15.11.2024,2703414,1285050
101867283,10073103,191009535,Neunkircherstrasse,30.1,8215 Hallau,2971,SH,real,True,23.07.2024,2677048,1283182
101867754,10019280,191018611,Bläsihofstrasse,,8200 Schaffhausen,2939,SH,real,True,23.07.2024,2690610,1285858
101867997,10046604,191032290,Werkstrasse,17,8222 Beringen,2932,SH,real,True,15.11.2024,2684986,1283252
101868227,10027514,191031691,Sportplatzweg,7d,8213 Neunkirch,2904,SH,real,True,15.11.2024,2679694,1282974
101868228,10027514,191031692,Sportplatzweg,7b,8213 Neunkirch,2904,SH,real,True,15.11.2024,2679692,1282993
101868229,10027514,191031693,Sportplatzweg,7e,8213 Neunkirch,2904,SH,real,True,15.11.2024,2679695,1282965
101868293,10019294,191047932,Ernst Müller-Strasse,7.7,8207 Schaffhausen,2939,SH,real,True,04.12.2024,2692329,1285996
101868412,10018469,191038592,Schönebueche,26a,8222 Beringen,2932,SH,real,True,15.11.2024,2685523,1284114
101868463,10087043,191068350,Tubackackerstrasse,23,8234 Stetten SH,2919,SH,real,True,15.11.2024,2691540,1287944
101868547,10031939,191043250,Wagenhauserstrasse,15,8260 Stein am Rhein,2964,SH,real,True,15.11.2024,2706394,1279412
101868593,10177867,191047192,Langwis,13,8219 Trasadingen,2973,SH,real,True,15.11.2024,2674795,1280079
101868809,10237818,191063150,Rebbergstrasse,47,8240 Thayngen,2920,SH,real,True,15.11.2024,2695978,1289440
101868810,10147639,191063151,Im Gablemacher,2,8240 Thayngen,2920,SH,real,True,15.11.2024,2694494,1289545
101869420,10179725,191080370,Rebweg,21,8203 Schaffhausen,2939,SH,real,True,15.11.2024,2691379,1283403
101869472,10091231,191053851,Im Herbstel,57,8231 Hemmental,2939,SH,real,True,15.11.2024,2685748,1287954
101870227,10087043,191068370,Tubackackerstrasse,25,8234 Stetten SH,2919,SH,real,True,15.11.2024,2691531,1287926
101870408,10147639,191038790,Im Gablemacher,16,8240 Thayngen,2920,SH,real,True,15.11.2024,2694439,1289570
101870783,10046632,191066131,Ebnatring,47,8200 Schaffhausen,2939,SH,real,True,15.11.2024,2691097,1285408
101870846,10091230,191053570,Hauptstrasse,,8231 Hemmental,2939,SH,real,True,23.07.2024,2686389,1287288
101870847,10073055,191053590,Mühlentalstrasse,,8200 Schaffhausen,2939,SH,real,True,19.11.2024,2689434,1284797
101871149,10118350,191071890,Chapfstrasse,2,8214 Gächlingen,2901,SH,real,True,15.11.2024,2679784,1284599
101871483,10120398,191065230,Gigering,5,8213 Neunkirch,2904,SH,real,True,15.11.2024,2679373,1282519
101871779,10162284,191042810,Püntweg,2,8216 Oberhallau,2972,SH,real,True,15.11.2024,2677965,1284692
101872137,10018469,191038592,Schönebueche,26b,8222 Beringen,2932,SH,real,True,15.11.2024,2685526,1284119
101872679,10120398,191065210,Gigering,3,8213 Neunkirch,2904,SH,real,True,15.11.2024,2679365,1282557
101872713,10085727,191053990,Nägelseestrasse,,8203 Schaffhausen,2939,SH,real,True,23.07.2024,2692244,1283534
101873167,10091252,191032551,Industriestrasse,51,8212 Neuhausen am Rheinfall,2937,SH,real,True,15.11.2024,2688481,1281742
101873453,10068428,191080050,Neuengasse,17,8223 Guntmadingen,2932,SH,real,True,15.11.2024,2683873,1282207
101873617,10027514,191031672,Sportplatzweg,7a,8213 Neunkirch,2904,SH,real,True,15.11.2024,2679691,1283006
101873619,10027514,191031694,Sportplatzweg,7c,8213 Neunkirch,2904,SH,real,True,15.11.2024,2679693,1282985
101873723,10031939,191043270,Wagenhauserstrasse,13,8260 Stein am Rhein,2964,SH,real,True,15.11.2024,2706420,1279430
101874602,10031600,191038412,Im Gässli,591,8262 Ramsen,2963,SH,real,True,15.11.2024,2702774,1285050
101874905,10164638,191050076,Im Gali,20,8261 Hemishofen,2962,SH,real,True,15.11.2024,2704866,1281783
101875261,10149730,191052370,Im Bildstei,7a,8239 Dörflingen,2915,SH,real,True,15.11.2024,2696341,1285065
101875313,10018671,191087290,Klosterstrasse,9,8200 Schaffhausen,2939,SH,real,True,15.11.2024,2689820,1283306
101875314,10073060,191087290,Rheinstrasse,2,8200 Schaffhausen,2939,SH,real,True,15.11.2024,2689809,1283284
101875488,10087050,191088730,Freihofstrasse,9,8240 Thayngen,2920,SH,real,True,15.11.2024,2695057,1289228
101875491,10087050,191088832,Freihofstrasse,11,8240 Thayngen,2920,SH,real,True,15.11.2024,2695091,1289237
101875681,10153985,191062990,Rohrstrasse,38a,8216 Oberhallau,2972,SH,real,True,15.11.2024,2677753,1284361
101875727,10018469,191038592,Schönebueche,26c,8222 Beringen,2932,SH,real,True,15.11.2024,2685530,1284120
101875728,10018469,191038592,Schönebueche,28a,8222 Beringen,2932,SH,real,True,15.11.2024,2685522,1284122
101875729,10018469,191038592,Schönebueche,28b,8222 Beringen,2932,SH,real,True,15.11.2024,2685527,1284123
101875730,10018469,191038592,Schönebueche,28c,8222 Beringen,2932,SH,real,True,15.11.2024,2685530,1284124
101875947,10073055,191053571,Mühlentalstrasse,362,8200 Schaffhausen,2939,SH,real,True,15.11.2024,2688939,1287355
101875948,10073055,191053592,Mühlentalstrasse,,8200 Schaffhausen,2939,SH,real,True,23.07.2024,2688936,1287233
101875949,10106951,191053593,Rheinhaldenstrasse,116,8200 Schaffhausen,2939,SH,real,True,15.11.2024,2691895,1282497
101875950,10019295,191053594,Felsenaustrasse,,8200 Schaffhausen,2939,SH,real,True,23.07.2024,2689514,1285278
101876039,10120424,191053991,Herblingerstrasse,,8207 Schaffhausen,2939,SH,real,True,23.07.2024,2691321,1286067
101876225,10087043,191068410,Tubackackerstrasse,31,8234 Stetten SH,2919,SH,real,True,15.11.2024,2691510,1287907
101876546,10091161,470268,Dorfstrasse,13,8223 Guntmadingen,2932,SH,real,True,15.11.2024,2683998,1282337
101876684,10072977,191084710,Morgenbuckweg,9b,8239 Dörflingen,2915,SH,real,True,15.11.2024,2696207,1285161
101876897,10106951,191098830,Rheinhaldenstrasse,66,8200 Schaffhausen,2939,SH,real,True,15.11.2024,2691382,1282820
101877119,10179716,191097110,Hermann Rorschach-Strasse,32,8200 Schaffhausen,2939,SH,real,True,15.11.2024,2688498,1283717
101877156,10111807,191101595,Braatistrasse,7,8236 Büttenhardt,2914,SH,real,True,15.11.2024,2690958,1290144
101877256,10106951,191098811,Rheinhaldenstrasse,65,8200 Schaffhausen,2939,SH,real,True,15.11.2024,2691378,1282818
101877258,10106951,191098890,Rheinhaldenstrasse,70,8200 Schaffhausen,2939,SH,real,True,15.11.2024,2691391,1282798
101877259,10106951,191098891,Rheinhaldenstrasse,71,8200 Schaffhausen,2939,SH,real,True,15.11.2024,2691395,1282800
101877260,10106951,191098930,Rheinhaldenstrasse,63,8200 Schaffhausen,2939,SH,real,True,15.11.2024,2691370,1282813
101877261,10106951,191098930,Rheinhaldenstrasse,63a,8200 Schaffhausen,2939,SH,real,True,15.11.2024,2691367,1282811
101877312,10164638,191098990,Im Gali,10,8261 Hemishofen,2962,SH,real,True,15.11.2024,2704886,1281685
101877371,10106951,191098870,Rheinhaldenstrasse,67,8200 Schaffhausen,2939,SH,real,True,15.11.2024,2691385,1282823
101877522,10188153,191118790,Gächlingerstrasse,13c,8213 Neunkirch,2904,SH,real,True,15.11.2024,2679710,1282985
101877523,10188153,191118791,Gächlingerstrasse,13,8213 Neunkirch,2904,SH,real,True,15.11.2024,2679731,1282987
101877524,10188153,191118792,Gächlingerstrasse,13b,8213 Neunkirch,2904,SH,real,True,15.11.2024,2679717,1282986
101877525,10188153,191118793,Gächlingerstrasse,13a,8213 Neunkirch,2904,SH,real,True,15.11.2024,2679724,1282987
101877588,10147639,191106870,Im Gablemacher,3,8240 Thayngen,2920,SH,real,True,15.11.2024,2694466,1289562
101878295,10071978,191105134,Sonnenstrasse,608,8262 Ramsen,2963,SH,real,True,15.11.2024,2703123,1284971
101878461,10147639,191105754,Im Gablemacher,4,8240 Thayngen,2920,SH,real,True,15.11.2024,2694496,1289570
101878490,10177867,191107532,Langwis,9,8219 Trasadingen,2973,SH,real,True,15.11.2024,2674768,1280070
101878512,10053246,191104513,Wiesental,3,8228 Beggingen,2951,SH,real,True,15.11.2024,2682065,1290984
101878859,10025644,191092031,Bahnhofstrasse,2,8240 Thayngen,2920,SH,real,True,15.11.2024,2695118,1289251
101879069,10206069,191110711,Oberdorfstrasse,9,8455 Rüdlingen,2938,SH,real,True,15.11.2024,2685001,1270351
101879222,10105350,191109110,Biberweg,6,8263 Buch SH,2961,SH,real,True,15.11.2024,2701012,1286085
101879274,10147639,191114590,Im Gablemacher,6,8240 Thayngen,2920,SH,real,True,15.11.2024,2694497,1289595
101879415,10106945,474991,Rosenbergstrasse,92a,8212 Neuhausen am Rheinfall,2937,SH,real,True,15.11.2024,2688624,1283182
101879416,10106945,474991,Rosenbergstrasse,92b,8212 Neuhausen am Rheinfall,2937,SH,real,True,15.11.2024,2688631,1283183
101879421,10106945,474992,Rosenbergstrasse,94a,8212 Neuhausen am Rheinfall,2937,SH,real,True,15.11.2024,2688624,1283211
101879422,10106945,474992,Rosenbergstrasse,94c,8212 Neuhausen am Rheinfall,2937,SH,real,True,15.11.2024,2688638,1283209
101879423,10106945,474992,Rosenbergstrasse,94d,8212 Neuhausen am Rheinfall,2937,SH,real,True,15.11.2024,2688645,1283208
101879485,10106946,3122057,Trubegüetlistrasse,6b,8212 Neuhausen am Rheinfall,2937,SH,real,True,15.11.2024,2688673,1283187
101879486,10106946,3122057,Trubegüetlistrasse,6c,8212 Neuhausen am Rheinfall,2937,SH,real,True,15.11.2024,2688679,1283187
101879550,10058935,481495,Dorfstrasse,72,8228 Beggingen,2951,SH,real,True,15.11.2024,2681741,1291141
101879599,10193992,191114991,Rheinuferstrasse,1,8200 Schaffhausen,2939,SH,real,True,15.11.2024,2690063,1283325
101879984,10143056,191112492,Obere Burghalde,15,8225 Siblingen,2953,SH,real,True,15.11.2024,2681593,1285634
101880481,10071978,191105113,Sonnenstrasse,607,8262 Ramsen,2963,SH,real,True,15.11.2024,2703141,1285002
101880482,10071695,191105150,Poststrasse,590,8262 Ramsen,2963,SH,real,True,15.11.2024,2703333,1284924
101880657,10143056,191112494,Obere Burghalde,17,8225 Siblingen,2953,SH,real,True,15.11.2024,2681603,1285624
101880679,10031522,484442,Zinggen,3,8219 Trasadingen,2973,SH,real,True,15.11.2024,2674450,1280136
101880680,10031523,484497,Zollstrasse,34,8219 Trasadingen,2973,SH,real,True,15.11.2024,2674638,1279577
101880681,10031517,484552,Dorfstrasse,17,8219 Trasadingen,2973,SH,real,True,15.11.2024,2674507,1280215
101881397,10031517,484548,Dorfstrasse,7,8219 Trasadingen,2973,SH,real,True,15.11.2024,2674549,1280191
101881398,10031517,484600,Dorfstrasse,27,8219 Trasadingen,2973,SH,real,True,15.11.2024,2674475,1280226
101881789,10087225,191206330,Steigblickstrasse,617,8262 Ramsen,2963,SH,real,True,15.11.2024,2702662,1284831
101881816,10046612,191205930,Zollstrasse,101,8212 Neuhausen am Rheinfall,2937,SH,real,True,15.11.2024,2687170,1280943
101881823,10018345,191206970,Felsgasse,42.1,8200 Schaffhausen,2939,SH,real,True,23.07.2024,2691446,1282949
101881824,10046630,191206990,Rothüsliweg,10.1,8200 Schaffhausen,2939,SH,real,True,23.07.2024,2689905,1284727
101881988,10031590,191157551,Randenstrasse,3,8261 Hemishofen,2962,SH,real,True,15.11.2024,2705104,1281261
101881994,10031590,191157731,Randenstrasse,5,8261 Hemishofen,2962,SH,real,True,15.11.2024,2705130,1281250
101883052,10192054,191125132,Burgstall,5,8213 Neunkirch,2904,SH,real,True,15.11.2024,2679884,1282147
101883053,10137899,191125136,Glaserweg,10,8213 Neunkirch,2904,SH,real,True,15.11.2024,2680262,1282562
101883054,10072962,191125139,Unterer Glaserweg,2b,8213 Neunkirch,2904,SH,real,True,15.11.2024,2680222,1282550
101883090,10073092,191119533,Im Gwand,10,8260 Stein am Rhein,2964,SH,real,True,15.11.2024,2706728,1280220
101883171,10129454,11524932,Mühleweg,2,8240 Thayngen,2920,SH,real,True,15.11.2024,2695102,1289438
101883416,10048903,191124071,Schaffhauserstrasse,43,8240 Thayngen,2920,SH,real,True,15.11.2024,2694394,1289344
101883417,10048903,191124072,Schaffhauserstrasse,45,8240 Thayngen,2920,SH,real,True,15.11.2024,2694384,1289346
101883877,10155546,191123813,Winkelweg,592,8262 Ramsen,2963,SH,real,True,15.11.2024,2702643,1284717
101883900,10073014,191126211,Haselgass,19,8455 Rüdlingen,2938,SH,real,True,15.11.2024,2685374,1270489
101884024,10167067,191126790,Alte Strasse,15,8241 Barzheim,2920,SH,real,True,15.11.2024,2695844,1290424
101884542,10072962,191125135,Unterer Glaserweg,2,8213 Neunkirch,2904,SH,real,True,15.11.2024,2680239,1282527
101884543,10072962,191125137,Unterer Glaserweg,2c,8213 Neunkirch,2904,SH,real,True,15.11.2024,2680221,1282553
101884544,10072962,191125138,Unterer Glaserweg,2a,8213 Neunkirch,2904,SH,real,True,15.11.2024,2680237,1282530
101884882,10017108,191128116,Buckstrasse,714.1,8215 Hallau,2971,SH,real,True,23.07.2024,2677199,1283853
101885122,10106946,3122057,Trubegüetlistrasse,6d,8212 Neuhausen am Rheinfall,2937,SH,real,True,15.11.2024,2688685,1283188
101885126,10046632,190176558,Ebnatring,23,8200 Schaffhausen,2939,SH,real,True,15.11.2024,2690891,1285186
101885254,10073110,191138710,Gässli,11,8219 Trasadingen,2973,SH,real,True,15.11.2024,2674302,1280230
101885272,10085778,191139331,Burghaldenstrasse,14,8225 Siblingen,2953,SH,real,True,15.11.2024,2681614,1285659
101885518,10195169,191129095,Bächli,1,8260 Stein am Rhein,2964,SH,real,True,15.11.2024,2707786,1280694
101885703,10134235,191128028,Galgenbuckstrasse,22,8217 Wilchingen,2974,SH,real,True,15.11.2024,2676959,1281649
101886016,10147639,191131571,Im Gablemacher,7,8240 Thayngen,2920,SH,real,True,15.11.2024,2694470,1289593
101886082,10073626,191131590,Hammenweg,32,8240 Thayngen,2920,SH,real,True,15.11.2024,2695658,1289601
101886134,10019564,191130893,Sandackerstrasse,17,8454 Buchberg,2933,SH,real,True,15.11.2024,2684709,1269567
101886182,10026003,481742,Beggingerstrasse,1,8226 Schleitheim,2952,SH,real,True,15.11.2024,2678654,1289356
101886586,10026330,191137150,Lauferbergstrasse,2,8223 Guntmadingen,2932,SH,real,True,15.11.2024,2684093,1282045
101886626,10177867,191138611,Langwis,5a,8219 Trasadingen,2973,SH,real,True,15.11.2024,2674778,1280029
101886823,10179750,191131911,Im Baumgarten,612,8262 Ramsen,2963,SH,real,True,15.11.2024,2703621,1284985
101886932,10206067,191134631,Grütweg,2,8455 Rüdlingen,2938,SH,real,True,15.11.2024,2684764,1270604
101887056,10026388,191136156,Chlenglerweg,98b,8240 Thayngen,2920,SH,real,True,15.11.2024,2696598,1289289
101887057,10026388,191136156,Chlenglerweg,98c,8240 Thayngen,2920,SH,real,True,15.11.2024,2696597,1289284
101887135,10179754,191140931,Chalberweidstrasse,2a,8260 Stein am Rhein,2964,SH,real,True,15.11.2024,2707127,1279871
101887146,10149156,191141253,Fuchslochstrasse,14,8234 Stetten SH,2919,SH,real,True,15.11.2024,2692214,1288481
101887260,10018459,191137070,Höhenackerweg,1,8222 Beringen,2932,SH,real,True,15.11.2024,2685066,1284066
101887262,10185491,191137090,Mühleweg,23,8222 Beringen,2932,SH,real,True,15.11.2024,2685083,1284015
101887282,10085778,191139330,Burghaldenstrasse,12,8225 Siblingen,2953,SH,real,True,15.11.2024,2681593,1285671
101887665,10018459,191137072,Höhenackerweg,3,8222 Beringen,2932,SH,real,True,15.11.2024,2685076,1284049
101887666,10185491,191137093,Mühleweg,27,8222 Beringen,2932,SH,real,True,15.11.2024,2685095,1284039
101887736,10087219,191131950,Fortenbach,614,8262 Ramsen,2963,SH,real,True,15.11.2024,2702828,1285440
101887893,10026388,191136156,Chlenglerweg,98a,8240 Thayngen,2920,SH,real,True,15.11.2024,2696599,1289296
101888198,10167961,191163230,Reibacker,2,8222 Beringen,2932,SH,real,True,15.11.2024,2685018,1283525
101888210,10019275,191163491,Beckengässchen,24a,8200 Schaffhausen,2939,SH,real,True,15.11.2024,2689466,1283770
101888217,10136921,191139991,Chapfweg,6,8214 Gächlingen,2901,SH,real,True,15.11.2024,2679691,1284413
101888323,10017870,191140771,Laufengasse,21,8212 Neuhausen am Rheinfall,2937,SH,real,True,15.11.2024,2688397,1281657
101888424,10085766,191158230,Brüelstrasse,6,8226 Schleitheim,2952,SH,real,True,15.11.2024,2678540,1289184
101888604,10031939,191141270,Wagenhauserstrasse,17,8260 Stein am Rhein,2964,SH,real,True,15.11.2024,2706387,1279449
101888669,10026388,191135170,Chlenglerweg,96b,8240 Thayngen,2920,SH,real,True,15.11.2024,2696590,1289292
101888670,10026388,191135170,Chlenglerweg,96c,8240 Thayngen,2920,SH,real,True,15.11.2024,2696589,1289286
101888755,10026388,191135170,Chlenglerweg,96a,8240 Thayngen,2920,SH,real,True,15.11.2024,2696591,1289298
101888758,10118358,191135290,Im vorderen Chapf,5,8455 Rüdlingen,2938,SH,real,True,15.11.2024,2684867,1270227
101888840,10179716,191137851,Hermann Rorschach-Strasse,34,8200 Schaffhausen,2939,SH,real,True,15.11.2024,2688479,1283712
101888994,10103868,191143630,Hügelweg,9,8224 Löhningen,2903,SH,real,True,15.11.2024,2683187,1284261
101889112,10071978,191164210,Sonnenstrasse,615,8262 Ramsen,2963,SH,real,True,15.11.2024,2703378,1285115
101889113,10071693,191164230,Judebömmlistrasse,599,8262 Ramsen,2963,SH,real,True,15.11.2024,2703348,1285021
101889187,10147321,191176932,Ifangweg,8,8219 Trasadingen,2973,SH,real,True,15.11.2024,2674166,1280209
101889462,10179754,191143112,Chalberweidstrasse,6,8260 Stein am Rhein,2964,SH,real,True,15.11.2024,2707263,1279906
101889588,10185483,191136432,Buchbergstrasse,32,8240 Thayngen,2920,SH,real,True,15.11.2024,2695925,1289465
101889598,10185491,191137091,Mühleweg,25,8222 Beringen,2932,SH,real,True,15.11.2024,2685079,1284032
101889682,10186339,191135671,Gellerstrasse,15,8222 Beringen,2932,SH,real,True,15.11.2024,2685325,1283704
101890302,10032571,191193470,Lendenbergstrasse,17,8226 Schleitheim,2952,SH,real,True,15.11.2024,2678014,1289250
101890455,10193696,191148690,Im Gries,595,8262 Ramsen,2963,SH,real,True,15.11.2024,2702577,1284895
101890529,10177867,191138631,Langwis,5b,8219 Trasadingen,2973,SH,real,True,15.11.2024,2674773,1280031
101890548,10085778,191139350,Burghaldenstrasse,16,8225 Siblingen,2953,SH,real,True,15.11.2024,2681634,1285647
101890615,10185491,191137110,Mühleweg,29,8222 Beringen,2932,SH,real,True,15.11.2024,2685096,1284056
101890973,10086491,191148470,Haldenstrasse,25,8200 Schaffhausen,2939,SH,real,True,15.11.2024,2689332,1284651
101891075,10161515,191182030,Meierhofweg,5,8454 Buchberg,2933,SH,real,True,15.11.2024,2684318,1269958
101891214,10031499,483840,Hauptstrasse,64,8215 Hallau,2971,SH,real,True,15.11.2024,2676742,1283548
101891420,10031509,191151810,Waaggässli,5,8215 Hallau,2971,SH,real,True,15.11.2024,2676791,1283529
101891834,10111812,191149811,Ebringerstrasse,149,8240 Thayngen,2920,SH,real,True,15.11.2024,2696711,1289235
101892442,10019270,191149890,Alte Gasse,30,8203 Schaffhausen,2939,SH,real,True,15.11.2024,2691307,1283607
101892481,10072978,191139873,Puläjen,13,8239 Dörflingen,2915,SH,real,True,15.11.2024,2696463,1285389
101892526,10073098,191141054,Wisegässli,8.1,8260 Stein am Rhein,2964,SH,real,True,23.07.2024,2706637,1280084
101893075,10193350,191202832,Chlosterhof,5,8260 Stein am Rhein,2964,SH,real,True,15.11.2024,2706758,1279653
101893206,10031499,191153970,Hauptstrasse,96.1,8215 Hallau,2971,SH,real,True,23.07.2024,2676908,1283461
101893347,10085741,191151631,Solenbergstrasse,15,8207 Schaffhausen,2939,SH,real,True,15.11.2024,2692069,1285600
101893683,10237814,191154970,Frohsinnweg,9a,8240 Thayngen,2920,SH,real,True,15.11.2024,2694730,1289380
101893684,10147639,191154990,Im Gablemacher,23,8240 Thayngen,2920,SH,real,True,15.11.2024,2694454,1289655
101893695,10123288,191155112,Büsingerstrasse,7,8239 Dörflingen,2915,SH,real,True,15.11.2024,2696017,1284802
101893696,10072975,191155114,Im Chloster,2,8239 Dörflingen,2915,SH,real,True,15.11.2024,2696169,1284763
101893775,10165182,191171350,Hardliweg,7,8454 Buchberg,2933,SH,real,True,15.11.2024,2684049,1269741
101894298,10072976,191155116,Im Schützerhus,1,8239 Dörflingen,2915,SH,real,True,15.11.2024,2696425,1284953
101894467,10086763,191141590,Im Majorenacker,3,8207 Schaffhausen,2939,SH,real,True,15.11.2024,2691485,1285868
101894595,10193696,191148691,Im Gries,603,8262 Ramsen,2963,SH,real,True,15.11.2024,2702583,1284896
101894596,10193696,191148693,Im Gries,604,8262 Ramsen,2963,SH,real,True,15.11.2024,2702590,1284897
101894598,10193696,191148695,Im Gries,606,8262 Ramsen,2963,SH,real,True,15.11.2024,2702603,1284898
101894710,10072974,191172390,Gärtlistrasse,8,8239 Dörflingen,2915,SH,real,True,15.11.2024,2696570,1284595
101894711,10072974,191172390,Gärtlistrasse,8a,8239 Dörflingen,2915,SH,real,True,15.11.2024,2696564,1284596
101894925,10071693,191204391,Judebömmlistrasse,600,8262 Ramsen,2963,SH,real,True,15.11.2024,2703353,1284995
101894972,10143056,191180910,Obere Burghalde,8,8225 Siblingen,2953,SH,real,True,15.11.2024,2681513,1285691
101894976,10019783,191181130,Nordstrasse,33,8200 Schaffhausen,2939,SH,real,True,15.11.2024,2689222,1284093
101895543,10026340,191157350,Chriesiweg,4,8224 Löhningen,2903,SH,real,True,15.11.2024,2683781,1284134
101895702,10104501,191185790,Steigacker,,8231 Hemmental,2939,SH,real,True,23.07.2024,2686592,1287610
101895825,10031585,191204770,Bürglerstrasse,8a,8261 Hemishofen,2962,SH,real,True,15.11.2024,2704948,1281468
101896108,10185466,191159611,Quellenweg,5,8224 Löhningen,2903,SH,real,True,15.11.2024,2683389,1284375
101896445,10025698,191158410,Talstrasse,,8200 Schaffhausen,2939,SH,real,True,23.07.2024,2690948,1284146
101897483,10091404,191219572,Blumenweg,7,8217 Wilchingen,2974,SH,real,True,15.11.2024,2677164,1280547
101897919,10073055,191223131,Mühlentalstrasse,,8200 Schaffhausen,2939,SH,real,True,23.07.2024,2689395,1286492
101898159,10106948,191165450,Ernst Homberger-Strasse,7.2,8207 Schaffhausen,2939,SH,real,True,23.07.2024,2691666,1285848
101898605,10073055,191223170,Mühlentalstrasse,,8200 Schaffhausen,2939,SH,real,True,23.07.2024,2689427,1286468
101898632,10122646,191169210,Schulstrasse,14,8225 Siblingen,2953,SH,real,True,15.11.2024,2681125,1285648
101898893,10019801,191178610,Rütiweg,3a,8203 Schaffhausen,2939,SH,real,True,15.11.2024,2691302,1283804
101898923,10073093,191202930,Klingenstrasse,5,8260 Stein am Rhein,2964,SH,real,True,15.11.2024,2706999,1280066
101898948,10031941,191204092,Bahnhofstrasse,82.1,8215 Hallau,2971,SH,real,True,23.07.2024,2676454,1282880
101899423,10206081,191206296,Ausserdorfstrasse,20,8455 Rüdlingen,2938,SH,real,True,15.11.2024,2685235,1270769
101899634,10087045,191193670,Barzheimerstrasse,118,8241 Barzheim,2920,SH,real,True,15.11.2024,2695964,1290732
101899674,10031941,191199910,Bahnhofstrasse,72.1,8215 Hallau,2971,SH,real,True,23.07.2024,2676424,1282958
101899749,10170523,191175470,Rainweg,4,8263 Buch SH,2961,SH,real,True,15.11.2024,2700813,1286099
101899854,10117545,11526754,Finsterwaldstrasse,94,8200 Schaffhausen,2939,SH,real,True,15.11.2024,2689958,1284872
101900062,10157530,191179190,Mülibuck,4,8218 Osterfingen,2974,SH,real,True,15.11.2024,2678661,1279569
101900431,10046624,191177231,Kleinbuchbergweg,2.1,8200 Schaffhausen,2939,SH,real,True,23.07.2024,2688798,1287288
101900506,10031938,191202650,Understadt,17.1,8260 Stein am Rhein,2964,SH,real,True,23.07.2024,2706615,1279821
101901190,10032565,191343150,Hallauerstrasse,12,8226 Schleitheim,2952,SH,real,True,15.11.2024,2678028,1288922
101901191,10113209,191343152,Hofstatt,12,8226 Schleitheim,2952,SH,real,True,15.11.2024,2678198,1289149
101901475,10073055,191223190,Mühlentalstrasse,,8200 Schaffhausen,2939,SH,real,True,23.07.2024,2689444,1286421
101901616,10073046,191187753,Im Glockengut,9.1,8207 Schaffhausen,2939,SH,real,True,23.07.2024,2691136,1286020
101902534,10025693,191207261,Stimmerstrasse,32,8200 Schaffhausen,2939,SH,real,True,15.11.2024,2690849,1284322
101902544,10134235,191207372,Galgenbuckstrasse,20,8217 Wilchingen,2974,SH,real,True,15.11.2024,2676977,1281664
101902545,10134235,191207390,Galgenbuckstrasse,18,8217 Wilchingen,2974,SH,real,True,15.11.2024,2676993,1281675
101902853,10185482,191213735,Biberweg,3,8240 Thayngen,2920,SH,real,True,15.11.2024,2694984,1289708
101903208,10237818,191209291,Rebbergstrasse,63a,8240 Thayngen,2920,SH,real,True,15.11.2024,2696132,1289497
101903363,10073055,191223091,Mühlentalstrasse,,8200 Schaffhausen,2939,SH,real,True,23.07.2024,2689394,1286705
101903559,10121048,191213770,Oberbildweg,2,8240 Thayngen,2920,SH,real,True,15.11.2024,2694792,1289569
101903615,10073055,191223250,Mühlentalstrasse,,8200 Schaffhausen,2939,SH,real,True,23.07.2024,2689456,1286386
101903840,10073035,191210973,Fulachstrasse,259,8200 Schaffhausen,2939,SH,real,True,15.11.2024,2691003,1285678
101903841,10018651,191210974,Heuweg,1,8200 Schaffhausen,2939,SH,real,True,15.11.2024,2691061,1285721
101903842,10073035,191210975,Fulachstrasse,261,8200 Schaffhausen,2939,SH,real,True,15.11.2024,2691031,1285701
101903843,10086767,191210990,Klushau,4,8200 Schaffhausen,2939,SH,real,True,15.11.2024,2688275,1284736
101904075,10178321,191218652,Haslenacker,166,8232 Merishausen,2936,SH,real,True,15.11.2024,2685261,1291760
101904897,10018651,191210950,Heuweg,7,8200 Schaffhausen,2939,SH,real,True,15.11.2024,2690958,1285724
101904908,10024937,191211210,Dorfstrasse,12,8236 Büttenhardt,2914,SH,real,True,15.11.2024,2691019,1290044
101905645,10046632,191217930,Ebnatring,,8200 Schaffhausen,2939,SH,real,True,23.07.2024,2691096,1285275
101905682,10039881,191220070,Chlosterstrasse,4,8234 Stetten SH,2919,SH,real,True,15.11.2024,2691878,1288268
101908326,10085767,191343130,Flüelistrasse,20,8226 Schleitheim,2952,SH,real,True,15.11.2024,2676643,1289195
101908330,10180888,191343330,Randenstrasse,13,8226 Schleitheim,2952,SH,real,True,15.11.2024,2678776,1289358
101910086,10073103,191221500,Neunkircherstrasse,29,8215 Hallau,2971,SH,real,True,15.11.2024,2677112,1283293
101910087,10073103,191221501,Neunkircherstrasse,27,8215 Hallau,2971,SH,real,True,15.11.2024,2677087,1283275
101910377,10072971,191211196,Huebstrasse,5,8236 Büttenhardt,2914,SH,real,True,15.11.2024,2691046,1290409
101910503,10113212,482287,Grabenstrasse,19,8225 Siblingen,2953,SH,real,True,15.11.2024,2681142,1285555
101910541,10024976,191219850,Rotackerstrasse,22,8234 Stetten SH,2919,SH,real,True,15.11.2024,2691987,1288572
101911645,10025640,191219892,Staaringelackerstrasse,14,8234 Stetten SH,2919,SH,real,True,15.11.2024,2691800,1288721
101911928,10018651,191210925,Heuweg,5,8200 Schaffhausen,2939,SH,real,True,15.11.2024,2690998,1285744
101911936,10025691,191211232,Steigstrasse,26,8200 Schaffhausen,2939,SH,real,True,15.11.2024,2689458,1283517
101912553,10031603,191211431,Moskau,568,8262 Ramsen,2963,SH,real,True,15.11.2024,2703736,1285270
101912807,10073055,191223070,Mühlentalstrasse,,8200 Schaffhausen,2939,SH,real,True,23.07.2024,2689397,1286638
101912808,10073055,191223210,Mühlentalstrasse,,8200 Schaffhausen,2939,SH,real,True,23.07.2024,2689408,1286557
101913247,10073055,191223071,Mühlentalstrasse,325,8200 Schaffhausen,2939,SH,real,True,15.11.2024,2689298,1286832
101913248,10073055,191223090,Mühlentalstrasse,319,8200 Schaffhausen,2939,SH,real,True,15.11.2024,2689314,1286787
101913250,10073055,191223111,Mühlentalstrasse,,8200 Schaffhausen,2939,SH,real,True,23.07.2024,2689396,1286667
101919230,10237818,190919057,Rebbergstrasse,149,8240 Thayngen,2920,SH,real,True,15.11.2024,2696797,1289360
101919437,10019807,191226211,Schweizersbildstrasse,23,8207 Schaffhausen,2939,SH,real,True,15.11.2024,2690641,1286162
101920345,10113215,191230557,Petersburg,619,8262 Ramsen,2963,SH,real,True,15.11.2024,2703709,1284777
101923163,10085751,191227894,Thayngerstrasse,63,8207 Schaffhausen,2939,SH,real,True,15.11.2024,2691823,1287131
101923164,10085751,191227895,Thayngerstrasse,61,8207 Schaffhausen,2939,SH,real,True,15.11.2024,2691854,1287120
101923484,10085751,191227897,Thayngerstrasse,57,8207 Schaffhausen,2939,SH,real,True,15.11.2024,2691889,1287077
101923485,10085751,191227898,Thayngerstrasse,55,8207 Schaffhausen,2939,SH,real,True,15.11.2024,2691888,1287039
101923499,10073060,191228411,Rheinstrasse,,8200 Schaffhausen,2939,SH,real,True,23.07.2024,2689666,1283289
101926297,10073069,191230370,Steingutstrasse,32,8200 Schaffhausen,2939,SH,real,True,15.11.2024,2690543,1285683
101926352,10026343,191227871,Herrengasse,19,8224 Löhningen,2903,SH,real,True,15.11.2024,2683609,1283895
101927756,10086470,191231751,Bachstrasse,,8200 Schaffhausen,2939,SH,real,True,23.07.2024,2690020,1283741
101927758,10019783,191231891,Nordstrasse,108.1,8200 Schaffhausen,2939,SH,real,True,23.07.2024,2689256,1284633
101927789,10073024,191233631,Bachtelstrasse,22.1,8200 Schaffhausen,2939,SH,real,True,23.07.2024,2688647,1284809
101928414,10018657,1611723,Hohlenbaumstrasse,81,8200 Schaffhausen,2939,SH,real,True,15.11.2024,2688678,1284638
101928415,10046620,191231421,Irchelstrasse,17.1,8200 Schaffhausen,2939,SH,real,True,23.07.2024,2688640,1284663
101928431,10071978,191231997,Sonnenstrasse,618,8262 Ramsen,2963,SH,real,True,15.11.2024,2703507,1285189
101928488,10073024,191233630,Bachtelstrasse,22.2,8200 Schaffhausen,2939,SH,real,True,23.07.2024,2688629,1284826
101928489,10091230,1610042,Hauptstrasse,68,8231 Hemmental,2939,SH,real,True,15.11.2024,2686277,1287468
101942601,10086752,191542792,Plattenweg,5,8239 Dörflingen,2915,SH,real,True,15.11.2024,2696291,1285336
101951026,10019779,9012714,Mühlentalsträsschen,11,8200 Schaffhausen,2939,SH,real,True,15.11.2024,2689369,1284006
101957350,10091406,191543936,Haslacherstrasse,4,8217 Wilchingen,2974,SH,real,True,15.11.2024,2677115,1280596
101957995,10091406,191543952,Haslacherstrasse,4a,8217 Wilchingen,2974,SH,real,True,15.11.2024,2677126,1280595
101957998,10091406,191543972,Haslacherstrasse,4b,8217 Wilchingen,2974,SH,real,True,15.11.2024,2677104,1280578
101974592,10018172,475948,Hauffeld,10,8455 Rüdlingen,2938,SH,real,True,15.11.2024,2685445,1270479
101978773,10073014,475901,Haselgass,3,8455 Rüdlingen,2938,SH,real,True,15.11.2024,2685299,1270461
101983773,10031927,2714893,Köhlerweid,31,8260 Stein am Rhein,2964,SH,real,True,15.11.2024,2706048,1279171
101984927,10087039,2713375,Erlenwisenstrasse,15,8234 Stetten SH,2919,SH,real,True,15.11.2024,2691351,1287872
101985009,10019563,473757,Risibuck,107,8454 Buchberg,2933,SH,real,True,15.11.2024,2683159,1269992
101985010,10017877,474302,Rheinstrasse,56,8212 Neuhausen am Rheinfall,2937,SH,real,True,15.11.2024,2688947,1281648
101985643,10071689,482876,Bahnhofstrasse,463,8262 Ramsen,2963,SH,real,True,15.11.2024,2703567,1284934
101986435,10091108,1616432,Zwinglistrasse,31,8260 Stein am Rhein,2964,SH,real,True,15.11.2024,2706767,1280252
101986595,10091258,474564,Schaffhauserstrasse,14,8212 Neuhausen am Rheinfall,2937,SH,real,True,15.11.2024,2688629,1282076
101987432,10073103,483804,Neunkircherstrasse,11,8215 Hallau,2971,SH,real,True,15.11.2024,2677023,1283436
101987871,10027511,470942,Oberwiesweg,1,8213 Neunkirch,2904,SH,real,True,15.11.2024,2679588,1282279
101988309,10161022,2023213,Postweg,5,8214 Gächlingen,2901,SH,real,True,15.11.2024,2679715,1284246
101988600,10091406,191241491,Haslacherstrasse,3,8217 Wilchingen,2974,SH,real,True,15.11.2024,2677138,1280687
101988612,10152453,191241832,Talackerstrasse,9,8217 Wilchingen,2974,SH,real,True,15.11.2024,2677615,1280260
101989430,10148816,191243610,Hauptstrasse,88,8217 Wilchingen,2974,SH,real,True,15.11.2024,2677020,1280230
101989963,10187865,191249912,Schützenstrasse,620,8262 Ramsen,2963,SH,real,True,15.11.2024,2702616,1284963
101990158,10073623,2024664,Wallenrütistrasse,7,8234 Stetten SH,2919,SH,real,True,15.11.2024,2691407,1287809
101990159,10118141,473641,Birkenstrasse,8,8454 Buchberg,2933,SH,real,True,15.11.2024,2684269,1270015
101990850,10031824,191240850,Mühlenstrasse,18,8217 Wilchingen,2974,SH,real,True,15.11.2024,2677299,1281055
101990881,10187865,191249914,Schützenstrasse,621,8262 Ramsen,2963,SH,real,True,15.11.2024,2702634,1284964
101991945,10113212,482302,Grabenstrasse,47,8225 Siblingen,2953,SH,real,True,15.11.2024,2681226,1285679
101991946,10031499,484228,Hauptstrasse,49,8215 Hallau,2971,SH,real,True,15.11.2024,2676666,1283532
101995161,10026320,470167,Dorfstrasse,18,8214 Gächlingen,2901,SH,real,True,15.11.2024,2679590,1284132
101995575,10123291,1616138,Schwarzhorngass,4,8260 Stein am Rhein,2964,SH,real,True,15.11.2024,2706671,1279728
101995577,10118356,473695,Förlibuckstrasse,4,8454 Buchberg,2933,SH,real,True,15.11.2024,2684745,1269967
101995578,10121180,484310,Oberwiesenstrasse,45,8215 Hallau,2971,SH,real,True,15.11.2024,2676340,1284033
101995581,10113212,482316,Grabenstrasse,44,8225 Siblingen,2953,SH,real,True,15.11.2024,2681219,1285631
101995582,10031590,482526,Randenstrasse,2,8261 Hemishofen,2962,SH,real,True,15.11.2024,2705002,1281273
101995588,10017856,475236,Büchelerstrasse,9,8212 Neuhausen am Rheinfall,2937,SH,real,True,15.11.2024,2688232,1282454
101995589,10032578,481684,Schwarzwaldstrasse,12,8226 Schleitheim,2952,SH,real,True,15.11.2024,2677918,1289054
101995592,10091258,474563,Schaffhauserstrasse,12,8212 Neuhausen am Rheinfall,2937,SH,real,True,15.11.2024,2688617,1282058
101995593,10091244,475438,Badische Bahnhofstrasse,7,8212 Neuhausen am Rheinfall,2937,SH,real,True,15.11.2024,2688346,1281964
101995594,10080408,482224,Hauptstrasse,39,8225 Siblingen,2953,SH,real,True,15.11.2024,2681286,1285344
101995595,10187867,1616063,Eschenzerstrasse,1,8260 Stein am Rhein,2964,SH,real,True,15.11.2024,2706652,1279329
101995609,10106945,474989,Rosenbergstrasse,143,8212 Neuhausen am Rheinfall,2937,SH,real,True,15.11.2024,2688571,1283198
101995611,10017851,475060,Alpenstrasse,14,8212 Neuhausen am Rheinfall,2937,SH,real,True,15.11.2024,2688553,1282210
101995614,10120397,470339,Haldenweg,7,8224 Löhningen,2903,SH,real,True,15.11.2024,2683740,1284328
101995617,10026323,470206,Kirchstrasse,6,8214 Gächlingen,2901,SH,real,True,15.11.2024,2679622,1284044
101995618,10120419,475606,Töbeliweg,8,8212 Neuhausen am Rheinfall,2937,SH,real,True,15.11.2024,2687387,1281557
101995619,10026343,470508,Herrengasse,20,8224 Löhningen,2903,SH,real,True,15.11.2024,2683586,1283909
101995620,10123289,475366,Buchweg,15,8212 Neuhausen am Rheinfall,2937,SH,real,True,15.11.2024,2687603,1281318
101995621,10031922,1615920,Hanfacker,7,8260 Stein am Rhein,2964,SH,real,True,15.11.2024,2706063,1279329
101995622,10087229,1616409,Blaurockstrasse,20,8260 Stein am Rhein,2964,SH,real,True,15.11.2024,2706674,1280208
101995623,10091256,474429,Pestalozzistrasse,9,8212 Neuhausen am Rheinfall,2937,SH,real,True,15.11.2024,2688818,1281970
101995625,10025640,471813,Staaringelackerstrasse,11,8234 Stetten SH,2919,SH,real,True,15.11.2024,2691765,1288791
101995627,10058935,481483,Dorfstrasse,46,8228 Beggingen,2951,SH,real,True,15.11.2024,2682019,1291154
101995636,10073360,481909,Hebsackweg,15,8226 Schleitheim,2952,SH,real,True,15.11.2024,2678564,1289029
101995642,10018161,475213,Strassackerstrasse,3,8212 Neuhausen am Rheinfall,2937,SH,real,True,15.11.2024,2688144,1282322
101995643,10179753,2031841,Alte Zollstrasse,50,8260 Stein am Rhein,2964,SH,real,True,15.11.2024,2707751,1279793
101995644,10031617,1616020,Bruggsteg,8,8260 Stein am Rhein,2964,SH,real,True,15.11.2024,2706779,1279220
101995645,10031941,483993,Bahnhofstrasse,49,8215 Hallau,2971,SH,real,True,15.11.2024,2676502,1283124
101995655,10031941,484030,Bahnhofstrasse,69,8215 Hallau,2971,SH,real,True,15.11.2024,2676503,1282999
101995658,10107219,2032405,Selhofstrasse,20,8215 Hallau,2971,SH,real,True,15.11.2024,2676296,1283257
101995670,10178592,474843,Bohnenbergstrasse,16a,8212 Neuhausen am Rheinfall,2937,SH,planned,False,15.11.2024,2688347,1282647
101995678,10087043,471970,Tubackackerstrasse,13,8234 Stetten SH,2919,SH,real,True,15.11.2024,2691645,1288002
101995680,10111809,471671,Vorderdorf,1,8235 Lohn SH,2917,SH,real,True,15.11.2024,2692385,1290282
101995681,10031932,2032349,Rathausplatz,25,8260 Stein am Rhein,2964,SH,real,True,15.11.2024,2706689,1279766
101995692,10205628,475925,Dorfstrasse,6,8455 Rüdlingen,2938,SH,real,True,15.11.2024,2685190,1270654
101995693,10018172,475941,Hauffeld,2,8455 Rüdlingen,2938,SH,real,True,15.11.2024,2685311,1270505
101995717,10206077,475957,In jungen Eichen,1,8455 Rüdlingen,2938,SH,real,True,15.11.2024,2684419,1271160
101995718,10206070,475985,Sandgrubenhalde,4,8455 Rüdlingen,2938,SH,real,True,15.11.2024,2684869,1271460
101995719,10018171,476003,Förlibuck,1,8455 Rüdlingen,2938,SH,real,True,15.11.2024,2684663,1270309
101995720,10118358,476018,Im vorderen Chapf,2,8455 Rüdlingen,2938,SH,real,True,15.11.2024,2684889,1270260
101995721,10206070,475980,Sandgrubenhalde,11,8455 Rüdlingen,2938,SH,real,True,15.11.2024,2684851,1271483
101995722,10206072,475995,Vogelsandweg,4,8455 Rüdlingen,2938,SH,real,True,15.11.2024,2684893,1270582
101995723,10186344,476036,Im underen Chapf,2,8455 Rüdlingen,2938,SH,real,True,15.11.2024,2684949,1270279
101995724,10186344,476040,Im underen Chapf,10,8455 Rüdlingen,2938,SH,real,True,15.11.2024,2684992,1270244
101995725,10205631,2027346,Sandgrubenstrasse,10,8455 Rüdlingen,2938,SH,real,True,15.11.2024,2684863,1271352
101995726,10205627,2713038,Alte Nackerstrasse,4,8455 Rüdlingen,2938,SH,real,True,15.11.2024,2684972,1271521
101995727,10206076,2027322,Hinterdorfstrasse,20,8455 Rüdlingen,2938,SH,real,True,15.11.2024,2685235,1270200
101995728,10206081,2027393,Ausserdorfstrasse,18,8455 Rüdlingen,2938,SH,real,True,15.11.2024,2685196,1270787
101995735,10068434,9004053,Schützengasse,36,8224 Löhningen,2903,SH,real,True,15.11.2024,2683538,1284271
101995736,10068432,470376,Lättenstrasse,23,8224 Löhningen,2903,SH,real,True,15.11.2024,2683356,1284310
101995737,10068433,470411,Oberwiesen,11,8224 Löhningen,2903,SH,real,True,15.11.2024,2683375,1284249
101995738,10120397,470307,Haldenweg,22,8224 Löhningen,2903,SH,real,True,15.11.2024,2683946,1284185
101995739,10068432,470369,Lättenstrasse,15,8224 Löhningen,2903,SH,real,True,15.11.2024,2683464,1284296
101995740,10120397,470338,Haldenweg,5,8224 Löhningen,2903,SH,real,True,15.11.2024,2683716,1284327
101995741,10026339,470558,Bühlweg,13,8224 Löhningen,2903,SH,real,True,15.11.2024,2683466,1283678
101995742,10120397,3122031,Haldenweg,12d,8224 Löhningen,2903,SH,real,True,15.11.2024,2683812,1284284
101995743,10068429,470460,Goldackerweg,17,8224 Löhningen,2903,SH,real,True,15.11.2024,2683486,1283776
101995744,10026340,190081448,Chriesiweg,5,8224 Löhningen,2903,SH,real,True,15.11.2024,2683807,1284168
101995745,10120398,2023681,Gigering,4,8213 Neunkirch,2904,SH,real,True,15.11.2024,2679001,1282446
101995746,10111804,470703,Hallauerstrasse,36,8213 Neunkirch,2904,SH,real,True,15.11.2024,2679096,1282878
101995747,10118137,470829,Bahnhofstrasse,2,8213 Neunkirch,2904,SH,real,True,15.11.2024,2679294,1282661
101995748,10027508,470770,Löhningerstrasse,12,8213 Neunkirch,2904,SH,real,True,15.11.2024,2680194,1282771
101995749,10072963,470773,Weierbuckstrasse,16,8213 Neunkirch,2904,SH,real,True,15.11.2024,2680162,1282855
101995750,10091181,470764,Schaffhauserstrasse,15,8213 Neunkirch,2904,SH,real,True,15.11.2024,2679937,1282752
101995764,10091240,474196,Rietstrasse,18,8232 Merishausen,2936,SH,real,True,15.11.2024,2687767,1290328
101995765,10178589,474111,Mühlgasse,1,8232 Merishausen,2936,SH,real,True,15.11.2024,2687716,1290901
101995766,10091237,474152,Hohlgasse,14,8232 Merishausen,2936,SH,real,True,15.11.2024,2687596,1290776
101995776,10048893,470108,Schulstrasse,16,8214 Gächlingen,2901,SH,real,True,15.11.2024,2679423,1284150
101995777,10026320,470166,Dorfstrasse,22,8214 Gächlingen,2901,SH,real,True,15.11.2024,2679611,1284145
101995806,10018160,475730,Schützenstrasse,37,8212 Neuhausen am Rheinfall,2937,SH,real,True,15.11.2024,2687406,1281572
101995807,10178594,475685,Irchelstrasse,2,8212 Neuhausen am Rheinfall,2937,SH,real,True,15.11.2024,2687604,1281640
101995808,10017867,475672,Hofstettenstrasse,21,8212 Neuhausen am Rheinfall,2937,SH,real,True,15.11.2024,2687406,1281794
101996211,10091108,1616386,Zwinglistrasse,9,8260 Stein am Rhein,2964,SH,real,True,15.11.2024,2706991,1280254
101996213,10017877,474351,Rheinstrasse,75,8212 Neuhausen am Rheinfall,2937,SH,real,True,15.11.2024,2689001,1281785
101996214,10031926,1616262,Im Boll,18,8260 Stein am Rhein,2964,SH,real,True,15.11.2024,2707259,1279814
101996215,10031926,1616264,Im Boll,22,8260 Stein am Rhein,2964,SH,real,True,15.11.2024,2707228,1279796
101996216,10031945,484252,Fernsichtstrasse,14,8215 Hallau,2971,SH,real,True,15.11.2024,2676214,1283581
101996219,10074400,475839,Hardstrasse,17,8212 Neuhausen am Rheinfall,2937,SH,real,True,15.11.2024,2687891,1282115
101996244,10187869,484125,Küferstrasse,39,8215 Hallau,2971,SH,real,True,15.11.2024,2675939,1283090
101996245,10017875,474543,Poststrasse,33,8212 Neuhausen am Rheinfall,2937,SH,real,True,15.11.2024,2688649,1281964
101996249,10091242,474218,Täuferweg,11,8232 Merishausen,2936,SH,real,True,15.11.2024,2687614,1290157
101996255,10019582,474068,Hinterburg,15,8232 Merishausen,2936,SH,real,True,15.11.2024,2687906,1290557
101996256,10018160,475727,Schützenstrasse,31,8212 Neuhausen am Rheinfall,2937,SH,real,True,15.11.2024,2687436,1281579
101996260,10019580,474192,Brunngasse,3,8232 Merishausen,2936,SH,real,True,15.11.2024,2687778,1290516
101996261,10135010,474107,Im Hofacker,4,8232 Merishausen,2936,SH,real,True,15.11.2024,2687593,1290945
101996262,10187861,481850,Schaffhauserstrasse,17,8226 Schleitheim,2952,SH,real,True,15.11.2024,2678094,1288734
101996267,10091256,474418,Pestalozzistrasse,12,8212 Neuhausen am Rheinfall,2937,SH,real,True,15.11.2024,2688826,1281914
101996270,10027504,470644,Grabenstrasse,13,8213 Neunkirch,2904,SH,real,True,15.11.2024,2679532,1282609
101996271,10104921,471905,Staanackerstrasse,22,8234 Stetten SH,2919,SH,real,True,15.11.2024,2691522,1288184
101996273,10091256,474357,Pestalozzistrasse,40,8212 Neuhausen am Rheinfall,2937,SH,real,True,15.11.2024,2689007,1281824
101996274,10132131,474942,Buchenstrasse,43,8212 Neuhausen am Rheinfall,2937,SH,real,True,15.11.2024,2688510,1283253
101996275,10032574,481726,Poststrasse,22,8226 Schleitheim,2952,SH,real,True,15.11.2024,2678388,1289281
101996276,10179753,1616300,Alte Zollstrasse,2,8260 Stein am Rhein,2964,SH,real,True,15.11.2024,2707369,1279702
101996284,10017871,3122064,Löwensteinstrasse,3,8212 Neuhausen am Rheinfall,2937,SH,real,True,15.11.2024,2688803,1283298
101996286,10026345,470382,Lättenstieg,1,8224 Löhningen,2903,SH,real,True,15.11.2024,2683276,1284395
101996289,10072986,471947,Braatistrasse,29,8234 Stetten SH,2919,SH,real,True,15.11.2024,2691489,1287964
101996290,10110819,1615876,Espiweg,3,8260 Stein am Rhein,2964,SH,real,True,15.11.2024,2706629,1279504
101996292,10068432,470407,Lättenstrasse,29,8224 Löhningen,2903,SH,real,True,15.11.2024,2683274,1284334
101996293,10118137,470828,Bahnhofstrasse,1,8213 Neunkirch,2904,SH,real,True,15.11.2024,2679423,1282612
101996294,10117539,471663,Im Winkel,8,8235 Lohn SH,2917,SH,real,True,15.11.2024,2692449,1290301
101996296,10091238,474053,Kesslergasse,3,8232 Merishausen,2936,SH,real,True,15.11.2024,2687872,1290442
101996297,10186930,474342,Victor-von-Bruns-Strasse,8,8212 Neuhausen am Rheinfall,2937,SH,real,True,15.11.2024,2689025,1281724
101996299,10091261,475005,Trubegüetliweg,10,8212 Neuhausen am Rheinfall,2937,SH,real,True,15.11.2024,2688673,1283297
101996301,10091254,475181,Lerchenstrasse,18,8212 Neuhausen am Rheinfall,2937,SH,real,True,15.11.2024,2688190,1282256
101996302,10017860,475275,Engestrasse,54,8212 Neuhausen am Rheinfall,2937,SH,real,True,15.11.2024,2688095,1282533
101996303,10018159,475315,Schöneggstrasse,28,8212 Neuhausen am Rheinfall,2937,SH,real,True,15.11.2024,2688422,1282573
101996304,10017869,475579,Langrietstrasse,110,8212 Neuhausen am Rheinfall,2937,SH,real,True,15.11.2024,2686136,1280792
101996306,10032562,481748,Gass,6,8226 Schleitheim,2952,SH,real,True,15.11.2024,2678583,1289461
101996307,10031568,481812,Winkel,6,8226 Schleitheim,2952,SH,real,True,15.11.2024,2678834,1289643
101996309,10179737,481880,Adlerstrasse,32,8226 Schleitheim,2952,SH,real,True,15.11.2024,2678341,1289200
101996312,10179746,482423,Rosengartenstrasse,6,8263 Buch SH,2961,SH,real,True,15.11.2024,2700814,1285922
101996313,10019559,3075229,Erlistrasse,23,8454 Buchberg,2933,SH,real,True,15.11.2024,2684436,1269852
101996314,10149929,484924,Trasadingerstrasse,5,8217 Wilchingen,2974,SH,real,True,15.11.2024,2677114,1281415
101996342,10031938,1616127,Understadt,9,8260 Stein am Rhein,2964,SH,real,True,15.11.2024,2706655,1279812
101996350,10048891,470212,Mülistrasse,8,8214 Gächlingen,2901,SH,real,True,15.11.2024,2679980,1284211
101996351,10046611,474341,Wüscherstrasse,28,8212 Neuhausen am Rheinfall,2937,SH,real,True,15.11.2024,2688889,1281761
101996355,10091240,2715933,Rietstrasse,22,8232 Merishausen,2936,SH,real,True,15.11.2024,2687781,1290270
101996357,10090057,1615947,Kaltenbacherstrasse,16,8260 Stein am Rhein,2964,SH,real,True,15.11.2024,2706433,1279214
101996358,10073104,484240,Schulgasse,14,8215 Hallau,2971,SH,real,True,15.11.2024,2676684,1283588
101996367,10205628,2712233,Dorfstrasse,9,8455 Rüdlingen,2938,SH,real,True,15.11.2024,2685174,1270731
101996392,10206070,475986,Sandgrubenhalde,6,8455 Rüdlingen,2938,SH,real,True,15.11.2024,2684870,1271480
101996393,10091242,474214,Täuferweg,12,8232 Merishausen,2936,SH,real,True,15.11.2024,2687662,1290228
101996394,10091242,474213,Täuferweg,7,8232 Merishausen,2936,SH,real,True,15.11.2024,2687666,1290194
101996395,10120416,474179,Kerrstrasse,3,8232 Merishausen,2936,SH,real,True,15.11.2024,2687836,1290194
101996396,10091238,474038,Kesslergasse,8,8232 Merishausen,2936,SH,real,True,15.11.2024,2687937,1290422
101996397,10108015,474056,Hauptstrasse,46,8232 Merishausen,2936,SH,real,True,15.11.2024,2687832,1290487
101996398,10108015,474103,Hauptstrasse,78,8232 Merishausen,2936,SH,real,True,15.11.2024,2687761,1290727
101996399,10019579,474040,Bodenwiesenweg,6,8232 Merishausen,2936,SH,real,True,15.11.2024,2687931,1290336
101996400,10019581,2026357,Durachstrasse,11,8232 Merishausen,2936,SH,real,True,15.11.2024,2687984,1290289
101996401,10091238,474054,Kesslergasse,1,8232 Merishausen,2936,SH,real,True,15.11.2024,2687841,1290442
101996402,10019582,474070,Hinterburg,11,8232 Merishausen,2936,SH,real,True,15.11.2024,2687890,1290554
101996403,10108015,474186,Hauptstrasse,23,8232 Merishausen,2936,SH,real,True,15.11.2024,2687825,1290302
101996489,10017867,475662,Hofstettenstrasse,16,8212 Neuhausen am Rheinfall,2937,SH,real,True,15.11.2024,2687462,1281756
101996490,10106945,474747,Rosenbergstrasse,62,8212 Neuhausen am Rheinfall,2937,SH,real,True,15.11.2024,2688530,1282591
101996491,10106945,474753,Rosenbergstrasse,78,8212 Neuhausen am Rheinfall,2937,SH,real,True,15.11.2024,2688520,1282684
101996492,10091247,474761,Charlottenweg,31,8212 Neuhausen am Rheinfall,2937,SH,real,True,15.11.2024,2688620,1282692
101996493,10017873,474725,Mittelstrasse,3,8212 Neuhausen am Rheinfall,2937,SH,real,True,15.11.2024,2688535,1282561
101996863,10031516,484523,Bettenstrasse,16,8219 Trasadingen,2973,SH,real,True,15.11.2024,2674781,1279804
101996889,10106945,475145,Rosenbergstrasse,13,8212 Neuhausen am Rheinfall,2937,SH,real,True,15.11.2024,2688250,1282187
101996891,10187872,484438,Chilstig,15,8219 Trasadingen,2973,SH,real,True,15.11.2024,2674363,1279919
101996896,10031932,1616133,Rathausplatz,29,8260 Stein am Rhein,2964,SH,real,True,15.11.2024,2706684,1279778
101996897,10017860,475192,Engestrasse,23,8212 Neuhausen am Rheinfall,2937,SH,real,True,15.11.2024,2688209,1282293
101996901,10017879,2027289,Rundbuckstrasse,4,8212 Neuhausen am Rheinfall,2937,SH,real,True,15.11.2024,2687557,1281167
101996904,10132131,474978,Buchenstrasse,88,8212 Neuhausen am Rheinfall,2937,SH,real,True,15.11.2024,2688551,1283352
101996918,10186333,470807,Stiegring,10,8213 Neunkirch,2904,SH,real,True,15.11.2024,2679212,1282286
101996919,10024970,471835,Dorfstrasse,2,8234 Stetten SH,2919,SH,real,True,15.11.2024,2691830,1288472
101996920,10091237,474157,Hohlgasse,13,8232 Merishausen,2936,SH,real,True,15.11.2024,2687598,1290738
101996921,10074396,475361,Brunnenwiesenstrasse,51,8212 Neuhausen am Rheinfall,2937,SH,real,True,15.11.2024,2687554,1281419
101996922,10113212,482313,Grabenstrasse,50,8225 Siblingen,2953,SH,real,True,15.11.2024,2681254,1285690
101996923,10031939,1615893,Wagenhauserstrasse,1,8260 Stein am Rhein,2964,SH,real,True,15.11.2024,2706597,1279336
101996928,10122554,475068,Zelgstrasse,12,8212 Neuhausen am Rheinfall,2937,SH,real,True,15.11.2024,2688499,1282101
101996934,10120400,471039,Trottenweg,33,8218 Osterfingen,2974,SH,real,True,15.11.2024,2678622,1279777
101996937,10074396,475360,Brunnenwiesenstrasse,49,8212 Neuhausen am Rheinfall,2937,SH,real,True,15.11.2024,2687581,1281392
101996938,10149928,484694,Haartelstrasse,26,8217 Wilchingen,2974,SH,real,True,15.11.2024,2677777,1280124
101996939,10017857,475555,Chlaffentalstrasse,16,8212 Neuhausen am Rheinfall,2937,SH,real,True,15.11.2024,2687039,1281226
101996941,10031945,484251,Fernsichtstrasse,13,8215 Hallau,2971,SH,real,True,15.11.2024,2676235,1283570
101996946,10206068,475864,Im Hinterhöfli,10,8455 Rüdlingen,2938,SH,real,True,15.11.2024,2685296,1270133
101996954,10031941,484025,Bahnhofstrasse,97,8215 Hallau,2971,SH,real,True,15.11.2024,2676574,1282763
101996955,10091171,470291,Rössligasse,28,8224 Löhningen,2903,SH,real,True,15.11.2024,2683655,1284178
101996961,10128947,470920,Hinder Nüchilch,22,8213 Neunkirch,2904,SH,real,True,15.11.2024,2679698,1282063
101996962,10031926,2031826,Im Boll,2,8260 Stein am Rhein,2964,SH,real,True,15.11.2024,2707392,1279849
101996963,10090058,1616398,Mühlenstrasse,16,8260 Stein am Rhein,2964,SH,real,True,15.11.2024,2706963,1279966
101996979,10031929,1616544,Niderfeldstrasse,22,8260 Stein am Rhein,2964,SH,real,True,15.11.2024,2705856,1280396
101996980,10178316,473640,Birkenweg,2,8454 Buchberg,2933,SH,real,True,15.11.2024,2684298,1270028
101997243,10091254,475180,Lerchenstrasse,16,8212 Neuhausen am Rheinfall,2937,SH,real,True,15.11.2024,2688179,1282255
101997597,10086468,191245510,Ampelngasse,5,8200 Schaffhausen,2939,SH,real,True,15.11.2024,2689982,1283563
101997665,10103236,484671,Mettlenstrasse,19,8217 Wilchingen,2974,SH,real,True,15.11.2024,2677227,1280030
101997669,10179758,1616139,Undergass,4,8260 Stein am Rhein,2964,SH,real,True,15.11.2024,2706641,1279730
101997670,10026320,470168,Dorfstrasse,16,8214 Gächlingen,2901,SH,real,True,15.11.2024,2679571,1284119
101997671,10186928,470683,Mühlengasse,30,8213 Neunkirch,2904,SH,real,True,15.11.2024,2679532,1282748
101997672,10091178,470570,Hintergasse,17,8213 Neunkirch,2904,SH,real,True,15.11.2024,2679671,1282687
101997674,10104920,3145186,Im Landguet,4,8234 Stetten SH,2919,SH,real,True,15.11.2024,2691455,1288087
101997675,10018166,474481,Zentralstrasse,116,8212 Neuhausen am Rheinfall,2937,SH,real,True,15.11.2024,2688879,1282260
101997676,10017861,474696,Feldeggstrasse,4,8212 Neuhausen am Rheinfall,2937,SH,real,True,15.11.2024,2688564,1282470
101997677,10106945,474931,Rosenbergstrasse,123,8212 Neuhausen am Rheinfall,2937,SH,real,True,15.11.2024,2688520,1283077
101997678,10046609,475255,Sonnenbergstrasse,17,8212 Neuhausen am Rheinfall,2937,SH,real,True,15.11.2024,2688152,1282505
101997679,10180888,481944,Randenstrasse,47,8226 Schleitheim,2952,SH,real,True,15.11.2024,2678994,1289622
101997680,10073361,481769,Hofwiesen,7,8226 Schleitheim,2952,SH,real,True,15.11.2024,2678638,1289465
101997681,10031923,1616508,Hemishoferstrasse,66,8260 Stein am Rhein,2964,SH,real,True,15.11.2024,2706063,1280237
101997682,10129037,483776,Hammerwinkel,3,8215 Hallau,2971,SH,real,True,15.11.2024,2676832,1283545
101997683,10091401,484490,Rütihof,1,8219 Trasadingen,2973,SH,real,True,15.11.2024,2673187,1280169
101998152,10086490,191252910,Grubenstrasse,25.1,8200 Schaffhausen,2939,SH,real,True,23.07.2024,2690274,1284220
101998386,10031517,484552,Dorfstrasse,19,8219 Trasadingen,2973,SH,real,True,15.11.2024,2674492,1280223
101998558,10147321,191247772,Ifangweg,9,8219 Trasadingen,2973,SH,real,True,15.11.2024,2674188,1280192
101999058,10108015,191005395,Hauptstrasse,13b,8232 Merishausen,2936,SH,real,True,15.11.2024,2687869,1290217
101999059,10108015,191005395,Hauptstrasse,13c,8232 Merishausen,2936,SH,real,True,15.11.2024,2687864,1290221
101999071,10046610,475769,Säntisweg,9,8212 Neuhausen am Rheinfall,2937,SH,real,True,15.11.2024,2687801,1281987
101999083,10031508,484108,Schmalzgasse,16,8215 Hallau,2971,SH,real,True,15.11.2024,2676394,1283223
101999094,10091260,475833,Stümplerweg,3,8212 Neuhausen am Rheinfall,2937,SH,real,True,15.11.2024,2687919,1282218
101999096,10165180,473768,Gupfenweg,3,8454 Buchberg,2933,SH,real,True,15.11.2024,2684200,1269633
101999097,10071685,482433,Dorfstrasse,11,8263 Buch SH,2961,SH,real,True,15.11.2024,2700843,1285977
101999099,10091108,1616391,Zwinglistrasse,21,8260 Stein am Rhein,2964,SH,real,True,15.11.2024,2706889,1280243
101999106,10071686,482543,Dorfstrasse,2,8261 Hemishofen,2962,SH,real,True,15.11.2024,2704613,1281607
101999112,10091108,1616393,Zwinglistrasse,25,8260 Stein am Rhein,2964,SH,real,True,15.11.2024,2706855,1280247
101999113,10117741,1616296,Oehningerstrasse,28,8260 Stein am Rhein,2964,SH,real,True,15.11.2024,2707355,1279599
101999121,10091247,474664,Charlottenweg,21,8212 Neuhausen am Rheinfall,2937,SH,real,True,15.11.2024,2688709,1282678
101999122,10073080,481585,Oberdorf,13,8228 Beggingen,2951,SH,real,True,15.11.2024,2682555,1291215
101999123,10031919,1615973,Degerfelderweg,20,8260 Stein am Rhein,2964,SH,real,True,15.11.2024,2706176,1279224
101999294,10120416,474177,Kerrstrasse,4,8232 Merishausen,2936,SH,real,True,15.11.2024,2687762,1290204
101999295,10192059,474130,Im Hof,3,8232 Merishausen,2936,SH,real,True,15.11.2024,2687789,1290545
101999296,10108015,474137,Hauptstrasse,57,8232 Merishausen,2936,SH,real,True,15.11.2024,2687734,1290709
101999297,10091240,474194,Rietstrasse,10,8232 Merishausen,2936,SH,real,True,15.11.2024,2687762,1290447
101999298,10019584,474203,Kirchackerstrasse,15,8232 Merishausen,2936,SH,real,True,15.11.2024,2687722,1290384
101999299,10074393,474159,Kirchgasse,4,8232 Merishausen,2936,SH,real,True,15.11.2024,2687698,1290729
101999300,10091239,474124,Ledergasse,11,8232 Merishausen,2936,SH,real,True,15.11.2024,2687609,1290852
101999301,10178589,474113,Mühlgasse,9,8232 Merishausen,2936,SH,real,True,15.11.2024,2687800,1290928
101999302,10091237,474153,Hohlgasse,16,8232 Merishausen,2936,SH,real,True,15.11.2024,2687595,1290797
101999303,10091239,474117,Ledergasse,18,8232 Merishausen,2936,SH,real,True,15.11.2024,2687649,1290907
101999305,10031939,1615837,Wagenhauserstrasse,27,8260 Stein am Rhein,2964,SH,real,True,15.11.2024,2706327,1279473
101999306,10031922,1615933,Hanfacker,17,8260 Stein am Rhein,2964,SH,real,True,15.11.2024,2706040,1279304
101999307,10031922,1615923,Hanfacker,26,8260 Stein am Rhein,2964,SH,real,True,15.11.2024,2706029,1279271
101999308,10031917,1615976,Chrüzerwis,17,8260 Stein am Rhein,2964,SH,real,True,15.11.2024,2706147,1279246
101999309,10031919,1615962,Degerfelderweg,7,8260 Stein am Rhein,2964,SH,real,True,15.11.2024,2706238,1279216
101999310,10031940,1615953,Zum Nägelisee,2,8260 Stein am Rhein,2964,SH,real,True,15.11.2024,2706284,1279211
101999311,10031927,1615909,Köhlerweid,14,8260 Stein am Rhein,2964,SH,real,True,15.11.2024,2705992,1279242
101999312,10031927,2714896,Köhlerweid,34,8260 Stein am Rhein,2964,SH,real,True,15.11.2024,2706059,1279196
101999747,10113209,481675,Hofstatt,11,8226 Schleitheim,2952,SH,real,True,15.11.2024,2678156,1289109
101999765,10046610,475768,Säntisweg,8,8212 Neuhausen am Rheinfall,2937,SH,real,True,15.11.2024,2687832,1281994
101999769,10031930,1616227,Obergass,21,8260 Stein am Rhein,2964,SH,real,True,15.11.2024,2706761,1279801
101999772,10017867,475673,Hofstettenstrasse,26,8212 Neuhausen am Rheinfall,2937,SH,real,True,15.11.2024,2687396,1281825
101999773,10031523,484504,Zollstrasse,30,8219 Trasadingen,2973,SH,real,True,15.11.2024,2674681,1279628
101999784,10148816,484607,Hauptstrasse,43,8217 Wilchingen,2974,SH,real,True,15.11.2024,2677278,1280151
101999788,10017868,475204,Klettgauerstrasse,47,8212 Neuhausen am Rheinfall,2937,SH,real,True,15.11.2024,2688065,1282175
101999791,10086464,475886,Schuelgässli,1,8455 Rüdlingen,2938,SH,real,True,15.11.2024,2685253,1270309
101999798,10068434,470418,Schützengasse,17,8224 Löhningen,2903,SH,real,True,15.11.2024,2683536,1284050
101999806,10091173,470546,Strasshalden,28,8224 Löhningen,2903,SH,real,True,15.11.2024,2684251,1283951
101999808,10108015,474097,Hauptstrasse,117,8232 Merishausen,2936,SH,real,True,15.11.2024,2687727,1291135
101999810,10178593,474381,Flurlingerweg,20,8212 Neuhausen am Rheinfall,2937,SH,real,True,15.11.2024,2689158,1281785
101999811,10091258,474600,Schaffhauserstrasse,28,8212 Neuhausen am Rheinfall,2937,SH,real,True,15.11.2024,2688713,1282205
101999813,10190666,483990,Konservenstrasse,6,8215 Hallau,2971,SH,real,True,15.11.2024,2676548,1283036
101999814,10148816,484738,Hauptstrasse,6,8217 Wilchingen,2974,SH,real,False,15.11.2024,2677497,1280173
101999951,10031570,482349,Breitestrasse,29,8225 Siblingen,2953,SH,real,True,15.11.2024,2681531,1285453
101999955,10103229,481694,Tüüffegass,1,8226 Schleitheim,2952,SH,real,True,15.11.2024,2678449,1289378
101999959,10090057,1615948,Kaltenbacherstrasse,22a,8260 Stein am Rhein,2964,SH,real,True,15.11.2024,2706386,1279195
101999960,10031927,2714888,Köhlerweid,26,8260 Stein am Rhein,2964,SH,real,True,15.11.2024,2705970,1279188
101999961,10031927,2031835,Köhlerweid,10,8260 Stein am Rhein,2964,SH,real,True,15.11.2024,2706023,1279204
101999975,10106941,470902,Oberwiesstrasse,1,8213 Neunkirch,2904,SH,real,True,15.11.2024,2679492,1282375
101999976,10027513,470960,Schützenmauer,8,8213 Neunkirch,2904,SH,real,True,15.11.2024,2679741,1282407
101999977,10068437,2023566,Muzellstrasse,20,8213 Neunkirch,2904,SH,real,True,15.11.2024,2679901,1282312
101999978,10027516,470974,Taufgarten,53,8213 Neunkirch,2904,SH,real,True,15.11.2024,2680005,1282016
101999979,10106941,470966,Oberwiesstrasse,25,8213 Neunkirch,2904,SH,real,True,15.11.2024,2679823,1282169
101999980,10128947,470927,Hinder Nüchilch,19,8213 Neunkirch,2904,SH,real,True,15.11.2024,2679846,1282052
102000121,10072961,470686,Sidehof,2,8213 Neunkirch,2904,SH,real,True,15.11.2024,2679521,1282687
102000444,10091406,484898,Haslacherstrasse,31,8217 Wilchingen,2974,SH,real,True,15.11.2024,2677628,1280739
102000452,10024958,471625,Dettenwies,16,8235 Lohn SH,2917,SH,real,True,15.11.2024,2692167,1289910
102000453,10046611,474340,Wüscherstrasse,32,8212 Neuhausen am Rheinfall,2937,SH,real,True,15.11.2024,2688904,1281779
102000454,10178592,474826,Bohnenbergstrasse,4,8212 Neuhausen am Rheinfall,2937,SH,real,True,15.11.2024,2688386,1282772
102000456,10068431,470496,Kloster,4,8224 Löhningen,2903,SH,real,True,15.11.2024,2683645,1283798
102000457,10186333,470810,Stiegring,2,8213 Neunkirch,2904,SH,real,True,15.11.2024,2679294,1282295
102000458,10024970,471862,Dorfstrasse,9,8234 Stetten SH,2919,SH,real,True,15.11.2024,2691723,1288396
102000459,10087062,472919,Am Bohl,2,8233 Bargen SH,2931,SH,real,True,15.11.2024,2687714,1294122
102000460,10161512,473822,Hohlegasse,25,8454 Buchberg,2933,SH,real,True,15.11.2024,2684534,1269425
102000461,10018166,474470,Zentralstrasse,80,8212 Neuhausen am Rheinfall,2937,SH,real,True,15.11.2024,2688808,1282066
102000462,10108020,474678,Zubastrasse,31,8212 Neuhausen am Rheinfall,2937,SH,real,True,15.11.2024,2688682,1282520
102000463,10017860,475326,Engestrasse,2,8212 Neuhausen am Rheinfall,2937,SH,real,True,15.11.2024,2688437,1282302
102000464,10074396,475403,Brunnenwiesenstrasse,25,8212 Neuhausen am Rheinfall,2937,SH,real,True,15.11.2024,2687823,1281700
102000465,10018160,475642,Schützenstrasse,66,8212 Neuhausen am Rheinfall,2937,SH,real,True,15.11.2024,2687271,1281641
102000468,10190665,1616537,Stammerstrasse,11,8260 Stein am Rhein,2964,SH,real,True,15.11.2024,2705955,1280380
102000469,10113219,1616248,Landhusweg,15,8260 Stein am Rhein,2964,SH,real,True,15.11.2024,2707444,1279802
102000470,10031938,1616174,Understadt,12,8260 Stein am Rhein,2964,SH,real,True,15.11.2024,2706659,1279826
102000472,10091254,475173,Lerchenstrasse,2,8212 Neuhausen am Rheinfall,2937,SH,real,True,15.11.2024,2688138,1282239
102000473,10032568,481626,Hölderlistrasse,14,8226 Schleitheim,2952,SH,real,True,15.11.2024,2677830,1289113
102000475,10085765,481872,Bahnhofstrasse,3,8226 Schleitheim,2952,SH,real,True,15.11.2024,2678246,1289108
102000476,10113209,481713,Hofstatt,8,8226 Schleitheim,2952,SH,real,True,15.11.2024,2678221,1289156
102000479,10187860,481759,Espiligarten,2,8226 Schleitheim,2952,SH,real,True,15.11.2024,2678431,1289640
102000489,10108015,474143,Hauptstrasse,77,8232 Merishausen,2936,SH,real,True,15.11.2024,2687708,1290859
102000500,10017864,474451,Gartenstrasse,6,8212 Neuhausen am Rheinfall,2937,SH,real,True,15.11.2024,2688964,1281906
102000506,10019564,473811,Sandackerstrasse,5,8454 Buchberg,2933,SH,real,True,15.11.2024,2684657,1269548
102000604,10180892,1616057,Römerweg,1,8260 Stein am Rhein,2964,SH,real,True,15.11.2024,2706694,1279302
102000612,10118350,2023029,Chapfstrasse,6,8214 Gächlingen,2901,SH,real,True,15.11.2024,2679743,1284614
102000613,10068431,470551,Kloster,14,8224 Löhningen,2903,SH,real,True,15.11.2024,2683607,1283750
102000614,10091185,470648,Wettigraben,34,8213 Neunkirch,2904,SH,real,True,15.11.2024,2679550,1282653
102000616,10178591,474609,Arthur-Moser-Strasse,13,8212 Neuhausen am Rheinfall,2937,SH,real,True,15.11.2024,2688733,1282187
102000617,10091251,475773,Glärnischstrasse,1,8212 Neuhausen am Rheinfall,2937,SH,real,True,15.11.2024,2687788,1281932
102000618,10058935,481565,Dorfstrasse,9,8228 Beggingen,2951,SH,real,True,15.11.2024,2682255,1291240
102000619,10187863,482483,Steinerstrasse,1,8263 Buch SH,2961,SH,real,True,15.11.2024,2701128,1287048
102000620,10091108,2031833,Zwinglistrasse,19,8260 Stein am Rhein,2964,SH,real,True,15.11.2024,2706913,1280219
102000621,10073103,483800,Neunkircherstrasse,1,8215 Hallau,2971,SH,real,True,15.11.2024,2677019,1283495
102000661,10031922,1615928,Hanfacker,10,8260 Stein am Rhein,2964,SH,real,True,15.11.2024,2706057,1279359
102000662,10031922,1615924,Hanfacker,30,8260 Stein am Rhein,2964,SH,real,True,15.11.2024,2706067,1279249
102000663,10031919,1615960,Degerfelderweg,11,8260 Stein am Rhein,2964,SH,real,True,15.11.2024,2706223,1279212
102000791,10091171,470478,Rössligasse,21,8224 Löhningen,2903,SH,real,True,15.11.2024,2683622,1284094
102000792,10178594,475698,Irchelstrasse,15,8212 Neuhausen am Rheinfall,2937,SH,real,True,15.11.2024,2687583,1281590
102001119,10046612,475751,Zollstrasse,48,8212 Neuhausen am Rheinfall,2937,SH,real,True,15.11.2024,2687749,1281799
102001120,10017874,475823,Neubergstrasse,6,8212 Neuhausen am Rheinfall,2937,SH,real,True,15.11.2024,2687939,1282105
102001121,10206075,475970,Gmeindäckerstrasse,1,8455 Rüdlingen,2938,SH,real,True,15.11.2024,2684513,1270959
102001122,10190663,481661,Under em Tobel,3,8226 Schleitheim,2952,SH,real,True,15.11.2024,2678196,1289370
102001123,10032557,481707,Bolstiig,48,8226 Schleitheim,2952,SH,real,True,15.11.2024,2678274,1289447
102001124,10085772,481801,Obere Espilibuck,9,8226 Schleitheim,2952,SH,real,True,15.11.2024,2678545,1289780
102001125,10103231,482456,Unterdorfstrasse,3,8263 Buch SH,2961,SH,real,True,15.11.2024,2700922,1286125
102001126,10128229,482485,Rauhenbergstrasse,4,8263 Buch SH,2961,SH,real,True,15.11.2024,2700990,1287061
102001127,10087216,3145202,Stigele,3,8261 Hemishofen,2962,SH,real,True,15.11.2024,2704660,1281520
102001128,10031939,1615845,Wagenhauserstrasse,42,8260 Stein am Rhein,2964,SH,real,True,15.11.2024,2706259,1279558
102001129,10179758,1616159,Undergass,22,8260 Stein am Rhein,2964,SH,real,True,15.11.2024,2706579,1279810
102001130,10091392,483937,Schöneckstrasse,4,8215 Hallau,2971,SH,real,True,15.11.2024,2676597,1283464
102001131,10031499,484098,Hauptstrasse,6,8215 Hallau,2971,SH,real,True,15.11.2024,2676488,1283396
102001135,10087229,1616415,Blaurockstrasse,32,8260 Stein am Rhein,2964,SH,real,True,15.11.2024,2706524,1280252
102001136,10031924,1616511,Hoppihohstrasse,6,8260 Stein am Rhein,2964,SH,real,True,15.11.2024,2706063,1280274
102001137,10031499,483793,Hauptstrasse,113,8215 Hallau,2971,SH,real,True,15.11.2024,2676963,1283559
102001138,10091394,484085,Wunderklingerstrasse,51,8215 Hallau,2971,SH,real,True,15.11.2024,2676175,1283347
102001139,10046638,484305,Rosenstrasse,14,8215 Hallau,2971,SH,real,True,15.11.2024,2676495,1283942
102001140,10162276,484369,Mitteldorfstrasse,5,8216 Oberhallau,2972,SH,real,True,15.11.2024,2678042,1284405
102001141,10073111,484473,Wassergass,1,8219 Trasadingen,2973,SH,real,True,15.11.2024,2674298,1280320
102001160,10091178,470650,Hintergasse,35,8213 Neunkirch,2904,SH,real,True,15.11.2024,2679559,1282674
102001161,10027508,470776,Löhningerstrasse,6,8213 Neunkirch,2904,SH,real,True,15.11.2024,2680087,1282750
102001162,10091176,470894,Grosser Letten,7,8213 Neunkirch,2904,SH,real,True,15.11.2024,2679534,1282424
102001163,10086757,471626,Im Rietacker,2,8235 Lohn SH,2917,SH,real,True,15.11.2024,2692218,1289945
102001164,10024970,471859,Dorfstrasse,15,8234 Stetten SH,2919,SH,real,True,15.11.2024,2691690,1288344
102001165,10073634,472896,Schulstrasse,2,8233 Bargen SH,2931,SH,real,True,15.11.2024,2687885,1294240
102001166,10019562,473826,Murkatstrasse,39,8454 Buchberg,2933,SH,real,True,15.11.2024,2684554,1269363
102001167,10085770,3075248,Lendenbergstiig,1,8226 Schleitheim,2952,SH,real,True,15.11.2024,2677764,1289139
102001168,10018162,474906,Tannenstrasse,5,8212 Neuhausen am Rheinfall,2937,SH,real,True,15.11.2024,2688264,1282888
102001176,10032568,481635,Hölderlistrasse,31,8226 Schleitheim,2952,SH,real,True,15.11.2024,2677571,1289140
102001179,10031938,1616155,Understadt,15,8260 Stein am Rhein,2964,SH,real,True,15.11.2024,2706636,1279831
102001186,10121171,474806,Hegaustrasse,11,8212 Neuhausen am Rheinfall,2937,SH,real,True,15.11.2024,2688407,1282678
102001188,10103233,484347,Trottengasse,2,8216 Oberhallau,2972,SH,real,True,15.11.2024,2677968,1284237
102001189,10046612,475389,Zollstrasse,69,8212 Neuhausen am Rheinfall,2937,SH,real,True,15.11.2024,2687668,1281607
102001190,10133042,484040,Empützistrasse,12,8215 Hallau,2971,SH,real,True,15.11.2024,2676203,1282995
102001200,10046605,473771,Dorfstrasse,87,8454 Buchberg,2933,SH,real,True,15.11.2024,2684249,1269640
102001294,10024970,471836,Dorfstrasse,6,8234 Stetten SH,2919,SH,real,True,15.11.2024,2691812,1288457
102001301,10017877,474300,Rheinstrasse,50,8212 Neuhausen am Rheinfall,2937,SH,real,True,15.11.2024,2688935,1281649
102001304,10073365,481902,Schlechtenbol,45,8226 Schleitheim,2952,SH,real,True,15.11.2024,2678417,1288858
102001317,10017877,474296,Rheinstrasse,40,8212 Neuhausen am Rheinfall,2937,SH,real,True,15.11.2024,2688883,1281629
102001318,10085768,481740,Gemeindehausplatz,5,8226 Schleitheim,2952,SH,real,True,15.11.2024,2678621,1289363
102001319,10090056,1616527,Hohrainstrasse,15,8260 Stein am Rhein,2964,SH,real,True,15.11.2024,2706013,1280401
102001330,10120416,474178,Kerrstrasse,5,8232 Merishausen,2936,SH,real,True,15.11.2024,2687827,1290212
102001334,10031500,484297,Höhenweg,13,8215 Hallau,2971,SH,real,True,15.11.2024,2676694,1283710
102001369,10085765,481870,Bahnhofstrasse,7,8226 Schleitheim,2952,SH,real,True,15.11.2024,2678230,1289100
102001370,10032577,482076,Schuelgässli,6,8226 Schleitheim,2952,SH,real,True,15.11.2024,2678383,1289075
102001371,10113209,481672,Hofstatt,5,8226 Schleitheim,2952,SH,real,True,15.11.2024,2678205,1289130
102001373,10031523,484496,Zollstrasse,32,8219 Trasadingen,2973,SH,real,True,15.11.2024,2674667,1279608
102001598,10018459,191246055,Höhenackerweg,11,8222 Beringen,2932,SH,real,True,15.11.2024,2685029,1283992
102001601,10018459,191246070,Höhenackerweg,13,8222 Beringen,2932,SH,real,True,15.11.2024,2685022,1284022
102001787,10091170,470353,Oberdorf,14,8224 Löhningen,2903,SH,real,True,15.11.2024,2683534,1284171
102001807,10113222,471027,Dorfstrasse,43,8218 Osterfingen,2974,SH,real,True,15.11.2024,2678708,1279635
102001808,10103236,484636,Mettlenstrasse,24,8217 Wilchingen,2974,SH,real,True,15.11.2024,2677203,1280087
102001826,10118353,471603,Ausserdorf,21,8235 Lohn SH,2917,SH,real,True,15.11.2024,2692291,1290158
102001827,10068432,470377,Lättenstrasse,24,8224 Löhningen,2903,SH,real,True,15.11.2024,2683341,1284344
102001831,10027504,470606,Grabenstrasse,7,8213 Neunkirch,2904,SH,real,True,15.11.2024,2679634,1282624
102001835,10026342,470432,Hauptstrasse,80,8224 Löhningen,2903,SH,real,True,15.11.2024,2683451,1283989
102001838,10091173,470328,Strasshalden,9,8224 Löhningen,2903,SH,real,True,15.11.2024,2683988,1284033
102001839,10111804,470698,Hallauerstrasse,4,8213 Neunkirch,2904,SH,real,True,15.11.2024,2679421,1282719
102001840,10027503,2023576,Gigebuck,1,8213 Neunkirch,2904,SH,real,True,15.11.2024,2679102,1282301
102001841,10091177,470870,Haslacherweg,1,8213 Neunkirch,2904,SH,real,True,15.11.2024,2679458,1282058
102001842,10068436,470933,Hasenbergstrasse,11,8213 Neunkirch,2904,SH,real,True,15.11.2024,2679500,1282076
102001844,10072986,471938,Braatistrasse,7,8234 Stetten SH,2919,SH,real,True,15.11.2024,2691633,1288141
102001847,10178593,474367,Flurlingerweg,1,8212 Neuhausen am Rheinfall,2937,SH,real,True,15.11.2024,2689136,1281713
102001850,10017868,475216,Klettgauerstrasse,66,8212 Neuhausen am Rheinfall,2937,SH,real,True,15.11.2024,2688059,1282346
102001851,10017860,475283,Engestrasse,66,8212 Neuhausen am Rheinfall,2937,SH,real,True,15.11.2024,2688115,1282557
102001852,10113209,481714,Hofstatt,6,8226 Schleitheim,2952,SH,real,True,15.11.2024,2678240,1289157
102001853,10073365,481861,Schlechtenbol,53,8226 Schleitheim,2952,SH,real,True,15.11.2024,2678298,1288753
102001855,10071983,2712872,Burgwisstrasse,6,8260 Stein am Rhein,2964,SH,real,True,15.11.2024,2706740,1279001
102001858,10148816,484676,Hauptstrasse,27,8217 Wilchingen,2974,SH,real,True,15.11.2024,2677341,1280121
102001864,10017866,474407,Grünaugasse,1,8212 Neuhausen am Rheinfall,2937,SH,real,True,15.11.2024,2688764,1281909
102001865,10017864,474434,Gartenstrasse,5,8212 Neuhausen am Rheinfall,2937,SH,real,True,15.11.2024,2688949,1281915
102001866,10017858,474522,Echostrasse,36,8212 Neuhausen am Rheinfall,2937,SH,real,True,15.11.2024,2688914,1282255
102001964,10031585,482529,Bürglerstrasse,16,8261 Hemishofen,2962,SH,real,True,15.11.2024,2705044,1281245
102001966,10033112,483973,Haingartenstrasse,20,8215 Hallau,2971,SH,real,True,15.11.2024,2676562,1283248
102001968,10091176,470887,Grosser Letten,10,8213 Neunkirch,2904,SH,real,True,15.11.2024,2679585,1282526
102001970,10074400,475841,Hardstrasse,21,8212 Neuhausen am Rheinfall,2937,SH,real,True,15.11.2024,2687871,1282101
102001973,10111805,470818,Welscher Garten,11,8213 Neunkirch,2904,SH,real,True,15.11.2024,2679265,1282477
102001975,10073020,476004,Underem Förlibuck,10,8455 Rüdlingen,2938,SH,real,True,15.11.2024,2684753,1270316
102001977,10091228,2717216,Wieswandstrasse,4,8454 Buchberg,2933,SH,real,True,15.11.2024,2684642,1269606
102001978,10108015,474055,Hauptstrasse,42,8232 Merishausen,2936,SH,real,True,15.11.2024,2687834,1290460
102001980,10074401,475053,Höhenweg,11,8212 Neuhausen am Rheinfall,2937,SH,real,True,15.11.2024,2688557,1282136
102001981,10104505,481517,Radweg,8,8228 Beggingen,2951,SH,real,True,15.11.2024,2681601,1290994
102001982,10087230,1615986,Burgackerstrasse,6,8260 Stein am Rhein,2964,SH,real,True,15.11.2024,2706645,1279171
102001983,10071983,2712871,Burgwisstrasse,5,8260 Stein am Rhein,2964,SH,real,True,15.11.2024,2706739,1279052
102002004,10195244,190136930,Undergass,10,8219 Trasadingen,2973,SH,real,True,15.11.2024,2674678,1280035
102002005,10031519,2033393,Schiltenbach,2,8219 Trasadingen,2973,SH,real,True,15.11.2024,2674612,1279677
102002006,10031523,484501,Zollstrasse,15,8219 Trasadingen,2973,SH,real,True,15.11.2024,2674690,1279608
102002007,10195244,484527,Undergass,17,8219 Trasadingen,2973,SH,real,True,15.11.2024,2674827,1279941
102002008,10073110,484469,Gässli,10,8219 Trasadingen,2973,SH,real,True,15.11.2024,2674331,1280253
102002009,10031517,484548,Dorfstrasse,5,8219 Trasadingen,2973,SH,real,True,15.11.2024,2674553,1280201
102002010,10145750,484577,Bruedergass,2,8219 Trasadingen,2973,SH,real,True,15.11.2024,2674529,1280249
102002011,10103229,481696,Tüüffegass,11,8226 Schleitheim,2952,SH,real,True,15.11.2024,2678393,1289422
102002012,10032574,481725,Poststrasse,24,8226 Schleitheim,2952,SH,real,True,15.11.2024,2678366,1289279
102002013,10032562,481749,Gass,8,8226 Schleitheim,2952,SH,real,True,15.11.2024,2678596,1289466
102002015,10085775,481975,Tauchergasse,3,8226 Schleitheim,2952,SH,real,True,15.11.2024,2678794,1289434
102002016,10180888,481964,Randenstrasse,21,8226 Schleitheim,2952,SH,real,True,15.11.2024,2678842,1289408
102002017,10032565,481835,Hallauerstrasse,14,8226 Schleitheim,2952,SH,real,True,15.11.2024,2678008,1288906
102002018,10118148,481852,Salzbrunnenstrasse,12,8226 Schleitheim,2952,SH,real,True,15.11.2024,2678033,1288585
102002019,10032558,481875,Breitestrasse,20,8226 Schleitheim,2952,SH,real,True,15.11.2024,2678304,1289100
102002020,10113209,481676,Hofstatt,21,8226 Schleitheim,2952,SH,real,True,15.11.2024,2678115,1289075
102002021,10179738,481698,Bolstrasse,16,8226 Schleitheim,2952,SH,real,True,15.11.2024,2678332,1289358
102002022,10032562,481752,Gass,3,8226 Schleitheim,2952,SH,real,True,15.11.2024,2678564,1289439
102002023,10026003,481772,Beggingerstrasse,19,8226 Schleitheim,2952,SH,real,True,15.11.2024,2678725,1289431
102002024,10179737,481892,Adlerstrasse,19,8226 Schleitheim,2952,SH,real,True,15.11.2024,2678467,1289244
102002025,10031566,481787,Undere Espilibuck,3,8226 Schleitheim,2952,SH,real,True,15.11.2024,2678537,1289686
102002026,10073365,481905,Schlechtenbol,37,8226 Schleitheim,2952,SH,real,True,15.11.2024,2678457,1288886
102002027,10032575,481792,Raaweg,14,8226 Schleitheim,2952,SH,real,True,15.11.2024,2678648,1289782
102002028,10032568,481630,Hölderlistrasse,18,8226 Schleitheim,2952,SH,real,True,15.11.2024,2677758,1289128
102002029,10031564,481659,Uezestaaweg,4,8226 Schleitheim,2952,SH,real,True,15.11.2024,2678086,1289333
102002030,10073365,2716246,Schlechtenbol,29,8226 Schleitheim,2952,SH,real,True,15.11.2024,2678488,1288951
102002031,10179738,2030515,Bolstrasse,12,8226 Schleitheim,2952,SH,real,True,15.11.2024,2678377,1289401
102002032,10024965,471688,Thayngerstrasse,3,8235 Lohn SH,2917,SH,real,True,15.11.2024,2692565,1290167
102002033,10086756,471655,Gässli,6,8235 Lohn SH,2917,SH,real,True,15.11.2024,2692357,1290226
102002034,10031520,484488,Talhof,1,8219 Trasadingen,2973,SH,real,True,15.11.2024,2673942,1280647
102002035,10179764,484461,Ifang,1,8219 Trasadingen,2973,SH,real,True,15.11.2024,2674289,1280145
102002036,10145750,484583,Bruedergass,11,8219 Trasadingen,2973,SH,real,True,15.11.2024,2674534,1280305
102002037,10031522,484447,Zinggen,6,8219 Trasadingen,2973,SH,real,True,15.11.2024,2674351,1280141
102002038,10110821,484452,Chäpfli,28,8219 Trasadingen,2973,SH,real,True,15.11.2024,2674240,1280054
102002039,10187872,484434,Chilstig,20,8219 Trasadingen,2973,SH,real,True,15.11.2024,2674305,1279842
102002040,10091402,484480,Schleipfistrasse,2,8219 Trasadingen,2973,SH,real,True,15.11.2024,2674334,1280351
102002041,10031517,190042496,Dorfstrasse,24,8219 Trasadingen,2973,SH,real,True,15.11.2024,2674458,1280151
102002496,10108020,474702,Zubastrasse,8,8212 Neuhausen am Rheinfall,2937,SH,real,True,15.11.2024,2688579,1282512
102002497,10106945,474744,Rosenbergstrasse,56,8212 Neuhausen am Rheinfall,2937,SH,real,True,15.11.2024,2688527,1282569
102002498,10106945,474793,Rosenbergstrasse,67,8212 Neuhausen am Rheinfall,2937,SH,real,True,15.11.2024,2688490,1282651
102002499,10091246,474845,Bergstrasse,17,8212 Neuhausen am Rheinfall,2937,SH,real,True,15.11.2024,2688322,1282655
102002501,10106945,475129,Rosenbergstrasse,30,8212 Neuhausen am Rheinfall,2937,SH,real,True,15.11.2024,2688474,1282260
102002503,10017860,475271,Engestrasse,46,8212 Neuhausen am Rheinfall,2937,SH,real,True,15.11.2024,2688106,1282510
102002504,10017868,475295,Klettgauerstrasse,86,8212 Neuhausen am Rheinfall,2937,SH,real,True,15.11.2024,2688067,1282627
102002505,10074396,475376,Brunnenwiesenstrasse,60,8212 Neuhausen am Rheinfall,2937,SH,real,True,15.11.2024,2687432,1281441
102002506,10018160,475638,Schützenstrasse,49,8212 Neuhausen am Rheinfall,2937,SH,real,True,15.11.2024,2687079,1281597
102002507,10178594,475688,Irchelstrasse,5,8212 Neuhausen am Rheinfall,2937,SH,real,True,15.11.2024,2687613,1281614
102002508,10018160,475729,Schützenstrasse,35,8212 Neuhausen am Rheinfall,2937,SH,real,True,15.11.2024,2687409,1281573
102002509,10017874,475793,Neubergstrasse,40,8212 Neuhausen am Rheinfall,2937,SH,real,True,15.11.2024,2687704,1281871
102002510,10206079,475966,Steinenkreuzstrasse,3,8455 Rüdlingen,2938,SH,real,True,15.11.2024,2684584,1270741
102002512,10186344,476037,Im underen Chapf,4,8455 Rüdlingen,2938,SH,real,True,15.11.2024,2684955,1270273
102002513,10104507,481602,Randenstrasse,38,8228 Beggingen,2951,SH,real,True,15.11.2024,2682533,1290900
102002514,10113208,481762,Espili,11,8226 Schleitheim,2952,SH,real,True,15.11.2024,2678518,1289620
102002515,10073365,481907,Schlechtenbol,41,8226 Schleitheim,2952,SH,real,True,15.11.2024,2678476,1288905
102002517,10031570,482345,Breitestrasse,14,8225 Siblingen,2953,SH,real,True,15.11.2024,2681500,1285438
102002518,10031574,482195,Mühlenstrasse,12,8225 Siblingen,2953,SH,real,True,15.11.2024,2681062,1285306
102002519,10031939,1615862,Wagenhauserstrasse,22,8260 Stein am Rhein,2964,SH,real,True,15.11.2024,2706449,1279497
102002520,10031927,1615902,Köhlerweid,21,8260 Stein am Rhein,2964,SH,real,True,15.11.2024,2705961,1279214
102002521,10031919,1615974,Degerfelderweg,22,8260 Stein am Rhein,2964,SH,real,True,15.11.2024,2706174,1279220
102002522,10113219,1616251,Landhusweg,10,8260 Stein am Rhein,2964,SH,real,True,15.11.2024,2707456,1279834
102002523,10091105,1616502,Rietstrasse,48,8260 Stein am Rhein,2964,SH,real,True,15.11.2024,2706143,1280274
102002524,10031507,483754,Obere Buckstrasse,30,8215 Hallau,2971,SH,real,True,15.11.2024,2677141,1283773
102002527,10091110,483855,Fotschengasse,2,8215 Hallau,2971,SH,real,True,15.11.2024,2676828,1283489
102002529,10179760,484141,Festistrasse,16,8215 Hallau,2971,SH,real,True,15.11.2024,2676244,1283403
102002530,10110820,3145239,Gehringerstrasse,16,8215 Hallau,2971,SH,real,True,15.11.2024,2676347,1283053
102002531,10091396,484415,Hinterdorfstrasse,23,8216 Oberhallau,2972,SH,real,True,15.11.2024,2678043,1284581
102002532,10073106,484368,Heerengasse,8,8216 Oberhallau,2972,SH,real,True,15.11.2024,2678079,1284377
102002533,10031517,484542,Dorfstrasse,2,8219 Trasadingen,2973,SH,real,True,15.11.2024,2674597,1280152
102002534,10031523,484500,Zollstrasse,17,8219 Trasadingen,2973,SH,real,True,15.11.2024,2674687,1279604
102002535,10103236,484630,Mettlenstrasse,31,8217 Wilchingen,2974,SH,real,True,15.11.2024,2677090,1280058
102002536,10148816,484737,Hauptstrasse,4,8217 Wilchingen,2974,SH,real,True,15.11.2024,2677512,1280187
102002537,10179768,484834,Kapellenweg,4,8217 Wilchingen,2974,SH,real,True,15.11.2024,2677128,1280356
102002538,10073116,484873,Seldwylastrasse,21,8217 Wilchingen,2974,SH,real,True,15.11.2024,2677245,1280782
102002628,10104916,470784,Glaserstrasse,14,8213 Neunkirch,2904,SH,real,True,15.11.2024,2680290,1282676
102002629,10072983,471646,Unterdorf,12,8235 Lohn SH,2917,SH,real,True,15.11.2024,2692318,1290073
102002635,10024956,471657,Bibermerweg,5,8235 Lohn SH,2917,SH,real,True,15.11.2024,2692299,1290392
102002636,10068434,470417,Schützengasse,9,8224 Löhningen,2903,SH,real,True,15.11.2024,2683564,1284052
102002637,10120419,475608,Töbeliweg,5,8212 Neuhausen am Rheinfall,2937,SH,real,True,15.11.2024,2687425,1281524
102002638,10080408,482330,Hauptstrasse,54,8225 Siblingen,2953,SH,real,True,15.11.2024,2681166,1285416
102002641,10031574,482192,Mühlenstrasse,11,8225 Siblingen,2953,SH,real,True,15.11.2024,2681084,1285293
102002642,10032557,3075241,Bolstiig,21,8226 Schleitheim,2952,SH,real,True,15.11.2024,2678253,1289349
102002645,10091113,484047,Lisiloostrasse,11,8215 Hallau,2971,SH,real,True,15.11.2024,2676092,1283006
102002646,10031833,484690,Weiherweg,17,8217 Wilchingen,2974,SH,real,True,15.11.2024,2677835,1280084
102002650,10031591,2031300,Hegaustrasse,5,8263 Buch SH,2961,SH,real,True,15.11.2024,2701096,1286921
102002655,10186575,481808,Obere Hofwiesen,9,8226 Schleitheim,2952,SH,real,True,15.11.2024,2678709,1289613
102002656,10073089,1616142,Choligass,3,8260 Stein am Rhein,2964,SH,real,True,15.11.2024,2706592,1279846
102002661,10091258,474602,Schaffhauserstrasse,36,8212 Neuhausen am Rheinfall,2937,SH,real,True,15.11.2024,2688756,1282280
102002663,10090059,1616078,Oberstadt,10,8260 Stein am Rhein,2964,SH,real,True,15.11.2024,2706795,1279702
102002669,10187872,2033293,Chilstig,10,8219 Trasadingen,2973,SH,real,True,15.11.2024,2674348,1279935
102002670,10031517,484561,Dorfstrasse,36,8219 Trasadingen,2973,SH,real,True,15.11.2024,2674518,1280139
102002671,10147321,190941849,Ifangweg,6,8219 Trasadingen,2973,SH,real,True,15.11.2024,2674173,1280228
102002676,10118364,481971,Luckete,9,8226 Schleitheim,2952,SH,real,True,15.11.2024,2678921,1289373
102002677,10180888,481932,Randenstrasse,2,8226 Schleitheim,2952,SH,real,True,15.11.2024,2678664,1289311
102002678,10073359,481804,Espiligartenweg,4,8226 Schleitheim,2952,SH,real,True,15.11.2024,2678496,1289701
102002679,10032571,481642,Lendenbergstrasse,47,8226 Schleitheim,2952,SH,real,True,15.11.2024,2677602,1289176
102002680,10032557,481706,Bolstiig,54,8226 Schleitheim,2952,SH,real,True,15.11.2024,2678289,1289485
102002681,10032573,482041,Oberwiesenweg,1,8226 Schleitheim,2952,SH,real,True,15.11.2024,2676435,1289161
102002682,10117539,471661,Im Winkel,10,8235 Lohn SH,2917,SH,real,True,15.11.2024,2692448,1290325
102002683,10086756,471716,Gässli,17,8235 Lohn SH,2917,SH,real,True,15.11.2024,2692402,1290133
102002684,10120404,471632,Rietackerstrasse,18,8235 Lohn SH,2917,SH,real,True,15.11.2024,2692302,1289988
102002685,10026342,470449,Hauptstrasse,93,8224 Löhningen,2903,SH,real,True,15.11.2024,2683303,1283980
102002686,10032574,481720,Poststrasse,38,8226 Schleitheim,2952,SH,real,True,15.11.2024,2678312,1289224
102002687,10085768,481741,Gemeindehausplatz,3,8226 Schleitheim,2952,SH,real,True,15.11.2024,2678603,1289389
102002688,10032562,3075250,Gass,15,8226 Schleitheim,2952,SH,real,True,15.11.2024,2678526,1289517
102002689,10113208,481761,Espili,9,8226 Schleitheim,2952,SH,real,True,15.11.2024,2678527,1289606
102002690,10118364,2030841,Luckete,7,8226 Schleitheim,2952,SH,real,True,15.11.2024,2678911,1289367
102002691,10180888,481953,Randenstrasse,29,8226 Schleitheim,2952,SH,real,True,15.11.2024,2678885,1289464
102002692,10031568,481811,Winkel,4,8226 Schleitheim,2952,SH,real,True,15.11.2024,2678833,1289619
102002693,10032570,481922,Kirchgasse,3,8226 Schleitheim,2952,SH,real,True,15.11.2024,2678774,1289325
102002694,10073359,481807,Espiligartenweg,6,8226 Schleitheim,2952,SH,real,True,15.11.2024,2678452,1289735
102002695,10032571,481657,Lendenbergstrasse,4,8226 Schleitheim,2952,SH,real,True,15.11.2024,2678190,1289335
102002696,10032571,481643,Lendenbergstrasse,60,8226 Schleitheim,2952,SH,real,True,15.11.2024,2677598,1289210
102002697,10085767,482149,Flüelistrasse,19,8226 Schleitheim,2952,SH,real,True,15.11.2024,2676674,1289232
102002698,10032568,481620,Hölderlistrasse,2,8226 Schleitheim,2952,SH,real,True,15.11.2024,2678009,1289096
102002699,10072982,471587,Schmittengasse,7,8235 Lohn SH,2917,SH,real,True,15.11.2024,2692346,1290301
102002700,10117539,471666,Im Winkel,2,8235 Lohn SH,2917,SH,real,True,15.11.2024,2692451,1290282
102002701,10086756,471718,Gässli,11,8235 Lohn SH,2917,SH,real,True,15.11.2024,2692391,1290188
102002702,10118353,2712236,Ausserdorf,22,8235 Lohn SH,2917,SH,real,True,15.11.2024,2692250,1290155
102002703,10120404,2715923,Rietackerstrasse,6,8235 Lohn SH,2917,SH,real,True,15.11.2024,2692260,1289993
102002704,10111809,471677,Vorderdorf,23,8235 Lohn SH,2917,SH,real,True,15.11.2024,2692509,1290211
102002705,10139328,101205845,Rietstrasse,11,8235 Lohn SH,2917,SH,real,True,15.11.2024,2692271,1289901
102002706,10026342,470433,Hauptstrasse,82,8224 Löhningen,2903,SH,real,True,15.11.2024,2683428,1283992
102002707,10206796,191562352,Langärgete,6,8236 Büttenhardt,2914,SH,real,True,15.11.2024,2690990,1289885
102003150,10103233,484314,Trottengasse,4,8216 Oberhallau,2972,SH,real,True,15.11.2024,2678002,1284229
102003173,10018175,476023,Im oberen Chapf,6,8455 Rüdlingen,2938,SH,real,True,15.11.2024,2684974,1270175
102003179,10024970,471851,Dorfstrasse,38,8234 Stetten SH,2919,SH,real,True,15.11.2024,2691560,1288316
102003180,10072989,471979,Neuwisenstrasse,6,8234 Stetten SH,2919,SH,real,True,15.11.2024,2691682,1287996
102003184,10118357,475410,Rhenaniastrasse,21,8212 Neuhausen am Rheinfall,2937,SH,real,True,15.11.2024,2687841,1281816
102003186,10072986,471942,Braatistrasse,23,8234 Stetten SH,2919,SH,real,True,15.11.2024,2691545,1288040
102003191,10106945,474792,Rosenbergstrasse,63,8212 Neuhausen am Rheinfall,2937,SH,real,True,15.11.2024,2688489,1282628
102003195,10106946,475021,Trubegüetlistrasse,33,8212 Neuhausen am Rheinfall,2937,SH,real,True,15.11.2024,2688700,1283365
102003307,10017871,3122054,Löwensteinstrasse,15,8212 Neuhausen am Rheinfall,2937,SH,real,True,15.11.2024,2688790,1283239
102003313,10161512,473815,Hohlegasse,12,8454 Buchberg,2933,SH,real,True,15.11.2024,2684450,1269589
102003314,10178596,474644,Scheideggweg,1,8212 Neuhausen am Rheinfall,2937,SH,real,True,15.11.2024,2688835,1282519
102003319,10180888,481951,Randenstrasse,39,8226 Schleitheim,2952,SH,real,True,15.11.2024,2678915,1289503
102003323,10110808,470199,Im Chloster,15,8214 Gächlingen,2901,SH,real,True,15.11.2024,2679374,1283915
102003327,10111814,472928,Im Tal,17,8233 Bargen SH,2931,SH,real,True,15.11.2024,2687535,1293916
102003335,10019559,3075221,Erlistrasse,11,8454 Buchberg,2933,SH,real,True,15.11.2024,2684490,1269813
102003336,10018163,475744,Tödistrasse,7,8212 Neuhausen am Rheinfall,2937,SH,real,True,15.11.2024,2687749,1281878
102003337,10031517,484560,Dorfstrasse,34,8219 Trasadingen,2973,SH,real,True,15.11.2024,2674520,1280142
102003345,10026343,470505,Herrengasse,12,8224 Löhningen,2903,SH,real,True,15.11.2024,2683579,1283922
102003346,10068434,470488,Schützengasse,20,8224 Löhningen,2903,SH,real,True,15.11.2024,2683581,1284094
102003347,10026342,470329,Hauptstrasse,10,8224 Löhningen,2903,SH,real,True,15.11.2024,2683844,1284037
102003348,10026342,470514,Hauptstrasse,36,8224 Löhningen,2903,SH,real,True,15.11.2024,2683619,1284033
102003349,10091173,470548,Strasshalden,34,8224 Löhningen,2903,SH,real,True,15.11.2024,2684336,1283929
102003350,10027498,470320,Weinbergstrasse,8,8224 Löhningen,2903,SH,real,True,15.11.2024,2683910,1284123
102003351,10068433,470379,Oberwiesen,8,8224 Löhningen,2903,SH,real,True,15.11.2024,2683439,1284256
102003352,10073111,484476,Wassergass,6,8219 Trasadingen,2973,SH,real,True,15.11.2024,2674247,1280364
102003362,10068434,470416,Schützengasse,19,8224 Löhningen,2903,SH,real,True,15.11.2024,2683552,1284068
102003363,10058716,470466,Winkel,2,8224 Löhningen,2903,SH,real,True,15.11.2024,2683539,1283972
102003364,10027497,470531,Stalden,2,8224 Löhningen,2903,SH,real,True,15.11.2024,2683714,1283800
102003365,10068432,470374,Lättenstrasse,21,8224 Löhningen,2903,SH,real,True,15.11.2024,2683391,1284300
102003366,10026345,2023365,Lättenstieg,3,8224 Löhningen,2903,SH,real,True,15.11.2024,2683274,1284416
102003367,10120397,470308,Haldenweg,24,8224 Löhningen,2903,SH,real,True,15.11.2024,2683964,1284170
102003368,10068429,470458,Goldackerweg,11,8224 Löhningen,2903,SH,real,True,15.11.2024,2683507,1283797
102003825,10080409,482189,In der Au,6,8225 Siblingen,2953,SH,real,True,15.11.2024,2681118,1285218
102003826,10031921,1616217,Fronhof,9,8260 Stein am Rhein,2964,SH,real,True,15.11.2024,2706696,1279852
102003838,10091178,470565,Hintergasse,7,8213 Neunkirch,2904,SH,real,True,15.11.2024,2679725,1282693
102003839,10074393,474160,Kirchgasse,2,8232 Merishausen,2936,SH,real,True,15.11.2024,2687690,1290732
102003844,10108016,474058,Schmittengasse,6,8232 Merishausen,2936,SH,real,True,15.11.2024,2687887,1290481
102003845,10017881,474287,Schulstrasse,8,8212 Neuhausen am Rheinfall,2937,SH,real,True,15.11.2024,2688871,1281711
102003850,10110821,484457,Chäpfli,7,8219 Trasadingen,2973,SH,real,True,15.11.2024,2674201,1280150
102003851,10017863,474500,Freyastrasse,13,8212 Neuhausen am Rheinfall,2937,SH,real,True,15.11.2024,2688953,1282127
102003852,10017860,475328,Engestrasse,10,8212 Neuhausen am Rheinfall,2937,SH,real,True,15.11.2024,2688376,1282295
102003858,10132131,474983,Buchenstrasse,100,8212 Neuhausen am Rheinfall,2937,SH,real,True,15.11.2024,2688579,1283331
102003905,10091257,474721,Randenstrasse,8,8212 Neuhausen am Rheinfall,2937,SH,real,True,15.11.2024,2688583,1282593
102003906,10026324,470020,Obere Hanenbüelstrasse,20,8214 Gächlingen,2901,SH,real,True,15.11.2024,2679964,1284606
102003908,10106941,470969,Oberwiesstrasse,33,8213 Neunkirch,2904,SH,real,True,15.11.2024,2679915,1282050
102003909,10117538,470827,Kleiner Letten,2,8213 Neunkirch,2904,SH,real,True,15.11.2024,2679421,1282551
102003912,10087214,482586,In Enzwise,10,8261 Hemishofen,2962,SH,real,True,15.11.2024,2704150,1281651
102003913,10132131,474971,Buchenstrasse,81,8212 Neuhausen am Rheinfall,2937,SH,real,True,15.11.2024,2688526,1283341
102003914,10091254,475176,Lerchenstrasse,8,8212 Neuhausen am Rheinfall,2937,SH,real,True,15.11.2024,2688156,1282242
102003915,10110819,1615879,Espiweg,1,8260 Stein am Rhein,2964,SH,real,True,15.11.2024,2706644,1279505
102003923,10091179,470696,Klettgauerplatz,1,8213 Neunkirch,2904,SH,real,True,15.11.2024,2679468,1282668
102003928,10027500,470741,Chennerenstrasse,1,8213 Neunkirch,2904,SH,real,True,15.11.2024,2679910,1282968
102003929,10206065,475960,Buchbergerstrasse,7,8455 Rüdlingen,2938,SH,real,True,15.11.2024,2684470,1270675
102003947,10110808,470139,Im Chloster,32,8214 Gächlingen,2901,SH,real,True,15.11.2024,2679170,1283933
102003948,10026319,2712771,Brüelstrasse,25,8214 Gächlingen,2901,SH,real,True,15.11.2024,2679569,1284320
102003949,10091105,1616462,Rietstrasse,32,8260 Stein am Rhein,2964,SH,real,True,15.11.2024,2706313,1280219
102003952,10164493,484332,Dorfstrasse,16,8216 Oberhallau,2972,SH,real,True,15.11.2024,2677931,1284331
102003954,10017860,2026969,Engestrasse,44,8212 Neuhausen am Rheinfall,2937,SH,real,True,15.11.2024,2688120,1282497
102003955,10017855,475635,Birchstrasse,2,8212 Neuhausen am Rheinfall,2937,SH,real,True,15.11.2024,2687138,1281545
102003956,10032578,481683,Schwarzwaldstrasse,4,8226 Schleitheim,2952,SH,real,True,15.11.2024,2678092,1289063
102003958,10178594,475707,Irchelstrasse,24,8212 Neuhausen am Rheinfall,2937,SH,real,True,15.11.2024,2687508,1281570
102003959,10017859,475832,Engefluhstrasse,19,8212 Neuhausen am Rheinfall,2937,SH,real,True,15.11.2024,2687952,1282266
102003960,10027493,470314,Rebhaldenweg,8,8224 Löhningen,2903,SH,real,True,15.11.2024,2683875,1284198
102003961,10031938,1616150,Understadt,25,8260 Stein am Rhein,2964,SH,real,True,15.11.2024,2706615,1279851
102003962,10087012,470056,Isengartenstrasse,3,8214 Gächlingen,2901,SH,real,True,15.11.2024,2679967,1284475
102003979,10087231,1616064,Charregass,15,8260 Stein am Rhein,2964,SH,real,True,15.11.2024,2706621,1279425
102003980,10110820,484002,Gehringerstrasse,3,8215 Hallau,2971,SH,real,True,15.11.2024,2676363,1283174
102003984,10074392,474167,Aeugstleracker,3,8232 Merishausen,2936,SH,real,True,15.11.2024,2687689,1290162
102003985,10149928,484697,Haartelstrasse,16,8217 Wilchingen,2974,SH,real,True,15.11.2024,2677721,1280184
102003986,10031941,483997,Bahnhofstrasse,39,8215 Hallau,2971,SH,real,True,15.11.2024,2676487,1283166
102003992,10046605,473762,Dorfstrasse,103,8454 Buchberg,2933,SH,real,True,15.11.2024,2684135,1269636
102003994,10073104,484237,Schulgasse,8,8215 Hallau,2971,SH,real,True,15.11.2024,2676699,1283594
102004001,10017858,474512,Echostrasse,16,8212 Neuhausen am Rheinfall,2937,SH,real,True,15.11.2024,2688906,1282151
102004004,10132131,474885,Buchenstrasse,2,8212 Neuhausen am Rheinfall,2937,SH,real,True,15.11.2024,2688344,1282831
102004005,10017874,475807,Neubergstrasse,5,8212 Neuhausen am Rheinfall,2937,SH,real,True,15.11.2024,2687959,1282111
102004006,10031941,483712,Bahnhofstrasse,130,8215 Hallau,2971,SH,real,True,15.11.2024,2676693,1282232
102004019,10106945,2027305,Rosenbergstrasse,35,8212 Neuhausen am Rheinfall,2937,SH,real,True,15.11.2024,2688479,1282342
102004057,10103228,481853,Im Morgen,4,8226 Schleitheim,2952,SH,real,True,15.11.2024,2678065,1288776
102004058,10032577,481885,Schuelgässli,2,8226 Schleitheim,2952,SH,real,True,15.11.2024,2678407,1289168
102004059,10113210,2030614,Lindenstrasse,5,8226 Schleitheim,2952,SH,real,True,15.11.2024,2678165,1289270
102004107,10068432,470409,Lättenstrasse,33,8224 Löhningen,2903,SH,real,True,15.11.2024,2683232,1284357
102004108,10091171,470290,Rössligasse,20,8224 Löhningen,2903,SH,real,True,15.11.2024,2683666,1284126
102004109,10026342,9004037,Hauptstrasse,4a,8224 Löhningen,2903,SH,real,True,15.11.2024,2683955,1284026
102004110,10091169,101205017,Kleintalstrasse,13,8224 Löhningen,2903,SH,real,True,15.11.2024,2683751,1284165
102004508,10031927,1615910,Köhlerweid,13,8260 Stein am Rhein,2964,SH,real,True,15.11.2024,2705995,1279240
102004509,10127688,484262,Obere Ifangstrasse,10,8215 Hallau,2971,SH,real,True,15.11.2024,2676402,1283690
102004535,10108015,474096,Hauptstrasse,93,8232 Merishausen,2936,SH,real,True,15.11.2024,2687672,1290995
102004536,10178595,474767,Nelkenstrasse,22,8212 Neuhausen am Rheinfall,2937,SH,real,True,15.11.2024,2688568,1282689
102004538,10106941,470962,Oberwiesstrasse,13,8213 Neunkirch,2904,SH,real,True,15.11.2024,2679792,1282264
102004539,10046609,475260,Sonnenbergstrasse,22,8212 Neuhausen am Rheinfall,2937,SH,real,True,15.11.2024,2688192,1282556
102004541,10121171,474808,Hegaustrasse,17,8212 Neuhausen am Rheinfall,2937,SH,real,True,15.11.2024,2688410,1282699
102004547,10026348,470395,Neuweg,6,8224 Löhningen,2903,SH,real,True,15.11.2024,2683201,1284137
102004559,10185471,470574,Vordergasse,1,8213 Neunkirch,2904,SH,real,True,15.11.2024,2679750,1282726
102004566,10085770,481647,Lendenbergstiig,11,8226 Schleitheim,2952,SH,real,True,15.11.2024,2677731,1289263
102004581,10091261,475003,Trubegüetliweg,6,8212 Neuhausen am Rheinfall,2937,SH,real,True,15.11.2024,2688663,1283285
102004582,10032557,481668,Bolstiig,23,8226 Schleitheim,2952,SH,real,True,15.11.2024,2678261,1289386
102004584,10178592,474876,Bohnenbergstrasse,25,8212 Neuhausen am Rheinfall,2937,SH,real,True,15.11.2024,2688386,1282849
102004585,10024970,471843,Dorfstrasse,26,8234 Stetten SH,2919,SH,real,True,15.11.2024,2691736,1288427
102004593,10113222,471028,Dorfstrasse,45,8218 Osterfingen,2974,SH,real,True,15.11.2024,2678722,1279650
102004595,10091237,474154,Hohlgasse,18,8232 Merishausen,2936,SH,real,True,15.11.2024,2687594,1290809
102004596,10017851,475061,Alpenstrasse,12,8212 Neuhausen am Rheinfall,2937,SH,real,True,15.11.2024,2688537,1282190
102004597,10017868,475215,Klettgauerstrasse,64,8212 Neuhausen am Rheinfall,2937,SH,real,True,15.11.2024,2688081,1282301
102004598,10074396,475424,Brunnenwiesenstrasse,6,8212 Neuhausen am Rheinfall,2937,SH,real,True,15.11.2024,2687980,1281918
102004599,10017867,475664,Hofstettenstrasse,13,8212 Neuhausen am Rheinfall,2937,SH,real,True,15.11.2024,2687457,1281785
102004600,10017874,475795,Neubergstrasse,44,8212 Neuhausen am Rheinfall,2937,SH,real,True,15.11.2024,2687694,1281892
102004602,10019263,475932,Schnaihalde,3,8455 Rüdlingen,2938,SH,real,True,15.11.2024,2685277,1270550
102004603,10026003,481817,Beggingerstrasse,63,8226 Schleitheim,2952,SH,real,True,15.11.2024,2678948,1289732
102004604,10031586,482539,Hauptstrasse,19,8261 Hemishofen,2962,SH,real,True,15.11.2024,2704699,1281508
102004605,10071686,482588,Dorfstrasse,37,8261 Hemishofen,2962,SH,real,True,15.11.2024,2704175,1281708
102004606,10031932,1616136,Rathausplatz,23,8260 Stein am Rhein,2964,SH,real,True,15.11.2024,2706691,1279758
102004607,10179753,1616269,Alte Zollstrasse,15,8260 Stein am Rhein,2964,SH,real,True,15.11.2024,2707503,1279774
102004608,10129036,484186,Ameisenbuck,9,8215 Hallau,2971,SH,real,True,15.11.2024,2676476,1283447
102004609,10091396,484399,Hinterdorfstrasse,3,8216 Oberhallau,2972,SH,real,True,15.11.2024,2678045,1284447
102004610,10103236,2033683,Mettlenstrasse,40,8217 Wilchingen,2974,SH,real,True,15.11.2024,2677014,1280100
102004625,10046611,474282,Wüscherstrasse,8,8212 Neuhausen am Rheinfall,2937,SH,real,True,15.11.2024,2688820,1281684
102004626,10031499,483790,Hauptstrasse,105,8215 Hallau,2971,SH,real,True,15.11.2024,2676926,1283539
102004629,10019561,473753,Murkathof,14,8454 Buchberg,2933,SH,real,True,15.11.2024,2684182,1268063
102004631,10018166,474474,Zentralstrasse,102,8212 Neuhausen am Rheinfall,2937,SH,real,True,15.11.2024,2688866,1282178
102004637,10178599,2027405,Grabenstrasse,7,8455 Rüdlingen,2938,SH,real,True,15.11.2024,2684689,1270632
102004642,10073106,484380,Heerengasse,1,8216 Oberhallau,2972,SH,real,True,15.11.2024,2678089,1284437
102004643,10149930,484643,Winkelstrasse,8,8217 Wilchingen,2974,SH,real,True,15.11.2024,2677365,1280120
102004651,10026325,470214,Römerstrasse,39,8214 Gächlingen,2901,SH,real,True,15.11.2024,2679981,1284161
102004652,10091185,470693,Wettigraben,42,8213 Neunkirch,2904,SH,real,True,15.11.2024,2679515,1282647
102004653,10128947,470922,Hinder Nüchilch,26,8213 Neunkirch,2904,SH,real,True,15.11.2024,2679759,1282035
102004654,10113222,471054,Dorfstrasse,96,8218 Osterfingen,2974,SH,real,True,15.11.2024,2679276,1279680
102004655,10018162,474913,Tannenstrasse,12,8212 Neuhausen am Rheinfall,2937,SH,real,True,15.11.2024,2688376,1283021
102004656,10025728,481537,Schmalzgasse,5,8228 Beggingen,2951,SH,real,True,15.11.2024,2682428,1291391
102004663,10018159,475309,Schöneggstrasse,21,8212 Neuhausen am Rheinfall,2937,SH,real,True,15.11.2024,2688406,1282559
102004665,10118357,475430,Rhenaniastrasse,3,8212 Neuhausen am Rheinfall,2937,SH,real,True,15.11.2024,2688006,1282005
102004683,10086758,101205809,Quellenstrasse,13,8235 Lohn SH,2917,SH,real,True,15.11.2024,2692655,1290262
102004697,10032558,190199920,Breitestrasse,12,8226 Schleitheim,2952,SH,real,True,15.11.2024,2678362,1289128
102004701,10032571,481654,Lendenbergstrasse,15,8226 Schleitheim,2952,SH,real,True,15.11.2024,2678046,1289257
102004711,10103229,481733,Tüüffegass,5,8226 Schleitheim,2952,SH,real,True,15.11.2024,2678441,1289353
102004712,10073361,481770,Hofwiesen,13,8226 Schleitheim,2952,SH,real,True,15.11.2024,2678658,1289493
102004713,10118364,481969,Luckete,8,8226 Schleitheim,2952,SH,real,True,15.11.2024,2678907,1289350
102004714,10026003,481827,Beggingerstrasse,53,8226 Schleitheim,2952,SH,real,True,15.11.2024,2678861,1289636
102004715,10180888,481948,Randenstrasse,38,8226 Schleitheim,2952,SH,real,True,15.11.2024,2678964,1289535
102004716,10179739,481912,Friedhofweg,4,8226 Schleitheim,2952,SH,real,True,15.11.2024,2678598,1288964
102004717,10031566,481803,Undere Espilibuck,7,8226 Schleitheim,2952,SH,real,True,15.11.2024,2678596,1289722
102004718,10190663,481665,Under em Tobel,8,8226 Schleitheim,2952,SH,real,True,15.11.2024,2678208,1289412
102004719,10085770,481646,Lendenbergstiig,9,8226 Schleitheim,2952,SH,real,True,15.11.2024,2677741,1289223
102004720,10032578,482022,Schwarzwaldstrasse,54,8226 Schleitheim,2952,SH,real,True,15.11.2024,2677192,1288981
102004721,10086755,471700,Brettlocher,24,8235 Lohn SH,2917,SH,real,True,15.11.2024,2692763,1290277
102004722,10111808,471660,Im Ifang,6,8235 Lohn SH,2917,SH,real,True,15.11.2024,2692402,1290341
102004723,10086756,471652,Gässli,20,8235 Lohn SH,2917,SH,real,True,15.11.2024,2692377,1290175
102004724,10117538,470825,Kleiner Letten,12,8213 Neunkirch,2904,SH,real,True,15.11.2024,2679394,1282492
102004725,10106941,2715599,Oberwiesstrasse,3,8213 Neunkirch,2904,SH,real,True,15.11.2024,2679511,1282373
102004745,10027512,470720,Schwimmbadstrasse,9,8213 Neunkirch,2904,SH,real,True,15.11.2024,2679934,1282883
102004746,10027504,470646,Grabenstrasse,19,8213 Neunkirch,2904,SH,real,True,15.11.2024,2679502,1282599
102004747,10072961,470689,Sidehof,6,8213 Neunkirch,2904,SH,real,True,15.11.2024,2679517,1282675
102004748,10072964,470731,Zelgstrasse,10,8213 Neunkirch,2904,SH,real,True,15.11.2024,2679851,1282986
102004749,10185471,470685,Vordergasse,41,8213 Neunkirch,2904,SH,real,True,15.11.2024,2679499,1282704
102004750,10027513,190024476,Schützenmauer,17,8213 Neunkirch,2904,SH,real,True,15.11.2024,2679847,1282340
102004751,10185471,470626,Vordergasse,11,8213 Neunkirch,2904,SH,real,True,15.11.2024,2679691,1282719
102004752,10091178,470569,Hintergasse,15,8213 Neunkirch,2904,SH,real,True,15.11.2024,2679681,1282688
102004753,10027506,470594,Herrengasse,12,8213 Neunkirch,2904,SH,real,True,15.11.2024,2679663,1282787
102004754,10186928,470597,Mühlengasse,16,8213 Neunkirch,2904,SH,real,True,15.11.2024,2679671,1282761
102004755,10027518,470684,Unterhofgasse,7,8213 Neunkirch,2904,SH,real,True,15.11.2024,2679508,1282766
102004756,10188153,470583,Gächlingerstrasse,1,8213 Neunkirch,2904,SH,real,True,15.11.2024,2679774,1282747
102004757,10186928,470602,Mühlengasse,6,8213 Neunkirch,2904,SH,real,True,15.11.2024,2679699,1282763
102004758,10027506,470677,Herrengasse,31,8213 Neunkirch,2904,SH,real,True,15.11.2024,2679552,1282764
102005170,10018174,476029,Im hinderen Chapf,12,8455 Rüdlingen,2938,SH,real,True,15.11.2024,2685040,1270141
102005174,10073097,1616497,Schwemmgrabenstrasse,6,8260 Stein am Rhein,2964,SH,real,True,15.11.2024,2706146,1280305
102005183,10080408,482278,Hauptstrasse,46,8225 Siblingen,2953,SH,real,True,15.11.2024,2681242,1285406
102005185,10129035,483978,Am Gässli,6,8215 Hallau,2971,SH,real,True,15.11.2024,2676524,1283222
102005195,10024970,471855,Dorfstrasse,23,8234 Stetten SH,2919,SH,real,True,15.11.2024,2691592,1288306
102005199,10122554,475090,Zelgstrasse,19,8212 Neuhausen am Rheinfall,2937,SH,real,True,15.11.2024,2688443,1282133
102005207,10091181,470766,Schaffhauserstrasse,12,8213 Neunkirch,2904,SH,real,True,15.11.2024,2679955,1282712
102005261,10018166,475517,Zentralstrasse,52,8212 Neuhausen am Rheinfall,2937,SH,real,False,15.11.2024,2688742,1281868
102005263,10017860,475278,Engestrasse,60,8212 Neuhausen am Rheinfall,2937,SH,real,True,15.11.2024,2688091,1282542
102005265,10026320,470089,Dorfstrasse,21,8214 Gächlingen,2901,SH,real,True,15.11.2024,2679618,1284191
102005268,10017868,475078,Klettgauerstrasse,14,8212 Neuhausen am Rheinfall,2937,SH,real,True,15.11.2024,2688358,1282032
102005287,10046605,473773,Dorfstrasse,79,8454 Buchberg,2933,SH,real,True,15.11.2024,2684280,1269697
102005288,10091108,1616388,Zwinglistrasse,12,8260 Stein am Rhein,2964,SH,real,True,15.11.2024,2706951,1280273
102005289,10104921,471903,Staanackerstrasse,18,8234 Stetten SH,2919,SH,real,True,15.11.2024,2691550,1288241
102005291,10031939,1615843,Wagenhauserstrasse,45,8260 Stein am Rhein,2964,SH,real,True,15.11.2024,2706215,1279548
102005292,10017856,475249,Büchelerstrasse,10,8212 Neuhausen am Rheinfall,2937,SH,real,True,15.11.2024,2688262,1282458
102005294,10106945,474995,Rosenbergstrasse,102,8212 Neuhausen am Rheinfall,2937,SH,real,True,15.11.2024,2688609,1283273
102005295,10031517,484564,Dorfstrasse,28,8219 Trasadingen,2973,SH,real,True,15.11.2024,2674511,1280143
102005302,10091172,470529,Schulgasse,7,8224 Löhningen,2903,SH,real,True,15.11.2024,2683673,1283951
102005303,10120418,475848,Rheinfallquai,5,8212 Neuhausen am Rheinfall,2937,SH,real,True,15.11.2024,2688117,1281643
102005311,10073102,484218,Lopengraben,5,8215 Hallau,2971,SH,real,True,15.11.2024,2676543,1283484
102005312,10046612,475612,Zollstrasse,82,8212 Neuhausen am Rheinfall,2937,SH,real,True,15.11.2024,2687414,1281483
102005313,10072983,471680,Unterdorf,25,8235 Lohn SH,2917,SH,real,True,15.11.2024,2692458,1290180
102005314,10091165,470347,Biberichweg,14,8224 Löhningen,2903,SH,real,True,15.11.2024,2683831,1284381
102005317,10017876,474561,Rheinhofgässchen,12,8212 Neuhausen am Rheinfall,2937,SH,real,True,15.11.2024,2688613,1282027
102005318,10178592,474840,Bohnenbergstrasse,14,8212 Neuhausen am Rheinfall,2937,SH,real,True,15.11.2024,2688362,1282654
102005319,10018165,475497,Wildenstrasse,5,8212 Neuhausen am Rheinfall,2937,SH,real,True,15.11.2024,2688577,1281801
102005320,10071982,1616238,Brodlaubegass,9,8260 Stein am Rhein,2964,SH,real,True,15.11.2024,2706718,1279820
102005326,10132131,474980,Buchenstrasse,90,8212 Neuhausen am Rheinfall,2937,SH,real,True,15.11.2024,2688551,1283353
102005327,10179737,481939,Adlerstrasse,4,8226 Schleitheim,2952,SH,real,True,15.11.2024,2678550,1289303
102005340,10178590,190586768,Staanackerstrasse,7,8232 Merishausen,2936,SH,real,True,15.11.2024,2687809,1290108
102005361,10121181,484484,Gass,5,8219 Trasadingen,2973,SH,real,True,15.11.2024,2674408,1280288
102005362,10103234,484538,Pfyffergässli,2,8219 Trasadingen,2973,SH,real,True,15.11.2024,2674573,1280112
102005363,10091400,484576,Hirschgass,5,8219 Trasadingen,2973,SH,real,True,15.11.2024,2674612,1280284
102005364,10179765,484584,Vortag,1,8219 Trasadingen,2973,SH,real,True,15.11.2024,2674638,1280319
102005371,10106941,470967,Oberwiesstrasse,27,8213 Neunkirch,2904,SH,real,True,15.11.2024,2679831,1282148
102005372,10128947,470923,Hinder Nüchilch,11,8213 Neunkirch,2904,SH,real,True,15.11.2024,2679764,1282063
102005373,10048895,470872,Hasenbergweg,3,8213 Neunkirch,2904,SH,real,True,15.11.2024,2679439,1282122
102005374,10027511,470945,Oberwiesweg,7,8213 Neunkirch,2904,SH,real,True,15.11.2024,2679551,1282164
102005375,10186333,470804,Stiegring,9,8213 Neunkirch,2904,SH,real,True,15.11.2024,2679258,1282247
102005376,10027503,470839,Gigebuck,37,8213 Neunkirch,2904,SH,real,True,15.11.2024,2679027,1282219
102005377,10111804,470712,Hallauerstrasse,42,8213 Neunkirch,2904,SH,real,True,15.11.2024,2679009,1282873
102005378,10072963,470748,Weierbuckstrasse,9,8213 Neunkirch,2904,SH,real,True,15.11.2024,2680053,1282864
102005379,10027504,470645,Grabenstrasse,17,8213 Neunkirch,2904,SH,real,True,15.11.2024,2679502,1282617
102005380,10027501,470740,Chennerenweg,9,8213 Neunkirch,2904,SH,real,True,15.11.2024,2679880,1282955
102005381,10118353,471594,Ausserdorf,10,8235 Lohn SH,2917,SH,real,True,15.11.2024,2692342,1290249
102005382,10086756,471650,Gässli,28,8235 Lohn SH,2917,SH,real,True,15.11.2024,2692378,1290120
102005383,10104919,2717113,Wasserbrunnen,4,8235 Lohn SH,2917,SH,real,True,15.11.2024,2692634,1290061
102005384,10144429,191117150,Hegaustrasse,6,8235 Lohn SH,2917,SH,real,True,15.11.2024,2692707,1290356
102005385,10024958,471618,Dettenwies,7,8235 Lohn SH,2917,SH,real,True,15.11.2024,2692119,1289931
102005386,10072983,471684,Unterdorf,24,8235 Lohn SH,2917,SH,real,True,15.11.2024,2692464,1290158
102005387,10086758,471690,Quellenstrasse,4,8235 Lohn SH,2917,SH,real,True,15.11.2024,2692631,1290164
102005388,10153561,471608,Herti,2,8235 Lohn SH,2917,SH,real,True,15.11.2024,2692150,1290101
102005389,10024957,471713,Blattenacker,15,8235 Lohn SH,2917,SH,real,True,15.11.2024,2692352,1289981
102005390,10026342,470451,Hauptstrasse,97,8224 Löhningen,2903,SH,real,True,15.11.2024,2683245,1284005
102005391,10026344,2023493,Industriestrasse,4,8224 Löhningen,2903,SH,real,True,15.11.2024,2683218,1283944
102005392,10026342,3122037,Hauptstrasse,81,8224 Löhningen,2903,SH,real,True,15.11.2024,2683394,1283968
102005393,10058716,470467,Winkel,3,8224 Löhningen,2903,SH,real,True,15.11.2024,2683543,1283954
102005394,10026343,470500,Herrengasse,9,8224 Löhningen,2903,SH,real,True,15.11.2024,2683598,1283949
102005395,10106941,470913,Oberwiesstrasse,30,8213 Neunkirch,2904,SH,real,True,15.11.2024,2679902,1282018
102005396,10027516,470982,Taufgarten,8,8213 Neunkirch,2904,SH,real,True,15.11.2024,2679817,1282291
102005397,10128947,470921,Hinder Nüchilch,9,8213 Neunkirch,2904,SH,real,True,15.11.2024,2679733,1282072
102005398,10027511,470943,Oberwiesweg,3,8213 Neunkirch,2904,SH,real,True,15.11.2024,2679587,1282257
102005399,10068436,470934,Hasenbergstrasse,13,8213 Neunkirch,2904,SH,real,True,15.11.2024,2679491,1282054
102005400,10091177,470868,Haslacherweg,5,8213 Neunkirch,2904,SH,real,True,15.11.2024,2679410,1282079
102005401,10048895,470880,Hasenbergweg,4,8213 Neunkirch,2904,SH,real,True,15.11.2024,2679406,1282168
102005402,10027515,2716640,Stiegweg,13,8213 Neunkirch,2904,SH,real,True,15.11.2024,2679303,1282222
102005403,10186333,470801,Stiegring,12,8213 Neunkirch,2904,SH,real,True,15.11.2024,2679188,1282272
102005404,10091177,470862,Haslacherweg,17,8213 Neunkirch,2904,SH,real,True,15.11.2024,2679262,1282143
102005405,10027515,470852,Stiegweg,4,8213 Neunkirch,2904,SH,real,True,15.11.2024,2679332,1282308
102005406,10186333,470805,Stiegring,3,8213 Neunkirch,2904,SH,real,True,15.11.2024,2679250,1282272
102005407,10091185,9004000,Wettigraben,32,8213 Neunkirch,2904,SH,real,True,15.11.2024,2679556,1282657
102005416,10128949,474791,Hohfluhstrasse,1,8212 Neuhausen am Rheinfall,2937,SH,real,True,15.11.2024,2688500,1282777
102005417,10018166,474633,Zentralstrasse,141,8212 Neuhausen am Rheinfall,2937,SH,real,True,15.11.2024,2688877,1282477
102005418,10178592,474842,Bohnenbergstrasse,16,8212 Neuhausen am Rheinfall,2937,SH,real,True,15.11.2024,2688362,1282638
102005419,10017865,474852,Goldbergstrasse,1,8212 Neuhausen am Rheinfall,2937,SH,real,True,15.11.2024,2688529,1282938
102005420,10018166,475506,Zentralstrasse,27,8212 Neuhausen am Rheinfall,2937,SH,real,True,15.11.2024,2688634,1281837
102005421,10091247,474658,Charlottenweg,9,8212 Neuhausen am Rheinfall,2937,SH,real,True,15.11.2024,2688796,1282687
102005422,10046606,475461,Rheinfallstrasse,9,8212 Neuhausen am Rheinfall,2937,SH,real,True,15.11.2024,2688457,1281785
102005423,10091258,474565,Schaffhauserstrasse,16,8212 Neuhausen am Rheinfall,2937,SH,real,True,15.11.2024,2688641,1282093
102005424,10017865,474880,Goldbergstrasse,15,8212 Neuhausen am Rheinfall,2937,SH,real,True,15.11.2024,2688406,1282911
102005425,10018166,475514,Zentralstrasse,30,8212 Neuhausen am Rheinfall,2937,SH,real,True,15.11.2024,2688661,1281838
102005426,10106945,474935,Rosenbergstrasse,129,8212 Neuhausen am Rheinfall,2937,SH,real,True,15.11.2024,2688554,1283112
102005427,10118142,474362,Heimstrasse,5,8212 Neuhausen am Rheinfall,2937,SH,real,True,15.11.2024,2689003,1281688
102005428,10122554,475091,Zelgstrasse,21,8212 Neuhausen am Rheinfall,2937,SH,real,True,15.11.2024,2688441,1282161
102005429,10186343,474310,Rheingoldstrasse,28,8212 Neuhausen am Rheinfall,2937,SH,real,True,15.11.2024,2688856,1281788
102005805,10031523,484512,Zollstrasse,14,8219 Trasadingen,2973,SH,real,True,15.11.2024,2674755,1279745
102005842,10091171,470292,Rössligasse,30,8224 Löhningen,2903,SH,real,True,15.11.2024,2683665,1284179
102005844,10031523,484510,Zollstrasse,18,8219 Trasadingen,2973,SH,real,True,15.11.2024,2674720,1279734
102005854,10046605,473706,Dorfstrasse,30,8454 Buchberg,2933,SH,real,True,15.11.2024,2684676,1269770
102005855,10017878,475378,Rigiweg,3,8212 Neuhausen am Rheinfall,2937,SH,real,True,15.11.2024,2687504,1281467
102005861,10179744,482333,Hofackerstrasse,3,8225 Siblingen,2953,SH,real,True,15.11.2024,2681216,1285450
102005862,10032565,481833,Hallauerstrasse,8,8226 Schleitheim,2952,SH,real,True,15.11.2024,2678046,1288955
102005863,10026342,470426,Hauptstrasse,58,8224 Löhningen,2903,SH,real,True,15.11.2024,2683534,1283990
102005866,10111804,470704,Hallauerstrasse,38,8213 Neunkirch,2904,SH,real,True,15.11.2024,2679032,1282784
102005870,10110819,1615873,Espiweg,16,8260 Stein am Rhein,2964,SH,real,True,15.11.2024,2706593,1279555
102005871,10164493,484390,Dorfstrasse,6,8216 Oberhallau,2972,SH,real,True,15.11.2024,2677983,1284458
102005873,10073360,481910,Hebsackweg,14,8226 Schleitheim,2952,SH,real,True,15.11.2024,2678528,1288958
102005875,10032575,481796,Raaweg,20,8226 Schleitheim,2952,SH,real,True,15.11.2024,2678595,1289816
102005890,10111800,470038,Hanenbüelstieg,3,8214 Gächlingen,2901,SH,real,True,15.11.2024,2680055,1284534
102005891,10120397,470310,Haldenweg,28,8224 Löhningen,2903,SH,real,True,15.11.2024,2684005,1284146
102005892,10178593,474401,Flurlingerweg,64,8212 Neuhausen am Rheinfall,2937,SH,real,True,15.11.2024,2689139,1281904
102005893,10178592,474877,Bohnenbergstrasse,27,8212 Neuhausen am Rheinfall,2937,SH,real,True,15.11.2024,2688378,1282853
102005894,10017867,475680,Hofstettenstrasse,32,8212 Neuhausen am Rheinfall,2937,SH,real,True,15.11.2024,2687318,1281763
102005899,10091239,474150,Ledergasse,3,8232 Merishausen,2936,SH,real,True,15.11.2024,2687620,1290807
102005901,10025641,471927,Untere Wassergasse,10,8234 Stetten SH,2919,SH,real,True,15.11.2024,2691817,1288374
102005907,10091114,484170,Mühlegasse,12,8215 Hallau,2971,SH,real,True,15.11.2024,2676396,1283463
102005925,10048896,470897,Im Gässli,9,8213 Neunkirch,2904,SH,real,True,15.11.2024,2679610,1282421
102005926,10178594,475717,Irchelstrasse,36,8212 Neuhausen am Rheinfall,2937,SH,real,True,15.11.2024,2687447,1281545
102005931,10027503,470837,Gigebuck,33,8213 Neunkirch,2904,SH,real,True,15.11.2024,2679037,1282208
102005938,10206076,475869,Hinterdorfstrasse,27,8455 Rüdlingen,2938,SH,real,True,15.11.2024,2685259,1270163
102005939,10178595,474769,Nelkenstrasse,18,8212 Neuhausen am Rheinfall,2937,SH,real,True,15.11.2024,2688566,1282677
102005942,10080410,482240,Raabuck,4,8225 Siblingen,2953,SH,real,True,15.11.2024,2681377,1285237
102005943,10110819,1615868,Espiweg,24,8260 Stein am Rhein,2964,SH,real,True,15.11.2024,2706535,1279563
102005947,10091394,484084,Wunderklingerstrasse,55,8215 Hallau,2971,SH,real,True,15.11.2024,2676155,1283344
102005948,10178595,474776,Nelkenstrasse,4,8212 Neuhausen am Rheinfall,2937,SH,real,True,15.11.2024,2688556,1282623
102005952,10017853,475089,Beckenburgstrasse,13,8212 Neuhausen am Rheinfall,2937,SH,real,True,15.11.2024,2688417,1282121
102005955,10072963,470747,Weierbuckstrasse,13,8213 Neunkirch,2904,SH,real,True,15.11.2024,2680074,1282846
102005959,10179766,484717,Bettengasse,1,8217 Wilchingen,2974,SH,real,True,15.11.2024,2677508,1280140
102005960,10017864,474435,Gartenstrasse,7,8212 Neuhausen am Rheinfall,2937,SH,real,True,15.11.2024,2688959,1281930
102005961,10180888,481957,Randenstrasse,26,8226 Schleitheim,2952,SH,real,True,15.11.2024,2678901,1289448
102005966,10206070,475987,Sandgrubenhalde,8,8455 Rüdlingen,2938,SH,real,True,15.11.2024,2684870,1271488
102005975,10046639,484270,Trottenstrasse,7,8215 Hallau,2971,SH,real,True,15.11.2024,2676306,1283854
102005976,10104917,9018101,Blattenweg,1,8235 Lohn SH,2917,SH,real,True,15.11.2024,2692596,1290023
102005977,10026003,481822,Beggingerstrasse,31,8226 Schleitheim,2952,SH,real,True,15.11.2024,2678782,1289522
102005981,10090058,1616401,Mühlenstrasse,7,8260 Stein am Rhein,2964,SH,real,True,15.11.2024,2706995,1279915
102005984,10106940,470023,Hanenbüelstrasse,21,8214 Gächlingen,2901,SH,real,True,15.11.2024,2680043,1284618
102005987,10086756,471650,Gässli,26,8235 Lohn SH,2917,SH,real,True,15.11.2024,2692374,1290125
102005988,10086756,471649,Gässli,30,8235 Lohn SH,2917,SH,real,True,15.11.2024,2692375,1290104
102005989,10026342,470438,Hauptstrasse,47,8224 Löhningen,2903,SH,real,True,15.11.2024,2683575,1283978
102005990,10186331,470557,Berggasse,14,8224 Löhningen,2903,SH,real,True,15.11.2024,2683486,1283642
102005991,10091165,2712516,Biberichweg,20,8224 Löhningen,2903,SH,real,True,15.11.2024,2683856,1284335
102005992,10186333,470803,Stiegring,5,8213 Neunkirch,2904,SH,real,True,15.11.2024,2679227,1282264
102005993,10091240,474198,Rietstrasse,24,8232 Merishausen,2936,SH,real,True,15.11.2024,2687785,1290237
102005994,10121171,474789,Hegaustrasse,24,8212 Neuhausen am Rheinfall,2937,SH,real,True,15.11.2024,2688462,1282787
102005995,10026003,481828,Beggingerstrasse,23,8226 Schleitheim,2952,SH,real,True,15.11.2024,2678751,1289490
102005996,10080408,482273,Hauptstrasse,40,8225 Siblingen,2953,SH,real,True,15.11.2024,2681302,1285383
102005997,10031570,482340,Breitestrasse,17,8225 Siblingen,2953,SH,real,True,15.11.2024,2681487,1285489
102005998,10122740,482438,Lindenweg,7,8263 Buch SH,2961,SH,real,True,15.11.2024,2700941,1286029
102005999,10031927,1615904,Köhlerweid,19,8260 Stein am Rhein,2964,SH,real,True,15.11.2024,2705965,1279223
102006000,10117741,1616304,Oehningerstrasse,30,8260 Stein am Rhein,2964,SH,real,True,15.11.2024,2707389,1279591
102006001,10117742,483759,Untere Buckstrasse,18,8215 Hallau,2971,SH,real,True,15.11.2024,2677069,1283625
102006003,10031501,484208,Lahngasse,12,8215 Hallau,2971,SH,real,True,15.11.2024,2676490,1283525
102006004,10148816,484705,Hauptstrasse,19,8217 Wilchingen,2974,SH,real,True,15.11.2024,2677485,1280142
102006029,10185471,470665,Vordergasse,50,8213 Neunkirch,2904,SH,real,True,15.11.2024,2679508,1282713
102006030,10185471,470664,Vordergasse,48,8213 Neunkirch,2904,SH,real,True,15.11.2024,2679535,1282719
102006031,10185471,470630,Vordergasse,6,8213 Neunkirch,2904,SH,real,True,15.11.2024,2679716,1282734
102006032,10107064,470821,Gigeweg,6,8213 Neunkirch,2904,SH,real,True,15.11.2024,2679195,1282460
102006033,10185471,470633,Vordergasse,12,8213 Neunkirch,2904,SH,real,True,15.11.2024,2679690,1282732
102006034,10206076,475861,Hinterdorfstrasse,35,8455 Rüdlingen,2938,SH,real,True,15.11.2024,2685244,1270103
102006035,10205630,475882,Oberdorfweg,1,8455 Rüdlingen,2938,SH,real,True,15.11.2024,2685258,1270392
102006036,10073014,475898,Haselgass,11,8455 Rüdlingen,2938,SH,real,True,15.11.2024,2685335,1270451
102006037,10205629,475871,Hinterdorfweg,1,8455 Rüdlingen,2938,SH,real,True,15.11.2024,2685276,1270195
102006038,10206083,475904,Obere Rebbergstrasse,1,8455 Rüdlingen,2938,SH,real,True,15.11.2024,2685080,1270395
102006039,10206074,475920,Bungertweg,8,8455 Rüdlingen,2938,SH,real,True,15.11.2024,2685226,1270678
102006040,10018172,475948,Hauffeld,12,8455 Rüdlingen,2938,SH,real,True,15.11.2024,2685434,1270476
102006042,10018170,475912,Egghof,1,8455 Rüdlingen,2938,SH,real,True,15.11.2024,2686337,1272752
102006050,10027503,2023582,Gigebuck,5,8213 Neunkirch,2904,SH,real,True,15.11.2024,2679091,1282296
102006051,10027503,470844,Gigebuck,47,8213 Neunkirch,2904,SH,real,True,15.11.2024,2679045,1282243
102006066,10091178,470649,Hintergasse,37,8213 Neunkirch,2904,SH,real,True,15.11.2024,2679552,1282677
102006067,10091180,470579,Oberhofgasse,4,8213 Neunkirch,2904,SH,real,True,15.11.2024,2679732,1282759
102006068,10186928,470600,Mühlengasse,10,8213 Neunkirch,2904,SH,real,True,15.11.2024,2679689,1282762
102006069,10027506,470675,Herrengasse,24,8213 Neunkirch,2904,SH,real,True,15.11.2024,2679573,1282790
102006070,10117538,470826,Kleiner Letten,6,8213 Neunkirch,2904,SH,real,True,15.11.2024,2679422,1282529
102006071,10206076,475884,Hinterdorfstrasse,14,8455 Rüdlingen,2938,SH,real,True,15.11.2024,2685261,1270338
102006072,10073014,475901,Haselgass,1,8455 Rüdlingen,2938,SH,real,True,15.11.2024,2685301,1270474
102006073,10206071,475963,Steinenkreuzweg,1,8455 Rüdlingen,2938,SH,real,True,15.11.2024,2684575,1270625
102006074,10073020,476007,Underem Förlibuck,16,8455 Rüdlingen,2938,SH,real,True,15.11.2024,2684815,1270262
102006075,10205631,2027356,Sandgrubenstrasse,28,8455 Rüdlingen,2938,SH,real,True,15.11.2024,2684871,1271285
102006076,10206069,3145198,Oberdorfstrasse,8,8455 Rüdlingen,2938,SH,real,True,15.11.2024,2685045,1270359
102006077,10019582,2026493,Hinterburg,1,8232 Merishausen,2936,SH,real,True,15.11.2024,2687849,1290552
102006078,10108016,474057,Schmittengasse,4,8232 Merishausen,2936,SH,real,True,15.11.2024,2687868,1290474
102006079,10026342,470425,Hauptstrasse,52,8224 Löhningen,2903,SH,real,True,15.11.2024,2683527,1284008
102006080,10026341,470544,Gehr,2,8224 Löhningen,2903,SH,real,True,15.11.2024,2683806,1283879
102006081,10027493,470313,Rebhaldenweg,6,8224 Löhningen,2903,SH,real,True,15.11.2024,2683837,1284194
102006082,10091172,470528,Schulgasse,3,8224 Löhningen,2903,SH,real,True,15.11.2024,2683670,1283984
102006083,10091171,470476,Rössligasse,11,8224 Löhningen,2903,SH,real,True,15.11.2024,2683619,1284073
102006084,10027498,470321,Weinbergstrasse,17,8224 Löhningen,2903,SH,real,True,15.11.2024,2683869,1284225
102006085,10091173,470522,Strasshalden,32,8224 Löhningen,2903,SH,real,True,15.11.2024,2684305,1283933
102006120,10091251,475780,Glärnischstrasse,10,8212 Neuhausen am Rheinfall,2937,SH,real,True,15.11.2024,2687763,1281990
102006121,10018166,474596,Zentralstrasse,77,8212 Neuhausen am Rheinfall,2937,SH,real,True,15.11.2024,2688774,1282047
102006122,10046612,475397,Zollstrasse,49,8212 Neuhausen am Rheinfall,2937,SH,real,True,15.11.2024,2687801,1281763
102006123,10017867,475655,Hofstettenstrasse,5,8212 Neuhausen am Rheinfall,2937,SH,real,True,15.11.2024,2687375,1281722
102006124,10046608,474682,Schwanenfelsstrasse,18,8212 Neuhausen am Rheinfall,2937,SH,real,True,15.11.2024,2688640,1282658
102006125,10017861,474692,Feldeggstrasse,9,8212 Neuhausen am Rheinfall,2937,SH,real,True,15.11.2024,2688544,1282509
102006126,10114701,470007,Im Chapf,13,8214 Gächlingen,2901,SH,real,True,15.11.2024,2679674,1284669
102006127,10026326,2023148,Talstrasse,13,8214 Gächlingen,2901,SH,real,True,15.11.2024,2679208,1284211
102006128,10111800,470037,Hanenbüelstieg,2,8214 Gächlingen,2901,SH,real,True,15.11.2024,2680072,1284579
102006129,10026319,2712773,Brüelstrasse,17,8214 Gächlingen,2901,SH,real,True,15.11.2024,2679524,1284269
102006130,10120396,470224,Neunkircherstrasse,12,8214 Gächlingen,2901,SH,real,True,15.11.2024,2679640,1283802
102006131,10186927,470100,Brüelgässli,1,8214 Gächlingen,2901,SH,real,True,15.11.2024,2679530,1284140
102006522,10018166,474634,Zentralstrasse,143,8212 Neuhausen am Rheinfall,2937,SH,real,True,15.11.2024,2688875,1282501
102006528,10046608,474708,Schwanenfelsstrasse,4,8212 Neuhausen am Rheinfall,2937,SH,real,True,15.11.2024,2688607,1282540
102006531,10073089,1616149,Choligass,1,8260 Stein am Rhein,2964,SH,real,True,15.11.2024,2706601,1279853
102006532,10026342,470527,Hauptstrasse,27,8224 Löhningen,2903,SH,real,True,15.11.2024,2683684,1284004
102006533,10161512,473790,Hohlegasse,7,8454 Buchberg,2933,SH,real,True,15.11.2024,2684461,1269656
102006534,10186343,474277,Rheingoldstrasse,16,8212 Neuhausen am Rheinfall,2937,SH,real,True,15.11.2024,2688783,1281760
102006536,10074402,474540,Marktgasse,1,8212 Neuhausen am Rheinfall,2937,SH,real,True,15.11.2024,2688678,1281914
102006537,10017867,475668,Hofstettenstrasse,17,8212 Neuhausen am Rheinfall,2937,SH,real,True,15.11.2024,2687463,1281820
102006538,10018163,475742,Tödistrasse,5,8212 Neuhausen am Rheinfall,2937,SH,real,True,15.11.2024,2687751,1281876
102006539,10032568,481633,Hölderlistrasse,26,8226 Schleitheim,2952,SH,real,True,15.11.2024,2677629,1289145
102006540,10032557,481669,Bolstiig,27,8226 Schleitheim,2952,SH,real,True,15.11.2024,2678228,1289444
102006541,10031570,482341,Breitestrasse,15,8225 Siblingen,2953,SH,real,True,15.11.2024,2681477,1285455
102006542,10071686,482505,Dorfstrasse,48,8261 Hemishofen,2962,SH,real,True,15.11.2024,2704195,1281743
102006543,10091108,1616389,Zwinglistrasse,13,8260 Stein am Rhein,2964,SH,real,True,15.11.2024,2706919,1280240
102006544,10127690,483945,Im Winkel,12,8215 Hallau,2971,SH,real,True,15.11.2024,2676541,1283422
102006545,10033112,483976,Haingartenstrasse,26,8215 Hallau,2971,SH,real,True,15.11.2024,2676571,1283220
102006829,10192061,482381,Ghahof,137,8225 Siblingen,2953,SH,real,True,15.11.2024,2681235,1286359
102007479,10072964,191252952,Zelgstrasse,5,8213 Neunkirch,2904,SH,real,True,15.11.2024,2679846,1283025
102008447,10024965,191252650,Thayngerstrasse,14b,8235 Lohn SH,2917,SH,real,True,15.11.2024,2692501,1290153
102008448,10153561,191252651,Herti,5,8235 Lohn SH,2917,SH,real,True,15.11.2024,2692078,1290126
102011962,10031497,483772,Hammermauer,3,8215 Hallau,2971,SH,real,True,15.11.2024,2676751,1283574
102011963,10179759,483738,Bergstrasse,17,8215 Hallau,2971,SH,real,True,15.11.2024,2676749,1283643
102011964,10091392,2032877,Schöneckstrasse,16,8215 Hallau,2971,SH,real,True,15.11.2024,2676592,1283389
102011965,10091394,484086,Wunderklingerstrasse,49,8215 Hallau,2971,SH,real,True,15.11.2024,2676196,1283350
102011966,10031499,483955,Hauptstrasse,4,8215 Hallau,2971,SH,real,True,15.11.2024,2676484,1283385
102011967,10179760,484140,Festistrasse,20,8215 Hallau,2971,SH,real,True,15.11.2024,2676235,1283396
102011968,10179760,484146,Festistrasse,17,8215 Hallau,2971,SH,real,True,15.11.2024,2676255,1283396
102011969,10031945,484250,Fernsichtstrasse,18,8215 Hallau,2971,SH,real,True,15.11.2024,2676212,1283543
102011975,10087063,472917,Dorfstrasse,8,8233 Bargen SH,2931,SH,real,True,15.11.2024,2687753,1294139
102011976,10185487,472943,Am Stägli,9,8233 Bargen SH,2931,SH,real,True,15.11.2024,2687905,1294062
102011978,10087064,472915,Mandacherstrasse,7,8233 Bargen SH,2931,SH,real,True,15.11.2024,2687707,1294177
102011979,10073634,472899,Schulstrasse,6,8233 Bargen SH,2931,SH,real,True,15.11.2024,2687968,1294234
102012004,10091256,474359,Pestalozzistrasse,34,8212 Neuhausen am Rheinfall,2937,SH,real,True,15.11.2024,2688979,1281819
102012005,10046612,475611,Zollstrasse,80,8212 Neuhausen am Rheinfall,2937,SH,real,True,15.11.2024,2687426,1281495
102012006,10017864,474450,Gartenstrasse,8,8212 Neuhausen am Rheinfall,2937,SH,real,True,15.11.2024,2688972,1281927
102012007,10017855,475634,Birchstrasse,3,8212 Neuhausen am Rheinfall,2937,SH,real,True,15.11.2024,2687214,1281565
102012011,10017858,474519,Echostrasse,30,8212 Neuhausen am Rheinfall,2937,SH,real,True,15.11.2024,2688914,1282223
102012024,10031498,484194,Hauengasse,2,8215 Hallau,2971,SH,real,True,15.11.2024,2676488,1283448
102012027,10053256,482422,Sunneggstrasse,4,8263 Buch SH,2961,SH,real,True,15.11.2024,2700772,1286008
102012033,10053246,481504,Wiesental,9,8228 Beggingen,2951,SH,real,True,15.11.2024,2682058,1290930
102012035,10087229,1616411,Blaurockstrasse,24,8260 Stein am Rhein,2964,SH,real,True,15.11.2024,2706622,1280210
102012036,10017868,475197,Klettgauerstrasse,54,8212 Neuhausen am Rheinfall,2937,SH,real,True,15.11.2024,2688116,1282214
102012037,10018159,475316,Schöneggstrasse,30,8212 Neuhausen am Rheinfall,2937,SH,real,True,15.11.2024,2688414,1282599
102012038,10031923,2031896,Hemishoferstrasse,93,8260 Stein am Rhein,2964,SH,real,True,15.11.2024,2705727,1280472
102012039,10073090,190159467,Grossi Schanz,30,8260 Stein am Rhein,2964,SH,real,True,15.11.2024,2706629,1280005
102012040,10031933,1616042,Rhiweg,36,8260 Stein am Rhein,2964,SH,real,True,15.11.2024,2706862,1279325
102012279,10017852,475755,Bachtelstrasse,9,8212 Neuhausen am Rheinfall,2937,SH,real,True,15.11.2024,2687849,1282068
102012280,10074404,2027243,Speerblick,1,8212 Neuhausen am Rheinfall,2937,SH,real,True,15.11.2024,2687862,1281990
102012281,10091251,475776,Glärnischstrasse,6,8212 Neuhausen am Rheinfall,2937,SH,real,True,15.11.2024,2687797,1281955
102012282,10091251,475777,Glärnischstrasse,7,8212 Neuhausen am Rheinfall,2937,SH,real,True,15.11.2024,2687764,1281961
102012283,10091255,474581,Mattenstrasse,2,8212 Neuhausen am Rheinfall,2937,SH,real,True,15.11.2024,2688742,1282061
102012284,10091255,474584,Mattenstrasse,11,8212 Neuhausen am Rheinfall,2937,SH,real,True,15.11.2024,2688769,1282170
102012285,10178591,474587,Arthur-Moser-Strasse,3,8212 Neuhausen am Rheinfall,2937,SH,real,True,15.11.2024,2688801,1282136
102012286,10110813,474576,Neusatzstrasse,4,8212 Neuhausen am Rheinfall,2937,SH,real,True,15.11.2024,2688712,1282080
102012287,10046612,475395,Zollstrasse,45,8212 Neuhausen am Rheinfall,2937,SH,real,True,15.11.2024,2687823,1281791
102012288,10017874,475791,Neubergstrasse,34,8212 Neuhausen am Rheinfall,2937,SH,real,True,15.11.2024,2687750,1281949
102012289,10017874,475748,Neubergstrasse,45,8212 Neuhausen am Rheinfall,2937,SH,real,True,15.11.2024,2687726,1281820
102012290,10046612,475804,Zollstrasse,38,8212 Neuhausen am Rheinfall,2937,SH,real,True,15.11.2024,2687843,1281893
102012291,10017867,475670,Hofstettenstrasse,24,8212 Neuhausen am Rheinfall,2937,SH,real,True,15.11.2024,2687419,1281832
102012292,10108020,474674,Zubastrasse,23,8212 Neuhausen am Rheinfall,2937,SH,real,True,15.11.2024,2688727,1282524
102012293,10046608,474681,Schwanenfelsstrasse,16,8212 Neuhausen am Rheinfall,2937,SH,real,True,15.11.2024,2688636,1282643
102012294,10106945,474687,Rosenbergstrasse,46,8212 Neuhausen am Rheinfall,2937,SH,real,True,15.11.2024,2688535,1282482
102012295,10091396,484404,Hinterdorfstrasse,12,8216 Oberhallau,2972,SH,real,True,15.11.2024,2678102,1284571
102012296,10164493,484339,Dorfstrasse,14,8216 Oberhallau,2972,SH,real,True,15.11.2024,2677931,1284342
102012297,10162284,2715724,Püntweg,1,8216 Oberhallau,2972,SH,real,True,15.11.2024,2677987,1284682
102012298,10153985,101525198,Rohrstrasse,27,8216 Oberhallau,2972,SH,real,True,15.11.2024,2677711,1284269
102012299,10091397,484386,Krongasse,16,8216 Oberhallau,2972,SH,real,True,15.11.2024,2678121,1284806
102012340,10031569,482202,Am Stei,6,8225 Siblingen,2953,SH,real,True,15.11.2024,2680960,1285343
102012341,10073370,482218,Im Winkel,1,8225 Siblingen,2953,SH,real,True,15.11.2024,2681162,1285390
102012342,10080408,482277,Hauptstrasse,44,8225 Siblingen,2953,SH,real,True,15.11.2024,2681256,1285400
102012343,10080409,482188,In der Au,12,8225 Siblingen,2953,SH,real,True,15.11.2024,2681152,1285206
102012390,10087038,471923,Brämlenstrasse,3,8234 Stetten SH,2919,SH,real,True,15.11.2024,2691521,1288254
102012391,10072986,3145183,Braatistrasse,24,8234 Stetten SH,2919,SH,real,True,15.11.2024,2691463,1287981
102012393,10149930,484644,Winkelstrasse,10,8217 Wilchingen,2974,SH,real,True,15.11.2024,2677367,1280106
102012398,10195244,484531,Undergass,6,8219 Trasadingen,2973,SH,real,True,15.11.2024,2674646,1280067
102012409,10091391,484054,Rohrackerstrasse,12,8215 Hallau,2971,SH,real,True,15.11.2024,2676122,1282964
102012413,10031497,483768,Hammermauer,10,8215 Hallau,2971,SH,real,True,15.11.2024,2676793,1283572
102012414,10091394,484089,Wunderklingerstrasse,13,8215 Hallau,2971,SH,real,True,15.11.2024,2676394,1283373
102012673,10164493,484354,Dorfstrasse,1,8216 Oberhallau,2972,SH,real,True,15.11.2024,2678007,1284432
102012674,10164493,484362,Dorfstrasse,19,8216 Oberhallau,2972,SH,real,True,15.11.2024,2677940,1284267
102012675,10164493,484323,Dorfstrasse,25,8216 Oberhallau,2972,SH,real,True,15.11.2024,2677927,1284175
102012676,10091396,484422,Hinterdorfstrasse,31,8216 Oberhallau,2972,SH,real,True,15.11.2024,2678017,1284649
102012677,10162015,484392,Im Winkel,1,8216 Oberhallau,2972,SH,real,True,15.11.2024,2677991,1284471
102012678,10164493,484326,Dorfstrasse,20,8216 Oberhallau,2972,SH,real,True,15.11.2024,2677932,1284305
102012679,10046608,474709,Schwanenfelsstrasse,5,8212 Neuhausen am Rheinfall,2937,SH,real,True,15.11.2024,2688580,1282561
102012684,10080408,482258,Hauptstrasse,14,8225 Siblingen,2953,SH,real,True,15.11.2024,2681439,1285242
102012685,10080408,482226,Hauptstrasse,35,8225 Siblingen,2953,SH,real,True,15.11.2024,2681321,1285350
102012686,10080408,482267,Hauptstrasse,26,8225 Siblingen,2953,SH,real,True,15.11.2024,2681397,1285351
102012767,10017856,475251,Büchelerstrasse,14,8212 Neuhausen am Rheinfall,2937,SH,real,True,15.11.2024,2688214,1282499
102012768,10025640,471811,Staaringelackerstrasse,12,8234 Stetten SH,2919,SH,real,True,15.11.2024,2691793,1288753
102012774,10031937,1616335,Spittelmüli,9,8260 Stein am Rhein,2964,SH,real,True,15.11.2024,2706922,1279922
102012775,10071982,1616232,Brodlaubegass,1,8260 Stein am Rhein,2964,SH,real,True,15.11.2024,2706699,1279797
102012776,10018162,474919,Tannenstrasse,21,8212 Neuhausen am Rheinfall,2937,SH,real,True,15.11.2024,2688375,1283088
102012780,10206069,3145196,Oberdorfstrasse,7,8455 Rüdlingen,2938,SH,real,True,15.11.2024,2685031,1270398
102012781,10021938,470813,Wilchingerstrasse,6,8213 Neunkirch,2904,SH,real,True,15.11.2024,2679239,1282345
102012782,10019559,473719,Erlistrasse,29,8454 Buchberg,2933,SH,real,True,15.11.2024,2684407,1269867
102012797,10046637,1616492,Huberlistrasse,5,8260 Stein am Rhein,2964,SH,real,True,15.11.2024,2706144,1280426
102012798,10132131,474975,Buchenstrasse,85,8212 Neuhausen am Rheinfall,2937,SH,real,True,15.11.2024,2688527,1283351
102012799,10091244,475437,Badische Bahnhofstrasse,5,8212 Neuhausen am Rheinfall,2937,SH,real,True,15.11.2024,2688379,1281952
102012801,10024975,2715058,Lohnemerstrasse,25,8234 Stetten SH,2919,SH,real,True,15.11.2024,2691799,1288789
102012802,10017853,475084,Beckenburgstrasse,1,8212 Neuhausen am Rheinfall,2937,SH,real,True,15.11.2024,2688298,1282077
102012803,10017862,474318,Florastrasse,2,8212 Neuhausen am Rheinfall,2937,SH,real,True,15.11.2024,2688960,1281823
102012804,10074400,2713929,Hardstrasse,35,8212 Neuhausen am Rheinfall,2937,SH,real,True,15.11.2024,2687797,1282028
102013021,10108020,474722,Zubastrasse,1,8212 Neuhausen am Rheinfall,2937,SH,real,True,15.11.2024,2688524,1282547
102013022,10106945,474742,Rosenbergstrasse,52,8212 Neuhausen am Rheinfall,2937,SH,real,True,15.11.2024,2688526,1282554
102013023,10017861,474697,Feldeggstrasse,3,8212 Neuhausen am Rheinfall,2937,SH,real,True,15.11.2024,2688545,1282473
102013024,10017873,474718,Mittelstrasse,8,8212 Neuhausen am Rheinfall,2937,SH,real,True,15.11.2024,2688573,1282579
102013025,10114701,470012,Im Chapf,3,8214 Gächlingen,2901,SH,real,True,15.11.2024,2679772,1284641
102013026,10026328,2717169,Wiesenstrasse,18,8214 Gächlingen,2901,SH,real,True,15.11.2024,2679559,1284359
102013027,10048892,470112,Niederwiesenstrasse,14,8214 Gächlingen,2901,SH,real,True,15.11.2024,2679216,1284188
102013028,10110808,470195,Im Chloster,37,8214 Gächlingen,2901,SH,real,True,15.11.2024,2679119,1283911
102013029,10106940,470028,Hanenbüelstrasse,3,8214 Gächlingen,2901,SH,real,True,15.11.2024,2679915,1284512
102013030,10026319,470076,Brüelstrasse,19,8214 Gächlingen,2901,SH,real,True,15.11.2024,2679548,1284293
102013031,10026324,470019,Obere Hanenbüelstrasse,18,8214 Gächlingen,2901,SH,real,True,15.11.2024,2679948,1284607
102013032,10106940,470034,Hanenbüelstrasse,10,8214 Gächlingen,2901,SH,real,True,15.11.2024,2679987,1284520
102013038,10178594,475716,Irchelstrasse,34,8212 Neuhausen am Rheinfall,2937,SH,real,True,15.11.2024,2687460,1281548
102013039,10017867,475657,Hofstettenstrasse,10,8212 Neuhausen am Rheinfall,2937,SH,real,True,15.11.2024,2687407,1281715
102013040,10106945,474754,Rosenbergstrasse,80,8212 Neuhausen am Rheinfall,2937,SH,real,True,15.11.2024,2688523,1282700
102013041,10018160,475736,Schützenstrasse,15,8212 Neuhausen am Rheinfall,2937,SH,real,True,15.11.2024,2687623,1281685
102013042,10046612,475390,Zollstrasse,71,8212 Neuhausen am Rheinfall,2937,SH,real,True,15.11.2024,2687654,1281591
102013043,10178593,474392,Flurlingerweg,46,8212 Neuhausen am Rheinfall,2937,SH,real,True,15.11.2024,2689136,1281854
102013044,10017869,475601,Langrietstrasse,7,8212 Neuhausen am Rheinfall,2937,SH,real,True,15.11.2024,2687338,1281497
102013045,10091256,474455,Pestalozzistrasse,35,8212 Neuhausen am Rheinfall,2937,SH,real,True,15.11.2024,2689000,1281851
102013046,10091256,474415,Pestalozzistrasse,2,8212 Neuhausen am Rheinfall,2937,SH,real,True,15.11.2024,2688761,1281959
102013047,10017857,475541,Chlaffentalstrasse,44,8212 Neuhausen am Rheinfall,2937,SH,real,True,15.11.2024,2686967,1281181
102013048,10017869,475587,Langrietstrasse,24,8212 Neuhausen am Rheinfall,2937,SH,real,True,15.11.2024,2687173,1281453
102013049,10017857,475546,Chlaffentalstrasse,34,8212 Neuhausen am Rheinfall,2937,SH,real,True,15.11.2024,2686991,1281185
102013074,10113212,482317,Grabenstrasse,40,8225 Siblingen,2953,SH,real,True,15.11.2024,2681209,1285619
102013075,10113212,482309,Grabenstrasse,64,8225 Siblingen,2953,SH,real,True,15.11.2024,2681307,1285779
102013076,10031578,482354,Schoopacker,9,8225 Siblingen,2953,SH,real,True,15.11.2024,2681267,1285979
102013077,10031578,482361,Schoopacker,10,8225 Siblingen,2953,SH,real,True,15.11.2024,2681269,1286011
102013078,10113212,482304,Grabenstrasse,51,8225 Siblingen,2953,SH,real,True,15.11.2024,2681232,1285704
102013079,10031578,482365,Schoopacker,13,8225 Siblingen,2953,SH,real,True,15.11.2024,2681352,1286023
102013080,10031578,482373,Schoopacker,23,8225 Siblingen,2953,SH,real,True,15.11.2024,2681368,1286094
102013081,10031577,101207304,Randenstrasse,11,8225 Siblingen,2953,SH,real,True,15.11.2024,2681420,1285624
102013082,10087062,2712667,Am Bohl,8,8233 Bargen SH,2931,SH,real,True,15.11.2024,2687653,1294160
102013083,10087063,472908,Dorfstrasse,4,8233 Bargen SH,2931,SH,real,True,15.11.2024,2687818,1294147
102013084,10087062,472920,Am Bohl,1,8233 Bargen SH,2931,SH,real,True,15.11.2024,2687706,1294108
102013085,10087064,472911,Mandacherstrasse,2,8233 Bargen SH,2931,SH,real,True,15.11.2024,2687779,1294163
102013086,10087064,2715104,Mandacherstrasse,13,8233 Bargen SH,2931,SH,real,True,15.11.2024,2687630,1294205
102013152,10031919,1615958,Degerfelderweg,17,8260 Stein am Rhein,2964,SH,real,True,15.11.2024,2706191,1279202
102013158,10032574,481743,Poststrasse,2,8226 Schleitheim,2952,SH,real,True,15.11.2024,2678555,1289399
102013159,10085765,481871,Bahnhofstrasse,5,8226 Schleitheim,2952,SH,real,True,15.11.2024,2678241,1289108
102013160,10080408,482236,Hauptstrasse,11,8225 Siblingen,2953,SH,real,True,15.11.2024,2681406,1285239
102013161,10031578,482367,Schoopacker,12,8225 Siblingen,2953,SH,real,True,15.11.2024,2681390,1286048
102013162,10071686,2713352,Dorfstrasse,35,8261 Hemishofen,2962,SH,real,True,15.11.2024,2704212,1281691
102013163,10031499,483797,Hauptstrasse,121,8215 Hallau,2971,SH,real,True,15.11.2024,2676980,1283542
102013164,10179759,483727,Bergstrasse,11,8215 Hallau,2971,SH,real,True,15.11.2024,2676729,1283629
102013170,10179748,482569,Unterdorf,5,8261 Hemishofen,2962,SH,real,True,15.11.2024,2704452,1281515
102013177,10074396,475401,Brunnenwiesenstrasse,22,8212 Neuhausen am Rheinfall,2937,SH,real,True,15.11.2024,2687800,1281734
102013182,10091256,474417,Pestalozzistrasse,8,8212 Neuhausen am Rheinfall,2937,SH,real,True,15.11.2024,2688806,1281926
102013378,10073106,484374,Heerengasse,11,8216 Oberhallau,2972,SH,real,True,15.11.2024,2678097,1284364
102013379,10162015,484393,Im Winkel,2,8216 Oberhallau,2972,SH,real,True,15.11.2024,2678013,1284478
102013380,10153985,2712220,Rohrstrasse,24,8216 Oberhallau,2972,SH,real,True,15.11.2024,2677796,1284299
102013381,10187871,484430,Püntstrasse,4,8216 Oberhallau,2972,SH,real,True,15.11.2024,2677957,1284621
102013382,10162284,484423,Püntweg,4,8216 Oberhallau,2972,SH,real,True,15.11.2024,2677941,1284684
102013383,10153985,484343,Rohrstrasse,6,8216 Oberhallau,2972,SH,real,True,15.11.2024,2677856,1284406
102013384,10162014,484416,Wettistrasse,14,8216 Oberhallau,2972,SH,real,True,15.11.2024,2678031,1284577
102013385,10031512,484349,Hinterer Berghof,120,8216 Oberhallau,2972,SH,real,True,15.11.2024,2677503,1285904
102013386,10073106,484376,Heerengasse,15,8216 Oberhallau,2972,SH,real,True,15.11.2024,2678084,1284312
102013387,10118350,470004,Chapfstrasse,10,8214 Gächlingen,2901,SH,real,True,15.11.2024,2679705,1284631
102013388,10087012,470055,Isengartenstrasse,5,8214 Gächlingen,2901,SH,real,True,15.11.2024,2679987,1284456
102013389,10136262,470050,Müliweg,2,8214 Gächlingen,2901,SH,real,True,15.11.2024,2679797,1284335
102013390,10087012,470043,Isengartenstrasse,14,8214 Gächlingen,2901,SH,real,True,15.11.2024,2680035,1284460
102013391,10026320,470084,Dorfstrasse,35,8214 Gächlingen,2901,SH,real,True,15.11.2024,2679633,1284252
102013392,10136921,101204820,Chapfweg,29,8214 Gächlingen,2901,SH,real,True,15.11.2024,2679751,1284543
102013393,10026324,2023028,Obere Hanenbüelstrasse,8,8214 Gächlingen,2901,SH,real,True,15.11.2024,2679908,1284574
102013394,10118350,2712903,Chapfstrasse,7,8214 Gächlingen,2901,SH,real,True,15.11.2024,2679679,1284591
102013395,10120396,470225,Neunkircherstrasse,14,8214 Gächlingen,2901,SH,real,True,15.11.2024,2679660,1283736
102013396,10087013,470126,Schulgasse,5,8214 Gächlingen,2901,SH,real,True,15.11.2024,2679345,1284080
102013397,10058932,470193,Gemeindehausplatz,3,8214 Gächlingen,2901,SH,real,True,15.11.2024,2679482,1284084
102013398,10026325,470219,Römerstrasse,13,8214 Gächlingen,2901,SH,real,True,15.11.2024,2679753,1284010
102013399,10026320,470092,Dorfstrasse,13,8214 Gächlingen,2901,SH,real,True,15.11.2024,2679606,1284175
102013400,10048893,470103,Schulstrasse,12,8214 Gächlingen,2901,SH,real,True,15.11.2024,2679465,1284141
102013401,10112907,474504,Rabenfluhstrasse,17,8212 Neuhausen am Rheinfall,2937,SH,real,True,15.11.2024,2688982,1282255
102013402,10046612,2027195,Zollstrasse,103,8212 Neuhausen am Rheinfall,2937,SH,real,True,15.11.2024,2687147,1280954
102013403,10017857,475550,Chlaffentalstrasse,26,8212 Neuhausen am Rheinfall,2937,SH,real,True,15.11.2024,2687005,1281230
102013404,10017855,475637,Birchstrasse,6,8212 Neuhausen am Rheinfall,2937,SH,real,True,15.11.2024,2687110,1281567
102013405,10106945,475149,Rosenbergstrasse,23,8212 Neuhausen am Rheinfall,2937,SH,real,True,15.11.2024,2688370,1282201
102013406,10017868,475217,Klettgauerstrasse,70,8212 Neuhausen am Rheinfall,2937,SH,real,True,15.11.2024,2688065,1282384
102013407,10017860,475193,Engestrasse,25,8212 Neuhausen am Rheinfall,2937,SH,real,True,15.11.2024,2688178,1282310
102013408,10106945,475118,Rosenbergstrasse,6,8212 Neuhausen am Rheinfall,2937,SH,real,True,15.11.2024,2688224,1282130
102013409,10091249,475155,Felsstrasse,8,8212 Neuhausen am Rheinfall,2937,SH,real,True,15.11.2024,2688182,1282199
102013436,10018443,472895,Steigstrasse,15,8233 Bargen SH,2931,SH,real,True,15.11.2024,2686452,1294828
102013498,10091396,484406,Hinterdorfstrasse,9,8216 Oberhallau,2972,SH,real,True,15.11.2024,2678072,1284459
102013499,10162276,484359,Mitteldorfstrasse,12,8216 Oberhallau,2972,SH,real,True,15.11.2024,2678014,1284322
102013500,10162014,484391,Wettistrasse,6,8216 Oberhallau,2972,SH,real,True,15.11.2024,2677943,1284505
102013501,10186927,470097,Brüelgässli,3,8214 Gächlingen,2901,SH,real,True,15.11.2024,2679540,1284145
102013502,10017868,475098,Klettgauerstrasse,28,8212 Neuhausen am Rheinfall,2937,SH,real,True,15.11.2024,2688244,1282081
102013504,10113210,481689,Lindenstrasse,34,8226 Schleitheim,2952,SH,real,True,15.11.2024,2677799,1289163
102013507,10027498,470317,Weinbergstrasse,4,8224 Löhningen,2903,SH,real,True,15.11.2024,2683904,1284071
102013529,10031499,483815,Hauptstrasse,108,8215 Hallau,2971,SH,real,True,15.11.2024,2676944,1283526
102013530,10031499,483779,Hauptstrasse,87,8215 Hallau,2971,SH,real,True,15.11.2024,2676842,1283514
102013532,10031590,482525,Randenstrasse,1,8261 Hemishofen,2962,SH,real,True,15.11.2024,2705082,1281280
102013655,10111814,472932,Im Tal,5,8233 Bargen SH,2931,SH,real,True,15.11.2024,2687717,1294039
102013719,10091247,474740,Charlottenweg,43,8212 Neuhausen am Rheinfall,2937,SH,real,True,15.11.2024,2688547,1282730
102013720,10178595,474773,Nelkenstrasse,10,8212 Neuhausen am Rheinfall,2937,SH,real,True,15.11.2024,2688560,1282645
102013721,10178594,475708,Irchelstrasse,25,8212 Neuhausen am Rheinfall,2937,SH,real,True,15.11.2024,2687536,1281562
102013722,10046612,475733,Zollstrasse,58,8212 Neuhausen am Rheinfall,2937,SH,real,True,15.11.2024,2687648,1281650
102013723,10074397,475379,Durstgrabenstrasse,6,8212 Neuhausen am Rheinfall,2937,SH,real,True,15.11.2024,2687621,1281511
102013724,10178594,475692,Irchelstrasse,9,8212 Neuhausen am Rheinfall,2937,SH,real,True,15.11.2024,2687596,1281600
102013725,10046612,9018119,Zollstrasse,52,8212 Neuhausen am Rheinfall,2937,SH,real,True,15.11.2024,2687710,1281716
102013726,10017857,475561,Chlaffentalstrasse,4,8212 Neuhausen am Rheinfall,2937,SH,real,True,15.11.2024,2687096,1281297
102013727,10178593,474372,Flurlingerweg,6,8212 Neuhausen am Rheinfall,2937,SH,real,True,15.11.2024,2689171,1281714
102013728,10178593,474382,Flurlingerweg,22,8212 Neuhausen am Rheinfall,2937,SH,real,True,15.11.2024,2689140,1281803
102013754,10017877,474350,Rheinstrasse,77,8212 Neuhausen am Rheinfall,2937,SH,real,True,15.11.2024,2688999,1281799
102013755,10108017,474444,Bahnsteigstrasse,13,8212 Neuhausen am Rheinfall,2937,SH,real,True,15.11.2024,2689048,1281933
102013756,10178593,474386,Flurlingerweg,34,8212 Neuhausen am Rheinfall,2937,SH,real,True,15.11.2024,2689163,1281811
102013761,10091246,475339,Bergstrasse,6,8212 Neuhausen am Rheinfall,2937,SH,real,True,15.11.2024,2688409,1282495
102013762,10118357,475432,Rhenaniastrasse,7,8212 Neuhausen am Rheinfall,2937,SH,real,True,15.11.2024,2687967,1281970
102013763,10017854,475420,Berbiceweg,10,8212 Neuhausen am Rheinfall,2937,SH,real,True,15.11.2024,2688004,1281844
102013764,10108018,475354,Galgenbuckstrasse,12,8212 Neuhausen am Rheinfall,2937,SH,real,True,15.11.2024,2688231,1282541
102013765,10017860,475285,Engestrasse,70,8212 Neuhausen am Rheinfall,2937,SH,real,True,15.11.2024,2688101,1282568
102013766,10017874,475821,Neubergstrasse,10,8212 Neuhausen am Rheinfall,2937,SH,real,True,15.11.2024,2687928,1282087
102013767,10091247,2026960,Charlottenweg,46,8212 Neuhausen am Rheinfall,2937,SH,real,True,19.11.2024,2688572,1282777
102013768,10017856,475235,Büchelerstrasse,7,8212 Neuhausen am Rheinfall,2937,SH,real,True,15.11.2024,2688257,1282434
102013769,10091258,474623,Schaffhauserstrasse,38,8212 Neuhausen am Rheinfall,2937,SH,real,True,15.11.2024,2688806,1282373
102013780,10164493,2033222,Dorfstrasse,29,8216 Oberhallau,2972,SH,real,True,15.11.2024,2677819,1284094
102013791,10120396,470203,Neunkircherstrasse,1,8214 Gächlingen,2901,SH,real,True,15.11.2024,2679541,1283988
102013792,10026320,470082,Dorfstrasse,39,8214 Gächlingen,2901,SH,real,True,15.11.2024,2679650,1284248
102013793,10117537,470150,Oberer Hof,1,8214 Gächlingen,2901,SH,real,True,15.11.2024,2679720,1284290
102013794,10026320,470160,Dorfstrasse,38,8214 Gächlingen,2901,SH,real,True,15.11.2024,2679656,1284207
102013814,10135340,482555,In Pratle,4,8261 Hemishofen,2962,SH,real,True,15.11.2024,2704596,1281510
102013815,10031589,2715531,Im Oberfeld,8,8261 Hemishofen,2962,SH,real,True,15.11.2024,2704795,1281471
102013825,10031586,482502,Hauptstrasse,49,8261 Hemishofen,2962,SH,real,True,15.11.2024,2704445,1282094
102013826,10179747,482594,Im Hafacker,20,8261 Hemishofen,2962,SH,real,True,15.11.2024,2704460,1281619
102013827,10071686,482578,Dorfstrasse,25,8261 Hemishofen,2962,SH,real,True,15.11.2024,2704384,1281570
102013828,10135340,482553,In Pratle,1,8261 Hemishofen,2962,SH,real,True,15.11.2024,2704610,1281533
102013829,10087216,2716635,Stigele,5,8261 Hemishofen,2962,SH,real,True,15.11.2024,2704644,1281535
102013830,10031590,482528,Randenstrasse,6,8261 Hemishofen,2962,SH,real,True,15.11.2024,2705031,1281262
102013831,10031586,482535,Hauptstrasse,11,8261 Hemishofen,2962,SH,real,True,15.11.2024,2704760,1281439
102013892,10031819,484807,Hofackerstrasse,11,8217 Wilchingen,2974,SH,real,True,15.11.2024,2677123,1280278
102013894,10026003,481826,Beggingerstrasse,25,8226 Schleitheim,2952,SH,real,True,15.11.2024,2678759,1289498
102013895,10068436,470883,Hasenbergstrasse,10,8213 Neunkirch,2904,SH,real,True,15.11.2024,2679429,1282227
102013896,10185471,470618,Vordergasse,25,8213 Neunkirch,2904,SH,real,True,15.11.2024,2679599,1282710
102013897,10086756,471717,Gässli,15,8235 Lohn SH,2917,SH,real,True,15.11.2024,2692398,1290163
102013898,10106941,470910,Oberwiesstrasse,22,8213 Neunkirch,2904,SH,real,True,15.11.2024,2679785,1282203
102013899,10027515,470854,Stiegweg,9,8213 Neunkirch,2904,SH,real,True,15.11.2024,2679336,1282272
102013900,10091177,470863,Haslacherweg,15,8213 Neunkirch,2904,SH,real,True,15.11.2024,2679287,1282133
102013902,10027518,470668,Unterhofgasse,3,8213 Neunkirch,2904,SH,real,True,15.11.2024,2679514,1282752
102013903,10027497,470542,Stalden,25,8224 Löhningen,2903,SH,real,True,15.11.2024,2683863,1283919
102013910,10206081,475914,Ausserdorfstrasse,3,8455 Rüdlingen,2938,SH,real,True,15.11.2024,2685181,1270775
102013913,10118143,476034,Chapfstrasse,32,8455 Rüdlingen,2938,SH,real,True,15.11.2024,2685017,1270276
102013914,10205631,2027357,Sandgrubenstrasse,30,8455 Rüdlingen,2938,SH,real,True,15.11.2024,2684863,1271275
102013918,10019582,474064,Hinterburg,10,8232 Merishausen,2936,SH,real,True,15.11.2024,2687907,1290544
102013969,10026002,481979,Bachstrasse,24,8226 Schleitheim,2952,SH,real,True,15.11.2024,2678836,1289527
102013970,10113210,481693,Lindenstrasse,26,8226 Schleitheim,2952,SH,real,True,15.11.2024,2677938,1289192
102013971,10073106,484375,Heerengasse,9,8216 Oberhallau,2972,SH,real,True,15.11.2024,2678098,1284369
102014009,10161514,2713138,Lochgasse,4,8454 Buchberg,2933,SH,real,True,15.11.2024,2684256,1269749
102014012,10187867,1616024,Eschenzerstrasse,12,8260 Stein am Rhein,2964,SH,real,True,15.11.2024,2706736,1279204
102014013,10073105,484079,Selmattenstrasse,7,8215 Hallau,2971,SH,real,True,15.11.2024,2676409,1282999
102014014,10178593,474395,Flurlingerweg,52,8212 Neuhausen am Rheinfall,2937,SH,real,True,15.11.2024,2689137,1281877
102014015,10025714,481583,Bückli,14,8228 Beggingen,2951,SH,real,True,15.11.2024,2682510,1291217
102014058,10178593,474403,Flurlingerweg,70,8212 Neuhausen am Rheinfall,2937,SH,real,True,15.11.2024,2689140,1281918
102014059,10017869,475596,Langrietstrasse,17,8212 Neuhausen am Rheinfall,2937,SH,real,True,15.11.2024,2687235,1281433
102014060,10120419,475605,Töbeliweg,10,8212 Neuhausen am Rheinfall,2937,SH,real,True,15.11.2024,2687374,1281543
102014061,10091259,475384,Schweizerhofweg,4,8212 Neuhausen am Rheinfall,2937,SH,real,True,15.11.2024,2687758,1281667
102014062,10074397,475373,Durstgrabenstrasse,22,8212 Neuhausen am Rheinfall,2937,SH,real,True,15.11.2024,2687672,1281407
102014063,10120419,475610,Töbeliweg,1,8212 Neuhausen am Rheinfall,2937,SH,real,True,15.11.2024,2687451,1281507
102014064,10017869,475582,Langrietstrasse,14,8212 Neuhausen am Rheinfall,2937,SH,real,True,15.11.2024,2687256,1281514
102014065,10017864,474452,Gartenstrasse,4,8212 Neuhausen am Rheinfall,2937,SH,real,True,15.11.2024,2688962,1281899
102014066,10091256,474431,Pestalozzistrasse,5,8212 Neuhausen am Rheinfall,2937,SH,real,True,15.11.2024,2688802,1281952
102014067,10091245,474490,Bahnhofstrasse,7,8212 Neuhausen am Rheinfall,2937,SH,real,True,15.11.2024,2688858,1282014
102014068,10108017,474447,Bahnsteigstrasse,5,8212 Neuhausen am Rheinfall,2937,SH,real,True,15.11.2024,2689012,1281991
102014149,10164639,101248752,Bahnstieg,1,8261 Hemishofen,2962,SH,real,True,15.11.2024,2704661,1281681
102014233,10091403,190080928,Abendstrasse,3,8217 Wilchingen,2974,SH,real,True,15.11.2024,2677162,1280407
102014234,10113222,471071,Dorfstrasse,78,8218 Osterfingen,2974,SH,real,True,15.11.2024,2679058,1279662
102014235,10152455,484770,Zinggenstrasse,21,8217 Wilchingen,2974,SH,real,True,15.11.2024,2677357,1280325
102014236,10148818,484940,Niederwiesenstrasse,28,8217 Wilchingen,2974,SH,real,True,15.11.2024,2676474,1280033
102014239,10148816,484622,Hauptstrasse,55,8217 Wilchingen,2974,SH,real,True,15.11.2024,2677189,1280151
102014240,10179762,483859,Ottengasse,22,8215 Hallau,2971,SH,real,True,15.11.2024,2676818,1283381
102014245,10091181,470760,Schaffhauserstrasse,2,8213 Neunkirch,2904,SH,real,True,15.11.2024,2679814,1282720
102014248,10108015,474101,Hauptstrasse,82,8232 Merishausen,2936,SH,real,True,15.11.2024,2687749,1290759
102014251,10027514,470715,Sportplatzweg,6,8213 Neunkirch,2904,SH,real,True,15.11.2024,2679642,1283053
102014252,10185471,470658,Vordergasse,34,8213 Neunkirch,2904,SH,real,True,15.11.2024,2679581,1282722
102014260,10018163,475788,Tödistrasse,16,8212 Neuhausen am Rheinfall,2937,SH,real,True,15.11.2024,2687709,1281951
102014267,10024958,471615,Dettenwies,4,8235 Lohn SH,2917,SH,real,True,15.11.2024,2692155,1289985
102014270,10072961,9004002,Sidehof,1,8213 Neunkirch,2904,SH,real,True,15.11.2024,2679537,1282698
102014271,10178593,474394,Flurlingerweg,50,8212 Neuhausen am Rheinfall,2937,SH,real,True,15.11.2024,2689137,1281873
102014272,10080408,482238,Hauptstrasse,7,8225 Siblingen,2953,SH,real,True,15.11.2024,2681407,1285226
102014439,10108017,474445,Bahnsteigstrasse,11,8212 Neuhausen am Rheinfall,2937,SH,real,True,15.11.2024,2689035,1281960
102014440,10017857,475564,Chlaffentalstrasse,100,8212 Neuhausen am Rheinfall,2937,SH,real,True,15.11.2024,2686831,1280928
102014441,10017857,475539,Chlaffentalstrasse,50,8212 Neuhausen am Rheinfall,2937,SH,real,True,15.11.2024,2686968,1281152
102014442,10017857,475536,Chlaffentalstrasse,56,8212 Neuhausen am Rheinfall,2937,SH,real,True,15.11.2024,2686955,1281131
102014443,10017857,475545,Chlaffentalstrasse,36,8212 Neuhausen am Rheinfall,2937,SH,real,True,15.11.2024,2686986,1281212
102014444,10017857,475557,Chlaffentalstrasse,12,8212 Neuhausen am Rheinfall,2937,SH,real,True,15.11.2024,2687046,1281263
102014445,10091256,474428,Pestalozzistrasse,11,8212 Neuhausen am Rheinfall,2937,SH,real,True,15.11.2024,2688821,1281943
102014446,10017863,474493,Freyastrasse,6,8212 Neuhausen am Rheinfall,2937,SH,real,True,15.11.2024,2688890,1282091
102014447,10018166,474482,Zentralstrasse,118,8212 Neuhausen am Rheinfall,2937,SH,real,True,15.11.2024,2688880,1282263
102014448,10017858,474510,Echostrasse,12,8212 Neuhausen am Rheinfall,2937,SH,real,True,15.11.2024,2688903,1282138
102014449,10018166,474475,Zentralstrasse,104,8212 Neuhausen am Rheinfall,2937,SH,real,True,15.11.2024,2688880,1282172
102014450,10112907,474503,Rabenfluhstrasse,15,8212 Neuhausen am Rheinfall,2937,SH,real,True,15.11.2024,2688978,1282291
102014451,10117544,475626,Waldparkstrasse,50,8212 Neuhausen am Rheinfall,2937,SH,real,True,15.11.2024,2687200,1281651
102014452,10017857,475554,Chlaffentalstrasse,18,8212 Neuhausen am Rheinfall,2937,SH,real,True,15.11.2024,2687027,1281249
102014453,10018160,475629,Schützenstrasse,82,8212 Neuhausen am Rheinfall,2937,SH,real,True,15.11.2024,2687169,1281627
102014454,10106945,475150,Rosenbergstrasse,25,8212 Neuhausen am Rheinfall,2937,SH,real,True,15.11.2024,2688389,1282223
102014495,10148816,484805,Hauptstrasse,90,8217 Wilchingen,2974,SH,real,True,15.11.2024,2677010,1280248
102014496,10148816,484764,Hauptstrasse,38,8217 Wilchingen,2974,SH,real,True,15.11.2024,2677291,1280230
102014497,10148816,484618,Hauptstrasse,75,8217 Wilchingen,2974,SH,real,True,15.11.2024,2677024,1280161
102014498,10031834,484838,Wiesenweg,3,8217 Wilchingen,2974,SH,real,True,15.11.2024,2677182,1280476
102014602,10091237,474146,Hohlgasse,6,8232 Merishausen,2936,SH,real,True,15.11.2024,2687686,1290768
102014603,10019581,2026386,Durachstrasse,2,8232 Merishausen,2936,SH,real,True,15.11.2024,2688057,1290193
102014606,10027513,470958,Schützenmauer,6,8213 Neunkirch,2904,SH,real,True,15.11.2024,2679723,1282440
102014611,10031917,1615982,Chrüzerwis,5,8260 Stein am Rhein,2964,SH,real,True,15.11.2024,2706261,1279288
102014786,10031931,1616305,Orichhöhe,6,8260 Stein am Rhein,2964,SH,real,True,15.11.2024,2707349,1279656
102014787,10073095,1616373,Oberdörfli,15,8260 Stein am Rhein,2964,SH,planned,False,15.11.2024,2706761,1280093
102014788,10046637,1616486,Huberlistrasse,17,8260 Stein am Rhein,2964,SH,real,True,15.11.2024,2705995,1280474
102014789,10190665,1616542,Stammerstrasse,18,8260 Stein am Rhein,2964,SH,real,True,15.11.2024,2705876,1280442
102014790,10087230,1615985,Burgackerstrasse,4,8260 Stein am Rhein,2964,SH,real,True,15.11.2024,2706627,1279183
102014791,10073092,1616425,Im Gwand,8,8260 Stein am Rhein,2964,SH,real,True,15.11.2024,2706759,1280218
102014792,10031618,1616114,Bärengass,10,8260 Stein am Rhein,2964,SH,real,True,15.11.2024,2706683,1279681
102014793,10190664,2031862,Degerfelderstrasse,3,8260 Stein am Rhein,2964,SH,real,True,15.11.2024,2706272,1279083
102014794,10031939,1615836,Wagenhauserstrasse,29,8260 Stein am Rhein,2964,SH,real,True,15.11.2024,2706323,1279505
102014795,10071981,1615897,Bahnhofstrasse,3,8260 Stein am Rhein,2964,SH,real,True,15.11.2024,2706472,1279375
102014796,10031616,1616249,Bollstieg,12,8260 Stein am Rhein,2964,SH,real,True,15.11.2024,2707410,1279824
102014797,10117741,1616285,Oehningerstrasse,20,8260 Stein am Rhein,2964,SH,real,True,15.11.2024,2707241,1279659
102014798,10179753,101207675,Alte Zollstrasse,34,8260 Stein am Rhein,2964,SH,real,True,15.11.2024,2707721,1279837
102014799,10031938,1616130,Understadt,3,8260 Stein am Rhein,2964,SH,real,True,15.11.2024,2706674,1279792
102014800,10091249,475171,Felsstrasse,9,8212 Neuhausen am Rheinfall,2937,SH,real,True,15.11.2024,2688207,1282232
102014801,10091254,475183,Lerchenstrasse,22,8212 Neuhausen am Rheinfall,2937,SH,real,True,15.11.2024,2688203,1282264
102014802,10091253,475227,Krummstrasse,7,8212 Neuhausen am Rheinfall,2937,SH,real,True,15.11.2024,2688096,1282381
102014803,10074405,475131,Sägereistrasse,1,8212 Neuhausen am Rheinfall,2937,SH,real,True,15.11.2024,2688254,1282097
102014804,10017868,475198,Klettgauerstrasse,60,8212 Neuhausen am Rheinfall,2937,SH,real,True,15.11.2024,2688092,1282262
102014805,10017868,475207,Klettgauerstrasse,57,8212 Neuhausen am Rheinfall,2937,SH,real,True,15.11.2024,2688005,1282246
102014806,10190887,475317,Quellenstrasse,9,8212 Neuhausen am Rheinfall,2937,SH,real,True,15.11.2024,2688355,1282606
102014807,10018159,475312,Schöneggstrasse,24,8212 Neuhausen am Rheinfall,2937,SH,real,True,15.11.2024,2688435,1282524
102014808,10018159,475297,Schöneggstrasse,4,8212 Neuhausen am Rheinfall,2937,SH,real,True,15.11.2024,2688303,1282336
102014809,10108018,475352,Galgenbuckstrasse,8,8212 Neuhausen am Rheinfall,2937,SH,real,True,15.11.2024,2688281,1282516
102014810,10091247,2026562,Charlottenweg,2,8212 Neuhausen am Rheinfall,2937,SH,real,True,15.11.2024,2688804,1282870
102014811,10090056,1616531,Hohrainstrasse,7,8260 Stein am Rhein,2964,SH,real,True,15.11.2024,2706055,1280383
102014813,10090058,1616400,Mühlenstrasse,9,8260 Stein am Rhein,2964,SH,real,True,15.11.2024,2706988,1279946
102014814,10031929,1616555,Niderfeldstrasse,18,8260 Stein am Rhein,2964,SH,real,True,15.11.2024,2705912,1280364
102014815,10087233,1616376,Guldifuess,5,8260 Stein am Rhein,2964,SH,real,True,15.11.2024,2706965,1280172
102014823,10136960,471008,Osterfingerstrasse,1,8218 Osterfingen,2974,SH,real,True,15.11.2024,2678173,1279416
102014824,10152452,471091,Nassackerstrasse,28,8218 Osterfingen,2974,SH,real,True,15.11.2024,2678807,1279733
102014825,10120400,471036,Trottenweg,27,8218 Osterfingen,2974,SH,real,True,15.11.2024,2678697,1279772
102014826,10091404,484824,Blumenweg,4,8217 Wilchingen,2974,SH,real,True,15.11.2024,2677146,1280511
102014827,10113222,471022,Dorfstrasse,34,8218 Osterfingen,2974,SH,real,True,15.11.2024,2678696,1279615
102014828,10113222,471078,Dorfstrasse,64,8218 Osterfingen,2974,SH,real,True,15.11.2024,2678964,1279668
102014829,10113222,471074,Dorfstrasse,68,8218 Osterfingen,2974,SH,real,True,15.11.2024,2678987,1279681
102014830,10121182,484929,Im Tobel,1,8217 Wilchingen,2974,SH,real,True,15.11.2024,2676283,1280406
102014831,10113222,471060,Dorfstrasse,79,8218 Osterfingen,2974,SH,real,True,15.11.2024,2679194,1279694
102014832,10091408,2033497,Mülibach,1,8217 Wilchingen,2974,SH,real,True,15.11.2024,2676672,1281215
102014833,10149927,484912,Bahnhofstrasse,27,8217 Wilchingen,2974,SH,real,True,15.11.2024,2677043,1281681
102014834,10134235,2716973,Galgenbuckstrasse,10,8217 Wilchingen,2974,SH,real,True,15.11.2024,2676988,1281645
102014835,10031824,484880,Mühlenstrasse,26,8217 Wilchingen,2974,SH,real,True,15.11.2024,2677221,1281149
102014842,10031499,484181,Hauptstrasse,11,8215 Hallau,2971,SH,real,True,15.11.2024,2676477,1283424
102014843,10091114,484173,Mühlegasse,2,8215 Hallau,2971,SH,real,True,15.11.2024,2676404,1283408
102014844,10107066,484307,Rebbergstrasse,12,8215 Hallau,2971,SH,real,True,15.11.2024,2676476,1284014
102014845,10091393,484291,Weiherhofstrasse,14,8215 Hallau,2971,SH,real,True,15.11.2024,2676506,1283875
102014846,10133042,484041,Empützistrasse,10,8215 Hallau,2971,SH,real,True,15.11.2024,2676199,1283029
102014847,10073105,484078,Selmattenstrasse,11,8215 Hallau,2971,SH,real,True,15.11.2024,2676374,1282990
102014848,10187869,2032757,Küferstrasse,3,8215 Hallau,2971,SH,real,True,15.11.2024,2676198,1283176
102014849,10031816,484863,Dickistrasse,10,8217 Wilchingen,2974,SH,real,True,15.11.2024,2677354,1281060
102014850,10152449,484782,Haslachergasse,7,8217 Wilchingen,2974,SH,real,True,15.11.2024,2677363,1280345
102014851,10031827,484893,Quellenweg,6,8217 Wilchingen,2974,SH,real,True,15.11.2024,2677277,1281153
102014852,10152455,484753,Zinggenstrasse,20,8217 Wilchingen,2974,SH,real,True,15.11.2024,2677407,1280310
102014853,10149928,484696,Haartelstrasse,22,8217 Wilchingen,2974,SH,real,True,15.11.2024,2677746,1280169
102014854,10148815,484661,In der Gasse,12,8217 Wilchingen,2974,SH,real,True,15.11.2024,2677381,1280031
102014855,10152436,2712170,Brüelstrasse,2,8217 Wilchingen,2974,SH,real,True,15.11.2024,2677286,1279977
102014856,10031823,484675,Mettlenweg,5,8217 Wilchingen,2974,SH,real,True,15.11.2024,2677193,1279985
102014857,10103236,484656,Mettlenstrasse,14,8217 Wilchingen,2974,SH,real,True,15.11.2024,2677349,1280058
102014858,10031830,484625,Sägereistrasse,7,8217 Wilchingen,2974,SH,real,True,15.11.2024,2676919,1280013
102014859,10148816,484701,Hauptstrasse,3,8217 Wilchingen,2974,SH,real,True,15.11.2024,2677573,1280180
102014865,10148816,484704,Hauptstrasse,17,8217 Wilchingen,2974,SH,real,True,15.11.2024,2677526,1280150
102014866,10148816,484776,Hauptstrasse,18,8217 Wilchingen,2974,SH,real,True,15.11.2024,2677409,1280165
102014867,10148816,484790,Hauptstrasse,54,8217 Wilchingen,2974,SH,real,True,15.11.2024,2677131,1280178
102014868,10171063,482486,Winkelweg,8,8263 Buch SH,2961,SH,real,True,15.11.2024,2701139,1287023
102014869,10071685,482408,Dorfstrasse,36,8263 Buch SH,2961,SH,real,True,15.11.2024,2700656,1286043
102014870,10031583,482451,Oberdorfstrasse,15,8263 Buch SH,2961,SH,real,True,15.11.2024,2701017,1285815
102014871,10031583,482443,Oberdorfstrasse,4,8263 Buch SH,2961,SH,real,True,15.11.2024,2700917,1285952
102014872,10187863,2031301,Steinerstrasse,3,8263 Buch SH,2961,SH,real,True,15.11.2024,2701098,1287061
102014873,10071685,482428,Dorfstrasse,15,8263 Buch SH,2961,SH,real,True,15.11.2024,2700801,1286020
102014874,10071685,482413,Dorfstrasse,20,8263 Buch SH,2961,SH,real,True,15.11.2024,2700757,1286099
102014875,10071685,482466,Dorfstrasse,4,8263 Buch SH,2961,SH,real,True,15.11.2024,2700946,1286095
102014876,10171063,482491,Winkelweg,4,8263 Buch SH,2961,SH,real,True,15.11.2024,2701151,1286978
102014877,10031591,2031296,Hegaustrasse,13,8263 Buch SH,2961,SH,real,True,15.11.2024,2701036,1286950
102014878,10121169,473633,Plattenstrasse,4,8454 Buchberg,2933,SH,real,True,15.11.2024,2684180,1270121
102014879,10165735,473741,Obere Gründelstrasse,6,8454 Buchberg,2933,SH,real,True,15.11.2024,2684075,1269719
102014900,10025697,191565751,Säntisstrasse,28,8200 Schaffhausen,2939,SH,real,True,15.11.2024,2690480,1283572
102014901,10025697,191565752,Säntisstrasse,26,8200 Schaffhausen,2939,SH,real,True,15.11.2024,2690482,1283577
102014946,10026325,470217,Römerstrasse,34,8214 Gächlingen,2901,SH,real,True,15.11.2024,2679989,1284144
102014956,10091257,474720,Randenstrasse,6,8212 Neuhausen am Rheinfall,2937,SH,real,True,15.11.2024,2688575,1282595
102014958,10178593,474388,Flurlingerweg,40,8212 Neuhausen am Rheinfall,2937,SH,real,True,15.11.2024,2689160,1281839
102014959,10120419,475033,Töbeliweg,11,8212 Neuhausen am Rheinfall,2937,SH,real,True,15.11.2024,2687378,1281512
102014960,10031523,484511,Zollstrasse,20,8219 Trasadingen,2973,SH,real,True,15.11.2024,2674702,1279746
102014961,10031523,484515,Zollstrasse,3,8219 Trasadingen,2973,SH,real,True,15.11.2024,2674833,1279820
102014962,10179737,481882,Adlerstrasse,28,8226 Schleitheim,2952,SH,real,True,15.11.2024,2678378,1289199
102014963,10180888,481946,Randenstrasse,43,8226 Schleitheim,2952,SH,real,True,15.11.2024,2678955,1289567
102014964,10032558,481866,Breitestrasse,28,8226 Schleitheim,2952,SH,real,True,15.11.2024,2678209,1289029
102014965,10085768,482143,Gemeindehausplatz,2,8226 Schleitheim,2952,SH,real,True,15.11.2024,2678592,1289358
102014974,10048892,470113,Niederwiesenstrasse,10,8214 Gächlingen,2901,SH,real,True,15.11.2024,2679243,1284145
102014975,10178594,475711,Irchelstrasse,28,8212 Neuhausen am Rheinfall,2937,SH,real,True,15.11.2024,2687489,1281562
102014977,10048895,470874,Hasenbergweg,7,8213 Neunkirch,2904,SH,real,True,15.11.2024,2679416,1282131
102014979,10186928,470595,Mühlengasse,24,8213 Neunkirch,2904,SH,real,True,15.11.2024,2679633,1282758
102014980,10186344,476039,Im underen Chapf,8,8455 Rüdlingen,2938,SH,real,True,15.11.2024,2684989,1270247
102014981,10185465,470324,Hohlweg,4,8224 Löhningen,2903,SH,real,True,15.11.2024,2683940,1284110
102014984,10087062,191567093,Am Bohl,10,8233 Bargen SH,2931,SH,real,True,15.11.2024,2687615,1294161
102014998,10087040,191264151,Im Santenbüel,4,8234 Stetten SH,2919,SH,real,True,15.11.2024,2692233,1288564
102015001,10087040,191264174,Im Santenbüel,2,8234 Stetten SH,2919,SH,real,True,15.11.2024,2692246,1288523
102015144,10087230,9080858,Burgackerstrasse,14,8260 Stein am Rhein,2964,SH,real,True,15.11.2024,2706711,1279128
102015145,10031926,1616265,Im Boll,24,8260 Stein am Rhein,2964,SH,real,True,15.11.2024,2707220,1279801
102015146,10031938,1616152,Understadt,21,8260 Stein am Rhein,2964,SH,real,True,15.11.2024,2706623,1279843
102015147,10031932,1616113,Rathausplatz,7,8260 Stein am Rhein,2964,SH,real,True,15.11.2024,2706722,1279700
102015148,10031921,1616186,Fronhof,15,8260 Stein am Rhein,2964,SH,real,True,15.11.2024,2706682,1279849
102015149,10179753,2031840,Alte Zollstrasse,48,8260 Stein am Rhein,2964,SH,real,True,15.11.2024,2707737,1279789
102015150,10031931,1616318,Orichhöhe,17,8260 Stein am Rhein,2964,SH,real,True,15.11.2024,2707513,1279717
102015151,10190665,1616534,Stammerstrasse,3,8260 Stein am Rhein,2964,SH,real,True,15.11.2024,2706043,1280336
102015152,10046637,1616489,Huberlistrasse,11,8260 Stein am Rhein,2964,SH,real,True,15.11.2024,2706059,1280448
102015153,10073092,1616429,Im Gwand,3,8260 Stein am Rhein,2964,SH,real,True,15.11.2024,2706799,1280182
102015154,10179756,1616361,Langstuck,8,8260 Stein am Rhein,2964,SH,real,True,15.11.2024,2706869,1279985
102015155,10046636,1615949,Flurweg,3,8260 Stein am Rhein,2964,SH,real,True,15.11.2024,2706493,1279217
102015156,10090056,1616532,Hohrainstrasse,5,8260 Stein am Rhein,2964,SH,real,True,15.11.2024,2706089,1280381
102015157,10087233,1616378,Guldifuess,9,8260 Stein am Rhein,2964,SH,real,True,15.11.2024,2707016,1280181
102015158,10117741,1616274,Oehningerstrasse,6,8260 Stein am Rhein,2964,SH,real,True,15.11.2024,2706958,1279731
102015159,10031619,1616188,Chlini Schanz,33,8260 Stein am Rhein,2964,SH,real,True,15.11.2024,2706746,1279870
102015161,10071981,1615889,Bahnhofstrasse,7,8260 Stein am Rhein,2964,SH,real,True,15.11.2024,2706494,1279330
102015162,10179754,2031845,Chalberweidstrasse,18,8260 Stein am Rhein,2964,SH,real,True,15.11.2024,2707367,1279876
102015163,10113219,1616244,Landhusweg,5,8260 Stein am Rhein,2964,SH,real,True,15.11.2024,2707492,1279830
102015164,10073094,1616126,Metzggass,3,8260 Stein am Rhein,2964,SH,real,True,15.11.2024,2706622,1279798
102015165,10123291,1616166,Schwarzhorngass,14,8260 Stein am Rhein,2964,SH,real,True,23.07.2024,2706631,1279699
102015166,10031930,1616099,Obergass,14,8260 Stein am Rhein,2964,SH,real,True,15.11.2024,2706809,1279759
102015167,10031930,1616222,Obergass,28,8260 Stein am Rhein,2964,SH,real,True,15.11.2024,2706767,1279811
102015168,10031930,1616095,Obergass,9,8260 Stein am Rhein,2964,SH,real,True,15.11.2024,2706805,1279752
102015169,10091105,1616471,Rietstrasse,43,8260 Stein am Rhein,2964,SH,real,True,15.11.2024,2706194,1280227
102015170,10073097,1616495,Schwemmgrabenstrasse,9,8260 Stein am Rhein,2964,SH,real,True,15.11.2024,2706142,1280359
102015171,10073096,1616295,Rhigüetliweg,1,8260 Stein am Rhein,2964,SH,real,True,15.11.2024,2707499,1279578
102015172,10110819,1615864,Espiweg,23,8260 Stein am Rhein,2964,SH,real,True,15.11.2024,2706487,1279556
102015173,10031933,1616037,Rhiweg,22,8260 Stein am Rhein,2964,SH,real,True,15.11.2024,2706753,1279451
102015174,10024972,471868,Im Chloster,3,8234 Stetten SH,2919,SH,real,True,15.11.2024,2691891,1288461
102015176,10117544,475649,Waldparkstrasse,47,8212 Neuhausen am Rheinfall,2937,SH,real,True,15.11.2024,2687249,1281684
102015177,10017868,475137,Klettgauerstrasse,34,8212 Neuhausen am Rheinfall,2937,SH,real,True,15.11.2024,2688199,1282098
102015178,10091254,475191,Lerchenstrasse,5,8212 Neuhausen am Rheinfall,2937,SH,real,True,15.11.2024,2688118,1282257
102015179,10017874,475827,Neubergstrasse,2,8212 Neuhausen am Rheinfall,2937,SH,real,True,15.11.2024,2687949,1282126
102015180,10017874,475805,Neubergstrasse,11,8212 Neuhausen am Rheinfall,2937,SH,real,True,15.11.2024,2687940,1282070
102015181,10118357,475433,Rhenaniastrasse,9,8212 Neuhausen am Rheinfall,2937,SH,real,True,15.11.2024,2687945,1281945
102015202,10148816,484613,Hauptstrasse,59,8217 Wilchingen,2974,SH,real,True,15.11.2024,2677158,1280154
102015203,10164384,482479,Schüppelstrasse,14,8263 Buch SH,2961,SH,real,True,15.11.2024,2701293,1286265
102015204,10031583,482448,Oberdorfstrasse,10,8263 Buch SH,2961,SH,real,True,15.11.2024,2700931,1285900
102015205,10128229,101207449,Rauhenbergstrasse,10,8263 Buch SH,2961,SH,real,True,15.11.2024,2700943,1287008
102015206,10122740,482453,Lindenweg,9,8263 Buch SH,2961,SH,real,True,15.11.2024,2700966,1286044
102015207,10031581,482430,Hofweg,4,8263 Buch SH,2961,SH,real,True,15.11.2024,2700855,1286051
102015208,10165913,3122191,Hardstrasse,2,8263 Buch SH,2961,SH,real,True,15.11.2024,2701075,1286145
102015209,10031583,482446,Oberdorfstrasse,9,8263 Buch SH,2961,SH,real,True,15.11.2024,2700957,1285909
102015210,10164384,482476,Schüppelstrasse,3,8263 Buch SH,2961,SH,real,True,15.11.2024,2701201,1286287
102015211,10046605,473738,Dorfstrasse,94,8454 Buchberg,2933,SH,real,True,15.11.2024,2684172,1269663
102015212,10118141,473639,Birkenstrasse,4,8454 Buchberg,2933,SH,real,True,15.11.2024,2684338,1270020
102015213,10031508,484004,Schmalzgasse,17,8215 Hallau,2971,SH,real,True,15.11.2024,2676393,1283194
102015214,10031508,484106,Schmalzgasse,12,8215 Hallau,2971,SH,real,True,15.11.2024,2676409,1283231
102015215,10190666,483989,Konservenstrasse,5,8215 Hallau,2971,SH,real,True,15.11.2024,2676541,1283062
102015216,10127704,483903,Obergassweg,6,8215 Hallau,2971,SH,real,True,15.11.2024,2677034,1283181
102015217,10091110,483917,Fotschengasse,16,8215 Hallau,2971,SH,real,True,15.11.2024,2676885,1283394
102015218,10133046,483834,Atlingerstrasse,34,8215 Hallau,2971,SH,real,True,15.11.2024,2677177,1283435
102015219,10031499,484229,Hauptstrasse,51,8215 Hallau,2971,SH,real,True,15.11.2024,2676672,1283535
102015220,10133044,483786,Statthofgasse,7,8215 Hallau,2971,SH,real,True,15.11.2024,2676894,1283556
102015221,10091112,483734,Hohlengasse,11,8215 Hallau,2971,SH,real,True,15.11.2024,2676736,1283678
102015222,10091394,484088,Wunderklingerstrasse,15,8215 Hallau,2971,SH,real,True,15.11.2024,2676382,1283368
102015223,10031499,483942,Hauptstrasse,24,8215 Hallau,2971,SH,real,True,15.11.2024,2676544,1283448
102015249,10169253,473739,Untere Gründelstrasse,4,8454 Buchberg,2933,SH,real,True,15.11.2024,2684124,1269685
102015250,10019558,473782,Bachweg,8,8454 Buchberg,2933,SH,real,True,15.11.2024,2684377,1269666
102015251,10178316,473634,Birkenweg,5,8454 Buchberg,2933,SH,real,True,15.11.2024,2684284,1270048
102015252,10091227,473678,Kindergartenstrasse,6,8454 Buchberg,2933,SH,real,True,15.11.2024,2684600,1269899
102015253,10169249,473680,Oberbreitenstrasse,13,8454 Buchberg,2933,SH,real,True,15.11.2024,2684648,1269936
102015254,10169258,473722,Winkelweg,2,8454 Buchberg,2933,SH,real,True,15.11.2024,2684392,1269761
102015255,10073652,473669,Hurbigstrasse,16,8454 Buchberg,2933,SH,real,True,15.11.2024,2684464,1269978
102015256,10046605,2025998,Dorfstrasse,62,8454 Buchberg,2933,SH,real,True,15.11.2024,2684439,1269742
102015257,10046605,473715,Dorfstrasse,58,8454 Buchberg,2933,SH,real,True,15.11.2024,2684468,1269735
102015258,10091228,473808,Wieswandstrasse,2,8454 Buchberg,2933,SH,real,True,15.11.2024,2684628,1269597
102015259,10118141,473664,Birkenstrasse,5,8454 Buchberg,2933,SH,real,True,15.11.2024,2684334,1270000
102015260,10169249,473683,Oberbreitenstrasse,21,8454 Buchberg,2933,SH,real,True,15.11.2024,2684667,1270015
102015261,10046605,473792,Dorfstrasse,41,8454 Buchberg,2933,SH,real,True,15.11.2024,2684535,1269709
102015262,10169252,473797,Seglerweg,4,8454 Buchberg,2933,SH,real,True,15.11.2024,2684546,1269668
102015263,10019562,473823,Murkatstrasse,31,8454 Buchberg,2933,SH,real,True,15.11.2024,2684585,1269403
102015264,10073651,2714730,Bodenstrasse,7,8454 Buchberg,2933,SH,real,True,15.11.2024,2684338,1269824
102015265,10046605,473746,Dorfstrasse,108,8454 Buchberg,2933,SH,real,True,15.11.2024,2684006,1269668
102015330,10026320,470161,Dorfstrasse,34,8214 Gächlingen,2901,SH,real,True,15.11.2024,2679641,1284167
102015336,10148816,484812,Hauptstrasse,64,8217 Wilchingen,2974,SH,real,True,15.11.2024,2677089,1280228
102015338,10128949,474819,Hohfluhstrasse,13,8212 Neuhausen am Rheinfall,2937,SH,real,True,15.11.2024,2688339,1282801
102015339,10074402,474542,Marktgasse,4,8212 Neuhausen am Rheinfall,2937,SH,real,True,15.11.2024,2688685,1281960
102015343,10074400,2713930,Hardstrasse,37,8212 Neuhausen am Rheinfall,2937,SH,real,True,15.11.2024,2687796,1282028
102015347,10120419,475718,Töbeliweg,6,8212 Neuhausen am Rheinfall,2937,SH,real,True,15.11.2024,2687430,1281542
102015499,10017854,475421,Berbiceweg,12,8212 Neuhausen am Rheinfall,2937,SH,real,True,15.11.2024,2687987,1281820
102015500,10017860,475291,Engestrasse,82,8212 Neuhausen am Rheinfall,2937,SH,real,True,15.11.2024,2688076,1282576
102015501,10108018,475353,Galgenbuckstrasse,9,8212 Neuhausen am Rheinfall,2937,SH,real,True,15.11.2024,2688271,1282501
102015502,10108018,2713560,Galgenbuckstrasse,14,8212 Neuhausen am Rheinfall,2937,SH,real,True,15.11.2024,2688214,1282561
102015503,10091246,475336,Bergstrasse,5,8212 Neuhausen am Rheinfall,2937,SH,real,True,15.11.2024,2688350,1282430
102015504,10017860,475287,Engestrasse,74,8212 Neuhausen am Rheinfall,2937,SH,real,True,15.11.2024,2688094,1282584
102015505,10046609,475261,Sonnenbergstrasse,23,8212 Neuhausen am Rheinfall,2937,SH,real,True,15.11.2024,2688161,1282540
102015506,10071982,2031966,Brodlaubegass,4,8260 Stein am Rhein,2964,SH,real,True,15.11.2024,2706709,1279796
102015507,10031930,1616093,Obergass,4,8260 Stein am Rhein,2964,SH,real,True,15.11.2024,2706832,1279728
102015508,10031619,1616231,Chlini Schanz,31,8260 Stein am Rhein,2964,SH,real,True,15.11.2024,2706762,1279860
102015509,10091105,1616469,Rietstrasse,46,8260 Stein am Rhein,2964,SH,real,True,15.11.2024,2706156,1280253
102015510,10110819,1615850,Espiweg,42,8260 Stein am Rhein,2964,SH,real,True,15.11.2024,2706283,1279611
102015511,10031617,1616046,Bruggsteg,19,8260 Stein am Rhein,2964,SH,real,True,15.11.2024,2706803,1279312
102015512,10031933,1616066,Rhiweg,18,8260 Stein am Rhein,2964,SH,real,True,15.11.2024,2706732,1279463
102015513,10024976,9006564,Rotackerstrasse,10,8234 Stetten SH,2919,SH,real,True,15.11.2024,2691884,1288481
102015514,10024970,471858,Dorfstrasse,17,8234 Stetten SH,2919,SH,real,True,15.11.2024,2691654,1288340
102015515,10087038,471922,Brämlenstrasse,5,8234 Stetten SH,2919,SH,real,True,15.11.2024,2691511,1288227
102015516,10104921,471899,Staanackerstrasse,14,8234 Stetten SH,2919,SH,real,True,15.11.2024,2691602,1288247
102015517,10031921,1616195,Fronhof,16,8260 Stein am Rhein,2964,SH,real,True,15.11.2024,2706683,1279884
102015518,10071982,1616237,Brodlaubegass,11,8260 Stein am Rhein,2964,SH,real,True,15.11.2024,2706722,1279826
102015519,10090059,1616068,Oberstadt,4,8260 Stein am Rhein,2964,SH,real,True,15.11.2024,2706765,1279703
102015520,10091105,1616467,Rietstrasse,42,8260 Stein am Rhein,2964,SH,real,True,15.11.2024,2706205,1280249
102015521,10091105,1616463,Rietstrasse,34,8260 Stein am Rhein,2964,SH,real,True,15.11.2024,2706286,1280227
102015522,10087229,1616413,Blaurockstrasse,27,8260 Stein am Rhein,2964,SH,real,True,15.11.2024,2706563,1280195
102015523,10090057,1615893,Kaltenbacherstrasse,4,8260 Stein am Rhein,2964,SH,real,True,15.11.2024,2706596,1279295
102015524,10110819,1615856,Espiweg,36,8260 Stein am Rhein,2964,SH,real,True,15.11.2024,2706315,1279690
102015525,10031617,1616049,Bruggsteg,20,8260 Stein am Rhein,2964,SH,real,True,15.11.2024,2706820,1279325
102015526,10031933,1616039,Rhiweg,26,8260 Stein am Rhein,2964,SH,real,True,15.11.2024,2706771,1279438
102015527,10024972,471867,Im Chloster,2,8234 Stetten SH,2919,SH,real,True,15.11.2024,2691878,1288421
102015528,10024970,471839,Dorfstrasse,14,8234 Stetten SH,2919,SH,real,True,15.11.2024,2691780,1288460
102015529,10024975,471821,Lohnemerstrasse,29,8234 Stetten SH,2919,SH,real,True,15.11.2024,2691803,1288847
102015530,10087043,471953,Tubackackerstrasse,20,8234 Stetten SH,2919,SH,real,True,15.11.2024,2691586,1288025
102015531,10025640,471812,Staaringelackerstrasse,5,8234 Stetten SH,2919,SH,real,True,15.11.2024,2691777,1288736
102015532,10072986,2712706,Braatistrasse,17,8234 Stetten SH,2919,SH,real,True,15.11.2024,2691583,1288086
102015533,10072986,471945,Braatistrasse,27,8234 Stetten SH,2919,SH,real,True,15.11.2024,2691515,1287993
102015534,10024975,2715063,Lohnemerstrasse,5,8234 Stetten SH,2919,SH,real,True,15.11.2024,2691829,1288524
102015535,10087039,3145189,Erlenwisenstrasse,19,8234 Stetten SH,2919,SH,real,True,15.11.2024,2691332,1287851
102015536,10087039,2713373,Erlenwisenstrasse,17,8234 Stetten SH,2919,SH,real,True,15.11.2024,2691349,1287848
102015542,10148816,484609,Hauptstrasse,49,8217 Wilchingen,2974,SH,real,True,15.11.2024,2677221,1280148
102015543,10046605,473784,Dorfstrasse,51,8454 Buchberg,2933,SH,real,True,15.11.2024,2684427,1269715
102015544,10073649,473717,Ampelengasse,10,8454 Buchberg,2933,SH,real,True,15.11.2024,2684399,1269811
102015545,10019560,473671,Hurbigweg,7,8454 Buchberg,2933,SH,real,True,15.11.2024,2684486,1269935
102015547,10169249,473682,Oberbreitenstrasse,19,8454 Buchberg,2933,SH,real,True,15.11.2024,2684657,1269997
102015548,10019564,2714685,Sandackerstrasse,9,8454 Buchberg,2933,SH,real,True,15.11.2024,2684654,1269575
102015549,10046605,473791,Dorfstrasse,45,8454 Buchberg,2933,SH,real,True,15.11.2024,2684496,1269712
102015550,10161512,473819,Hohlegasse,28,8454 Buchberg,2933,SH,real,True,15.11.2024,2684474,1269454
102015551,10120414,473775,Bachstrasse,10,8454 Buchberg,2933,SH,real,True,15.11.2024,2684293,1269665
102015552,10019561,473749,Murkathof,1,8454 Buchberg,2933,SH,real,True,15.11.2024,2684383,1268174
102015553,10019559,2026001,Erlistrasse,15,8454 Buchberg,2933,SH,real,True,15.11.2024,2684471,1269825
102015554,10046605,2713146,Dorfstrasse,43,8454 Buchberg,2933,SH,real,True,15.11.2024,2684514,1269703
102015576,10165178,2026009,Bodenweg,16,8454 Buchberg,2933,SH,real,True,15.11.2024,2684193,1269717
102015577,10073652,473636,Hurbigstrasse,17,8454 Buchberg,2933,SH,real,True,15.11.2024,2684352,1270061
102015578,10046605,473802,Dorfstrasse,17,8454 Buchberg,2933,SH,real,True,15.11.2024,2684718,1269794
102015583,10046605,2713786,Dorfstrasse,83,8454 Buchberg,2933,SH,real,True,15.11.2024,2684261,1269646
102015615,10165181,190161211,Hardlistieg,7,8454 Buchberg,2933,SH,real,True,15.11.2024,2683973,1269716
102015616,10118141,3075222,Birkenstrasse,11,8454 Buchberg,2933,SH,real,True,15.11.2024,2684253,1269990
102015617,10169249,101206408,Oberbreitenstrasse,9,8454 Buchberg,2933,SH,real,True,15.11.2024,2684620,1269876
102015618,10019559,2026044,Erlistrasse,35,8454 Buchberg,2933,SH,real,True,15.11.2024,2684296,1269898
102015619,10046605,2026036,Dorfstrasse,100,8454 Buchberg,2933,SH,real,True,15.11.2024,2684095,1269670
102015682,10031578,482371,Schoopacker,20,8225 Siblingen,2953,SH,real,True,15.11.2024,2681279,1286069
102015683,10111814,472930,Im Tal,11,8233 Bargen SH,2931,SH,real,True,15.11.2024,2687589,1293955
102015703,10149927,484909,Bahnhofstrasse,21,8217 Wilchingen,2974,SH,real,True,15.11.2024,2677011,1281604
102015704,10031824,484890,Mühlenstrasse,12,8217 Wilchingen,2974,SH,real,True,15.11.2024,2677389,1280895
102015852,10087042,2716274,Schlossstrasse,16,8234 Stetten SH,2919,SH,real,True,15.11.2024,2691783,1288218
102015857,10017868,475151,Klettgauerstrasse,44,8212 Neuhausen am Rheinfall,2937,SH,real,True,15.11.2024,2688158,1282132
102015858,10091244,475427,Badische Bahnhofstrasse,31,8212 Neuhausen am Rheinfall,2937,SH,real,True,15.11.2024,2688071,1281997
102015859,10017871,3122052,Löwensteinstrasse,11,8212 Neuhausen am Rheinfall,2937,SH,real,True,15.11.2024,2688761,1283256
102015861,10046609,475257,Sonnenbergstrasse,19,8212 Neuhausen am Rheinfall,2937,SH,real,True,15.11.2024,2688180,1282494
102015862,10106946,475016,Trubegüetlistrasse,28,8212 Neuhausen am Rheinfall,2937,SH,real,True,15.11.2024,2688718,1283301
102015863,10046609,475252,Sonnenbergstrasse,13,8212 Neuhausen am Rheinfall,2937,SH,real,True,15.11.2024,2688156,1282442
102015864,10046609,475243,Sonnenbergstrasse,2,8212 Neuhausen am Rheinfall,2937,SH,real,True,15.11.2024,2688226,1282420
102015865,10106946,475011,Trubegüetlistrasse,18,8212 Neuhausen am Rheinfall,2937,SH,real,True,15.11.2024,2688690,1283253
102015866,10106946,475010,Trubegüetlistrasse,15,8212 Neuhausen am Rheinfall,2937,SH,real,True,15.11.2024,2688664,1283263
102015867,10128949,474821,Hohfluhstrasse,25,8212 Neuhausen am Rheinfall,2937,SH,real,True,15.11.2024,2688275,1282738
102015868,10074400,475809,Hardstrasse,1,8212 Neuhausen am Rheinfall,2937,SH,real,True,15.11.2024,2687998,1282114
102015869,10046612,2717406,Zollstrasse,6,8212 Neuhausen am Rheinfall,2937,SH,real,True,15.11.2024,2688041,1282133
102015870,10118357,475408,Rhenaniastrasse,17,8212 Neuhausen am Rheinfall,2937,SH,real,True,15.11.2024,2687880,1281867
102015871,10017871,3122050,Löwensteinstrasse,23,8212 Neuhausen am Rheinfall,2937,SH,real,True,15.11.2024,2688755,1283194
102015872,10072988,471971,Im Tubackacker,2,8234 Stetten SH,2919,SH,real,True,15.11.2024,2691667,1288114
102015873,10073623,2024662,Wallenrütistrasse,12,8234 Stetten SH,2919,SH,real,True,15.11.2024,2691398,1287853
102015874,10024976,471877,Rotackerstrasse,7,8234 Stetten SH,2919,SH,real,True,15.11.2024,2691876,1288588
102015875,10039881,190159972,Chlosterstrasse,12,8234 Stetten SH,2919,SH,real,True,15.11.2024,2691926,1288343
102015881,10024970,471852,Dorfstrasse,40,8234 Stetten SH,2919,SH,real,True,15.11.2024,2691522,1288307
102015882,10072988,471962,Im Tubackacker,5,8234 Stetten SH,2919,SH,real,True,15.11.2024,2691616,1288067
102015883,10104920,471916,Im Landguet,11,8234 Stetten SH,2919,SH,real,True,15.11.2024,2691420,1287999
102015884,10087042,471976,Schlossstrasse,26,8234 Stetten SH,2919,SH,real,True,15.11.2024,2691734,1288081
102015894,10169249,473684,Oberbreitenstrasse,25,8454 Buchberg,2933,SH,real,True,15.11.2024,2684658,1270066
102015895,10019561,473750,Murkathof,8,8454 Buchberg,2933,SH,real,True,15.11.2024,2684273,1268021
102015896,10118141,3075223,Birkenstrasse,13,8454 Buchberg,2933,SH,real,True,15.11.2024,2684231,1269986
102015897,10091228,473804,Wieswandstrasse,15,8454 Buchberg,2933,SH,real,True,15.11.2024,2684728,1269649
102015987,10118352,191155113,Dorfstrasse,59,8239 Dörflingen,2915,SH,real,True,15.11.2024,2696474,1284661
102015988,10148816,484802,Hauptstrasse,86,8217 Wilchingen,2974,SH,real,True,15.11.2024,2677029,1280228
102015989,10148816,484800,Hauptstrasse,81,8217 Wilchingen,2974,SH,real,True,15.11.2024,2676981,1280229
102015990,10148816,484638,Hauptstrasse,33,8217 Wilchingen,2974,SH,real,True,15.11.2024,2677327,1280159
102015991,10148816,484771,Hauptstrasse,30,8217 Wilchingen,2974,SH,real,True,15.11.2024,2677344,1280175
102015992,10148816,484767,Hauptstrasse,48,8217 Wilchingen,2974,SH,real,True,15.11.2024,2677198,1280175
102016025,10026002,481977,Bachstrasse,18,8226 Schleitheim,2952,SH,real,True,15.11.2024,2678821,1289512
102016026,10073365,2716243,Schlechtenbol,23,8226 Schleitheim,2952,SH,real,True,15.11.2024,2678458,1288932
102016029,10110817,481838,Geerenweg,12,8226 Schleitheim,2952,SH,real,True,15.11.2024,2677907,1288903
102016034,10152455,484734,Zinggenstrasse,1,8217 Wilchingen,2974,SH,real,True,15.11.2024,2677535,1280202
102016036,10026320,2022995,Dorfstrasse,29,8214 Gächlingen,2901,SH,real,True,15.11.2024,2679627,1284217
102016037,10048893,470101,Schulstrasse,4,8214 Gächlingen,2901,SH,real,True,15.11.2024,2679501,1284126
102016038,10113222,471059,Dorfstrasse,81,8218 Osterfingen,2974,SH,real,True,15.11.2024,2679199,1279693
102016039,10031834,2033464,Wiesenweg,7,8217 Wilchingen,2974,SH,real,True,15.11.2024,2677194,1280506
102016041,10103236,484659,Mettlenstrasse,4,8217 Wilchingen,2974,SH,real,True,15.11.2024,2677323,1280024
102016052,10024957,471712,Blattenacker,13,8235 Lohn SH,2917,SH,real,True,15.11.2024,2692382,1289987
102016053,10103869,3122027,Rütistrasse,18,8224 Löhningen,2903,SH,real,True,15.11.2024,2683216,1284320
102016054,10091167,9004046,Hämingblickweg,14,8224 Löhningen,2903,SH,real,True,15.11.2024,2683352,1284229
102016056,10073020,476005,Underem Förlibuck,12,8455 Rüdlingen,2938,SH,real,True,15.11.2024,2684775,1270297
102016233,10074400,475834,Hardstrasse,7,8212 Neuhausen am Rheinfall,2937,SH,real,True,15.11.2024,2687913,1282160
102016234,10018166,474532,Zentralstrasse,142,8212 Neuhausen am Rheinfall,2937,SH,real,True,15.11.2024,2688917,1282494
102016235,10121171,474788,Hegaustrasse,22,8212 Neuhausen am Rheinfall,2937,SH,real,True,15.11.2024,2688460,1282769
102016236,10128949,474816,Hohfluhstrasse,11,8212 Neuhausen am Rheinfall,2937,SH,real,True,15.11.2024,2688431,1282792
102016237,10106945,474799,Rosenbergstrasse,79,8212 Neuhausen am Rheinfall,2937,SH,real,True,15.11.2024,2688505,1282752
102016238,10121171,474801,Hegaustrasse,1,8212 Neuhausen am Rheinfall,2937,SH,real,True,15.11.2024,2688399,1282634
102016239,10058934,2027070,Industrieplatz,2,8212 Neuhausen am Rheinfall,2937,SH,real,True,15.11.2024,2688588,1281583
102016240,10018166,474627,Zentralstrasse,129,8212 Neuhausen am Rheinfall,2937,SH,real,True,15.11.2024,2688867,1282436
102016241,10091247,474653,Charlottenweg,1,8212 Neuhausen am Rheinfall,2937,SH,real,True,15.11.2024,2688838,1282576
102016243,10178592,474824,Bohnenbergstrasse,2,8212 Neuhausen am Rheinfall,2937,SH,real,True,15.11.2024,2688388,1282787
102016244,10121171,474862,Hegaustrasse,39,8212 Neuhausen am Rheinfall,2937,SH,real,True,15.11.2024,2688430,1282855
102016245,10106945,474850,Rosenbergstrasse,105,8212 Neuhausen am Rheinfall,2937,SH,real,True,15.11.2024,2688518,1282886
102016246,10121171,474865,Hegaustrasse,45,8212 Neuhausen am Rheinfall,2937,SH,real,True,15.11.2024,2688455,1282899
102016263,10058935,481479,Dorfstrasse,34,8228 Beggingen,2951,SH,real,True,15.11.2024,2682050,1291246
102016264,10058935,481542,Dorfstrasse,8,8228 Beggingen,2951,SH,real,True,15.11.2024,2682263,1291280
102016265,10058935,481485,Dorfstrasse,54,8228 Beggingen,2951,SH,real,True,15.11.2024,2681968,1291130
102016266,10026000,481559,Zollstrasse,44,8228 Beggingen,2951,SH,real,True,15.11.2024,2682639,1292779
102016267,10026000,481532,Zollstrasse,7,8228 Beggingen,2951,SH,real,True,15.11.2024,2682327,1291319
102016268,10025728,2030451,Schmalzgasse,9,8228 Beggingen,2951,SH,real,True,15.11.2024,2682581,1291477
102016269,10138975,481598,Aagewis,7,8228 Beggingen,2951,SH,real,True,15.11.2024,2682687,1291020
102016278,10179760,484139,Festistrasse,22,8215 Hallau,2971,SH,real,True,15.11.2024,2676225,1283392
102016279,10129036,484185,Ameisenbuck,7,8215 Hallau,2971,SH,real,True,15.11.2024,2676473,1283446
102016280,10073102,484217,Lopengraben,3,8215 Hallau,2971,SH,real,True,15.11.2024,2676538,1283482
102016281,10031943,484282,Bienengartenstrasse,4,8215 Hallau,2971,SH,real,True,15.11.2024,2676433,1283822
102016282,10091393,484289,Weiherhofstrasse,8,8215 Hallau,2971,SH,real,True,15.11.2024,2676451,1283859
102016283,10190666,483936,Konservenstrasse,19,8215 Hallau,2971,SH,real,True,15.11.2024,2676654,1283126
102016284,10187869,2032766,Küferstrasse,9,8215 Hallau,2971,SH,real,True,15.11.2024,2676166,1283206
102016285,10091391,484059,Rohrackerstrasse,11,8215 Hallau,2971,SH,real,True,15.11.2024,2676136,1282951
102016294,10058935,481490,Dorfstrasse,80,8228 Beggingen,2951,SH,real,True,15.11.2024,2681596,1291131
102016295,10187915,481526,Chobewis,9,8228 Beggingen,2951,SH,real,True,15.11.2024,2681908,1291288
102016296,10025728,481536,Schmalzgasse,6,8228 Beggingen,2951,SH,real,True,15.11.2024,2682431,1291363
102016297,10179736,481552,Bohlgass,20,8228 Beggingen,2951,SH,real,True,15.11.2024,2682214,1291371
102016298,10085760,481594,Gässli,6,8228 Beggingen,2951,SH,real,True,15.11.2024,2682542,1291082
102016311,10091114,484161,Mühlegasse,15,8215 Hallau,2971,SH,real,True,15.11.2024,2676365,1283480
102016312,10031498,484195,Hauengasse,4,8215 Hallau,2971,SH,real,True,15.11.2024,2676485,1283456
102016313,10031501,484212,Lahngasse,2,8215 Hallau,2971,SH,real,True,15.11.2024,2676509,1283458
102016314,10091114,2032571,Mühlegasse,4,8215 Hallau,2971,SH,real,True,15.11.2024,2676437,1283445
102016315,10031501,484202,Lahngasse,20,8215 Hallau,2971,SH,real,True,15.11.2024,2676479,1283564
102016316,10127689,484260,Untere Ifangstrasse,9,8215 Hallau,2971,SH,real,True,15.11.2024,2676385,1283649
102016317,10121180,484272,Oberwiesenstrasse,17,8215 Hallau,2971,SH,real,True,15.11.2024,2676368,1283772
102016369,10148816,484794,Hauptstrasse,74,8217 Wilchingen,2974,SH,real,True,15.11.2024,2677068,1280181
102016370,10148816,484801,Hauptstrasse,82,8217 Wilchingen,2974,SH,real,True,15.11.2024,2677013,1280213
102016371,10031819,484760,Hofackerstrasse,6,8217 Wilchingen,2974,SH,real,True,15.11.2024,2677188,1280210
102016372,10073115,484851,Hofackergarten,10,8217 Wilchingen,2974,SH,real,True,15.11.2024,2677295,1280379
102016373,10031834,484837,Wiesenweg,1,8217 Wilchingen,2974,SH,real,True,15.11.2024,2677167,1280465
102016374,10031819,9018127,Hofackerstrasse,30,8217 Wilchingen,2974,SH,real,True,15.11.2024,2677277,1280438
102016375,10031818,484856,Grossgasse,21,8217 Wilchingen,2974,SH,real,True,15.11.2024,2677317,1280350
102016376,10136961,484948,Chilchhofstrasse,6,8217 Wilchingen,2974,SH,real,True,15.11.2024,2677569,1280266
102016377,10120400,471040,Trottenweg,35,8218 Osterfingen,2974,SH,real,True,15.11.2024,2678614,1279778
102016378,10091404,484822,Blumenweg,1,8217 Wilchingen,2974,SH,real,True,15.11.2024,2677105,1280500
102016379,10024925,471005,Zollstrasse,17,8218 Osterfingen,2974,SH,real,True,15.11.2024,2678541,1278978
102016380,10024925,471004,Zollstrasse,19,8218 Osterfingen,2974,SH,real,True,15.11.2024,2678516,1278944
102016381,10113222,471024,Dorfstrasse,41,8218 Osterfingen,2974,SH,real,True,15.11.2024,2678691,1279628
102016382,10113222,471033,Dorfstrasse,46,8218 Osterfingen,2974,SH,real,True,15.11.2024,2678774,1279644
102016383,10113222,471090,Dorfstrasse,50,8218 Osterfingen,2974,SH,real,True,15.11.2024,2678823,1279638
102016384,10113222,471070,Dorfstrasse,65,8218 Osterfingen,2974,SH,real,True,15.11.2024,2679071,1279698
102016386,10046637,1616485,Huberlistrasse,19,8260 Stein am Rhein,2964,SH,real,True,15.11.2024,2705985,1280483
102016387,10091183,470937,Uf Nüchilch,1,8213 Neunkirch,2904,SH,real,True,15.11.2024,2679683,1282244
102016389,10091176,470988,Grosser Letten,1,8213 Neunkirch,2904,SH,real,True,15.11.2024,2679719,1282548
102016391,10087230,1616023,Burgackerstrasse,15,8260 Stein am Rhein,2964,SH,real,True,15.11.2024,2706703,1279161
102016393,10111804,470709,Hallauerstrasse,3,8213 Neunkirch,2904,SH,real,True,15.11.2024,2679309,1282721
102016394,10120398,470816,Gigering,13,8213 Neunkirch,2904,SH,real,True,15.11.2024,2679275,1282557
102016397,10091258,474646,Schaffhauserstrasse,37,8212 Neuhausen am Rheinfall,2937,SH,real,True,15.11.2024,2688815,1282470
102016399,10031499,483794,Hauptstrasse,115,8215 Hallau,2971,SH,real,True,15.11.2024,2676968,1283557
102016400,10031497,483767,Hammermauer,13,8215 Hallau,2971,SH,real,True,15.11.2024,2676802,1283575
102016401,10074397,475380,Durstgrabenstrasse,8,8212 Neuhausen am Rheinfall,2937,SH,real,True,15.11.2024,2687606,1281502
102016402,10091394,484150,Wunderklingerstrasse,28,8215 Hallau,2971,SH,real,True,15.11.2024,2676316,1283376
102016403,10017877,474289,Rheinstrasse,49,8212 Neuhausen am Rheinfall,2937,SH,real,True,15.11.2024,2688885,1281679
102016405,10018159,475307,Schöneggstrasse,19,8212 Neuhausen am Rheinfall,2937,SH,real,True,15.11.2024,2688407,1282541
102016407,10113212,482308,Grabenstrasse,62,8225 Siblingen,2953,SH,real,True,15.11.2024,2681290,1285774
102016583,10087229,1616352,Blaurockstrasse,15,8260 Stein am Rhein,2964,SH,real,True,15.11.2024,2706734,1280147
102016584,10046637,2714440,Huberlistrasse,22,8260 Stein am Rhein,2964,SH,real,True,15.11.2024,2705982,1280512
102016585,10031924,1616550,Hoppihohstrasse,5,8260 Stein am Rhein,2964,SH,real,True,15.11.2024,2706055,1280305
102016586,10046637,1616491,Huberlistrasse,9,8260 Stein am Rhein,2964,SH,real,True,15.11.2024,2706084,1280441
102016587,10031929,1616518,Niderfeldstrasse,16,8260 Stein am Rhein,2964,SH,real,True,15.11.2024,2705936,1280354
102016588,10031932,1616134,Rathausplatz,31,8260 Stein am Rhein,2964,SH,real,True,15.11.2024,2706658,1279763
102016589,10073092,1616427,Im Gwand,4,8260 Stein am Rhein,2964,SH,real,True,15.11.2024,2706803,1280205
102016590,10091107,2031851,Zollikof,3,8260 Stein am Rhein,2964,SH,real,True,15.11.2024,2707002,1279685
102016591,10117741,1616281,Oehningerstrasse,15,8260 Stein am Rhein,2964,SH,real,True,15.11.2024,2707180,1279755
102016592,10113219,1616253,Landhusweg,2,8260 Stein am Rhein,2964,SH,real,True,15.11.2024,2707488,1279882
102016593,10031925,1616562,Hoseweg,9,8260 Stein am Rhein,2964,SH,real,True,15.11.2024,2705834,1280314
102016594,10179753,101207676,Alte Zollstrasse,30,8260 Stein am Rhein,2964,SH,real,True,15.11.2024,2707698,1279827
102016595,10073089,1616146,Choligass,8,8260 Stein am Rhein,2964,SH,real,True,15.11.2024,2706571,1279837
102016596,10031938,1616180,Understadt,26,8260 Stein am Rhein,2964,SH,real,True,15.11.2024,2706620,1279861
102016597,10031932,1616114,Rathausplatz,9,8260 Stein am Rhein,2964,SH,real,True,15.11.2024,2706718,1279706
102016611,10018166,475505,Zentralstrasse,29,8212 Neuhausen am Rheinfall,2937,SH,real,True,15.11.2024,2688641,1281849
102016612,10018166,474639,Zentralstrasse,125,8212 Neuhausen am Rheinfall,2937,SH,real,True,15.11.2024,2688864,1282418
102016613,10178596,474642,Scheideggweg,6,8212 Neuhausen am Rheinfall,2937,SH,real,True,15.11.2024,2688798,1282558
102016614,10091247,474661,Charlottenweg,15,8212 Neuhausen am Rheinfall,2937,SH,real,True,15.11.2024,2688781,1282717
102016615,10091258,474619,Schaffhauserstrasse,15,8212 Neuhausen am Rheinfall,2937,SH,real,True,15.11.2024,2688733,1282312
102016616,10018165,9018117,Wildenstrasse,14,8212 Neuhausen am Rheinfall,2937,SH,real,True,15.11.2024,2688540,1281811
102016643,10091109,484034,Blumengartenstrasse,11,8215 Hallau,2971,SH,real,True,15.11.2024,2676304,1283066
102016644,10031941,483996,Bahnhofstrasse,41,8215 Hallau,2971,SH,real,True,15.11.2024,2676493,1283158
102016645,10031941,484099,Bahnhofstrasse,10,8215 Hallau,2971,SH,real,True,15.11.2024,2676469,1283324
102016646,10033112,483970,Haingartenstrasse,12,8215 Hallau,2971,SH,real,True,15.11.2024,2676543,1283272
102016647,10073103,483906,Neunkircherstrasse,22,8215 Hallau,2971,SH,real,True,15.11.2024,2677025,1283280
102016648,10031502,483935,Leebenstrasse,41,8215 Hallau,2971,SH,real,True,15.11.2024,2676635,1283262
102016649,10179762,483862,Ottengasse,12,8215 Hallau,2971,SH,real,True,15.11.2024,2676798,1283422
102016650,10091110,483911,Fotschengasse,7,8215 Hallau,2971,SH,real,True,15.11.2024,2676858,1283469
102016651,10133046,483895,Atlingerstrasse,33,8215 Hallau,2971,SH,real,True,15.11.2024,2677153,1283423
102016652,10133045,483848,Schweizerbundweg,7,8215 Hallau,2971,SH,real,True,15.11.2024,2676797,1283500
102016653,10031499,483796,Hauptstrasse,119,8215 Hallau,2971,SH,real,True,15.11.2024,2676974,1283539
102016654,10133044,483760,Statthofgasse,9,8215 Hallau,2971,SH,real,True,15.11.2024,2676874,1283566
102016655,10117742,483757,Untere Buckstrasse,25,8215 Hallau,2971,SH,real,True,15.11.2024,2677129,1283712
102016656,10091112,2032960,Hohlengasse,13,8215 Hallau,2971,SH,real,True,15.11.2024,2676736,1283686
102016657,10091112,483737,Hohlengasse,10,8215 Hallau,2971,SH,real,True,15.11.2024,2676745,1283671
102016658,10127690,483943,Im Winkel,20,8215 Hallau,2971,SH,real,True,15.11.2024,2676553,1283433
102016667,10046638,484302,Rosenstrasse,7,8215 Hallau,2971,SH,real,True,15.11.2024,2676427,1283963
102016668,10091393,484290,Weiherhofstrasse,12,8215 Hallau,2971,SH,real,True,15.11.2024,2676485,1283866
102016669,10091393,484285,Weiherhofstrasse,2,8215 Hallau,2971,SH,real,True,15.11.2024,2676384,1283867
102016670,10033112,3145238,Haingartenstrasse,31,8215 Hallau,2971,SH,real,True,15.11.2024,2676673,1283178
102016671,10073105,484072,Selmattenstrasse,24,8215 Hallau,2971,SH,real,True,15.11.2024,2676277,1282935
102016672,10187869,484122,Küferstrasse,11,8215 Hallau,2971,SH,real,True,15.11.2024,2676142,1283232
102016673,10091113,484050,Lisiloostrasse,15,8215 Hallau,2971,SH,real,True,15.11.2024,2676074,1282982
102016674,10133042,2713319,Empützistrasse,7,8215 Hallau,2971,SH,real,True,15.11.2024,2676205,1283057
102016675,10031941,483992,Bahnhofstrasse,51,8215 Hallau,2971,SH,real,True,15.11.2024,2676496,1283106
102016676,10110820,484033,Gehringerstrasse,8,8215 Hallau,2971,SH,real,True,15.11.2024,2676333,1283123
102016677,10073105,484080,Selmattenstrasse,8,8215 Hallau,2971,SH,real,True,15.11.2024,2676403,1283017
102016682,10058935,481480,Dorfstrasse,40,8228 Beggingen,2951,SH,real,True,15.11.2024,2682050,1291182
102016683,10058935,481566,Dorfstrasse,7,8228 Beggingen,2951,SH,real,True,15.11.2024,2682278,1291237
102016684,10058935,481482,Dorfstrasse,44,8228 Beggingen,2951,SH,real,True,15.11.2024,2682034,1291166
102016685,10058935,481514,Dorfstrasse,15,8228 Beggingen,2951,SH,real,True,15.11.2024,2682177,1291220
102016686,10179736,481546,Bohlgass,4,8228 Beggingen,2951,SH,real,True,15.11.2024,2682193,1291287
102016687,10187915,481522,Chobewis,1,8228 Beggingen,2951,SH,real,True,15.11.2024,2682032,1291314
102016688,10073080,481588,Oberdorf,7,8228 Beggingen,2951,SH,real,True,15.11.2024,2682503,1291150
102016689,10104507,481605,Randenstrasse,31,8228 Beggingen,2951,SH,real,True,15.11.2024,2682507,1291087
102016690,10025714,481579,Bückli,7,8228 Beggingen,2951,SH,real,True,15.11.2024,2682405,1291256
102016692,10053246,481502,Wiesental,13,8228 Beggingen,2951,SH,real,True,15.11.2024,2682053,1290888
102016693,10025714,2712845,Bückli,12,8228 Beggingen,2951,SH,real,True,15.11.2024,2682495,1291225
102016694,10058935,481567,Dorfstrasse,5,8228 Beggingen,2951,SH,real,True,15.11.2024,2682306,1291196
102016695,10025721,2030358,Hoolicher,8,8228 Beggingen,2951,SH,real,True,15.11.2024,2682642,1291136
102016696,10025721,2714409,Hoolicher,12,8228 Beggingen,2951,SH,real,True,15.11.2024,2682670,1291122
102016705,10139725,2033503,Birkenhof,1,8217 Wilchingen,2974,SH,real,True,15.11.2024,2676243,1280036
102016706,10113222,471063,Dorfstrasse,86,8218 Osterfingen,2974,SH,real,True,15.11.2024,2679172,1279680
102016707,10148704,484936,Berghaus,1,8217 Wilchingen,2974,SH,real,True,15.11.2024,2673921,1281798
102016708,10149927,484904,Bahnhofstrasse,15,8217 Wilchingen,2974,SH,real,True,15.11.2024,2676938,1281492
102016977,10018166,474546,Zentralstrasse,35,8212 Neuhausen am Rheinfall,2937,SH,real,True,15.11.2024,2688659,1281876
102016979,10017875,474556,Poststrasse,36,8212 Neuhausen am Rheinfall,2937,SH,real,True,15.11.2024,2688552,1281943
102016980,10178592,474878,Bohnenbergstrasse,29,8212 Neuhausen am Rheinfall,2937,SH,real,True,15.11.2024,2688391,1282869
102016981,10018162,474910,Tannenstrasse,9,8212 Neuhausen am Rheinfall,2937,SH,real,True,15.11.2024,2688296,1282933
102016982,10018162,474917,Tannenstrasse,18,8212 Neuhausen am Rheinfall,2937,SH,real,True,15.11.2024,2688408,1283027
102016983,10178592,474875,Bohnenbergstrasse,23,8212 Neuhausen am Rheinfall,2937,SH,real,True,15.11.2024,2688376,1282832
102016984,10018162,474920,Tannenstrasse,23,8212 Neuhausen am Rheinfall,2937,SH,real,True,15.11.2024,2688392,1283119
102016985,10018165,475495,Wildenstrasse,1,8212 Neuhausen am Rheinfall,2937,SH,real,True,15.11.2024,2688608,1281804
102016986,10017875,474544,Poststrasse,39,8212 Neuhausen am Rheinfall,2937,SH,real,True,15.11.2024,2688619,1281918
102016987,10091252,475479,Industriestrasse,36,8212 Neuhausen am Rheinfall,2937,SH,real,True,15.11.2024,2688556,1281754
102016988,10018166,475516,Zentralstrasse,50,8212 Neuhausen am Rheinfall,2937,SH,real,True,15.11.2024,2688706,1281896
102017003,10031930,1616091,Obergass,8,8260 Stein am Rhein,2964,SH,real,True,15.11.2024,2706821,1279742
102017004,10031930,1616224,Obergass,32,8260 Stein am Rhein,2964,SH,real,True,15.11.2024,2706769,1279837
102017005,10091105,1616468,Rietstrasse,44,8260 Stein am Rhein,2964,SH,real,True,15.11.2024,2706183,1280253
102017006,10090056,1616514,Hohrainstrasse,3,8260 Stein am Rhein,2964,SH,real,True,15.11.2024,2706116,1280371
102017007,10110819,1615853,Espiweg,39,8260 Stein am Rhein,2964,SH,real,True,15.11.2024,2706349,1279602
102017009,10031617,1616053,Bruggsteg,16,8260 Stein am Rhein,2964,SH,real,True,15.11.2024,2706849,1279282
102017010,10110819,1615875,Espiweg,6,8260 Stein am Rhein,2964,SH,real,True,15.11.2024,2706628,1279531
102017011,10031939,1615831,Wagenhauserstrasse,32,8260 Stein am Rhein,2964,SH,real,True,15.11.2024,2706401,1279529
102017012,10053531,1616026,Burgstieg,3,8260 Stein am Rhein,2964,SH,real,True,15.11.2024,2706676,1279485
102017013,10024970,471841,Dorfstrasse,20,8234 Stetten SH,2919,SH,real,True,15.11.2024,2691738,1288502
102017018,10179760,484147,Festistrasse,19,8215 Hallau,2971,SH,real,True,15.11.2024,2676252,1283392
102017071,10031508,484101,Schmalzgasse,2,8215 Hallau,2971,SH,real,True,15.11.2024,2676451,1283265
102017072,10031508,484008,Schmalzgasse,9,8215 Hallau,2971,SH,real,True,15.11.2024,2676422,1283223
102017073,10107219,484118,Selhofstrasse,26,8215 Hallau,2971,SH,real,True,15.11.2024,2676239,1283240
102017074,10031508,484114,Schmalzgasse,26,8215 Hallau,2971,SH,real,True,15.11.2024,2676355,1283206
102017075,10031508,484000,Schmalzgasse,29,8215 Hallau,2971,SH,real,True,15.11.2024,2676343,1283193
102017076,10091392,483934,Schöneckstrasse,35,8215 Hallau,2971,SH,real,True,15.11.2024,2676656,1283313
102017077,10091392,483887,Schöneckstrasse,37,8215 Hallau,2971,SH,real,True,15.11.2024,2676636,1283298
102017078,10031502,483927,Leebenstrasse,25,8215 Hallau,2971,SH,real,True,15.11.2024,2676771,1283311
102017079,10073103,483802,Neunkircherstrasse,7,8215 Hallau,2971,SH,real,True,15.11.2024,2677019,1283464
102017080,10073103,483801,Neunkircherstrasse,5,8215 Hallau,2971,SH,real,True,15.11.2024,2677018,1283474
102017081,10091392,483884,Schöneckstrasse,24,8215 Hallau,2971,SH,real,True,15.11.2024,2676607,1283352
102017082,10031502,483919,Leebenstrasse,18,8215 Hallau,2971,SH,real,True,15.11.2024,2676823,1283364
102017083,10091110,483913,Fotschengasse,9,8215 Hallau,2971,SH,real,True,15.11.2024,2676871,1283456
102017084,10031499,483819,Hauptstrasse,100,8215 Hallau,2971,SH,real,True,15.11.2024,2676912,1283520
102017085,10180893,483866,Heerengarten,14,8215 Hallau,2971,SH,real,True,15.11.2024,2676706,1283467
102017086,10091390,483830,Oberhallauerstrasse,32,8215 Hallau,2971,SH,real,True,15.11.2024,2677289,1283592
102017087,10133045,483849,Schweizerbundweg,5,8215 Hallau,2971,SH,real,True,15.11.2024,2676793,1283505
102017088,10031499,484226,Hauptstrasse,45,8215 Hallau,2971,SH,real,True,15.11.2024,2676653,1283518
102017089,10031574,482196,Mühlenstrasse,8,8225 Siblingen,2953,SH,real,True,15.11.2024,2681078,1285337
102017090,10031574,482214,Mühlenstrasse,1,8225 Siblingen,2953,SH,real,True,15.11.2024,2681135,1285394
102017091,10110818,9004067,Raastrasse,2,8225 Siblingen,2953,SH,real,True,15.11.2024,2681115,1285249
102017092,10080410,482239,Raabuck,2,8225 Siblingen,2953,SH,real,True,15.11.2024,2681421,1285214
102017093,10080408,482222,Hauptstrasse,47,8225 Siblingen,2953,SH,real,True,15.11.2024,2681228,1285376
102017094,10113212,482283,Grabenstrasse,5,8225 Siblingen,2953,SH,real,True,15.11.2024,2681115,1285474
102017095,10080408,482256,Hauptstrasse,8,8225 Siblingen,2953,SH,real,True,15.11.2024,2681473,1285204
102017096,10080408,482228,Hauptstrasse,29,8225 Siblingen,2953,SH,real,True,15.11.2024,2681367,1285336
102017097,10080409,482185,In der Au,23,8225 Siblingen,2953,SH,real,True,15.11.2024,2681110,1285190
102017111,10031824,484922,Mühlenstrasse,38,8217 Wilchingen,2974,SH,real,True,15.11.2024,2677175,1281278
102017112,10152455,484722,Zinggenstrasse,26,8217 Wilchingen,2974,SH,real,True,15.11.2024,2677441,1280359
102017113,10031824,484884,Mühlenstrasse,28,8217 Wilchingen,2974,SH,real,True,15.11.2024,2677226,1281138
102017114,10073112,2712157,Am Bächli,2,8217 Wilchingen,2974,SH,real,True,15.11.2024,2677209,1281215
102017115,10031816,484860,Dickistrasse,4,8217 Wilchingen,2974,SH,real,True,15.11.2024,2677362,1280990
102017116,10152455,484729,Zinggenstrasse,11,8217 Wilchingen,2974,SH,real,True,15.11.2024,2677485,1280242
102017117,10149928,484744,Haartelstrasse,5,8217 Wilchingen,2974,SH,real,True,15.11.2024,2677637,1280235
102017118,10149928,484693,Haartelstrasse,38,8217 Wilchingen,2974,SH,real,True,15.11.2024,2677946,1280044
102017119,10031823,484629,Mettlenweg,4,8217 Wilchingen,2974,SH,real,True,15.11.2024,2677101,1280019
102017120,10149930,484650,Winkelstrasse,5,8217 Wilchingen,2974,SH,real,True,15.11.2024,2677363,1280089
102017121,10179766,484683,Bettengasse,8,8217 Wilchingen,2974,SH,real,True,15.11.2024,2677497,1280105
102017122,10031829,484742,Schulgasse,2,8217 Wilchingen,2974,SH,real,True,15.11.2024,2677433,1280164
102017346,10046606,475463,Rheinfallstrasse,15,8212 Neuhausen am Rheinfall,2937,SH,real,True,15.11.2024,2688392,1281775
102017347,10046606,475846,Rheinfallstrasse,28,8212 Neuhausen am Rheinfall,2937,SH,real,True,15.11.2024,2688187,1281764
102017348,10106945,474938,Rosenbergstrasse,133,8212 Neuhausen am Rheinfall,2937,SH,real,True,15.11.2024,2688560,1283146
102017349,10132131,474944,Buchenstrasse,47,8212 Neuhausen am Rheinfall,2937,SH,real,True,15.11.2024,2688499,1283260
102017350,10132131,474950,Buchenstrasse,59,8212 Neuhausen am Rheinfall,2937,SH,real,True,15.11.2024,2688495,1283332
102017351,10132131,474981,Buchenstrasse,91,8212 Neuhausen am Rheinfall,2937,SH,real,True,15.11.2024,2688528,1283378
102017352,10106945,474936,Rosenbergstrasse,131,8212 Neuhausen am Rheinfall,2937,SH,real,True,15.11.2024,2688529,1283127
102017353,10132131,474956,Buchenstrasse,66,8212 Neuhausen am Rheinfall,2937,SH,real,True,15.11.2024,2688548,1283253
102017354,10091243,474293,Andersengässchen,1,8212 Neuhausen am Rheinfall,2937,SH,real,True,15.11.2024,2688902,1281612
102017355,10018166,475513,Zentralstrasse,16,8212 Neuhausen am Rheinfall,2937,SH,real,True,15.11.2024,2688637,1281773
102017357,10091243,474294,Andersengässchen,3,8212 Neuhausen am Rheinfall,2937,SH,real,True,15.11.2024,2688915,1281599
102017358,10186343,474309,Rheingoldstrasse,26,8212 Neuhausen am Rheinfall,2937,SH,real,True,15.11.2024,2688839,1281802
102017359,10132131,474970,Buchenstrasse,80,8212 Neuhausen am Rheinfall,2937,SH,real,True,15.11.2024,2688541,1283323
102017360,10017853,475087,Beckenburgstrasse,9,8212 Neuhausen am Rheinfall,2937,SH,real,True,15.11.2024,2688401,1282113
102017361,10132131,474990,Buchenstrasse,98,8212 Neuhausen am Rheinfall,2937,SH,real,True,15.11.2024,2688577,1283312
102017362,10132131,474986,Buchenstrasse,106,8212 Neuhausen am Rheinfall,2937,SH,real,True,15.11.2024,2688583,1283355
102017417,10080409,482180,In der Au,24,8225 Siblingen,2953,SH,real,True,15.11.2024,2681113,1285160
102017418,10031580,482264,Tüelgasse,1,8225 Siblingen,2953,SH,real,True,15.11.2024,2681459,1285328
102017419,10113212,482325,Grabenstrasse,12,8225 Siblingen,2953,SH,real,True,15.11.2024,2681159,1285496
102017420,10031570,482353,Breitestrasse,21,8225 Siblingen,2953,SH,real,True,15.11.2024,2681502,1285357
102017421,10113212,482320,Grabenstrasse,32,8225 Siblingen,2953,SH,real,True,15.11.2024,2681219,1285580
102017422,10085777,482276,Auf der Breite,9,8225 Siblingen,2953,SH,real,True,15.11.2024,2681336,1285419
102017423,10031570,482347,Breitestrasse,18,8225 Siblingen,2953,SH,real,True,15.11.2024,2681514,1285484
102017424,10031578,482363,Schoopacker,17,8225 Siblingen,2953,SH,real,True,15.11.2024,2681302,1286034
102017425,10135339,101207325,Untere Burghalde,9,8225 Siblingen,2953,SH,real,True,15.11.2024,2681497,1285577
102017426,10031581,482429,Hofweg,2,8263 Buch SH,2961,SH,real,True,15.11.2024,2700863,1286027
102017427,10030808,190267948,Morgenackerstrasse,18,8454 Buchberg,2933,SH,real,True,15.11.2024,2684149,1269814
102017430,10046605,473694,Dorfstrasse,2,8454 Buchberg,2933,SH,real,True,15.11.2024,2684860,1269981
102017435,10127703,484166,Neumühleweg,5,8215 Hallau,2971,SH,real,True,15.11.2024,2676359,1283526
102017436,10031498,484189,Hauengasse,19,8215 Hallau,2971,SH,real,True,15.11.2024,2676430,1283521
102017441,10031587,482518,Im Bergli,2,8261 Hemishofen,2962,SH,real,True,15.11.2024,2704875,1281605
102017442,10164638,482520,Im Gali,2,8261 Hemishofen,2962,SH,real,True,15.11.2024,2704916,1281654
102017443,10071686,482580,Dorfstrasse,28,8261 Hemishofen,2962,SH,real,True,15.11.2024,2704403,1281630
102017444,10031586,2031366,Hauptstrasse,27,8261 Hemishofen,2962,SH,real,True,15.11.2024,2704600,1281625
102017445,10031589,2715539,Im Oberfeld,16,8261 Hemishofen,2962,SH,real,True,15.11.2024,2704838,1281426
102017446,10031585,482519,Bürglerstrasse,11,8261 Hemishofen,2962,SH,real,True,15.11.2024,2704892,1281577
102017447,10091392,483879,Schöneckstrasse,15,8215 Hallau,2971,SH,real,True,15.11.2024,2676626,1283408
102017448,10031499,483778,Hauptstrasse,85,8215 Hallau,2971,SH,real,True,15.11.2024,2676829,1283521
102017449,10031497,483766,Hammermauer,17,8215 Hallau,2971,SH,real,True,15.11.2024,2676846,1283577
102017450,10179759,483748,Bergstrasse,18,8215 Hallau,2971,SH,real,True,15.11.2024,2676761,1283627
102017451,10073104,484239,Schulgasse,12,8215 Hallau,2971,SH,real,True,15.11.2024,2676690,1283590
102017452,10073104,484236,Schulgasse,6,8215 Hallau,2971,SH,real,True,15.11.2024,2676707,1283595
102017453,10031500,484298,Höhenweg,8,8215 Hallau,2971,SH,real,True,15.11.2024,2676689,1283669
102017454,10091112,483736,Hohlengasse,23,8215 Hallau,2971,SH,real,True,15.11.2024,2676732,1283743
102017489,10178594,475691,Irchelstrasse,8,8212 Neuhausen am Rheinfall,2937,SH,real,True,15.11.2024,2687585,1281623
102017490,10106945,474757,Rosenbergstrasse,86,8212 Neuhausen am Rheinfall,2937,SH,real,True,15.11.2024,2688523,1282716
102017491,10017873,474726,Mittelstrasse,5,8212 Neuhausen am Rheinfall,2937,SH,real,True,15.11.2024,2688536,1282569
102017492,10046612,3122062,Zollstrasse,72,8212 Neuhausen am Rheinfall,2937,SH,real,True,15.11.2024,2687482,1281527
102017558,10091175,191263931,Gartenweg,5,8213 Neunkirch,2904,SH,real,True,15.11.2024,2679584,1282222
102017717,10025641,471926,Untere Wassergasse,12,8234 Stetten SH,2919,SH,real,True,15.11.2024,2691813,1288370
102017718,10104921,471892,Staanackerstrasse,8,8234 Stetten SH,2919,SH,real,True,15.11.2024,2691693,1288273
102017719,10185480,471801,Im Büel,39,8234 Stetten SH,2919,SH,real,True,15.11.2024,2691696,1288881
102017720,10024975,471820,Lohnemerstrasse,31,8234 Stetten SH,2919,SH,real,True,15.11.2024,2691798,1288874
102017721,10087043,471951,Tubackackerstrasse,19,8234 Stetten SH,2919,SH,real,True,15.11.2024,2691602,1287961
102017722,10072986,471946,Braatistrasse,31,8234 Stetten SH,2919,SH,real,True,15.11.2024,2691469,1287928
102017723,10073623,9004059,Wallenrütistrasse,14,8234 Stetten SH,2919,SH,real,True,15.11.2024,2691385,1287835
102017724,10087042,3145190,Schlossstrasse,14,8234 Stetten SH,2919,SH,real,True,15.11.2024,2691788,1288242
102017725,10154819,190206029,Im Buechacker,16,8234 Stetten SH,2919,SH,real,True,15.11.2024,2691834,1288082
102017731,10074405,475094,Sägereistrasse,6,8212 Neuhausen am Rheinfall,2937,SH,real,True,15.11.2024,2688315,1282105
102017732,10091262,474325,Wiesengrundstrasse,6,8212 Neuhausen am Rheinfall,2937,SH,real,True,15.11.2024,2688897,1281807
102017733,10118142,474361,Heimstrasse,6,8212 Neuhausen am Rheinfall,2937,SH,real,True,15.11.2024,2688989,1281675
102017734,10046611,474271,Wüscherstrasse,5,8212 Neuhausen am Rheinfall,2937,SH,real,True,15.11.2024,2688805,1281694
102017735,10017877,474334,Rheinstrasse,61,8212 Neuhausen am Rheinfall,2937,SH,real,True,15.11.2024,2688949,1281734
102017736,10186930,474344,Victor-von-Bruns-Strasse,4,8212 Neuhausen am Rheinfall,2937,SH,real,True,15.11.2024,2689007,1281734
102017737,10017852,475754,Bachtelstrasse,3,8212 Neuhausen am Rheinfall,2937,SH,real,True,15.11.2024,2687868,1282039
102017738,10122554,475065,Zelgstrasse,8,8212 Neuhausen am Rheinfall,2937,SH,real,True,15.11.2024,2688473,1282072
102017739,10122554,475064,Zelgstrasse,6,8212 Neuhausen am Rheinfall,2937,SH,real,True,15.11.2024,2688485,1282054
102017740,10017851,475063,Alpenstrasse,8,8212 Neuhausen am Rheinfall,2937,SH,real,True,15.11.2024,2688508,1282149
102017741,10017851,475103,Alpenstrasse,9,8212 Neuhausen am Rheinfall,2937,SH,real,True,15.11.2024,2688520,1282219
102017742,10017877,474352,Rheinstrasse,74,8212 Neuhausen am Rheinfall,2937,SH,real,True,15.11.2024,2689010,1281775
102017743,10186343,474313,Rheingoldstrasse,36,8212 Neuhausen am Rheinfall,2937,SH,real,True,15.11.2024,2688878,1281853
102017744,10017852,475844,Bachtelstrasse,2,8212 Neuhausen am Rheinfall,2937,SH,real,True,15.11.2024,2687887,1282046
102031126,10190886,191269333,Langfeldweg,4,8213 Neunkirch,2904,SH,real,True,15.11.2024,2679209,1282675
102031845,10147639,191580994,Im Gablemacher,12,8240 Thayngen,2920,SH,real,True,15.11.2024,2694481,1289658
102033162,10024969,191269610,Püntstrasse,8a,8236 Opfertshofen SH,2920,SH,real,True,15.11.2024,2691609,1292537
102033949,10147639,191282331,Im Gablemacher,13,8240 Thayngen,2920,SH,real,True,15.11.2024,2694402,1289551
102034170,10031603,191283410,Moskau,623,8262 Ramsen,2963,SH,real,True,15.11.2024,2703714,1285392
102034172,10179749,191283431,Biberweg,622,8262 Ramsen,2963,SH,real,True,15.11.2024,2702980,1284825
102034637,10048903,191124072,Schaffhauserstrasse,47,8240 Thayngen,2920,SH,real,True,15.11.2024,2694381,1289346
102035047,10018144,191282350,Neuhausweg,16,8240 Thayngen,2920,SH,real,True,15.11.2024,2694956,1289426
102035049,10048903,191124071,Schaffhauserstrasse,41,8240 Thayngen,2920,SH,real,True,15.11.2024,2694396,1289344
102036440,10121172,191271050,Buchbergstrasse,13,8200 Schaffhausen,2939,SH,real,True,15.11.2024,2688827,1287479
102036820,10126991,191285110,Sandweg,1,8263 Buch SH,2961,SH,real,True,15.11.2024,2700472,1286058
102036822,10071685,191285112,Dorfstrasse,29,8263 Buch SH,2961,SH,real,True,15.11.2024,2700674,1286023
102037325,10085741,191272052,Solenbergstrasse,7,8207 Schaffhausen,2939,SH,real,False,15.11.2024,2691763,1285411
102037688,10187915,191285531,Chobewis,4,8228 Beggingen,2951,SH,real,True,15.11.2024,2681978,1291344
102037700,10017860,191285633,Engestrasse,27a,8212 Neuhausen am Rheinfall,2937,SH,real,True,15.11.2024,2688152,1282350
102038443,10136262,191277790,Müliweg,16,8214 Gächlingen,2901,SH,real,True,15.11.2024,2679890,1284389
102039158,10026003,191280673,Beggingerstrasse,644.2,8226 Schleitheim,2952,SH,real,True,23.07.2024,2679115,1290057
102039586,10146118,191288770,Vorbuechweg,4,8232 Merishausen,2936,SH,real,True,15.11.2024,2687938,1290068
102040024,10147639,191281150,Im Gablemacher,15,8240 Thayngen,2920,SH,real,True,15.11.2024,2694405,1289571
102040514,10149559,191291130,Müliwis,3,8261 Hemishofen,2962,SH,real,True,15.11.2024,2704446,1281790
102041136,10087064,191289350,Mandacherstrasse,10,8233 Bargen SH,2931,SH,real,True,15.11.2024,2687675,1294214
102041305,10202333,191295391,Oelbergstieg,3,8200 Schaffhausen,2939,SH,real,True,15.11.2024,2688443,1283564
102041361,10086752,191289891,Plattenweg,50,8239 Dörflingen,2915,SH,real,True,15.11.2024,2696256,1285366
102041677,10104917,191295131,Blattenweg,8,8235 Lohn SH,2917,SH,real,True,15.11.2024,2692534,1290010
102041679,10202333,191295330,Oelbergstieg,5,8200 Schaffhausen,2939,SH,real,True,15.11.2024,2688444,1283583
102042267,10134598,191290591,Grünau,6,8233 Bargen SH,2931,SH,real,True,15.11.2024,2687633,1294320
102043918,10032578,191291453,Schwarzwaldstrasse,17,8226 Schleitheim,2952,SH,real,True,15.11.2024,2677861,1288989
102046987,10086478,191306432,Eibenweg,6,8200 Schaffhausen,2939,SH,real,True,15.11.2024,2690458,1284675
102046988,10086478,191306432,Eibenweg,2,8200 Schaffhausen,2939,SH,real,True,15.11.2024,2690435,1284704
102046989,10086478,191306432,Eibenweg,4,8200 Schaffhausen,2939,SH,real,True,15.11.2024,2690446,1284689
102047121,10087219,191310292,Fortenbach,594,8262 Ramsen,2963,SH,real,True,15.11.2024,2702876,1285199
102047219,10192483,191306990,Bleicheplatz,1,8200 Schaffhausen,2939,SH,real,True,15.11.2024,2689555,1283853
102047268,10018664,191306370,Im Schweizersbild,33.1,8200 Schaffhausen,2939,SH,real,True,23.07.2024,2690194,1286662
102047476,10073655,191305670,Gehrenhalde,59,8231 Hemmental,2939,SH,real,True,15.11.2024,2686206,1287796
102047533,10031609,191311931,Turnplatzweg,275,8262 Ramsen,2963,SH,real,True,15.11.2024,2703016,1285154
102047540,10194239,191312430,Im Gwerb,6,8224 Löhningen,2903,SH,real,True,15.11.2024,2683316,1283821
102047610,10026323,191312311,Kirchstrasse,6a,8214 Gächlingen,2901,SH,real,True,15.11.2024,2679653,1284001
102047652,10169253,191310130,Untere Gründelstrasse,7,8454 Buchberg,2933,SH,real,True,15.11.2024,2684107,1269747
102047702,10087227,191311991,Wilerstrasse,366,8262 Ramsen,2963,SH,real,True,15.11.2024,2703219,1284708
102047739,10085774,191314430,Schützengasse,17,8226 Schleitheim,2952,SH,real,True,15.11.2024,2678630,1289611
102048209,10186930,191315891,Victor-von-Bruns-Strasse,28.52,8212 Neuhausen am Rheinfall,2937,SH,real,True,23.07.2024,2688954,1281459
102048395,10158883,191303051,Bergstrasse,2,8216 Oberhallau,2972,SH,real,True,15.11.2024,2677940,1284422
102048397,10164493,191303070,Dorfstrasse,15,8216 Oberhallau,2972,SH,real,True,15.11.2024,2677951,1284300
102048398,10073106,191303072,Heerengasse,17,8216 Oberhallau,2972,SH,real,True,15.11.2024,2678082,1284302
102048399,10162276,191303090,Mitteldorfstrasse,9,8216 Oberhallau,2972,SH,real,True,15.11.2024,2678050,1284327
102048400,10162276,191303091,Mitteldorfstrasse,16,8216 Oberhallau,2972,SH,real,True,15.11.2024,2678029,1284287
102048607,10136921,191296752,Chapfweg,27,8214 Gächlingen,2901,SH,real,True,15.11.2024,2679724,1284545
102048617,10024937,191299090,Dorfstrasse,40,8236 Büttenhardt,2914,SH,real,True,15.11.2024,2691177,1290404
102048618,10024937,191299110,Dorfstrasse,46,8236 Büttenhardt,2914,SH,real,True,15.11.2024,2691194,1290428
102048647,10031603,191312010,Moskau,314c.1,8262 Ramsen,2963,SH,real,True,23.07.2024,2703737,1285428
102048659,10206076,191312270,Hinterdorfstrasse,17,8455 Rüdlingen,2938,SH,real,True,15.11.2024,2685279,1270285
102048805,10024954,191306350,Chuttlerstrasse,16,8242 Hofen SH,2920,SH,real,True,15.11.2024,2692693,1293278
102048839,10026342,191312470,Hauptstrasse,34,8224 Löhningen,2903,SH,real,True,15.11.2024,2683615,1284008
102049080,10188153,191300131,Gächlingerstrasse,3,8213 Neunkirch,2904,SH,real,True,15.11.2024,2679772,1282762
102049081,10190886,191300151,Langfeldweg,8,8213 Neunkirch,2904,SH,real,True,15.11.2024,2679166,1282663
102049082,10190886,191300152,Langfeldweg,13,8213 Neunkirch,2904,SH,real,True,15.11.2024,2678887,1282625
102049188,10168524,191300991,Friedauweg,7,8215 Hallau,2971,SH,real,True,15.11.2024,2676640,1282755
102049284,10091396,191303073,Hinterdorfstrasse,2,8216 Oberhallau,2972,SH,real,True,15.11.2024,2678068,1284437
102049286,10162014,191303092,Wettistrasse,1,8216 Oberhallau,2972,SH,real,True,15.11.2024,2677900,1284506
102049287,10202345,191303093,Hegiackerstrasse,125,8216 Oberhallau,2972,SH,real,True,15.11.2024,2678117,1285294
102049326,10074396,191299790,Brunnenwiesenstrasse,33,8212 Neuhausen am Rheinfall,2937,SH,real,True,15.11.2024,2687762,1281619
102049343,10190886,191300150,Langfeldweg,7,8213 Neunkirch,2904,SH,real,True,15.11.2024,2679081,1282652
102049344,10190886,191300170,Langfeldweg,14,8213 Neunkirch,2904,SH,real,True,15.11.2024,2679037,1282680
102049345,10027508,2023735,Löhningerstrasse,4,8213 Neunkirch,2904,SH,real,True,15.11.2024,2680033,1282737
102049346,10185471,470673,Vordergasse,40,8213 Neunkirch,2904,SH,real,True,15.11.2024,2679560,1282720
102049347,10188153,191300210,Gächlingerstrasse,17,8213 Neunkirch,2904,SH,real,True,15.11.2024,2679725,1283122
102049348,10027506,191300211,Herrengasse,27,8213 Neunkirch,2904,SH,real,True,15.11.2024,2679598,1282767
102049349,10106941,191300212,Oberwiesstrasse,20,8213 Neunkirch,2904,SH,real,True,15.11.2024,2679760,1282217
102049955,10026323,191296751,Kirchstrasse,21,8214 Gächlingen,2901,SH,real,True,15.11.2024,2679788,1284264
102049985,10031945,191297650,Fernsichtstrasse,19,8215 Hallau,2971,SH,real,True,15.11.2024,2676243,1283525
102050187,10127712,191297630,Empützigraben,30a,8215 Hallau,2971,SH,real,True,15.11.2024,2676503,1282739
102050194,10026336,191302133,Bachtelstrasse,15,8224 Löhningen,2903,SH,real,True,15.11.2024,2683277,1284184
102050226,10199000,191302972,Wiesenweg,4,8216 Oberhallau,2972,SH,real,True,15.11.2024,2677990,1284129
102050292,10091176,191300132,Grosser Letten,14,8213 Neunkirch,2904,SH,real,True,15.11.2024,2679496,1282453
102050294,10048898,191300172,Schmerlatstrasse,14,8213 Neunkirch,2904,SH,real,True,15.11.2024,2681722,1282694
102050295,10027512,191300173,Schwimmbadstrasse,46,8213 Neunkirch,2904,SH,real,True,15.11.2024,2680231,1283001
102050561,10091113,191297936,Lisiloostrasse,12.1,8215 Hallau,2971,SH,real,True,23.07.2024,2676045,1282989
102050980,10091397,191303074,Krongasse,5,8216 Oberhallau,2972,SH,real,True,15.11.2024,2678124,1284540
102051675,10031611,191311970,Wiesholzerstrasse,596,8262 Ramsen,2963,SH,real,True,15.11.2024,2703994,1285129
102052107,10185489,2025649,Grafensteinweg,4,8222 Beringen,2932,SH,real,True,15.11.2024,2685194,1283192
102052116,10032557,191314330,Bolstiig,12,8226 Schleitheim,2952,SH,real,True,15.11.2024,2678257,1289292
102052117,10032565,191314350,Hallauerstrasse,26a,8226 Schleitheim,2952,SH,real,True,15.11.2024,2677906,1288776
102062343,10237818,191336772,Rebbergstrasse,128b,8240 Thayngen,2920,SH,real,True,15.11.2024,2696548,1289367
102062345,10237818,191336790,Rebbergstrasse,136,8240 Thayngen,2920,SH,real,True,15.11.2024,2696658,1289350
102062488,10105350,191328333,Biberweg,3.3,8263 Buch SH,2961,SH,real,True,23.07.2024,2701294,1285873
102062497,10068425,191329031,Gewerbestrasse,4,8214 Gächlingen,2901,SH,real,True,15.11.2024,2679842,1283959
102062498,10026323,191329090,Kirchstrasse,8,8214 Gächlingen,2901,SH,real,True,04.12.2024,2679652,1284047
102062774,10128947,191337512,Hinder Nüchilch,44,8213 Neunkirch,2904,SH,real,True,15.11.2024,2679863,1282025
102062900,10027516,191330470,Taufgarten,19,8213 Neunkirch,2904,SH,real,True,15.11.2024,2679874,1282272
102062907,10110819,191330850,Espiweg,8,8260 Stein am Rhein,2964,SH,real,True,15.11.2024,2706611,1279523
102062908,10113217,191330852,Chirchhofplatz,10,8260 Stein am Rhein,2964,SH,real,True,15.11.2024,2706782,1279664
102062909,10113217,191330853,Chirchhofplatz,15,8260 Stein am Rhein,2964,SH,real,True,15.11.2024,2706821,1279667
102062910,10110819,191330872,Espiweg,41,8260 Stein am Rhein,2964,SH,real,True,15.11.2024,2706335,1279580
102062911,10187866,191330873,Uf Burg,3.1,8260 Stein am Rhein,2964,SH,real,True,23.07.2024,2706631,1279370
102062973,10128757,191331370,Badstrasse,17.1,8212 Neuhausen am Rheinfall,2937,SH,real,True,23.07.2024,2688861,1281476
102062974,10128757,191331410,Badstrasse,23,8212 Neuhausen am Rheinfall,2937,SH,real,True,15.11.2024,2688824,1281429
102062975,10074398,475523,Felsengrundstrasse,2,8212 Neuhausen am Rheinfall,2937,SH,real,True,15.11.2024,2688738,1281719
102062980,10058934,191331680,Industrieplatz,1t,8212 Neuhausen am Rheinfall,2937,SH,real,True,15.11.2024,2688540,1281451
102062981,10058934,191331680,Industrieplatz,1l,8212 Neuhausen am Rheinfall,2937,SH,real,True,15.11.2024,2688596,1281484
102062982,10058934,191331681,Industrieplatz,1n,8212 Neuhausen am Rheinfall,2937,SH,real,True,15.11.2024,2688643,1281413
102062983,10058934,191331681,Industrieplatz,1m,8212 Neuhausen am Rheinfall,2937,SH,real,True,15.11.2024,2688604,1281467
102062984,10058934,191331682,Industrieplatz,1w,8212 Neuhausen am Rheinfall,2937,SH,real,True,23.07.2024,2688709,1281336
102062985,10058934,191331681,Industrieplatz,1o,8212 Neuhausen am Rheinfall,2937,SH,real,False,15.11.2024,2688651,1281384
102063026,10017860,191033130,Engestrasse,29,8212 Neuhausen am Rheinfall,2937,SH,real,True,15.11.2024,2688131,1282379
102063299,10073058,1613483,Otteregass,2,8207 Schaffhausen,2939,SH,real,True,15.11.2024,2691739,1286896
102063316,10074397,191331550,Durstgrabenstrasse,30,8212 Neuhausen am Rheinfall,2937,SH,real,True,15.11.2024,2687751,1281419
102063319,10190888,1614888,Winkelriedstrasse,29,8203 Schaffhausen,2939,SH,real,True,15.11.2024,2691281,1284023
102063320,10190888,1614888,Winkelriedstrasse,33,8203 Schaffhausen,2939,SH,real,True,15.11.2024,2691307,1284015
102063321,10190888,1614888,Winkelriedstrasse,31,8203 Schaffhausen,2939,SH,real,True,15.11.2024,2691297,1284018
102063631,10237818,191336770,Rebbergstrasse,128a,8240 Thayngen,2920,SH,real,True,15.11.2024,2696538,1289369
102063632,10237818,191336773,Rebbergstrasse,128c,8240 Thayngen,2920,SH,real,True,15.11.2024,2696558,1289366
102063678,10058934,191331697,Industrieplatz,2g,8212 Neuhausen am Rheinfall,2937,SH,real,True,15.11.2024,2688640,1281572
102063976,10179747,191333970,Im Hafacker,14,8261 Hemishofen,2962,SH,real,True,15.11.2024,2704492,1281710
102063977,10179747,191333990,Im Hafacker,9.1,8261 Hemishofen,2962,SH,real,True,23.07.2024,2704495,1281647
102064612,10105350,191328331,Biberweg,3.1,8263 Buch SH,2961,SH,real,True,23.07.2024,2701342,1285873
102064634,10031930,2032347,Obergass,13,8260 Stein am Rhein,2964,SH,real,True,15.11.2024,2706777,1279732
102064635,10031930,190096608,Obergass,15,8260 Stein am Rhein,2964,SH,real,True,15.11.2024,2706789,1279772
102064637,10031618,1616112,Bärengass,6,8260 Stein am Rhein,2964,SH,real,True,15.11.2024,2706699,1279674
102065108,10185484,1609185,Guggenbüelweg,6,8240 Thayngen,2920,SH,real,True,15.11.2024,2695537,1289170
102065109,10026383,1609218,Bietingerstrasse,6,8240 Thayngen,2920,SH,real,True,15.11.2024,2695682,1289266
102065111,10237816,1609631,Im Kloster,4,8240 Thayngen,2920,SH,real,True,15.11.2024,2695031,1289394
102065114,10192057,1609281,Heereberg,1,8240 Thayngen,2920,SH,real,True,15.11.2024,2696213,1289598
102065117,10018451,473004,Engeweg,18,8222 Beringen,2932,SH,real,True,15.11.2024,2687304,1283352
102065120,10018468,473077,Schwärziweg,30,8222 Beringen,2932,SH,real,True,15.11.2024,2686044,1283573
102065232,10091252,475471,Industriestrasse,31,8212 Neuhausen am Rheinfall,2937,SH,real,True,15.11.2024,2688516,1281718
102065384,10105350,191328332,Biberweg,3.4,8263 Buch SH,2961,SH,real,True,23.07.2024,2701350,1285910
102065396,10161022,191328870,Postweg,4,8214 Gächlingen,2901,SH,real,True,15.11.2024,2679744,1284235
102065399,10068425,191328951,Gewerbestrasse,3,8214 Gächlingen,2901,SH,real,True,15.11.2024,2679881,1283965
102065400,10068425,191329070,Gewerbestrasse,5,8214 Gächlingen,2901,SH,real,True,15.11.2024,2679911,1283927
102065402,10087013,191329130,Schulgasse,17,8214 Gächlingen,2901,SH,real,True,15.11.2024,2679270,1284003
102065487,10192483,191331355,Bleicheplatz,3,8200 Schaffhausen,2939,SH,real,True,15.11.2024,2689524,1283872
102065488,10128757,191331356,Badstrasse,17,8212 Neuhausen am Rheinfall,2937,SH,real,True,15.11.2024,2688820,1281448
102065489,10128757,191331391,Badstrasse,21,8212 Neuhausen am Rheinfall,2937,SH,real,True,15.11.2024,2688857,1281499
102065490,10128757,191331412,Badstrasse,21.1,8212 Neuhausen am Rheinfall,2937,SH,real,True,23.07.2024,2688837,1281506
102065491,10017857,191331493,Chlaffentalstrasse,102,8212 Neuhausen am Rheinfall,2937,SH,real,True,15.11.2024,2686801,1280963
102065493,10017857,191331495,Chlaffentalstrasse,104.1,8212 Neuhausen am Rheinfall,2937,SH,real,True,15.11.2024,2686782,1280910
102065494,10143725,191331496,Chlaffentalweg,20,8212 Neuhausen am Rheinfall,2937,SH,real,True,15.11.2024,2686496,1280285
102065496,10128949,191331572,Hohfluhstrasse,21,8212 Neuhausen am Rheinfall,2937,SH,real,True,15.11.2024,2688282,1282784
102065498,10128949,191331574,Hohfluhstrasse,21.3,8212 Neuhausen am Rheinfall,2937,SH,real,True,23.07.2024,2688241,1282828
102065499,10128949,191331575,Hohfluhstrasse,21.1,8212 Neuhausen am Rheinfall,2937,SH,real,True,23.07.2024,2688251,1282798
102065504,10058934,191331674,Industrieplatz,1c,8212 Neuhausen am Rheinfall,2937,SH,real,True,15.11.2024,2688508,1281582
102065505,10058934,191331674,Industrieplatz,1b,8212 Neuhausen am Rheinfall,2937,SH,real,True,15.11.2024,2688528,1281589
102065506,10058934,191331675,Industrieplatz,1f,8212 Neuhausen am Rheinfall,2937,SH,real,True,15.11.2024,2688523,1281532
102065508,10058934,191331678,Industrieplatz,1h.1,8212 Neuhausen am Rheinfall,2937,SH,real,True,23.07.2024,2688483,1281554
102065509,10058934,191331679,Industrieplatz,1s,8212 Neuhausen am Rheinfall,2937,SH,real,True,15.11.2024,2688525,1281473
102065510,10058934,191331679,Industrieplatz,1k,8212 Neuhausen am Rheinfall,2937,SH,real,True,15.11.2024,2688580,1281508
102065512,10058934,191331710,Industrieplatz,2t,8212 Neuhausen am Rheinfall,2937,SH,real,True,15.11.2024,2688608,1281517
102065514,10058934,191331730,Industrieplatz,2k,8212 Neuhausen am Rheinfall,2937,SH,real,True,15.11.2024,2688737,1281458
102065515,10058934,191331730,Industrieplatz,2l,8212 Neuhausen am Rheinfall,2937,SH,real,True,15.11.2024,2688757,1281427
102065516,10058934,191331731,Industrieplatz,2r,8212 Neuhausen am Rheinfall,2937,SH,real,True,15.11.2024,2688667,1281428
102065517,10058934,191331731,Industrieplatz,2j,8212 Neuhausen am Rheinfall,2937,SH,real,True,15.11.2024,2688723,1281479
102065518,10058934,191331732,Industrieplatz,2s,8212 Neuhausen am Rheinfall,2937,SH,real,True,15.11.2024,2688636,1281474
102065541,10048903,191124912,Schaffhauserstrasse,49,8240 Thayngen,2920,SH,real,True,15.11.2024,2694365,1289346
102065632,10031523,191323070,Zollstrasse,4,8219 Trasadingen,2973,SH,real,True,15.11.2024,2674948,1280046
102065847,10027516,191330450,Taufgarten,17,8213 Neunkirch,2904,SH,real,True,15.11.2024,2679867,1282268
102065951,10017870,191332514,Laufengasse,15,8212 Neuhausen am Rheinfall,2937,SH,real,True,15.11.2024,2688392,1281572
102065953,10017870,191332516,Laufengasse,23,8212 Neuhausen am Rheinfall,2937,SH,real,True,15.11.2024,2688321,1281663
102065955,10017870,191332531,Laufengasse,24,8212 Neuhausen am Rheinfall,2937,SH,real,True,15.11.2024,2688402,1281669
102065960,10120418,191332732,Rheinfallquai,11,8212 Neuhausen am Rheinfall,2937,SH,real,True,15.11.2024,2688271,1281684
102065961,10106944,191332734,Oberbergweg,2.1,8212 Neuhausen am Rheinfall,2937,SH,real,True,23.07.2024,2688481,1281823
102065962,10186343,475517,Rheingoldstrasse,25,8212 Neuhausen am Rheinfall,2937,SH,real,True,15.11.2024,2688822,1281835
102065966,10017879,191332810,Rundbuckstrasse,6a,8212 Neuhausen am Rheinfall,2937,SH,real,True,15.11.2024,2687503,1281197
102065967,10091258,191332830,Schaffhauserstrasse,38a,8212 Neuhausen am Rheinfall,2937,SH,real,True,15.11.2024,2688810,1282391
102065968,10186930,191332851,Victor-von-Bruns-Strasse,24,8212 Neuhausen am Rheinfall,2937,SH,real,True,15.11.2024,2689088,1281549
102065969,10018166,191332870,Zentralstrasse,22,8212 Neuhausen am Rheinfall,2937,SH,real,True,15.11.2024,2688645,1281819
102065970,10046612,191332952,Zollstrasse,92,8212 Neuhausen am Rheinfall,2937,SH,real,True,15.11.2024,2687273,1281392
102065971,10046612,191332953,Zollstrasse,93,8212 Neuhausen am Rheinfall,2937,SH,real,True,15.11.2024,2687212,1281202
102065972,10046612,191332954,Zollstrasse,97,8212 Neuhausen am Rheinfall,2937,SH,real,True,15.11.2024,2687144,1281020
102065978,10106945,474991,Rosenbergstrasse,92c,8212 Neuhausen am Rheinfall,2937,SH,real,True,15.11.2024,2688638,1283183
102065982,10091245,191333150,Bahnhofstrasse,27,8212 Neuhausen am Rheinfall,2937,SH,real,True,15.11.2024,2689067,1282048
102065983,10091245,191333152,Bahnhofstrasse,27.1,8212 Neuhausen am Rheinfall,2937,SH,real,True,23.07.2024,2689060,1282092
102065984,10091245,191333154,Bahnhofstrasse,27.4,8212 Neuhausen am Rheinfall,2937,SH,real,True,23.07.2024,2689086,1282068
102066003,10179747,191333950,Im Hafacker,10,8261 Hemishofen,2962,SH,real,True,15.11.2024,2704507,1281739
102066135,10026320,191328910,Dorfstrasse,5,8214 Gächlingen,2901,SH,real,True,15.11.2024,2679531,1284126
102066136,10068425,191329030,Gewerbestrasse,2,8214 Gächlingen,2901,SH,real,True,15.11.2024,2679809,1284000
102066283,10145750,191323030,Bruedergass,13,8219 Trasadingen,2973,SH,real,True,15.11.2024,2674545,1280340
102066284,10073108,191323050,Am Buck,4,8219 Trasadingen,2973,SH,real,True,15.11.2024,2674465,1280287
102066285,10073108,191323051,Am Buck,6,8219 Trasadingen,2973,SH,real,True,15.11.2024,2674473,1280287
102066286,10073111,191323053,Wassergass,12,8219 Trasadingen,2973,SH,real,True,15.11.2024,2674194,1280381
102066590,10027516,191330472,Taufgarten,25,8213 Neunkirch,2904,SH,real,True,15.11.2024,2679888,1282252
102066591,10027516,191330474,Taufgarten,27,8213 Neunkirch,2904,SH,real,True,15.11.2024,2679894,1282257
102066596,10031923,191330851,Hemishoferstrasse,69,8260 Stein am Rhein,2964,SH,real,True,15.11.2024,2705994,1280228
102066597,10073090,191330854,Grossi Schanz,13,8260 Stein am Rhein,2964,SH,real,True,15.11.2024,2706790,1279969
102066598,10117741,191330871,Oehningerstrasse,15.1,8260 Stein am Rhein,2964,SH,real,True,23.07.2024,2706981,1279775
102066599,10031923,191330874,Hemishoferstrasse,38,8260 Stein am Rhein,2964,SH,real,True,15.11.2024,2706241,1280148
102066600,10187866,191330875,Uf Burg,4,8260 Stein am Rhein,2964,SH,real,True,15.11.2024,2706665,1279407
102066616,10074396,475377,Brunnenwiesenstrasse,52,8212 Neuhausen am Rheinfall,2937,SH,real,True,15.11.2024,2687521,1281442
102066761,10190887,191332710,Quellenstrasse,1,8212 Neuhausen am Rheinfall,2937,SH,real,True,15.11.2024,2688475,1282597
102066762,10120418,191332730,Rheinfallquai,1,8212 Neuhausen am Rheinfall,2937,SH,real,True,15.11.2024,2688049,1281511
102066763,10120418,191332731,Rheinfallquai,1.1,8212 Neuhausen am Rheinfall,2937,SH,real,True,23.07.2024,2688034,1281510
102066765,10018166,191332911,Zentralstrasse,101,8212 Neuhausen am Rheinfall,2937,SH,real,True,15.11.2024,2688830,1282172
102066782,10111816,191334010,Hülstewise,19,8222 Beringen,2932,SH,real,True,15.11.2024,2686909,1283568
102067046,10073098,191331193,Wisegässli,285b.1,8260 Stein am Rhein,2964,SH,real,True,19.11.2024,2706548,1280028
102067047,10113217,191331194,Chirchhofplatz,15.1,8260 Stein am Rhein,2964,SH,real,True,23.07.2024,2706823,1279685
102067048,10031939,191331195,Wagenhauserstrasse,37.1,8260 Stein am Rhein,2964,SH,real,True,23.07.2024,2706274,1279530
102067049,10090058,191331197,Mühlenstrasse,8,8260 Stein am Rhein,2964,SH,real,True,15.11.2024,2707081,1279813
102067773,10128947,191337590,Hinder Nüchilch,46,8213 Neunkirch,2904,SH,real,True,15.11.2024,2679877,1282016
102067985,10132131,191331353,Buchenstrasse,85a,8212 Neuhausen am Rheinfall,2937,SH,real,True,15.11.2024,2688531,1283360
102067987,10128757,191331411,Badstrasse,23.1,8212 Neuhausen am Rheinfall,2937,SH,real,True,23.07.2024,2688803,1281517
102068000,10110819,191332251,Espiweg,12,8260 Stein am Rhein,2964,SH,real,True,15.11.2024,2706601,1279528
102068002,10017869,191332491,Langrietstrasse,93,8212 Neuhausen am Rheinfall,2937,SH,real,True,15.11.2024,2686767,1281196
102068004,10017869,191332493,Langrietstrasse,95,8212 Neuhausen am Rheinfall,2937,SH,real,True,15.11.2024,2686669,1281102
102068006,10017869,191332495,Langrietstrasse,96,8212 Neuhausen am Rheinfall,2937,SH,real,True,15.11.2024,2686546,1281090
102068008,10017869,191332497,Langrietstrasse,97,8212 Neuhausen am Rheinfall,2937,SH,real,True,15.11.2024,2686607,1281086
102068009,10017869,191332498,Langrietstrasse,98,8212 Neuhausen am Rheinfall,2937,SH,real,True,15.11.2024,2686540,1281117
102068011,10017869,191332510,Langrietstrasse,99,8212 Neuhausen am Rheinfall,2937,SH,real,True,15.11.2024,2686633,1281028
102068013,10017870,191332532,Laufengasse,32,8212 Neuhausen am Rheinfall,2937,SH,real,True,15.11.2024,2688309,1281687
102068022,10046606,191332733,Rheinfallstrasse,4,8212 Neuhausen am Rheinfall,2937,SH,real,True,15.11.2024,2688508,1281918
102068023,10046606,475452,Rheinfallstrasse,10,8212 Neuhausen am Rheinfall,2937,SH,real,True,15.11.2024,2688484,1281834
102068024,10046607,191332770,Rheinweg,37,8200 Schaffhausen,2937,SH,real,True,15.11.2024,2688922,1282764
102068027,10018166,191332891,Zentralstrasse,25,8212 Neuhausen am Rheinfall,2937,SH,real,True,15.11.2024,2688613,1281850
102068030,10046612,191332950,Zollstrasse,88.1,8212 Neuhausen am Rheinfall,2937,SH,real,True,23.07.2024,2687330,1281429
102068032,10046612,191332971,Zollstrasse,196,8212 Neuhausen am Rheinfall,2937,SH,real,True,15.11.2024,2686910,1280549
102068066,10026325,191328890,Römerstrasse,24,8214 Gächlingen,2901,SH,real,True,05.12.2024,2679880,1284047
102068089,10031932,1616209,Rathausplatz,16,8260 Stein am Rhein,2964,SH,real,True,15.11.2024,2706706,1279765
102068091,10087231,191330813,Charregass,12,8260 Stein am Rhein,2964,SH,real,True,15.11.2024,2706626,1279469
102068425,10046612,191332972,Zollstrasse,95a,8212 Neuhausen am Rheinfall,2937,SH,real,True,15.11.2024,2687180,1281119
102068434,10091245,191333153,Bahnhofstrasse,27.3,8212 Neuhausen am Rheinfall,2937,SH,real,True,23.07.2024,2689044,1282090
102068479,10017866,191331571,Grünaugasse,4.1,8212 Neuhausen am Rheinfall,2937,SH,real,True,23.07.2024,2688772,1281880
102068480,10128949,191331577,Hohfluhstrasse,21.5,8212 Neuhausen am Rheinfall,2937,SH,real,True,23.07.2024,2688324,1282781
102068484,10058934,191331677,Industrieplatz,1g,8212 Neuhausen am Rheinfall,2937,SH,real,True,15.11.2024,2688498,1281535
102068486,10212134,191331691,Heinrich Moser-Platz,1,8212 Neuhausen am Rheinfall,2937,SH,real,True,15.11.2024,2688614,1281629
102068487,10058934,191331699,Industrieplatz,2h,8212 Neuhausen am Rheinfall,2937,SH,real,True,15.11.2024,2688666,1281566
102068488,10058934,191331730,Industrieplatz,2p,8212 Neuhausen am Rheinfall,2937,SH,real,True,15.11.2024,2688695,1281386
102068489,10058934,191331730,Industrieplatz,2q,8212 Neuhausen am Rheinfall,2937,SH,real,True,15.11.2024,2688674,1281417
102068490,10212134,191331750,Heinrich Moser-Platz,5,8212 Neuhausen am Rheinfall,2937,SH,real,True,15.11.2024,2688660,1281600
102068494,10073089,191331970,Choligass,5,8260 Stein am Rhein,2964,SH,real,True,15.11.2024,2706590,1279835
102068523,10179747,191333952,Im Hafacker,12,8261 Hemishofen,2962,SH,real,True,15.11.2024,2704497,1281721
102068629,10026388,191336296,Chlenglerweg,81,8240 Thayngen,2920,SH,real,True,15.11.2024,2696541,1289334
102070817,10031586,191339112,Hauptstrasse,45a,8261 Hemishofen,2962,SH,real,True,15.11.2024,2704488,1282018
102071102,10031586,191339111,Hauptstrasse,45b,8261 Hemishofen,2962,SH,real,True,15.11.2024,2704478,1282040
102071840,10018465,191341911,Postberg,21,8222 Beringen,2932,SH,real,True,15.11.2024,2685127,1283789
102071842,10186340,191341931,Schaffhauserstrasse,24,8222 Beringen,2932,SH,real,True,15.11.2024,2685510,1283469
102071846,10018467,191341950,Schulberg,2,8222 Beringen,2932,SH,real,True,15.11.2024,2685218,1283832
102071848,10018470,191341970,Sonnenblickweg,1,8222 Beringen,2932,SH,real,True,15.11.2024,2687119,1283370
102071849,10120413,191341990,Steig,3,8222 Beringen,2932,SH,real,True,15.11.2024,2685262,1283763
102073690,10192483,191339333,Bleicheplatz,6,8200 Schaffhausen,2939,SH,real,True,15.11.2024,2689581,1283821
102074442,10200405,191339970,Tobelraastrasse,4,8212 Neuhausen am Rheinfall,2937,SH,real,True,15.11.2024,2687311,1281128
102084241,10024950,471489,Obere Laag,166,8239 Dörflingen,2915,SH,real,True,15.11.2024,2696672,1283505
102084329,10185491,191137112,Mühleweg,31,8222 Beringen,2932,SH,real,True,15.11.2024,2685096,1284071
102084557,10072983,471683,Unterdorf,22,8235 Lohn SH,2917,SH,real,True,15.11.2024,2692457,1290152
102084649,10024954,191347473,Chuttlerstrasse,14,8242 Hofen SH,2920,SH,real,True,15.11.2024,2692678,1293269
102084778,10046604,191347876,Werkstrasse,21,8222 Beringen,2932,SH,real,True,15.11.2024,2684929,1283256
102084817,10187861,482084,Schaffhauserstrasse,3,8226 Schleitheim,2952,SH,real,True,15.11.2024,2678146,1288971
102084924,10026319,191348090,Brüelstrasse,10,8214 Gächlingen,2901,SH,real,True,15.11.2024,2679515,1284236
102085279,10106945,191344910,Rosenbergstrasse,147,8212 Neuhausen am Rheinfall,2937,SH,real,True,15.11.2024,2688587,1283274
102085303,10025695,191347750,Stüdliackerstrasse,18,8207 Schaffhausen,2939,SH,real,True,15.11.2024,2692115,1286467
102085315,10068427,470263,Im Winkel,10,8223 Guntmadingen,2932,SH,real,True,15.11.2024,2684039,1282263
102085322,10114704,191348571,Chuttlerweg,5,8240 Thayngen,2920,SH,real,True,15.11.2024,2694854,1290162
102085503,10026342,191385952,Hauptstrasse,95a,8224 Löhningen,2903,SH,real,True,15.11.2024,2683270,1283954
102085508,10120403,191386190,Hauptstrasse,32,8242 Bibern SH,2920,SH,real,True,15.11.2024,2693014,1292051
102085509,10120403,191386191,Hauptstrasse,30,8242 Bibern SH,2920,SH,real,True,15.11.2024,2692979,1292074
102085514,10017868,191344992,Klettgauerstrasse,43,8212 Neuhausen am Rheinfall,2937,SH,real,True,15.11.2024,2688100,1282167
102086048,10072977,191084730,Morgenbuckweg,9a,8239 Dörflingen,2915,SH,real,True,15.11.2024,2696216,1285171
102086097,10187861,481851,Schaffhauserstrasse,25a,8226 Schleitheim,2952,SH,real,True,23.07.2024,2678170,1288634
102087135,10171868,191385970,Schmörletblick,12,8224 Löhningen,2903,SH,real,True,15.11.2024,2683401,1284048
102087365,10087221,482645,Im Moos,352,8262 Ramsen,2963,SH,real,True,15.11.2024,2704536,1283342
102087733,10074396,191345592,Brunnenwiesenstrasse,64,8212 Neuhausen am Rheinfall,2937,SH,real,True,15.11.2024,2687475,1281476
102087811,10208692,191368570,Im Geeren,8,8226 Schleitheim,2952,SH,real,True,15.11.2024,2677856,1288848
102088352,10161547,191350390,Im Brand,22,8200 Schaffhausen,2939,SH,real,True,15.11.2024,2690269,1286706
102088353,10161547,191350391,Im Brand,24,8200 Schaffhausen,2939,SH,real,True,15.11.2024,2690278,1286707
102088355,10161547,191350392,Im Brand,28,8200 Schaffhausen,2939,SH,real,True,15.11.2024,2690297,1286709
102088662,10141933,191372410,Wiesenstrasse,7,8235 Lohn SH,2917,SH,real,True,15.11.2024,2692547,1290368
102089287,10032578,481831,Schwarzwaldstrasse,1,8226 Schleitheim,2952,SH,real,True,15.11.2024,2678103,1289009
102089289,10026002,191343373,Bachstrasse,6,8226 Schleitheim,2952,SH,real,True,15.11.2024,2678735,1289407
102089401,10018651,191210974,Heuweg,3,8200 Schaffhausen,2939,SH,real,True,15.11.2024,2691049,1285736
102089782,10018654,191368710,Hochstrasse,350,8200 Schaffhausen,2939,SH,real,True,15.11.2024,2691004,1285837
102090500,10111814,191387291,Im Tal,8,8233 Bargen SH,2931,SH,real,True,15.11.2024,2687612,1294028
102091408,10087219,482690,Fortenbach,201,8262 Ramsen,2963,SH,real,True,15.11.2024,2702867,1285110
102094293,10086750,471514,Im Unterberg,29,8239 Dörflingen,2915,SH,real,True,15.11.2024,2695818,1284698
102094997,10149730,2714516,Im Bildstei,12,8239 Dörflingen,2915,SH,real,True,15.11.2024,2696252,1285023
102094998,10031606,2031736,Schulweg,228,8262 Ramsen,2963,SH,real,True,15.11.2024,2703010,1285008
102096296,10024937,471324,Dorfstrasse,48,8236 Büttenhardt,2914,SH,real,True,15.11.2024,2691159,1290520
102096298,10179752,482834,Unterdorf,113a,8262 Ramsen,2963,SH,real,True,15.11.2024,2702948,1284907
102096608,10026326,470117,Talstrasse,11,8214 Gächlingen,2901,SH,real,True,15.11.2024,2679243,1284213
102096609,10091171,470336,Rössligasse,45,8224 Löhningen,2903,SH,real,True,15.11.2024,2683634,1284242
102096610,10185471,470616,Vordergasse,29,8213 Neunkirch,2904,SH,real,True,15.11.2024,2679581,1282708
102096689,10091242,2716728,Täuferweg,20,8232 Merishausen,2936,SH,real,True,15.11.2024,2687562,1290146
102096690,10017858,474491,Echostrasse,4,8212 Neuhausen am Rheinfall,2937,SH,real,True,15.11.2024,2688877,1282062
102097163,10124087,191345459,Kohlfirststrasse,34,8203 Schaffhausen,2939,SH,real,True,15.11.2024,2691281,1283435
102097300,10026342,470466,Hauptstrasse,53,8224 Löhningen,2903,SH,real,True,15.11.2024,2683534,1283974
102097599,10132131,474886,Buchenstrasse,5,8212 Neuhausen am Rheinfall,2937,SH,real,True,15.11.2024,2688329,1282871
102097600,10091249,475172,Felsstrasse,11,8212 Neuhausen am Rheinfall,2937,SH,real,True,15.11.2024,2688219,1282236
102098308,10071693,191355972,Judebömmlistrasse,706,8262 Ramsen,2963,SH,real,True,15.11.2024,2703331,1285042
102098310,10071693,191355974,Judebömmlistrasse,707,8262 Ramsen,2963,SH,real,True,15.11.2024,2703338,1285043
102098312,10071693,191355976,Judebömmlistrasse,708,8262 Ramsen,2963,SH,real,True,15.11.2024,2703344,1285044
102098487,10018159,475299,Schöneggstrasse,9,8212 Neuhausen am Rheinfall,2937,SH,real,True,15.11.2024,2688343,1282389
102098631,10091258,191345030,Schaffhauserstrasse,36b,8212 Neuhausen am Rheinfall,2937,SH,real,True,15.11.2024,2688779,1282324
102098632,10091258,191345031,Schaffhauserstrasse,36c,8212 Neuhausen am Rheinfall,2937,SH,real,True,15.11.2024,2688788,1282344
102099548,10017857,475531,Chlaffentalstrasse,66,8212 Neuhausen am Rheinfall,2937,SH,real,True,15.11.2024,2686921,1281105
102099549,10017857,475558,Chlaffentalstrasse,10,8212 Neuhausen am Rheinfall,2937,SH,real,True,15.11.2024,2687068,1281243
102099957,10128757,191353651,Badstrasse,40.1,8212 Neuhausen am Rheinfall,2937,SH,real,True,23.07.2024,2688804,1281304
102100010,10147639,191354992,Im Gablemacher,17,8240 Thayngen,2920,SH,real,True,15.11.2024,2694408,1289590
102100095,10147321,191364991,Ifangweg,5,8219 Trasadingen,2973,SH,real,True,15.11.2024,2674213,1280201
102100720,10031593,191355970,Alemannenweg,625,8262 Ramsen,2963,SH,real,True,15.11.2024,2703366,1284846
102100727,10071693,191355982,Judebömmlistrasse,709,8262 Ramsen,2963,SH,real,True,15.11.2024,2703351,1285046
102100748,10031923,191352573,Hemishoferstrasse,283c.1,8260 Stein am Rhein,2964,SH,real,True,23.07.2024,2706519,1279926
102100750,10031923,191352574,Hemishoferstrasse,283a.1,8260 Stein am Rhein,2964,SH,real,True,23.07.2024,2706515,1279914
102100751,10031923,191352575,Hemishoferstrasse,283b.1,8260 Stein am Rhein,2964,SH,real,True,23.07.2024,2706523,1279919
102100762,10200405,191353837,Tobelraastrasse,2,8212 Neuhausen am Rheinfall,2937,SH,real,True,15.11.2024,2687319,1281098
102100921,10180890,482649,Vor der Brugg,147,8262 Ramsen,2963,SH,real,True,15.11.2024,2702592,1284815
102101059,10120398,2023558,Gigering,37,8213 Neunkirch,2904,SH,real,True,15.11.2024,2679143,1282324
102101060,10068437,2023568,Muzellstrasse,10,8213 Neunkirch,2904,SH,real,True,15.11.2024,2679902,1282335
102101061,10027503,2023593,Gigebuck,57,8213 Neunkirch,2904,SH,real,True,15.11.2024,2679001,1282256
102101215,10025721,191362010,Hoolicher,6,8228 Beggingen,2951,SH,real,True,15.11.2024,2682622,1291141
102101454,10147321,191349138,Ifangweg,3,8219 Trasadingen,2973,SH,real,True,15.11.2024,2674211,1280215
102101603,10086475,191357533,Buchthalerstrasse,,8203 Schaffhausen,2939,SH,real,True,23.07.2024,2691191,1283516
102102773,10111804,2713862,Hallauerstrasse,9,8213 Neunkirch,2904,SH,real,True,15.11.2024,2679264,1282701
102102774,10068436,3075175,Hasenbergstrasse,7,8213 Neunkirch,2904,SH,real,True,15.11.2024,2679472,1282229
102103496,10026320,3145173,Dorfstrasse,19,8214 Gächlingen,2901,SH,real,True,15.11.2024,2679598,1284217
102103497,10027503,470845,Gigebuck,19,8213 Neunkirch,2904,SH,real,True,15.11.2024,2679073,1282255
102103498,10185475,471301,Zelgliweg,9,8236 Büttenhardt,2914,SH,real,True,15.11.2024,2690899,1289965
102103499,10072978,471405,Puläjen,4,8239 Dörflingen,2915,SH,real,True,15.11.2024,2696504,1285455
102103500,10024950,471482,Obere Laag,138,8239 Dörflingen,2915,SH,real,True,15.11.2024,2696537,1283419
102103501,10086750,471523,Im Unterberg,12,8239 Dörflingen,2915,SH,real,True,15.11.2024,2695959,1284735
102103502,10149730,2714517,Im Bildstei,13,8239 Dörflingen,2915,SH,real,True,15.11.2024,2696281,1285033
102103503,10111809,2024513,Vorderdorf,19,8235 Lohn SH,2917,SH,real,True,15.11.2024,2692476,1290249
102103504,10072982,471584,Schmittengasse,15,8235 Lohn SH,2917,SH,real,True,15.11.2024,2692267,1290380
102103505,10071689,2031490,Bahnhofstrasse,57a,8262 Ramsen,2963,SH,real,True,15.11.2024,2703649,1284988
102103506,10087221,482646,Im Moos,351,8262 Ramsen,2963,SH,real,True,15.11.2024,2704550,1283249
102103507,10179752,482828,Unterdorf,131,8262 Ramsen,2963,SH,real,True,15.11.2024,2702867,1284895
102103508,10071689,3145219,Bahnhofstrasse,468,8262 Ramsen,2963,SH,real,True,15.11.2024,2703465,1285001
102103509,10179754,2032365,Chalberweidstrasse,26,8260 Stein am Rhein,2964,SH,real,True,15.11.2024,2707445,1279903
102104458,10118352,471444,Dorfstrasse,15,8239 Dörflingen,2915,SH,real,True,15.11.2024,2696187,1284779
102104459,10149730,2714528,Im Bildstei,9,8239 Dörflingen,2915,SH,real,True,15.11.2024,2696296,1285051
102104520,10202333,191416611,Oelbergstieg,2,8200 Schaffhausen,2939,SH,real,True,15.11.2024,2688476,1283533
102106623,10091242,474219,Täuferweg,13,8232 Merishausen,2936,SH,real,True,15.11.2024,2687569,1290129
102106796,10149730,2714524,Im Bildstei,5,8239 Dörflingen,2915,SH,real,True,15.11.2024,2696307,1285069
102106818,10024945,2024256,Hinterdorf,4,8239 Dörflingen,2915,SH,real,True,15.11.2024,2696487,1284592
102106819,10046607,475042,Rheinweg,39,8200 Schaffhausen,2937,SH,real,True,15.11.2024,2688935,1282713
102106825,10187863,2031302,Steinerstrasse,5,8263 Buch SH,2961,SH,real,True,15.11.2024,2701092,1287067
102106951,10114701,470011,Im Chapf,5,8214 Gächlingen,2901,SH,real,True,15.11.2024,2679758,1284645
102107560,10086472,191377453,Blautraubenstrasse,4,8200 Schaffhausen,2939,SH,real,True,15.11.2024,2690241,1284190
102107803,10118353,2712250,Ausserdorf,34,8235 Lohn SH,2917,SH,real,True,15.11.2024,2692206,1290155
102107804,10120410,472888,Hoftalstrasse,3,8233 Bargen SH,2931,SH,real,True,15.11.2024,2687560,1294351
102108407,10206076,2027365,Hinterdorfstrasse,3,8455 Rüdlingen,2938,SH,real,True,15.11.2024,2685269,1270384
102108656,10087062,2712664,Am Bohl,7,8233 Bargen SH,2931,SH,real,True,15.11.2024,2687640,1294133
102108657,10046605,2026037,Dorfstrasse,102,8454 Buchberg,2933,SH,real,True,15.11.2024,2684088,1269669
102108658,10073652,473666,Hurbigstrasse,11,8454 Buchberg,2933,SH,real,True,15.11.2024,2684390,1270000
102109112,10186930,191344852,Victor-von-Bruns-Strasse,23.1,8212 Neuhausen am Rheinfall,2937,SH,real,True,23.07.2024,2688980,1281477
102109199,10206076,475877,Hinterdorfstrasse,5,8455 Rüdlingen,2938,SH,real,True,15.11.2024,2685271,1270368
102109579,10018160,475639,Schützenstrasse,51,8212 Neuhausen am Rheinfall,2937,SH,real,True,15.11.2024,2687062,1281596
102109704,10149730,2714521,Im Bildstei,2,8239 Dörflingen,2915,SH,real,True,15.11.2024,2696280,1285062
102109705,10185481,3145180,Schofbuckstrasse,4a,8234 Stetten SH,2919,SH,real,True,15.11.2024,2691456,1287834
102109706,10017858,474516,Echostrasse,24,8212 Neuhausen am Rheinfall,2937,SH,real,True,15.11.2024,2688912,1282190
102109707,10046608,474711,Schwanenfelsstrasse,8,8212 Neuhausen am Rheinfall,2937,SH,real,True,15.11.2024,2688614,1282572
102109708,10091254,475174,Lerchenstrasse,4,8212 Neuhausen am Rheinfall,2937,SH,real,True,15.11.2024,2688142,1282241
102109709,10074396,475362,Brunnenwiesenstrasse,53,8212 Neuhausen am Rheinfall,2937,SH,real,True,15.11.2024,2687529,1281419
102109710,10205628,2027374,Dorfstrasse,5,8455 Rüdlingen,2938,SH,real,True,15.11.2024,2685172,1270747
102109711,10179752,482839,Unterdorf,106,8262 Ramsen,2963,SH,real,True,15.11.2024,2702997,1284905
102109713,10187865,482661,Schützenstrasse,196,8262 Ramsen,2963,SH,real,True,15.11.2024,2702581,1284918
102109714,10031921,1616190,Fronhof,6,8260 Stein am Rhein,2964,SH,real,True,15.11.2024,2706719,1279873
102109715,10031941,484100,Bahnhofstrasse,14,8215 Hallau,2971,SH,real,True,15.11.2024,2676456,1283289
102109716,10031517,484557,Dorfstrasse,37,8219 Trasadingen,2973,SH,real,True,15.11.2024,2674542,1280164
102109908,10072971,471338,Huebstrasse,1,8236 Büttenhardt,2914,SH,real,True,15.11.2024,2691018,1290353
102109930,10164384,482478,Schüppelstrasse,7,8263 Buch SH,2961,SH,real,True,15.11.2024,2701258,1286287
102110090,10118353,471606,Ausserdorf,29,8235 Lohn SH,2917,SH,real,True,15.11.2024,2692262,1290118
102110091,10032571,481644,Lendenbergstrasse,58,8226 Schleitheim,2952,SH,real,True,15.11.2024,2677646,1289231
102110272,10031930,1616223,Obergass,30,8260 Stein am Rhein,2964,SH,real,True,15.11.2024,2706760,1279818
102110422,10090059,1616080,Oberstadt,7,8260 Stein am Rhein,2964,SH,real,True,15.11.2024,2706785,1279710
102110554,10024975,2715056,Lohnemerstrasse,23,8234 Stetten SH,2919,SH,real,True,15.11.2024,2691819,1288793
102110555,10032571,481640,Lendenbergstrasse,66,8226 Schleitheim,2952,SH,real,True,15.11.2024,2677570,1289234
102110556,10071978,482769,Sonnenstrasse,404,8262 Ramsen,2963,SH,real,True,15.11.2024,2703507,1285221
102110626,10133047,483890,Ackerstrasse,14,8215 Hallau,2971,SH,real,True,15.11.2024,2677130,1283388
102110665,10123288,471527,Büsingerstrasse,15,8239 Dörflingen,2915,SH,real,True,15.11.2024,2695955,1284766
102110691,10120416,474170,Kerrstrasse,10,8232 Merishausen,2936,SH,real,True,15.11.2024,2687618,1290109
102110741,10053534,483720,Lärchenhof,1,8215 Hallau,2971,SH,real,True,15.11.2024,2677182,1282348
102110759,10110808,470200,Im Chloster,5,8214 Gächlingen,2901,SH,real,True,15.11.2024,2679474,1283960
102110760,10087223,482658,Rebenweg,385,8262 Ramsen,2963,SH,real,True,15.11.2024,2702689,1284737
102110761,10031603,482793,Moskau,314b,8262 Ramsen,2963,SH,real,True,15.11.2024,2703778,1285426
102110762,10113215,482883,Petersburg,53,8262 Ramsen,2963,SH,real,True,15.11.2024,2703717,1284987
102110929,10019559,473654,Erlistrasse,28,8454 Buchberg,2933,SH,real,True,15.11.2024,2684360,1269906
102110936,10027510,470581,Oberhof,12,8213 Neunkirch,2904,SH,real,True,15.11.2024,2679743,1282795
102110937,10185480,471792,Im Büel,25,8234 Stetten SH,2919,SH,real,True,15.11.2024,2691699,1288752
102110938,10031590,482527,Randenstrasse,4,8261 Hemishofen,2962,SH,real,True,15.11.2024,2705022,1281264
102110954,10024937,471291,Dorfstrasse,4,8236 Büttenhardt,2914,SH,real,True,15.11.2024,2691075,1289892
102111026,10091107,1616279,Zollikof,6,8260 Stein am Rhein,2964,SH,real,True,15.11.2024,2707035,1279647
102111160,10086751,471395,Morgenackerstrasse,9,8239 Dörflingen,2915,SH,real,True,15.11.2024,2696107,1285021
102111214,10091247,474662,Charlottenweg,17,8212 Neuhausen am Rheinfall,2937,SH,real,True,15.11.2024,2688763,1282728
102111285,10113214,482933,Faselroo,342,8262 Ramsen,2963,SH,real,True,15.11.2024,2703266,1284785
102111302,10113221,483705,Wunderklingen,10,8215 Hallau,2971,SH,real,True,15.11.2024,2672624,1283465
102111323,10031604,482746,Pfarrhofweg,230,8262 Ramsen,2963,SH,real,True,15.11.2024,2703003,1285066
102111572,10031916,1616014,Chnebelstrasse,1,8260 Stein am Rhein,2964,SH,real,True,15.11.2024,2706697,1279240
102111588,10071979,482621,Wilen,13,8262 Ramsen,2963,SH,real,True,15.11.2024,2703313,1283791
102111592,10086750,471521,Im Unterberg,11,8239 Dörflingen,2915,SH,real,True,15.11.2024,2695987,1284695
102111645,10018162,474922,Tannenstrasse,27,8212 Neuhausen am Rheinfall,2937,SH,real,True,15.11.2024,2688415,1283065
102111671,10086753,471426,Schulstrasse,2,8239 Dörflingen,2915,SH,real,True,15.11.2024,2696454,1284771
102111772,10024945,471469,Hinterdorf,34,8239 Dörflingen,2915,SH,real,True,15.11.2024,2696639,1284397
102111872,10054978,471833,Schönenbüel,95,8234 Stetten SH,2919,SH,real,True,15.11.2024,2692127,1288829
102111894,10104507,2715416,Randenstrasse,22,8228 Beggingen,2951,SH,real,True,15.11.2024,2682429,1291117
102111918,10031930,1616086,Obergass,20,8260 Stein am Rhein,2964,SH,real,True,15.11.2024,2706797,1279775
102111998,10113214,482930,Faselroo,327,8262 Ramsen,2963,SH,real,True,15.11.2024,2703297,1284780
102112098,10187864,3145216,Hanfgartenstrasse,527,8262 Ramsen,2963,SH,real,True,15.11.2024,2702880,1284802
102112115,10185476,2024296,Im Häsli,4,8239 Dörflingen,2915,SH,real,True,15.11.2024,2696517,1284755
102112183,10086751,471396,Morgenackerstrasse,11,8239 Dörflingen,2915,SH,real,True,15.11.2024,2696087,1285038
102112239,10031598,482895,Hinder Hüsler,476,8262 Ramsen,2963,SH,real,True,15.11.2024,2703423,1284753
102112293,10072973,471436,Im Gisbüel,6,8239 Dörflingen,2915,SH,real,True,15.11.2024,2696240,1284939
102112294,10027513,2716404,Schützenmauer,11,8213 Neunkirch,2904,SH,real,True,15.11.2024,2679792,1282352
102112295,10185475,471298,Zelgliweg,3,8236 Büttenhardt,2914,SH,real,True,15.11.2024,2690962,1289993
102112296,10072975,471531,Im Chloster,7,8239 Dörflingen,2915,SH,real,True,15.11.2024,2696162,1284724
102112300,10031577,191139352,Randenstrasse,13,8225 Siblingen,2953,SH,real,True,15.11.2024,2681431,1285631
102112303,10179736,191175630,Bohlgass,7,8228 Beggingen,2951,SH,real,True,15.11.2024,2682140,1291306
102112463,10024942,471494,Gennersbrunnerstrasse,3,8239 Dörflingen,2915,SH,real,True,15.11.2024,2696078,1284956
102112466,10071690,482724,Brunnengasse,159,8262 Ramsen,2963,SH,real,True,15.11.2024,2702859,1285013
102112469,10024958,471614,Dettenwies,3,8235 Lohn SH,2917,SH,real,True,15.11.2024,2692156,1289960
102112470,10113215,482887,Petersburg,54,8262 Ramsen,2963,SH,real,True,15.11.2024,2703712,1284961
102112504,10178595,474771,Nelkenstrasse,14,8212 Neuhausen am Rheinfall,2937,SH,real,True,15.11.2024,2688564,1282665
102112515,10073100,483744,Hohwehri,1,8215 Hallau,2971,SH,real,True,15.11.2024,2676794,1283624
102112520,10031617,2031871,Bruggsteg,12,8260 Stein am Rhein,2964,SH,real,True,15.11.2024,2706812,1279254
102112521,10031941,484014,Bahnhofstrasse,54,8215 Hallau,2971,SH,real,True,15.11.2024,2676467,1283091
102112809,10106945,2716002,Rosenbergstrasse,47a,8212 Neuhausen am Rheinfall,2937,SH,real,True,15.11.2024,2688475,1282477
102112827,10071694,482700,Oberdorf,195,8262 Ramsen,2963,SH,real,True,15.11.2024,2702839,1285127
102112832,10026323,470179,Kirchstrasse,25,8214 Gächlingen,2901,SH,real,True,15.11.2024,2679824,1284248
102112833,10027503,2023590,Gigebuck,51,8213 Neunkirch,2904,SH,real,True,15.11.2024,2679026,1282267
102112834,10091177,9001008,Haslacherweg,8,8213 Neunkirch,2904,SH,real,True,15.11.2024,2679307,1282163
102112868,10161513,473659,Hurbiggasse,1,8454 Buchberg,2933,SH,real,True,15.11.2024,2684413,1269946
102113118,10068435,470785,Breitiweg,4,8213 Neunkirch,2904,SH,real,True,15.11.2024,2679845,1282652
102113119,10186335,471348,Reibäckerli,27,8236 Büttenhardt,2914,SH,real,True,15.11.2024,2691213,1290408
102113120,10086750,2714711,Im Unterberg,3,8239 Dörflingen,2915,SH,real,True,15.11.2024,2696040,1284754
102113121,10091256,474441,Pestalozzistrasse,15,8212 Neuhausen am Rheinfall,2937,SH,real,True,15.11.2024,2688853,1281929
102113122,10074405,475135,Sägereistrasse,9,8212 Neuhausen am Rheinfall,2937,SH,real,True,15.11.2024,2688327,1282129
102113124,10080408,482227,Hauptstrasse,33,8225 Siblingen,2953,SH,real,True,15.11.2024,2681332,1285347
102113125,10031591,2031298,Hegaustrasse,9,8263 Buch SH,2961,SH,real,True,15.11.2024,2701064,1286932
102113126,10087219,482686,Fortenbach,202,8262 Ramsen,2963,SH,real,True,15.11.2024,2702893,1285120
102113128,10046636,1615952,Flurweg,7,8260 Stein am Rhein,2964,SH,real,True,15.11.2024,2706408,1279292
102113169,10071691,482739,Hauptstrasse,265,8262 Ramsen,2963,SH,real,True,15.11.2024,2703019,1284975
102113284,10086750,471520,Im Unterberg,17,8239 Dörflingen,2915,SH,real,True,15.11.2024,2695934,1284693
102113485,10026320,2023201,Dorfstrasse,10,8214 Gächlingen,2901,SH,real,True,15.11.2024,2679526,1284074
102113512,10178592,474825,Bohnenbergstrasse,3,8212 Neuhausen am Rheinfall,2937,SH,real,True,15.11.2024,2688396,1282759
102113554,10072971,2715427,Huebstrasse,7,8236 Büttenhardt,2914,SH,real,True,15.11.2024,2691029,1290413
102113555,10031605,482770,Roseneggstrasse,401,8262 Ramsen,2963,SH,real,True,15.11.2024,2703572,1285233
102113556,10071979,2031780,Wilen,17,8262 Ramsen,2963,SH,real,True,15.11.2024,2703272,1283795
102113605,10068434,470354,Schützengasse,29,8224 Löhningen,2903,SH,real,True,15.11.2024,2683513,1284161
102113606,10026343,2714189,Herrengasse,7,8224 Löhningen,2903,SH,real,True,15.11.2024,2683631,1283965
102113607,10072970,471289,Cholrüti,11,8236 Büttenhardt,2914,SH,real,True,15.11.2024,2691108,1289879
102113608,10024953,471354,Thayngerstrasse,1,8239 Dörflingen,2915,SH,real,True,15.11.2024,2696374,1285654
102113609,10072979,471547,Zur Mühle,114,8239 Dörflingen,2915,SH,real,True,15.11.2024,2695762,1284286
102113610,10149730,2714525,Im Bildstei,6,8239 Dörflingen,2915,SH,real,True,15.11.2024,2696265,1285044
102113611,10113214,2031660,Faselroo,311,8262 Ramsen,2963,SH,real,True,15.11.2024,2703249,1284800
102113612,10112905,2026356,Taubengasse,7,8232 Merishausen,2936,SH,real,True,15.11.2024,2687828,1290677
102113613,10018166,474530,Zentralstrasse,152,8212 Neuhausen am Rheinfall,2937,SH,real,True,15.11.2024,2688897,1282542
102113614,10118358,476011,Im vorderen Chapf,15,8455 Rüdlingen,2938,SH,real,True,15.11.2024,2684809,1270322
102113615,10058935,481499,Dorfstrasse,67,8228 Beggingen,2951,SH,real,True,15.11.2024,2681810,1291139
102113616,10032578,482029,Schwarzwaldstrasse,57,8226 Schleitheim,2952,SH,real,True,15.11.2024,2676927,1288890
102113617,10179742,2716659,Strickhof,314,8226 Schleitheim,2952,SH,real,True,15.11.2024,2680709,1289443
102113618,10080408,482237,Hauptstrasse,9,8225 Siblingen,2953,SH,real,True,15.11.2024,2681407,1285232
102113619,10087219,482684,Fortenbach,204,8262 Ramsen,2963,SH,real,True,15.11.2024,2702886,1285161
102113620,10113215,482779,Petersburg,373,8262 Ramsen,2963,SH,real,True,15.11.2024,2703733,1285062
102113621,10071689,482866,Bahnhofstrasse,461,8262 Ramsen,2963,SH,real,True,15.11.2024,2703512,1284977
102113622,10071689,482915,Bahnhofstrasse,279,8262 Ramsen,2963,SH,real,True,15.11.2024,2703264,1284975
102113623,10170741,2717109,Wäsmen,493,8262 Ramsen,2963,SH,real,True,15.11.2024,2702771,1285361
102113625,10031931,1616307,Orichhöhe,10,8260 Stein am Rhein,2964,SH,real,True,15.11.2024,2707426,1279652
102113626,10031931,2715636,Orichhöhe,11,8260 Stein am Rhein,2964,SH,real,True,15.11.2024,2707459,1279678
102113627,10179759,483728,Bergstrasse,13,8215 Hallau,2971,SH,real,True,15.11.2024,2676731,1283638
102113628,10031944,2712921,Chatzenbergstrasse,17,8215 Hallau,2971,SH,real,True,15.11.2024,2676525,1283794
102113679,10031611,482635,Wiesholzerstrasse,46,8262 Ramsen,2963,SH,real,True,15.11.2024,2704630,1285295
102113687,10087219,482691,Fortenbach,240,8262 Ramsen,2963,SH,real,True,15.11.2024,2702906,1285087
102113711,10134705,470071,Nebental,174,8225 Siblingen,2901,SH,real,True,15.11.2024,2679629,1286927
102113803,10123288,471525,Büsingerstrasse,25,8239 Dörflingen,2915,SH,real,True,15.11.2024,2695855,1284736
102113838,10179749,482841,Biberweg,100,8262 Ramsen,2963,SH,real,True,15.11.2024,2703002,1284880
102113843,10123288,471492,Büsingerstrasse,8,8239 Dörflingen,2915,SH,real,True,15.11.2024,2696004,1284827
102113844,10071689,3145220,Bahnhofstrasse,467,8262 Ramsen,2963,SH,real,True,15.11.2024,2703455,1285000
102114224,10072978,2024308,Puläjen,8,8239 Dörflingen,2915,SH,real,True,15.11.2024,2696474,1285413
102114352,10086751,471389,Morgenackerstrasse,4,8239 Dörflingen,2915,SH,real,True,15.11.2024,2696125,1285042
102114546,10017874,475789,Neubergstrasse,30,8212 Neuhausen am Rheinfall,2937,SH,real,True,15.11.2024,2687770,1281926
102114620,10024939,2024213,Oberdorf,12,8236 Büttenhardt,2914,SH,real,True,15.11.2024,2690943,1290477
102114621,10071691,2031457,Hauptstrasse,80,8262 Ramsen,2963,SH,real,True,15.11.2024,2703035,1284951
102114622,10122646,2031162,Schulstrasse,10,8225 Siblingen,2953,SH,real,True,15.11.2024,2681075,1285593
102114623,10031930,2032343,Obergass,13a,8260 Stein am Rhein,2964,SH,real,True,15.11.2024,2706771,1279754
102114624,10087219,2031721,Fortenbach,239,8262 Ramsen,2963,SH,real,True,15.11.2024,2702909,1285114
102114850,10128757,2027022,Badstrasse,15,8212 Neuhausen am Rheinfall,2937,SH,real,True,15.11.2024,2688796,1281437
102114852,10046607,2026575,Rheinweg,9,8200 Schaffhausen,2937,SH,real,True,15.11.2024,2688920,1283008
102114873,10113215,9052045,Petersburg,323,8262 Ramsen,2963,SH,real,True,15.11.2024,2703679,1284697
102114891,10026340,191123531,Chriesiweg,6,8224 Löhningen,2903,SH,real,True,15.11.2024,2683814,1284134
102115082,10122076,470181,Chilchgasse,1,8214 Gächlingen,2901,SH,real,True,15.11.2024,2679667,1284199
102115092,10024940,471331,Verenahof,101,8236 Büttenhardt,2914,SH,real,True,15.11.2024,2690954,1290350
102115093,10024945,471468,Hinterdorf,50,8239 Dörflingen,2915,SH,real,True,15.11.2024,2696758,1284344
102115095,10120402,471487,Laaggut,1,8239 Dörflingen,2915,SH,real,True,15.11.2024,2696232,1283258
102115096,10123288,471529,Büsingerstrasse,5,8239 Dörflingen,2915,SH,real,True,15.11.2024,2696052,1284812
102115099,10072987,471830,Erdenhof,54,8234 Stetten SH,2919,SH,real,True,15.11.2024,2690673,1288030
102115100,10111807,471308,Braatistrasse,3,8236 Büttenhardt,2914,SH,real,True,15.11.2024,2690996,1290154
102115101,10185477,471379,Neudörflingerstrasse,33,8239 Dörflingen,2915,SH,real,True,15.11.2024,2696281,1285180
102115102,10185477,471415,Neudörflingerstrasse,26,8239 Dörflingen,2915,SH,real,True,15.11.2024,2696332,1285177
102115103,10118352,471496,Dorfstrasse,10,8239 Dörflingen,2915,SH,real,True,15.11.2024,2696128,1284814
102115104,10185478,471707,Isenbühlweg,6,8235 Lohn SH,2917,SH,real,True,15.11.2024,2692420,1290019
102115105,10046607,475040,Rheinweg,31,8200 Schaffhausen,2937,SH,real,True,15.11.2024,2688906,1282839
102115106,10017862,474366,Florastrasse,13,8212 Neuhausen am Rheinfall,2937,SH,real,True,15.11.2024,2688965,1281795
102115107,10178593,474389,Flurlingerweg,40a,8212 Neuhausen am Rheinfall,2937,SH,real,True,15.11.2024,2689160,1281857
102115108,10128949,474817,Hohfluhstrasse,11a,8212 Neuhausen am Rheinfall,2937,SH,real,True,15.11.2024,2688402,1282792
102115109,10024938,471322,Hogeracker,2,8236 Büttenhardt,2914,SH,real,True,15.11.2024,2691186,1290464
102115110,10024944,471360,Grundhof,189,8239 Dörflingen,2915,SH,real,True,15.11.2024,2695214,1285752
102115111,10024947,471438,Im Scheier,4,8239 Dörflingen,2915,SH,real,True,15.11.2024,2696184,1284964
102115112,10086754,471508,Unterbergstrasse,18,8239 Dörflingen,2915,SH,real,True,15.11.2024,2695911,1284663
102115113,10017868,475082,Klettgauerstrasse,6a,8212 Neuhausen am Rheinfall,2937,SH,real,True,15.11.2024,2688407,1282022
102115114,10086750,471528,Im Unterberg,1,8239 Dörflingen,2915,SH,real,True,15.11.2024,2696028,1284780
102115115,10046612,475199,Zollstrasse,4a,8212 Neuhausen am Rheinfall,2937,SH,real,True,15.11.2024,2688070,1282120
102115133,10024952,471477,Rheinstrasse,1,8239 Dörflingen,2915,SH,real,True,15.11.2024,2696465,1284570
102115386,10087224,2716080,Rychenstrasse,505,8262 Ramsen,2963,SH,real,True,15.11.2024,2703284,1284708
102115393,10025721,191175070,Hoolicher,14,8228 Beggingen,2951,SH,real,True,15.11.2024,2682699,1291101
102115395,10071693,3145212,Judebömmlistrasse,523,8262 Ramsen,2963,SH,real,True,15.11.2024,2703442,1285078
102115459,10205631,475992,Sandgrubenstrasse,9,8455 Rüdlingen,2938,SH,real,True,15.11.2024,2684915,1271243
102115782,10178593,474376,Flurlingerweg,10,8212 Neuhausen am Rheinfall,2937,SH,real,True,15.11.2024,2689144,1281743
102115795,10178594,475693,Irchelstrasse,10,8212 Neuhausen am Rheinfall,2937,SH,real,True,15.11.2024,2687571,1281613
102115796,10074400,475840,Hardstrasse,19,8212 Neuhausen am Rheinfall,2937,SH,real,True,15.11.2024,2687883,1282108
102115797,10206078,475973,Im Rhyblick,3,8455 Rüdlingen,2938,SH,real,True,15.11.2024,2684921,1271347
102115798,10117740,481960,Schwerzedel,5,8226 Schleitheim,2952,SH,real,True,15.11.2024,2679002,1289427
102115799,10031598,482897,Hinder Hüsler,482,8262 Ramsen,2963,SH,real,True,15.11.2024,2703379,1284783
102115800,10031501,2032980,Lahngasse,15,8215 Hallau,2971,SH,real,True,15.11.2024,2676453,1283575
102115801,10046638,484303,Rosenstrasse,9,8215 Hallau,2971,SH,real,True,15.11.2024,2676452,1283962
102115829,10019559,101206401,Erlistrasse,64,8454 Buchberg,2933,SH,real,True,15.11.2024,2684019,1269898
102115836,10017855,190033220,Birchstrasse,42,8212 Neuhausen am Rheinfall,2937,SH,real,True,15.11.2024,2686990,1281439
102115839,10018441,190035145,Heerengarten,12,8233 Bargen SH,2931,SH,real,True,15.11.2024,2687966,1294055
102115875,10046607,9006409,Rheinweg,11,8200 Schaffhausen,2937,SH,real,True,15.11.2024,2688909,1282986
102116152,10153985,101248647,Rohrstrasse,25,8216 Oberhallau,2972,SH,real,True,15.11.2024,2677722,1284305
102116175,10179753,190048946,Alte Zollstrasse,4,8260 Stein am Rhein,2964,SH,real,True,15.11.2024,2707389,1279707
102116269,10072981,101205806,Kerzenstübliweg,6,8235 Lohn SH,2917,SH,real,True,15.11.2024,2692672,1290288
102116295,10155546,190036240,Winkelweg,500,8262 Ramsen,2963,SH,real,True,15.11.2024,2702621,1284670
102116316,10071693,190663412,Judebömmlistrasse,584,8262 Ramsen,2963,SH,real,True,15.11.2024,2703451,1285054
102116327,10031939,191331196,Wagenhauserstrasse,37,8260 Stein am Rhein,2964,SH,real,True,15.11.2024,2706265,1279517
102116328,10087011,470066,Hinterer Huebhof,215,8214 Gächlingen,2901,SH,real,True,15.11.2024,2678471,1286296
102116329,10068429,470465,Goldackerweg,29a,8224 Löhningen,2903,SH,real,True,15.11.2024,2683363,1283759
102116365,10155578,190037198,Hohchrüz,491a,8262 Ramsen,2963,SH,real,True,15.11.2024,2703530,1284205
102116379,10072971,190124793,Huebstrasse,18,8236 Büttenhardt,2914,SH,real,True,15.11.2024,2691013,1290452
102116467,10206076,190057219,Hinterdorfstrasse,28,8455 Rüdlingen,2938,SH,real,True,15.11.2024,2685208,1270130
102116516,10031612,190085532,Wisliweg,556,8262 Ramsen,2963,SH,real,True,15.11.2024,2703216,1284997
102116919,10142113,190268828,Bildsteinweg,13,8239 Dörflingen,2915,SH,real,True,15.11.2024,2696289,1284996
102117030,10132131,474946,Buchenstrasse,51,8212 Neuhausen am Rheinfall,2937,SH,real,True,15.11.2024,2688502,1283287
102117140,10087226,482630,Wiesholz,36,8262 Ramsen,2963,SH,real,True,15.11.2024,2704815,1285387
102117179,10031604,190394888,Pfarrhofweg,564,8262 Ramsen,2963,SH,real,True,15.11.2024,2702933,1285040
102117238,10132353,190529256,Im Morgen,5,8239 Dörflingen,2915,SH,real,True,15.11.2024,2696148,1285098
102117259,10111805,190871931,Welscher Garten,4d,8213 Neunkirch,2904,SH,real,True,15.11.2024,2679362,1282483
102117263,10143056,190946809,Obere Burghalde,6,8225 Siblingen,2953,SH,real,True,15.11.2024,2681496,1285706
102117361,10024937,471304,Dorfstrasse,5,8236 Büttenhardt,2914,SH,real,True,15.11.2024,2691034,1290133
102117390,10071685,482427,Dorfstrasse,13,8263 Buch SH,2961,SH,real,True,15.11.2024,2700817,1286006
102117403,10031499,483816,Hauptstrasse,106,8215 Hallau,2971,SH,real,True,15.11.2024,2676934,1283527
102117440,10071984,101415731,Chlingeweg,10,8260 Stein am Rhein,2964,SH,real,True,15.11.2024,2706880,1280215
102117441,10046638,101415809,Rosenstrasse,4,8215 Hallau,2971,SH,real,True,15.11.2024,2676414,1283923
102117443,10146949,101551721,Dostentalstrasse,17,8232 Merishausen,2936,SH,real,True,15.11.2024,2687835,1290014
102117449,10039881,190106070,Chlosterstrasse,39,8234 Stetten SH,2919,SH,real,True,15.11.2024,2691929,1288430
102117685,10046605,473714,Dorfstrasse,56,8454 Buchberg,2933,SH,real,True,15.11.2024,2684486,1269731
102117723,10031602,482816,Lindenplatz,142,8262 Ramsen,2963,SH,real,True,15.11.2024,2702923,1284940
102117743,10087218,482654,Betteltalstrasse,421,8262 Ramsen,2963,SH,real,True,15.11.2024,2702775,1284733
102117750,10072976,471418,Im Schützerhus,6,8239 Dörflingen,2915,SH,real,True,15.11.2024,2696420,1285024
102117768,10046609,190146406,Sonnenbergstrasse,31,8212 Neuhausen am Rheinfall,2937,SH,real,True,15.11.2024,2688127,1282594
102117784,10111804,190160371,Hallauerstrasse,50,8213 Neunkirch,2904,SH,real,True,15.11.2024,2679003,1282799
102118037,10072978,471406,Puläjen,2,8239 Dörflingen,2915,SH,real,True,15.11.2024,2696480,1285462
102118063,10071690,482727,Brunnengasse,157,8262 Ramsen,2963,SH,real,True,15.11.2024,2702814,1285003
102118064,10187867,2713390,Eschenzerstrasse,21,8260 Stein am Rhein,2964,SH,real,True,15.11.2024,2706844,1279225
102118065,10031501,484209,Lahngasse,10,8215 Hallau,2971,SH,real,True,15.11.2024,2676496,1283526
102118338,10068437,2023571,Muzellstrasse,16,8213 Neunkirch,2904,SH,real,True,15.11.2024,2679874,1282316
102118339,10080408,482204,Hauptstrasse,69,8225 Siblingen,2953,SH,real,True,15.11.2024,2680905,1285398
102118416,10048892,190201858,Niederwiesenstrasse,18b,8214 Gächlingen,2901,SH,real,True,15.11.2024,2679187,1284193
102118421,10071693,190207469,Judebömmlistrasse,563,8262 Ramsen,2963,SH,real,True,15.11.2024,2703524,1285083
102118426,10017868,190209793,Klettgauerstrasse,30a,8212 Neuhausen am Rheinfall,2937,SH,real,True,15.11.2024,2688221,1282098
102118438,10185477,190218407,Neudörflingerstrasse,19,8239 Dörflingen,2915,SH,real,True,15.11.2024,2696221,1285115
102118648,10091240,474187,Rietstrasse,1,8232 Merishausen,2936,SH,real,True,15.11.2024,2687814,1290445
102118651,10017868,191209490,Klettgauerstrasse,67,8212 Neuhausen am Rheinfall,2937,SH,real,True,15.11.2024,2688026,1282275
102118670,10017860,475289,Engestrasse,78,8212 Neuhausen am Rheinfall,2937,SH,real,True,15.11.2024,2688083,1282560
102118671,10179750,482881,Im Baumgarten,65,8262 Ramsen,2963,SH,real,True,15.11.2024,2703665,1284936
102118691,10091394,484174,Wunderklingerstrasse,8,8215 Hallau,2971,SH,real,True,15.11.2024,2676422,1283401
102118695,10117914,471353,Ferienheim,47,8236 Büttenhardt,2914,SH,real,True,15.11.2024,2690101,1291052
102118702,10024937,471294,Dorfstrasse,8,8236 Büttenhardt,2914,SH,real,True,15.11.2024,2691016,1289995
102118721,10087042,2024646,Schlossstrasse,4,8234 Stetten SH,2919,SH,real,True,15.11.2024,2691848,1288421
102118739,10031502,190271089,Leebenstrasse,5,8215 Hallau,2971,SH,real,True,15.11.2024,2676978,1283381
102118776,10091105,1616464,Rietstrasse,36,8260 Stein am Rhein,2964,SH,real,True,15.11.2024,2706273,1280237
102118780,10087232,1616058,Chnebelgässli,3,8260 Stein am Rhein,2964,SH,real,True,15.11.2024,2706713,1279308
102118803,10180862,191562097,Schinderwies,2a,8233 Bargen SH,2931,SH,real,True,15.11.2024,2688060,1294129
102118844,10025697,191565753,Säntisstrasse,28a,8200 Schaffhausen,2939,SH,real,True,15.11.2024,2690479,1283568
102119036,10122076,470190,Chilchgasse,11,8214 Gächlingen,2901,SH,real,True,15.11.2024,2679695,1284139
102119065,10145459,190514429,Anker-Wisli,573f,8262 Ramsen,2963,SH,real,True,15.11.2024,2703105,1285044
102119068,10133045,483847,Schweizerbundweg,2,8215 Hallau,2971,SH,real,True,15.11.2024,2676806,1283530
102119069,10072976,190529252,Im Schützerhus,2,8239 Dörflingen,2915,SH,real,True,15.11.2024,2696384,1285058
102119072,10073020,190553868,Underem Förlibuck,7,8455 Rüdlingen,2938,SH,real,True,15.11.2024,2684752,1270356
102119084,10206079,190680729,Steinenkreuzstrasse,15,8455 Rüdlingen,2938,SH,real,True,15.11.2024,2684539,1270875
102119308,10071690,482821,Brunnengasse,136,8262 Ramsen,2963,SH,real,True,15.11.2024,2702850,1284987
102119376,10111805,190871934,Welscher Garten,4e,8213 Neunkirch,2904,SH,real,True,15.11.2024,2679360,1282494
102119387,10153985,191085631,Rohrstrasse,38b,8216 Oberhallau,2972,SH,real,True,15.11.2024,2677745,1284366
102119622,10031603,482784,Moskau,58,8262 Ramsen,2963,SH,real,True,15.11.2024,2703791,1285310
102119631,10031927,1615907,Köhlerweid,16,8260 Stein am Rhein,2964,SH,real,True,15.11.2024,2705982,1279247
102119639,10091399,2712094,Ackerweg,3,8219 Trasadingen,2973,SH,real,True,15.11.2024,2674479,1280076
102119663,10031597,482764,Buttelestrasse,233,8262 Ramsen,2963,SH,real,True,15.11.2024,2702950,1285182
102119718,10149730,2714514,Im Bildstei,10,8239 Dörflingen,2915,SH,real,True,15.11.2024,2696245,1285028
102119719,10192056,2714694,Im Schöber,3,8239 Dörflingen,2915,SH,real,True,15.11.2024,2696716,1284407
102119720,10179741,2715099,Lussenhof,401b,8226 Schleitheim,2952,SH,real,True,15.11.2024,2679066,1287748
102119721,10087224,2716079,Rychenstrasse,504,8262 Ramsen,2963,SH,real,True,15.11.2024,2703274,1284707
102119723,10071980,2717251,Winkelackerstrasse,511,8262 Ramsen,2963,SH,real,True,15.11.2024,2702611,1284630
102120053,10180889,191112491,Lettengarten,1,8225 Siblingen,2953,SH,real,True,15.11.2024,2681535,1285259
102120067,10106945,474932,Rosenbergstrasse,123a,8212 Neuhausen am Rheinfall,2937,SH,real,True,15.11.2024,2688513,1283079
102120073,10032581,482015,Uechbenhof,482,8226 Schleitheim,2952,SH,real,True,15.11.2024,2678849,1287768
102120076,10071979,482622,Wilen,14,8262 Ramsen,2963,SH,real,True,15.11.2024,2703288,1283841
102120077,10031610,482667,Wattweg,431,8262 Ramsen,2963,SH,real,True,15.11.2024,2702788,1285342
102120078,10031594,482720,Badischhof,164,8262 Ramsen,2963,SH,real,True,15.11.2024,2702839,1285058
102120080,10071691,482741,Hauptstrasse,264,8262 Ramsen,2963,SH,real,True,15.11.2024,2703003,1284972
102120081,10179752,482852,Unterdorf,96,8262 Ramsen,2963,SH,real,True,15.11.2024,2703089,1284855
102120082,10113215,482884,Petersburg,416,8262 Ramsen,2963,SH,real,True,15.11.2024,2703720,1284922
102120083,10071689,482902,Bahnhofstrasse,295,8262 Ramsen,2963,SH,real,True,15.11.2024,2703393,1284966
102120084,10113220,483701,Rummelenhof,1,8215 Hallau,2971,SH,real,True,15.11.2024,2674735,1283136
102120259,10031603,2715157,Moskau,307,8262 Ramsen,2963,SH,real,True,15.11.2024,2703708,1285276
102120351,10173261,190455748,Braatle,9,8239 Dörflingen,2915,SH,real,True,15.11.2024,2696664,1284565
102120385,10142113,191139891,Bildsteinweg,9,8239 Dörflingen,2915,SH,real,True,15.11.2024,2696317,1284966
102120410,10192061,482380,Ghahof,167,8225 Siblingen,2953,SH,real,True,15.11.2024,2681369,1286382
102120412,10053529,482612,Spiesshof,70,8262 Ramsen,2963,SH,real,True,15.11.2024,2702529,1288390
102120415,10087219,482683,Fortenbach,218,8262 Ramsen,2963,SH,real,True,15.11.2024,2702909,1285193
102120416,10031613,482695,Wydenhagweg,190,8262 Ramsen,2963,SH,real,True,15.11.2024,2702972,1285247
102120417,10031600,482730,Im Gässli,173,8262 Ramsen,2963,SH,real,True,15.11.2024,2702801,1285072
102120421,10071691,482813,Hauptstrasse,119,8262 Ramsen,2963,SH,real,True,15.11.2024,2702952,1284955
102120598,10026002,481978,Bachstrasse,18a,8226 Schleitheim,2952,SH,real,True,15.11.2024,2678809,1289502
102120599,10179739,481914,Friedhofweg,2c,8226 Schleitheim,2952,SH,real,True,15.11.2024,2678634,1289014
102120654,10127143,190529255,Im Neuhuus,1,8239 Dörflingen,2915,SH,real,True,15.11.2024,2696390,1285087
102120661,10143056,190582289,Obere Burghalde,10,8225 Siblingen,2953,SH,real,True,15.11.2024,2681528,1285663
102120665,10017875,190576608,Poststrasse,9.1,8212 Neuhausen am Rheinfall,2937,SH,real,True,23.07.2024,2688714,1282011
102120668,10054965,470073,Hinterer Wetzenhof,178,8226 Schleitheim,2901,SH,real,True,15.11.2024,2680267,1288172
102120674,10019581,190634992,Durachstrasse,1,8232 Merishausen,2936,SH,real,True,15.11.2024,2688011,1290184
102120675,10027508,470769,Löhningerstrasse,10,8213 Neunkirch,2904,SH,real,True,15.11.2024,2680160,1282764
102120805,10180888,481937,Randenstrasse,15,8226 Schleitheim,2952,SH,real,True,15.11.2024,2678813,1289376
102120807,10031595,482613,Beeracker,403,8262 Ramsen,2963,SH,real,True,15.11.2024,2701961,1286075
102120808,10031596,482615,Bibermühle,3,8262 Ramsen,2963,SH,real,True,15.11.2024,2702719,1281908
102120809,10087219,482669,Fortenbach,209,8262 Ramsen,2963,SH,real,True,15.11.2024,2702833,1285307
102120810,10071694,482699,Oberdorf,198,8262 Ramsen,2963,SH,real,True,15.11.2024,2702883,1285081
102120811,10031597,482731,Buttelestrasse,222,8262 Ramsen,2963,SH,real,True,15.11.2024,2703241,1285396
102120812,10087220,482802,Hinterdorf,86,8262 Ramsen,2963,SH,real,True,15.11.2024,2703108,1284869
102120813,10179752,482850,Unterdorf,98,8262 Ramsen,2963,SH,real,True,15.11.2024,2703052,1284860
102120814,10071689,482871,Bahnhofstrasse,331,8262 Ramsen,2963,SH,real,True,15.11.2024,2703562,1285004
102120927,10085761,481562,Neuwis,167,8228 Beggingen,2951,SH,real,True,15.11.2024,2683286,1292980
102120928,10032567,482011,Huebhof,323,8226 Schleitheim,2952,SH,real,True,15.11.2024,2679543,1287933
102120929,10104509,482031,Silstighof,449,8226 Schleitheim,2952,SH,real,True,15.11.2024,2677962,1287039
102120930,10180889,482253,Lettengarten,15,8225 Siblingen,2953,SH,real,True,15.11.2024,2681680,1285254
102120931,10180890,482663,Vor der Brugg,143,8262 Ramsen,2963,SH,real,True,15.11.2024,2702675,1284884
102120932,10071691,482749,Hauptstrasse,262,8262 Ramsen,2963,SH,real,True,15.11.2024,2702970,1284972
102120933,10031603,482783,Moskau,315,8262 Ramsen,2963,SH,real,True,15.11.2024,2703778,1285285
102120934,10118149,482860,Hüslerweg,395,8262 Ramsen,2963,SH,real,True,15.11.2024,2703513,1284719
102120935,10179750,482877,Im Baumgarten,484,8262 Ramsen,2963,SH,real,True,15.11.2024,2703624,1284934
102120936,10071689,482917,Bahnhofstrasse,276,8262 Ramsen,2963,SH,real,True,15.11.2024,2703190,1284952
102120937,10113214,482924,Faselroo,481,8262 Ramsen,2963,SH,real,True,15.11.2024,2703449,1284729
102120938,10091111,483709,Hammerschmiede,1,8215 Hallau,2971,SH,real,True,15.11.2024,2676108,1282645
102120971,10118138,471310,Neuwis,4,8236 Büttenhardt,2914,SH,real,True,15.11.2024,2690945,1290131
102120972,10024940,471330,Verenahof,103,8236 Büttenhardt,2914,SH,real,True,15.11.2024,2690976,1290342
102120973,10086748,471344,Wilerstrasse,1,8236 Büttenhardt,2914,SH,real,True,15.11.2024,2691103,1290165
102120974,10186335,471349,Reibäckerli,4,8236 Büttenhardt,2914,SH,real,True,15.11.2024,2691196,1290303
102120975,10185477,471383,Neudörflingerstrasse,11,8239 Dörflingen,2915,SH,real,True,15.11.2024,2696191,1285117
102120976,10086753,471425,Schulstrasse,4,8239 Dörflingen,2915,SH,real,True,15.11.2024,2696422,1284782
102120977,10086750,471517,Im Unterberg,23,8239 Dörflingen,2915,SH,real,True,15.11.2024,2695882,1284695
102120991,10091247,474656,Charlottenweg,3a,8212 Neuhausen am Rheinfall,2937,SH,real,True,15.11.2024,2688787,1282620
102120992,10046608,474667,Schwanenfelsstrasse,12a,8212 Neuhausen am Rheinfall,2937,SH,real,True,15.11.2024,2688698,1282613
102120993,10178592,474827,Bohnenbergstrasse,4a,8212 Neuhausen am Rheinfall,2937,SH,real,True,15.11.2024,2688385,1282769
102120999,10106945,474994,Rosenbergstrasse,98a,8212 Neuhausen am Rheinfall,2937,SH,real,True,15.11.2024,2688606,1283259
102121132,10206081,475921,Ausserdorfstrasse,4,8455 Rüdlingen,2938,SH,real,True,15.11.2024,2685207,1270676
102121133,10031600,482716,Im Gässli,172,8262 Ramsen,2963,SH,real,True,15.11.2024,2702791,1285068
102121134,10031597,482758,Buttelestrasse,234,8262 Ramsen,2963,SH,real,True,15.11.2024,2702982,1285192
102121135,10118149,482854,Hüslerweg,437,8262 Ramsen,2963,SH,real,True,15.11.2024,2703407,1284923
102121136,10071689,482906,Bahnhofstrasse,117,8262 Ramsen,2963,SH,real,True,15.11.2024,2703213,1284927
102121174,10179752,482823,Unterdorf,134,8262 Ramsen,2963,SH,real,True,15.11.2024,2702838,1284948
102121175,10118149,482857,Hüslerweg,374,8262 Ramsen,2963,SH,real,True,15.11.2024,2703482,1284841
102121177,10104511,483698,Nägeliseehof,1,8215 Hallau,2971,SH,real,True,15.11.2024,2675504,1285983
102121178,10087226,482629,Wiesholz,38,8262 Ramsen,2963,SH,real,True,15.11.2024,2704764,1285347
102121179,10087219,482688,Fortenbach,261,8262 Ramsen,2963,SH,real,True,15.11.2024,2702900,1285155
102121180,10031522,484467,Zinggen,2,8219 Trasadingen,2973,SH,real,True,15.11.2024,2674417,1280161
102121237,10071689,9052043,Bahnhofstrasse,75,8262 Ramsen,2963,SH,real,True,15.11.2024,2703231,1284932
102121256,10179763,484258,Tacherstrasse,27,8215 Hallau,2971,SH,real,True,15.11.2024,2676173,1283548
102121305,10179737,481891,Adlerstrasse,21,8226 Schleitheim,2952,SH,real,True,15.11.2024,2678451,1289222
102121306,10046612,191332930,Zollstrasse,88,8212 Neuhausen am Rheinfall,2937,SH,real,True,15.11.2024,2687327,1281434
102121307,10017869,191332511,Langrietstrasse,102,8212 Neuhausen am Rheinfall,2937,SH,real,True,15.11.2024,2686423,1280949
102121308,10032572,481986,Lättegässli,5,8226 Schleitheim,2952,SH,real,True,15.11.2024,2678906,1289623
102121309,10087219,482675,Fortenbach,207,8262 Ramsen,2963,SH,real,True,15.11.2024,2702856,1285251
102121310,10031605,482773,Roseneggstrasse,457,8262 Ramsen,2963,SH,real,True,15.11.2024,2703595,1285184
102121311,10179752,482838,Unterdorf,107,8262 Ramsen,2963,SH,real,True,15.11.2024,2702974,1284906
102121312,10071689,482900,Bahnhofstrasse,297,8262 Ramsen,2963,SH,real,True,15.11.2024,2703366,1284959
102121313,10024937,471292,Dorfstrasse,6,8236 Büttenhardt,2914,SH,real,True,15.11.2024,2691046,1289942
102121314,10072977,471380,Morgenbuckweg,4,8239 Dörflingen,2915,SH,real,True,15.11.2024,2696264,1285164
102121315,10072973,471430,Im Gisbüel,9,8239 Dörflingen,2915,SH,real,True,15.11.2024,2696290,1284942
102121316,10024945,471464,Hinterdorf,15,8239 Dörflingen,2915,SH,real,True,15.11.2024,2696529,1284540
102121317,10031941,484016,Bahnhofstrasse,58,8215 Hallau,2971,SH,real,True,15.11.2024,2676465,1283075
102121463,10031596,482614,Bibermühle,4,8262 Ramsen,2963,SH,real,True,15.11.2024,2702604,1281917
102121464,10087223,482656,Rebenweg,422,8262 Ramsen,2963,SH,real,True,15.11.2024,2702739,1284753
102121465,10071694,482701,Oberdorf,197,8262 Ramsen,2963,SH,real,True,15.11.2024,2702848,1285114
102121466,10031612,482733,Wisliweg,285,8262 Ramsen,2963,SH,real,True,15.11.2024,2703171,1285215
102121503,10024945,2714215,Hinterdorf,12,8239 Dörflingen,2915,SH,real,True,15.11.2024,2696499,1284522
102121504,10186335,2714670,Reibäckerli,1,8236 Büttenhardt,2914,SH,real,True,15.11.2024,2691157,1290237
102121505,10072971,2715423,Huebstrasse,9,8236 Büttenhardt,2914,SH,real,True,15.11.2024,2691004,1290418
102122001,10190886,9004013,Langfeldweg,10,8213 Neunkirch,2904,SH,real,True,15.11.2024,2679121,1282673
102122198,10205628,2027365,Dorfstrasse,22,8455 Rüdlingen,2938,SH,real,True,15.11.2024,2685280,1270391
102122271,10087219,2713504,Fortenbach,215d,8262 Ramsen,2963,SH,real,True,15.11.2024,2702913,1285222
102122276,10179763,2716680,Tacherstrasse,13,8215 Hallau,2971,SH,real,True,15.11.2024,2676197,1283640
102122310,10186331,2023358,Berggasse,8a,8224 Löhningen,2903,SH,real,True,15.11.2024,2683522,1283699
102122311,10024942,2024301,Gennersbrunnerstrasse,4,8239 Dörflingen,2915,SH,real,True,15.11.2024,2696082,1284994
102122312,10031603,2031659,Moskau,312a,8262 Ramsen,2963,SH,real,True,15.11.2024,2703759,1285310
102122588,10149226,191178271,Rotackerstrasse,12,8235 Lohn SH,2917,SH,real,True,15.11.2024,2692637,1290383
102122592,10193696,191148692,Im Gries,605,8262 Ramsen,2963,SH,real,True,15.11.2024,2702596,1284897
102122596,10071980,3145218,Winkelackerstrasse,450,8262 Ramsen,2963,SH,real,True,15.11.2024,2702594,1284649
102122670,10091247,190105369,Charlottenweg,2a,8212 Neuhausen am Rheinfall,2937,SH,real,True,15.11.2024,2688787,1282844
102122834,10054977,471832,Erlenhof,114,8234 Stetten SH,2919,SH,real,True,15.11.2024,2690764,1287929
102122835,10108015,474181,Hauptstrasse,9,8232 Merishausen,2936,SH,real,True,15.11.2024,2687872,1290182
102122961,10031921,1616184,Fronhof,21,8260 Stein am Rhein,2964,SH,real,True,15.11.2024,2706672,1279868
102122998,10112907,190174091,Rabenfluhstrasse,9.4,8212 Neuhausen am Rheinfall,2937,SH,real,True,23.07.2024,2688965,1282362
102123016,10176069,190215756,Riigaarte,1,8261 Hemishofen,2962,SH,real,True,15.11.2024,2704560,1281527
102123050,10110808,470134,Im Chloster,2,8214 Gächlingen,2901,SH,real,True,15.11.2024,2679505,1284020
102123056,10024937,471319,Dorfstrasse,32,8236 Büttenhardt,2914,SH,real,True,15.11.2024,2691126,1290364
102123058,10024945,471463,Hinterdorf,11,8239 Dörflingen,2915,SH,real,True,15.11.2024,2696538,1284565
102123060,10072975,471498,Im Chloster,10,8239 Dörflingen,2915,SH,real,True,15.11.2024,2696144,1284731
102123172,10106945,474937,Rosenbergstrasse,131a,8212 Neuhausen am Rheinfall,2937,SH,real,True,15.11.2024,2688522,1283126
102123173,10106945,475143,Rosenbergstrasse,3a,8212 Neuhausen am Rheinfall,2937,SH,real,True,15.11.2024,2688200,1282164
102123174,10091114,484158,Mühlegasse,9,8215 Hallau,2971,SH,real,True,15.11.2024,2676373,1283449
102123175,10018160,475621,Schützenstrasse,39a,8212 Neuhausen am Rheinfall,2937,SH,real,True,15.11.2024,2687295,1281612
102123176,10018163,475740,Tödistrasse,3a,8212 Neuhausen am Rheinfall,2937,SH,real,True,15.11.2024,2687755,1281868
102123177,10085771,481999,Neuhof,394,8226 Schleitheim,2952,SH,real,True,15.11.2024,2679813,1289410
102123360,10108019,475032,Löwenstein,39,8212 Neuhausen am Rheinfall,2937,SH,real,True,15.11.2024,2688737,1283024
102123362,10032560,482030,Bühlhof,351,8226 Schleitheim,2952,SH,real,True,15.11.2024,2678015,1287372
102123363,10071685,482411,Dorfstrasse,25,8263 Buch SH,2961,SH,real,True,15.11.2024,2700718,1286040
102123366,10071691,482743,Hauptstrasse,269,8262 Ramsen,2963,SH,real,True,15.11.2024,2703043,1284965
102123370,10179752,482832,Unterdorf,126,8262 Ramsen,2963,SH,real,True,15.11.2024,2702922,1284917
102123371,10179750,482880,Im Baumgarten,63,8262 Ramsen,2963,SH,real,True,15.11.2024,2703648,1284935
102123491,10031934,1616216,Roggengarbgass,8,8260 Stein am Rhein,2964,SH,real,True,15.11.2024,2706691,1279842
102123583,10024949,11513962,Morgenstrasse,4,8239 Dörflingen,2915,SH,real,True,15.11.2024,2696099,1285099
102123761,10071691,482722,Hauptstrasse,161,8262 Ramsen,2963,SH,real,True,15.11.2024,2702880,1285043
102123792,10118352,2713101,Dorfstrasse,53,8239 Dörflingen,2915,SH,real,True,15.11.2024,2696455,1284676
102123798,10026003,2712428,Beggingerstrasse,450a,8226 Schleitheim,2952,SH,real,True,15.11.2024,2679911,1290945
102123799,10186335,2714674,Reibäckerli,8,8236 Büttenhardt,2914,SH,real,True,15.11.2024,2691228,1290350
102123826,10071686,2031371,Dorfstrasse,10,8261 Hemishofen,2962,SH,real,True,15.11.2024,2704572,1281563
102123850,10136262,191567313,Müliweg,20,8214 Gächlingen,2901,SH,real,True,15.11.2024,2679894,1284425
102123869,10024952,2024262,Rheinstrasse,10,8239 Dörflingen,2915,SH,real,True,15.11.2024,2696443,1284605
102123905,10185477,101205651,Neudörflingerstrasse,17,8239 Dörflingen,2915,SH,real,True,15.11.2024,2696234,1285105
102124329,10027514,191031650,Sportplatzweg,7,8213 Neunkirch,2904,SH,real,True,15.11.2024,2679690,1283015
102124333,10122076,470182,Chilchgasse,3,8214 Gächlingen,2901,SH,real,True,15.11.2024,2679672,1284198
102124634,10188153,470728,Gächlingerstrasse,16,8213 Neunkirch,2904,SH,real,True,15.11.2024,2679724,1283506
102124638,10072970,471284,Cholrüti,1,8236 Büttenhardt,2914,SH,real,True,15.11.2024,2691065,1289766
102124640,10024936,471334,Buckstrasse,1,8236 Büttenhardt,2914,SH,real,True,15.11.2024,2690915,1290416
102124641,10193350,191331950,Chlosterhof,9,8260 Stein am Rhein,2964,SH,real,True,15.11.2024,2706790,1279613
102124643,10072977,471382,Morgenbuckweg,1,8239 Dörflingen,2915,SH,real,True,15.11.2024,2696285,1285128
102124645,10086751,471397,Morgenackerstrasse,15,8239 Dörflingen,2915,SH,real,True,15.11.2024,2696069,1285058
102124647,10118352,471448,Dorfstrasse,39,8239 Dörflingen,2915,SH,real,True,15.11.2024,2696422,1284709
102124648,10024945,471473,Hinterdorf,10,8239 Dörflingen,2915,SH,real,True,15.11.2024,2696507,1284564
102124650,10086754,471505,Unterbergstrasse,12,8239 Dörflingen,2915,SH,real,True,15.11.2024,2695980,1284650
102124651,10086750,471524,Im Unterberg,14,8239 Dörflingen,2915,SH,real,True,15.11.2024,2695925,1284729
102124918,10072981,2024498,Kerzenstübliweg,10,8235 Lohn SH,2917,SH,real,True,15.11.2024,2692738,1290298
102124956,10024938,471323,Hogeracker,1,8236 Büttenhardt,2914,SH,real,True,15.11.2024,2691190,1290485
102124958,10086749,471368,Gruebstrasse,9,8239 Dörflingen,2915,SH,real,True,15.11.2024,2696159,1285237
102124959,10072972,471417,Bildsteinstrasse,1,8239 Dörflingen,2915,SH,real,True,15.11.2024,2696316,1285128
102125337,10136262,191390712,Müliweg,10,8214 Gächlingen,2901,SH,real,True,15.11.2024,2679865,1284403
102125381,10068432,191391052,Lättenstrasse,5a,8224 Löhningen,2903,SH,real,True,15.11.2024,2683569,1284244
102125547,10091230,191395210,Hauptstrasse,7,8231 Hemmental,2939,SH,real,True,15.11.2024,2685724,1287693
102125578,10018665,191392413,Im Trenschen,20,8207 Schaffhausen,2939,SH,real,True,15.11.2024,2691997,1287093
102125800,10068432,191391053,Lättenstrasse,5b,8224 Löhningen,2903,SH,real,True,15.11.2024,2683570,1284250
102125803,10068432,191391058,Lättenstrasse,3a,8224 Löhningen,2903,SH,real,True,15.11.2024,2683595,1284243
102125804,10068432,191391075,Lättenstrasse,3c,8224 Löhningen,2903,SH,real,True,15.11.2024,2683596,1284255
102125805,10068432,191391076,Lättenstrasse,3d,8224 Löhningen,2903,SH,real,True,15.11.2024,2683596,1284261
102125807,10091171,191391078,Rössligasse,47a,8224 Löhningen,2903,SH,real,True,15.11.2024,2683631,1284264
102125808,10091171,191391079,Rössligasse,47b,8224 Löhningen,2903,SH,real,True,15.11.2024,2683631,1284270
102125809,10091171,191391090,Rössligasse,47c,8224 Löhningen,2903,SH,real,True,15.11.2024,2683632,1284276
102125810,10068432,191391093,Lättenstrasse,1b,8224 Löhningen,2903,SH,real,True,15.11.2024,2683599,1284288
102125811,10068432,191391095,Lättenstrasse,1d,8224 Löhningen,2903,SH,real,True,15.11.2024,2683586,1284290
102125880,10068432,191391094,Lättenstrasse,1c,8224 Löhningen,2903,SH,real,True,15.11.2024,2683593,1284289
102125922,10068432,191391055,Lättenstrasse,5c,8224 Löhningen,2903,SH,real,True,15.11.2024,2683570,1284256
102125923,10068432,191391056,Lättenstrasse,5d,8224 Löhningen,2903,SH,real,True,15.11.2024,2683571,1284262
102125926,10068432,191391074,Lättenstrasse,3b,8224 Löhningen,2903,SH,real,True,15.11.2024,2683595,1284249
102125927,10091171,191391091,Rössligasse,47d,8224 Löhningen,2903,SH,real,True,15.11.2024,2683632,1284282
102125928,10068432,191391092,Lättenstrasse,1a,8224 Löhningen,2903,SH,real,True,15.11.2024,2683605,1284288
102126083,10188153,191400272,Gächlingerstrasse,5b,8213 Neunkirch,2904,SH,real,True,15.11.2024,2679720,1282938
102126245,10058935,191398252,Dorfstrasse,78,8228 Beggingen,2951,SH,real,True,15.11.2024,2681644,1291127
102127498,10085766,191393572,Brüelstrasse,8,8226 Schleitheim,2952,SH,real,True,15.11.2024,2678552,1289158
102127514,10180884,1610843,Promenadenstrasse,19a,8200 Schaffhausen,2939,SH,real,True,15.11.2024,2689313,1283379
102128598,10073040,191401131,Gugerhalde,6,8207 Schaffhausen,2939,SH,real,True,15.11.2024,2692063,1286922
102128599,10073040,191401131,Gugerhalde,6a,8207 Schaffhausen,2939,SH,real,True,15.11.2024,2692070,1286926
102128997,10192483,191331355,Bleicheplatz,2,8200 Schaffhausen,2939,SH,real,True,15.11.2024,2689537,1283868
102130425,10188153,191400272,Gächlingerstrasse,5a,8213 Neunkirch,2904,SH,real,True,15.11.2024,2679723,1282939
102130764,10136262,191398151,Müliweg,18,8214 Gächlingen,2901,SH,real,True,15.11.2024,2679911,1284410
102131556,10106942,191397052,Schlatterweg,8,8240 Thayngen,2920,SH,real,True,15.11.2024,2695292,1289576
102132067,10019269,1614677,Akazienstrasse,33,8200 Schaffhausen,2939,SH,real,True,15.11.2024,2691091,1284551
102132068,10121173,1614497,Lärchenstrasse,10,8200 Schaffhausen,2939,SH,real,True,15.11.2024,2690852,1284418
102132069,10110810,473200,Neuweg,53,8222 Beringen,2932,SH,real,True,15.11.2024,2685831,1283741
102132070,10087071,473545,Klösterli,23,8222 Beringen,2932,SH,real,True,15.11.2024,2685034,1283562
102132071,10073637,473502,Gärtliweg,7,8222 Beringen,2932,SH,real,True,15.11.2024,2684935,1283748
102132072,10190888,1614884,Winkelriedstrasse,21,8200 Schaffhausen,2939,SH,real,True,15.11.2024,2691180,1284084
102132073,10025703,1613965,Tödistrasse,9,8200 Schaffhausen,2939,SH,real,True,15.11.2024,2690674,1283773
102132074,10073043,2711509,Hohberg,37,8207 Schaffhausen,2939,SH,real,True,15.11.2024,2691025,1286317
102132077,10085725,1610374,Münsterplatz,30,8200 Schaffhausen,2939,SH,real,True,15.11.2024,2689893,1283464
102132078,10237818,1609276,Rebbergstrasse,73,8240 Thayngen,2920,SH,real,True,15.11.2024,2696189,1289513
102132079,10073074,1614808,Tulpenstrasse,3,8200 Schaffhausen,2939,SH,real,True,15.11.2024,2690663,1283890
102132082,10113206,1610101,Vorstadt,55,8200 Schaffhausen,2939,SH,real,True,15.11.2024,2689808,1283873
102132087,10110810,473257,Neuweg,26,8222 Beringen,2932,SH,real,True,15.11.2024,2685535,1283674
102132088,10019554,473190,Unterstieg,10,8222 Beringen,2932,SH,real,True,15.11.2024,2685650,1283748
102132089,10019783,1611873,Nordstrasse,112a,8200 Schaffhausen,2939,SH,real,True,15.11.2024,2689267,1284664
102132090,10018629,1614765,Fliederweg,6,8200 Schaffhausen,2939,SH,real,True,15.11.2024,2691472,1284678
102132091,10018659,1612333,Hornbergstrasse,15,8200 Schaffhausen,2939,SH,real,True,15.11.2024,2689784,1284486
102132092,10073022,1614840,Alpenstrasse,71,8200 Schaffhausen,2939,SH,real,True,15.11.2024,2690796,1283850
102132095,10237812,1609234,Dorfstrasse,28,8240 Thayngen,2920,SH,real,True,15.11.2024,2695339,1289292
102132096,10018637,1611836,Gartenstrasse,3,8200 Schaffhausen,2939,SH,real,True,15.11.2024,2689329,1284518
102132097,10178604,1611776,Breitenaustrasse,197,8200 Schaffhausen,2939,SH,real,True,15.11.2024,2688797,1285115
102132098,10086485,1610836,Fäsenstaubstrasse,30,8200 Schaffhausen,2939,SH,real,True,15.11.2024,2689285,1283491
102132099,10019275,1610479,Beckengässchen,7,8200 Schaffhausen,2939,SH,real,True,15.11.2024,2689439,1283645
102132100,10085755,190197417,Vordersteig,1,8200 Schaffhausen,2939,SH,real,True,15.11.2024,2689495,1283573
102132101,10179732,1614040,Tellstrasse,14,8200 Schaffhausen,2939,SH,real,True,15.11.2024,2690344,1284052
102132105,10120421,1614816,Brünigstrasse,4,8200 Schaffhausen,2939,SH,real,True,15.11.2024,2690730,1283860
102132107,10018453,473361,Haargasse,2,8222 Beringen,2932,SH,real,True,15.11.2024,2685281,1283857
102132108,10073067,1610950,Sonnenburggutstrasse,20,8200 Schaffhausen,2939,SH,real,True,15.11.2024,2688672,1283737
102132109,10085736,1610956,Schildgutstrasse,7,8200 Schaffhausen,2939,SH,real,True,15.11.2024,2688704,1283715
102132110,10025682,1612147,Sommerwiesstrasse,36,8200 Schaffhausen,2939,SH,real,True,15.11.2024,2688279,1286213
102132111,10179729,2028716,Sommerhalde,15,8200 Schaffhausen,2939,SH,real,True,15.11.2024,2688406,1286267
102132113,10085754,1611031,Urwerf,37,8200 Schaffhausen,2939,SH,real,True,15.11.2024,2688866,1283339
102132114,10073056,1610289,Neustadt,77,8200 Schaffhausen,2939,SH,real,True,15.11.2024,2689597,1283513
102132115,10073042,2029798,Herrenacker,24,8200 Schaffhausen,2939,SH,real,True,15.11.2024,2689706,1283470
102132116,10019780,1610361,Münstergasse,22,8200 Schaffhausen,2939,SH,real,True,15.11.2024,2689796,1283497
102132117,10073076,1610382,Vordergasse,41,8200 Schaffhausen,2939,SH,real,True,15.11.2024,2689906,1283516
102132119,10113202,1614365,Schlösslistieg,1,8200 Schaffhausen,2939,SH,real,True,15.11.2024,2690431,1284400
102132120,10019806,1614417,Schlössliweg,45,8200 Schaffhausen,2939,SH,real,True,15.11.2024,2690571,1284400
102132121,10179732,1614008,Tellstrasse,42,8200 Schaffhausen,2939,SH,real,True,15.11.2024,2690450,1284181
102132125,10086480,1614596,Eschenweg,12,8200 Schaffhausen,2939,SH,real,True,15.11.2024,2690737,1284732
102132126,10048903,1609793,Schaffhauserstrasse,4,8240 Thayngen,2920,SH,real,True,15.11.2024,2694701,1289168
102132127,10025685,1615049,Sonnmattstrasse,2,8200 Schaffhausen,2939,SH,real,True,15.11.2024,2690738,1283711
102132136,10073022,1615035,Alpenstrasse,76,8200 Schaffhausen,2939,SH,real,True,15.11.2024,2690859,1283825
102132139,10026383,1609193,Bietingerstrasse,34,8240 Thayngen,2920,SH,real,True,15.11.2024,2695764,1289160
102132140,10085757,1612434,Wiesenweg,10,8200 Schaffhausen,2939,SH,real,True,15.11.2024,2689694,1284596
102132141,10073050,2027916,Kreuzgutweg,13,8207 Schaffhausen,2939,SH,real,True,15.11.2024,2691534,1286605
102132155,10026394,1609518,Hüttenlebenweg,19,8240 Thayngen,2920,SH,real,True,15.11.2024,2694120,1289881
102132158,10085748,1610997,Stokarbergstrasse,131,8200 Schaffhausen,2939,SH,real,True,15.11.2024,2688638,1283414
102132159,10113202,1614367,Schlösslistieg,5,8200 Schaffhausen,2939,SH,real,True,15.11.2024,2690441,1284400
102132160,10086488,1613584,Gennersbrunnerstrasse,9,8207 Schaffhausen,2939,SH,real,True,15.11.2024,2691831,1286363
102132164,10025692,1613223,Stettemerstrasse,60,8207 Schaffhausen,2939,SH,real,True,15.11.2024,2691467,1286709
102132165,10103225,2028488,Plattenhalde,19a,8200 Schaffhausen,2939,SH,real,True,15.11.2024,2689085,1285177
102132166,10086476,1615463,Büsingerstrasse,32,8203 Schaffhausen,2939,SH,real,True,15.11.2024,2691740,1283604
102132167,10110815,1611673,Lägernstrasse,15,8200 Schaffhausen,2939,SH,real,True,15.11.2024,2688594,1284849
102132168,10120423,2711482,Gennersbrunn,7,8207 Schaffhausen,2939,SH,real,True,15.11.2024,2693675,1285493
102132169,10018643,1612577,Grafenbuckstieg,9,8200 Schaffhausen,2939,SH,real,True,15.11.2024,2690059,1285208
102132172,10085721,1612048,Lochstrasse,53,8200 Schaffhausen,2939,SH,real,True,15.11.2024,2689338,1285058
102132173,10025682,1612128,Sommerwiesstrasse,13,8200 Schaffhausen,2939,SH,real,True,15.11.2024,2688437,1286130
102132174,10085730,1614984,Pilatusstrasse,30,8203 Schaffhausen,2939,SH,real,True,15.11.2024,2691724,1283899
102132175,10110810,473202,Neuweg,57,8222 Beringen,2932,SH,real,True,15.11.2024,2685894,1283736
102132176,10118146,1612386,Reithallenweg,9,8200 Schaffhausen,2939,SH,real,True,15.11.2024,2689680,1284942
102132177,10019279,1611388,Blumenaustrasse,47,8200 Schaffhausen,2939,SH,real,True,15.11.2024,2688561,1284527
102132178,10077454,1612253,J.C. Fischer-Strasse,16,8200 Schaffhausen,2939,SH,real,True,15.11.2024,2689513,1284217
102132179,10179735,1615098,Zündelgutstrasse,13,8203 Schaffhausen,2939,SH,real,True,15.11.2024,2691107,1283734
102132180,10190888,1614883,Winkelriedstrasse,19,8200 Schaffhausen,2939,SH,real,True,15.11.2024,2691115,1284085
102132184,10087048,1609479,Buchhaldenweg,4,8240 Thayngen,2920,SH,real,True,15.11.2024,2694972,1290112
102132185,10087053,1609297,Im Oberhof,5,8240 Thayngen,2920,SH,real,True,15.11.2024,2695473,1289377
102132186,10018151,1609809,Silberbergweg,16,8240 Thayngen,2920,SH,real,True,15.11.2024,2694553,1289396
102132187,10019266,1611289,Abendstrasse,15,8200 Schaffhausen,2939,SH,real,True,15.11.2024,2688610,1284271
102132189,10073644,473432,Prinzenhof,8,8222 Beringen,2932,SH,real,True,15.11.2024,2685139,1283947
102132190,10055273,2711257,In Gruben,22,8200 Schaffhausen,2939,SH,real,True,15.11.2024,2690634,1284219
102132191,10085731,1611894,Querstrasse,15,8200 Schaffhausen,2939,SH,real,True,15.11.2024,2689317,1284841
102132192,10019271,1614772,Artilleriestrasse,25,8200 Schaffhausen,2939,SH,real,True,15.11.2024,2691351,1284447
102132193,10187858,1610805,Vögelingässchen,50,8200 Schaffhausen,2939,SH,real,True,15.11.2024,2691898,1282626
102132196,10019776,1613933,Morgenstrasse,8,8200 Schaffhausen,2939,SH,real,True,15.11.2024,2690529,1283803
102132197,10018654,1612329,Hochstrasse,75,8200 Schaffhausen,2939,SH,real,True,15.11.2024,2689855,1284528
102132198,10190888,1614909,Winkelriedstrasse,2,8200 Schaffhausen,2939,SH,real,True,15.11.2024,2691045,1283970
102132199,10073035,1614302,Fulachstrasse,30,8200 Schaffhausen,2939,SH,real,True,15.11.2024,2690028,1284333
102132201,10073035,1612650,Fulachstrasse,247,8200 Schaffhausen,2939,SH,real,True,15.11.2024,2690895,1285564
102132203,10019800,1610183,Rosengässchen,12,8200 Schaffhausen,2939,SH,real,True,15.11.2024,2689869,1283753
102132204,10026385,2024703,Bohlstrasse,16,8240 Thayngen,2920,SH,real,True,15.11.2024,2694783,1288932
102132205,10085734,2029830,Rittergutstrasse,39,8200 Schaffhausen,2939,SH,real,True,15.11.2024,2689749,1284279
102132206,10025697,2030203,Säntisstrasse,13,8200 Schaffhausen,2939,SH,real,True,15.11.2024,2690384,1283644
102132209,10019277,101206890,Berghaldenweg,9,8207 Schaffhausen,2939,SH,real,True,15.11.2024,2691981,1286801
102132211,10019271,101414912,Artilleriestrasse,20,8200 Schaffhausen,2939,SH,real,True,15.11.2024,2691334,1284409
102132212,10113197,101414926,Hohbergstrasse,36,8207 Schaffhausen,2939,SH,real,True,15.11.2024,2690892,1286294
102132213,10019294,9080722,Ernst Müller-Strasse,7,8207 Schaffhausen,2939,SH,real,True,15.11.2024,2692270,1286039
102132214,10085754,101414989,Urwerf,20,8200 Schaffhausen,2939,SH,real,True,15.11.2024,2689017,1283400
102132215,10073022,101414964,Alpenstrasse,67,8200 Schaffhausen,2939,SH,real,True,15.11.2024,2690786,1283889
102132216,10187856,101414963,Spiegelgutstrasse,13a,8200 Schaffhausen,2939,SH,real,True,15.11.2024,2690685,1285928
102132218,10186339,190048099,Gellerstrasse,63,8222 Beringen,2932,SH,real,True,15.11.2024,2685663,1283671
102132220,10087050,190056155,Freihofstrasse,4,8240 Thayngen,2920,SH,real,True,15.11.2024,2694945,1289291
102132222,10108024,190096706,Kirchbergstrasse,17c,8207 Schaffhausen,2939,SH,real,True,15.11.2024,2691404,1286354
102132225,10073055,1612188,Mühlentalstrasse,135,8200 Schaffhausen,2939,SH,real,True,15.11.2024,2689428,1284609
102132226,10179713,1615196,Furkastieg,4,8203 Schaffhausen,2939,SH,real,True,15.11.2024,2691065,1283553
102132227,10018661,1614599,Im Eschengut,6,8200 Schaffhausen,2939,SH,real,True,15.11.2024,2690800,1284726
102132228,10179732,1614007,Tellstrasse,40,8200 Schaffhausen,2939,SH,real,True,15.11.2024,2690444,1284176
102132229,10086487,1612962,Gemshalde,5,8200 Schaffhausen,2939,SH,real,True,15.11.2024,2690407,1285730
102132230,10019808,1610077,Schwertstrasse,7,8200 Schaffhausen,2939,SH,real,True,15.11.2024,2689626,1283620
102132231,10025693,1614760,Stimmerstrasse,108,8200 Schaffhausen,2939,SH,real,True,15.11.2024,2691417,1284696
102132232,10073035,1612619,Fulachstrasse,177,8200 Schaffhausen,2939,SH,real,True,15.11.2024,2690438,1285283
102132233,10113203,1612758,Sennereistieg,7,8200 Schaffhausen,2939,SH,real,True,15.11.2024,2690784,1285608
102132234,10121173,1614495,Lärchenstrasse,6,8200 Schaffhausen,2939,SH,real,True,15.11.2024,2690906,1284399
102132235,10048899,1609275,Laugweg,7,8240 Thayngen,2920,SH,real,True,15.11.2024,2696004,1289497
102132236,10018157,3075203,Zieglerweg,2a,8240 Thayngen,2920,SH,real,True,15.11.2024,2694907,1289608
102132417,10073098,191408533,Wisegässli,6,8260 Stein am Rhein,2964,SH,real,True,15.11.2024,2706609,1280052
102132419,10073096,191408591,Rhigüetliweg,2,8260 Stein am Rhein,2964,SH,real,True,15.11.2024,2707530,1279587
102132473,10073627,1609613,Klosterstieg,9,8240 Thayngen,2920,SH,real,True,15.11.2024,2694989,1289538
102132474,10048901,1609412,Mühlwiesstrasse,9,8240 Thayngen,2920,SH,real,True,15.11.2024,2695083,1289719
102132475,10106942,1609424,Schlatterweg,27,8240 Thayngen,2920,SH,real,True,15.11.2024,2695184,1289697
102132478,10180885,1613071,Spiegelguthalde,7,8200 Schaffhausen,2939,SH,real,True,15.11.2024,2690836,1285953
102132480,10018664,190803630,Im Schweizersbild,7,8200 Schaffhausen,2939,SH,real,True,15.11.2024,2690128,1286719
102132481,10186340,473224,Schaffhauserstrasse,55,8222 Beringen,2932,SH,real,True,15.11.2024,2685719,1283521
102132482,10110810,473201,Neuweg,55,8222 Beringen,2932,SH,real,True,15.11.2024,2685867,1283738
102132483,10086474,1611855,Breitestieg,8,8200 Schaffhausen,2939,SH,real,True,15.11.2024,2689377,1284605
102132484,10019788,1611951,Plattenweg,7,8200 Schaffhausen,2939,SH,real,True,15.11.2024,2689286,1285020
102132485,10110816,1611964,Stahlwerkstrasse,30,8200 Schaffhausen,2939,SH,real,True,15.11.2024,2689266,1284980
102132491,10018640,1612544,Geissmattstrasse,2,8200 Schaffhausen,2939,SH,real,True,15.11.2024,2689936,1284978
102132492,10018639,1612516,Geisshaldenweg,2,8200 Schaffhausen,2939,SH,real,True,15.11.2024,2689973,1284908
102132514,10018143,1609381,Mühlegasse,12,8240 Thayngen,2920,SH,real,True,15.11.2024,2695209,1289422
102132515,10121048,1609663,Oberbildweg,19,8240 Thayngen,2920,SH,real,True,15.11.2024,2694684,1289644
102132517,10187858,1610787,Vögelingässchen,32,8200 Schaffhausen,2939,SH,real,True,15.11.2024,2691703,1282762
102132520,10187858,1610810,Vögelingässchen,62,8200 Schaffhausen,2939,SH,real,True,15.11.2024,2691983,1282604
102132521,10179726,1611193,Rietstrasse,181,8200 Schaffhausen,2939,SH,real,True,15.11.2024,2688289,1284327
102132522,10019798,1611244,Riethaldenweg,6,8200 Schaffhausen,2939,SH,real,True,15.11.2024,2688230,1284406
102132524,10019783,1611806,Nordstrasse,48,8200 Schaffhausen,2939,SH,real,True,15.11.2024,2689243,1284257
102132525,10025682,1612146,Sommerwiesstrasse,35,8200 Schaffhausen,2939,SH,real,True,15.11.2024,2688241,1286217
102132528,10085728,1612734,Otterngutstrasse,35,8200 Schaffhausen,2939,SH,real,True,15.11.2024,2690435,1285358
102132529,10019807,190963109,Schweizersbildstrasse,10,8207 Schaffhausen,2939,SH,real,True,15.11.2024,2690680,1286231
102132530,10073021,1614520,Ahornstrasse,8,8200 Schaffhausen,2939,SH,real,True,15.11.2024,2690377,1284583
102132532,10019271,101414913,Artilleriestrasse,22,8200 Schaffhausen,2939,SH,real,True,15.11.2024,2691316,1284378
102132534,10025697,1613784,Säntisstrasse,64,8200 Schaffhausen,2939,SH,real,True,15.11.2024,2690638,1283580
102132536,10019799,1615111,Rosenbergstrasse,20,8200 Schaffhausen,2939,SH,real,True,15.11.2024,2690969,1283636
102132542,10111813,2025316,Speckweg,15,8240 Thayngen,2920,SH,real,True,15.11.2024,2694474,1289263
102132543,10087058,1609839,Schaffhauserzelgweg,3,8240 Thayngen,2920,SH,real,True,15.11.2024,2694408,1289394
102132545,10087057,1609538,Reiatstrasse,100,8240 Thayngen,2920,SH,real,True,15.11.2024,2694081,1289966
102132546,10018140,2024789,Industriestrasse,14,8240 Thayngen,2920,SH,real,True,15.11.2024,2694689,1288903
102132547,10087052,1609822,Im Gatter,42,8240 Thayngen,2920,SH,real,True,15.11.2024,2694683,1289316
102132548,10018141,1609794,Kesslerlochstrasse,70,8240 Thayngen,2920,SH,real,True,15.11.2024,2694696,1289140
102132549,10026385,1609708,Bohlstrasse,10,8240 Thayngen,2920,SH,real,True,15.11.2024,2694860,1288986
102132551,10185484,1609214,Guggenbüelweg,3,8240 Thayngen,2920,SH,real,True,15.11.2024,2695536,1289192
102132553,10019778,1613739,Munotstrasse,41,8200 Schaffhausen,2939,SH,real,True,15.11.2024,2690104,1283851
102132555,10186339,473113,Gellerstrasse,95,8222 Beringen,2932,SH,real,True,15.11.2024,2685947,1283661
102132557,10118360,1613000,Jägerstrasse,19,8200 Schaffhausen,2939,SH,real,True,15.11.2024,2690447,1285901
102132560,10018451,473005,Engeweg,20,8222 Beringen,2932,SH,real,True,15.11.2024,2687314,1283349
102132562,10018657,1611722,Hohlenbaumstrasse,71,8200 Schaffhausen,2939,SH,real,True,15.11.2024,2688608,1284634
102132563,10073022,1613924,Alpenstrasse,42,8200 Schaffhausen,2939,SH,real,True,15.11.2024,2690570,1283854
102132564,10113196,1614218,Grubenstieg,3,8200 Schaffhausen,2939,SH,real,True,15.11.2024,2690353,1284251
102132565,10019282,1612680,Bocksrietweg,24,8200 Schaffhausen,2939,SH,real,True,15.11.2024,2690428,1285452
102132567,10018679,1613482,Lebernstrasse,16,8207 Schaffhausen,2939,SH,real,True,15.11.2024,2691751,1286760
102132570,10179716,1611051,Hermann Rorschach-Strasse,5,8200 Schaffhausen,2939,SH,real,True,15.11.2024,2688533,1283891
102132572,10046626,1610179,Repfergasse,24,8200 Schaffhausen,2939,SH,real,True,15.11.2024,2689892,1283707
102132576,10048901,1609415,Mühlwiesstrasse,14,8240 Thayngen,2920,SH,real,True,15.11.2024,2695114,1289716
102132577,10018463,473357,Oberdorf,28,8222 Beringen,2932,SH,real,True,15.11.2024,2685243,1283847
102132578,10178606,1611533,Etzelstrasse,11,8200 Schaffhausen,2939,SH,real,True,15.11.2024,2688188,1284572
102132579,10018654,1613063,Hochstrasse,335,8200 Schaffhausen,2939,SH,real,True,15.11.2024,2690803,1285878
102132584,10178606,1611222,Etzelstrasse,22,8200 Schaffhausen,2939,SH,real,True,15.11.2024,2688123,1284410
102132585,10107217,1615482,Zollerweg,20,8203 Schaffhausen,2939,SH,real,True,15.11.2024,2691820,1283287
102132587,10018655,1614139,Hohenkrähenstrasse,19,8200 Schaffhausen,2939,SH,real,True,15.11.2024,2690642,1283998
102132589,10019776,1613930,Morgenstrasse,2,8200 Schaffhausen,2939,SH,real,True,15.11.2024,2690497,1283806
102132590,10025693,1614489,Stimmerstrasse,31,8200 Schaffhausen,2939,SH,real,True,15.11.2024,2690834,1284354
102132591,10073075,1614383,Ungarbühlstrasse,97,8200 Schaffhausen,2939,SH,real,True,15.11.2024,2690410,1284397
102132592,10073631,1609544,Sägistieg,10,8240 Thayngen,2920,SH,real,True,15.11.2024,2694913,1289653
102132593,10087070,190142234,Hülsteweg,29,8222 Beringen,2932,SH,real,True,15.11.2024,2686698,1283601
102132608,10018468,190199976,Schwärziweg,37,8222 Beringen,2932,SH,real,True,15.11.2024,2686057,1283605
102132609,10087066,190200000,Engehofweg,5,8222 Beringen,2932,SH,real,True,15.11.2024,2687476,1283356
102132610,10087060,190200121,Stockwiesenstrasse,40,8240 Thayngen,2920,SH,real,True,15.11.2024,2695803,1288692
102132611,10179718,190422709,Im Riet,13,8200 Schaffhausen,2939,SH,real,True,15.11.2024,2688278,1284264
102132612,10141604,190434372,Wirbelwies,7,8200 Schaffhausen,2939,SH,real,True,15.11.2024,2688647,1285958
102132613,10025700,190631808,Trüllenbuck,22,8207 Schaffhausen,2939,SH,real,True,15.11.2024,2691545,1286479
102132619,10120420,2029210,Amsler-Laffon-Strasse,14,8200 Schaffhausen,2939,SH,real,True,15.11.2024,2690415,1284835
102132620,10085753,1614533,Ulmenstrasse,15,8200 Schaffhausen,2939,SH,real,True,15.11.2024,2690428,1284598
102132621,10046613,1613758,Bürgerstrasse,23,8200 Schaffhausen,2939,SH,real,True,15.11.2024,2690318,1283767
102132622,10018667,1613846,Kamorstieg,6,8200 Schaffhausen,2939,SH,real,True,15.11.2024,2690413,1283733
102132623,10025697,1613893,Säntisstrasse,7,8200 Schaffhausen,2939,SH,real,True,15.11.2024,2690348,1283667
102132625,10111816,472948,Hülstewise,17,8222 Beringen,2932,SH,real,True,15.11.2024,2686900,1283551
102132626,10087070,2025494,Hülsteweg,16,8222 Beringen,2932,SH,real,True,15.11.2024,2686806,1283637
102132627,10178606,1611575,Etzelstrasse,8,8200 Schaffhausen,2939,SH,real,True,15.11.2024,2688117,1284550
102132628,10019798,1611212,Riethaldenweg,24,8200 Schaffhausen,2939,SH,real,True,15.11.2024,2688163,1284296
102132629,10019798,1611243,Riethaldenweg,4,8200 Schaffhausen,2939,SH,real,True,15.11.2024,2688237,1284406
102132630,10019783,1611822,Nordstrasse,58a,8200 Schaffhausen,2939,SH,real,True,15.11.2024,2689261,1284333
102132631,10108021,1612113,Hauentalstrasse,231,8200 Schaffhausen,2939,SH,real,True,15.11.2024,2688411,1286213
102132632,10073056,1610326,Neustadt,23,8200 Schaffhausen,2939,SH,real,True,15.11.2024,2689600,1283352
102132707,10187867,191408571,Eschenzerstrasse,29,8260 Stein am Rhein,2964,SH,real,True,15.11.2024,2706825,1279155
102132708,10187867,191408572,Eschenzerstrasse,33,8260 Stein am Rhein,2964,SH,real,True,15.11.2024,2706844,1279172
102132709,10187867,191408573,Eschenzerstrasse,35,8260 Stein am Rhein,2964,SH,real,True,15.11.2024,2706851,1279165
102132710,10187867,191408574,Eschenzerstrasse,31,8260 Stein am Rhein,2964,SH,real,True,15.11.2024,2706832,1279149
102132711,10187867,191408575,Eschenzerstrasse,39,8260 Stein am Rhein,2964,SH,real,True,15.11.2024,2706870,1279181
102132712,10187867,191408576,Eschenzerstrasse,37,8260 Stein am Rhein,2964,SH,real,True,15.11.2024,2706865,1279187
102132849,10018452,473128,Gellerstieg,10,8222 Beringen,2932,SH,real,True,15.11.2024,2685727,1283613
102132851,10086481,1610696,Fischerhäuserstrasse,26,8200 Schaffhausen,2939,SH,real,True,15.11.2024,2690426,1283476
102132852,10025693,1614704,Stimmerstrasse,59,8200 Schaffhausen,2939,SH,real,True,15.11.2024,2691101,1284514
102132854,10018648,1613230,Hanfpünt,35,8207 Schaffhausen,2939,SH,real,True,15.11.2024,2691580,1286713
102132855,10025692,1613151,Stettemerstrasse,91,8207 Schaffhausen,2939,SH,real,True,15.11.2024,2691246,1286513
102132856,10019278,1612173,Birchweg,16,8200 Schaffhausen,2939,SH,real,True,15.11.2024,2689459,1285655
102132857,10048900,1609594,Lohningerweg,3,8240 Thayngen,2920,SH,real,True,15.11.2024,2694905,1289537
102132880,10018657,1611600,Hohlenbaumstrasse,95,8200 Schaffhausen,2939,SH,real,True,15.11.2024,2688752,1284634
102132881,10113196,1614221,Grubenstieg,2,8200 Schaffhausen,2939,SH,real,True,15.11.2024,2690372,1284275
102132883,10046635,1615108,Zündelweg,25,8203 Schaffhausen,2939,SH,real,True,15.11.2024,2690972,1283581
102132884,10073072,1614731,Tannenstrasse,8,8200 Schaffhausen,2939,SH,real,True,15.11.2024,2690980,1284371
102132885,10073030,1613575,Dreispitz,9,8207 Schaffhausen,2939,SH,real,True,15.11.2024,2691574,1286188
102132888,10124087,1615377,Kohlfirststrasse,29,8203 Schaffhausen,2939,SH,real,True,15.11.2024,2691274,1283379
102132889,10019280,1613003,Bläsihofstrasse,80,8200 Schaffhausen,2939,SH,real,True,15.11.2024,2690660,1285868
102132891,10019803,1612915,Sandlöchlistrasse,8,8200 Schaffhausen,2939,SH,real,True,15.11.2024,2690725,1285845
102132894,10073043,2027635,Hohberg,46,8207 Schaffhausen,2939,SH,real,True,15.11.2024,2691113,1286346
102132895,10073035,1612592,Fulachstrasse,159,8200 Schaffhausen,2939,SH,real,True,15.11.2024,2690269,1285199
102132896,10018654,1612288,Hochstrasse,35,8200 Schaffhausen,2939,SH,real,True,15.11.2024,2689823,1284298
102132897,10025692,1613196,Stettemerstrasse,4,8207 Schaffhausen,2939,SH,real,True,15.11.2024,2691011,1286118
102132898,10086760,1611297,Holzbrunnenstrasse,6,8200 Schaffhausen,2939,SH,real,True,15.11.2024,2688530,1284256
102132900,10085742,1611315,Sonnenstrasse,12,8200 Schaffhausen,2939,SH,real,True,15.11.2024,2688522,1284351
102132904,10026384,1609732,Blumenwegli,4,8240 Thayngen,2920,SH,real,True,15.11.2024,2694860,1289252
102132905,10106951,1610830,Rheinhaldenstrasse,123,8200 Schaffhausen,2939,SH,real,True,15.11.2024,2691979,1282481
102132906,10025693,1614708,Stimmerstrasse,48,8200 Schaffhausen,2939,SH,real,True,15.11.2024,2690983,1284435
102132907,10073021,1614518,Ahornstrasse,4,8200 Schaffhausen,2939,SH,real,True,15.11.2024,2690368,1284577
102132909,10073062,1610669,Römerstieg,2,8200 Schaffhausen,2939,SH,real,True,15.11.2024,2690301,1283502
102132910,10019270,2711434,Alte Gasse,22,8203 Schaffhausen,2939,SH,real,True,15.11.2024,2691271,1283599
102132912,10019801,1615167,Rütiweg,11,8203 Schaffhausen,2939,SH,real,True,15.11.2024,2691242,1283784
102132914,10018635,1615215,Furkastrasse,16,8203 Schaffhausen,2939,SH,real,True,15.11.2024,2690985,1283526
102132916,10025693,1614662,Stimmerstrasse,43,8200 Schaffhausen,2939,SH,real,True,15.11.2024,2690950,1284442
102132917,10046616,1614625,Eichenstrasse,37,8200 Schaffhausen,2939,SH,real,True,15.11.2024,2691090,1284638
102132918,10073022,1614862,Alpenstrasse,85,8200 Schaffhausen,2939,SH,real,True,15.11.2024,2690915,1283847
102132919,10018644,1615056,Grenzstrasse,4,8200 Schaffhausen,2939,SH,real,True,15.11.2024,2690731,1283674
102132920,10110810,2715355,Neuweg,18b,8222 Beringen,2932,SH,real,True,15.11.2024,2685463,1283677
102132921,10178606,1611225,Etzelstrasse,25,8200 Schaffhausen,2939,SH,real,True,15.11.2024,2688137,1284460
102132922,10086770,1611231,Langhansergässchen,7,8200 Schaffhausen,2939,SH,real,True,15.11.2024,2688228,1284448
102132924,10025708,1612312,Weinbergstrasse,10,8200 Schaffhausen,2939,SH,real,True,15.11.2024,2689701,1284271
102132925,10108024,1613403,Kirchbergstrasse,25,8207 Schaffhausen,2939,SH,real,True,15.11.2024,2691469,1286392
102132926,10073026,1613354,Blumenweg,6,8207 Schaffhausen,2939,SH,real,True,15.11.2024,2691761,1286554
102132928,10019286,1613911,Bäumlistrasse,2,8200 Schaffhausen,2939,SH,real,True,15.11.2024,2690509,1283867
102132929,10046628,1613929,Ringstrasse,9,8200 Schaffhausen,2939,SH,real,True,15.11.2024,2690489,1283828
102132930,10018679,1613470,Lebernstrasse,11,8207 Schaffhausen,2939,SH,real,True,15.11.2024,2691748,1286740
102132931,10186339,473318,Gellerstrasse,41,8222 Beringen,2932,SH,real,True,15.11.2024,2685497,1283614
102132932,10085737,1613491,Schlossstrasse,61,8207 Schaffhausen,2939,SH,real,True,15.11.2024,2691797,1286879
102132933,10018450,473581,Eggeweg,26,8222 Beringen,2932,SH,real,True,15.11.2024,2685488,1283997
102132934,10046625,1611132,Quellenstrasse,6b,8200 Schaffhausen,2939,SH,real,True,15.11.2024,2688518,1284015
102132935,10025706,1610904,Villenstrasse,8,8200 Schaffhausen,2939,SH,real,True,15.11.2024,2689177,1283807
102132936,10180881,2030229,Goldsteinstrasse,19,8200 Schaffhausen,2939,SH,real,True,15.11.2024,2689992,1283460
102132937,10085741,2711530,Solenbergstrasse,15.1,8207 Schaffhausen,2939,SH,real,True,23.07.2024,2692020,1285642
102132940,10086473,1612823,Bocksrietstrasse,59,8200 Schaffhausen,2939,SH,real,True,15.11.2024,2690690,1285592
102132941,10073022,1614901,Alpenstrasse,125,8203 Schaffhausen,2939,SH,real,True,15.11.2024,2691166,1283869
102132944,10018654,1612361,Hochstrasse,114,8200 Schaffhausen,2939,SH,real,True,15.11.2024,2689969,1284726
102132946,10085737,1613523,Schlossstrasse,20,8207 Schaffhausen,2939,SH,real,True,15.11.2024,2691869,1286650
102132948,10019277,1613624,Berghaldenweg,30,8207 Schaffhausen,2939,SH,real,True,15.11.2024,2691982,1286660
102132949,10085740,1614964,Seewadelstrasse,18,8203 Schaffhausen,2939,SH,real,True,15.11.2024,2691494,1283858
102132950,10025683,1613294,Sonnenberg,36,8207 Schaffhausen,2939,SH,real,True,15.11.2024,2691076,1286007
102132951,10046624,9080878,Kleinbuchbergweg,2,8200 Schaffhausen,2939,SH,real,True,15.11.2024,2688805,1287310
102132952,10073035,1612648,Fulachstrasse,243,8200 Schaffhausen,2939,SH,real,True,15.11.2024,2690860,1285542
102133003,10019285,2030101,Burggütliweg,9,8200 Schaffhausen,2939,SH,real,True,15.11.2024,2688453,1283674
102133006,10025693,1614700,Stimmerstrasse,51,8200 Schaffhausen,2939,SH,real,True,15.11.2024,2691038,1284485
102133007,10085737,1613485,Schlossstrasse,43,8207 Schaffhausen,2939,SH,real,True,15.11.2024,2691824,1286797
102133009,10118144,1610526,Hintersteig,7,8200 Schaffhausen,2939,SH,real,True,15.11.2024,2689528,1283797
102133010,10018638,1612530,Geissbergstieg,13,8200 Schaffhausen,2939,SH,real,True,15.11.2024,2689983,1285073
102133011,10179734,1612377,Weinsteig,197,8200 Schaffhausen,2939,SH,real,True,15.11.2024,2689594,1284962
102133015,10073057,1610296,Oberstadt,23,8200 Schaffhausen,2939,SH,real,True,15.11.2024,2689578,1283566
102133016,10073057,1610334,Oberstadt,3,8200 Schaffhausen,2939,SH,real,True,15.11.2024,2689660,1283556
102133017,10086766,1614405,Klausweg,28,8200 Schaffhausen,2939,SH,real,True,15.11.2024,2690462,1284529
102133018,10086494,1614364,Hohenstoffelstrasse,42,8200 Schaffhausen,2939,SH,real,True,15.11.2024,2690476,1284479
102133019,10073048,1613844,Kamorstrasse,41,8200 Schaffhausen,2939,SH,real,True,15.11.2024,2690578,1283650
102133020,10026394,1609524,Hüttenlebenweg,36,8240 Thayngen,2920,SH,real,True,15.11.2024,2694145,1289934
102133021,10087046,1609740,Blumenstrasse,42,8240 Thayngen,2920,SH,real,True,15.11.2024,2694706,1289243
102133045,10025692,1613206,Stettemerstrasse,22,8207 Schaffhausen,2939,SH,real,True,15.11.2024,2691130,1286272
102133050,10019271,1614776,Artilleriestrasse,35,8200 Schaffhausen,2939,SH,real,True,15.11.2024,2691441,1284412
102133051,10179714,1613038,Gemsgasse,74,8200 Schaffhausen,2939,SH,real,True,15.11.2024,2690331,1286163
102133136,10024929,191402212,Im Leuen,14,8243 Altdorf SH,2920,SH,real,True,15.11.2024,2691642,1293523
102133180,10026388,1609162,Chlenglerweg,10,8240 Thayngen,2920,SH,real,True,15.11.2024,2696024,1289359
102133181,10237818,1609272,Rebbergstrasse,51,8240 Thayngen,2920,SH,real,True,15.11.2024,2696010,1289468
102133185,10018155,1609226,Wanngasse,18,8240 Thayngen,2920,SH,real,True,15.11.2024,2695575,1289318
102133192,10086468,1610275,Ampelngasse,22,8200 Schaffhausen,2939,SH,real,True,15.11.2024,2689988,1283567
102133193,10073076,2030097,Vordergasse,63,8200 Schaffhausen,2939,SH,real,True,15.11.2024,2689813,1283532
102133194,10085742,1611316,Sonnenstrasse,14,8200 Schaffhausen,2939,SH,real,True,15.11.2024,2688530,1284357
102133195,10190888,1614875,Winkelriedstrasse,5,8200 Schaffhausen,2939,SH,real,True,15.11.2024,2691013,1284015
102133196,10187856,1613030,Spiegelgutstrasse,38,8200 Schaffhausen,2939,SH,real,True,15.11.2024,2690469,1286004
102133197,10120426,1612393,Klingenstrasse,15,8200 Schaffhausen,2939,SH,real,True,15.11.2024,2689673,1284882
102133198,10086475,1615282,Buchthalerstrasse,138,8203 Schaffhausen,2939,SH,real,True,15.11.2024,2691229,1283496
102133207,10019553,473520,Unterdorf,19,8222 Beringen,2932,SH,real,True,15.11.2024,2685246,1283541
102133209,10073034,1610877,Friedbergstrasse,76,8200 Schaffhausen,2939,SH,real,True,15.11.2024,2689277,1283650
102133210,10073075,1614192,Ungarbühlstrasse,34,8200 Schaffhausen,2939,SH,real,True,15.11.2024,2690191,1284228
102133211,10086472,1614171,Blautraubenstrasse,2,8200 Schaffhausen,2939,SH,real,True,15.11.2024,2690255,1284161
102133285,10018452,9004122,Gellerstieg,11,8222 Beringen,2932,SH,real,True,15.11.2024,2685705,1283621
102133286,10110810,473205,Neuweg,77,8222 Beringen,2932,SH,real,True,15.11.2024,2686064,1283752
102133287,10186339,473112,Gellerstrasse,97,8222 Beringen,2932,SH,real,True,15.11.2024,2685975,1283661
102133288,10086475,1615241,Buchthalerstrasse,108,8203 Schaffhausen,2939,SH,real,True,15.11.2024,2691085,1283445
102133289,10086491,1611860,Haldenstrasse,16,8200 Schaffhausen,2939,SH,real,True,15.11.2024,2689351,1284606
102133291,10110816,1611960,Stahlwerkstrasse,26,8200 Schaffhausen,2939,SH,real,True,15.11.2024,2689255,1284978
102133292,10085721,1611948,Lochstrasse,39,8200 Schaffhausen,2939,SH,real,True,15.11.2024,2689295,1284973
102133293,10086473,1612710,Bocksrietstrasse,10,8200 Schaffhausen,2939,SH,real,True,15.11.2024,2690410,1285397
102133295,10046618,1611793,Fernsichtstrasse,20,8200 Schaffhausen,2939,SH,real,True,15.11.2024,2688966,1284897
102133296,10019281,1612698,Bocksrietstieg,14,8200 Schaffhausen,2939,SH,real,True,15.11.2024,2690469,1285402
102133297,10178315,473508,Schleitheimerstrasse,38,8222 Beringen,2932,SH,real,True,15.11.2024,2684893,1283711
102133298,10178604,1611740,Breitenaustrasse,156,8200 Schaffhausen,2939,SH,real,True,15.11.2024,2688866,1284821
102133299,10019281,1612707,Bocksrietstieg,32,8200 Schaffhausen,2939,SH,real,True,15.11.2024,2690539,1285435
102133300,10073640,3034917,Höhenweg,19,8222 Beringen,2932,SH,real,True,15.11.2024,2684979,1283909
102133301,10085748,1610994,Stokarbergstrasse,103,8200 Schaffhausen,2939,SH,real,True,15.11.2024,2688709,1283570
102133302,10019282,1612688,Bocksrietweg,40,8200 Schaffhausen,2939,SH,real,True,15.11.2024,2690487,1285493
102133303,10086473,1612717,Bocksrietstrasse,24,8200 Schaffhausen,2939,SH,real,True,15.11.2024,2690456,1285431
102133304,10019279,1611360,Blumenaustrasse,8,8200 Schaffhausen,2939,SH,real,True,15.11.2024,2688422,1284391
102133305,10018657,1611393,Hohlenbaumstrasse,48,8200 Schaffhausen,2939,SH,real,True,15.11.2024,2688482,1284508
102133306,10019281,1612703,Bocksrietstieg,24,8200 Schaffhausen,2939,SH,real,True,15.11.2024,2690506,1285422
102133307,10073031,1614052,Feldstrasse,11,8200 Schaffhausen,2939,SH,real,True,15.11.2024,2690440,1283970
102133308,10025700,1613495,Trüllenbuck,79a,8207 Schaffhausen,2939,SH,real,True,15.11.2024,2691825,1286742
102133309,10073051,2711522,Krummacker,2,8207 Schaffhausen,2939,SH,real,True,15.11.2024,2691622,1286725
102133310,10018679,1613252,Lebernstrasse,32,8207 Schaffhausen,2939,SH,real,True,15.11.2024,2691629,1286825
102133311,10073631,1609619,Sägistieg,1,8240 Thayngen,2920,SH,real,True,15.11.2024,2694915,1289578
102133312,10087055,1609418,Merzenbrunnenweg,10a,8240 Thayngen,2920,SH,real,True,15.11.2024,2695146,1289671
102133313,10073630,1609333,Steigstrasse,19,8240 Thayngen,2920,SH,real,True,15.11.2024,2695233,1289726
102133319,10019802,1610224,Safrangasse,2,8200 Schaffhausen,2939,SH,real,True,15.11.2024,2689821,1283631
102133347,10018464,473177,Oberstieg,35,8222 Beringen,2932,SH,real,True,15.11.2024,2685948,1283800
102133349,10085734,1612299,Rittergutstrasse,13,8200 Schaffhausen,2939,SH,real,True,15.11.2024,2689718,1284180
102133356,10018639,1612540,Geisshaldenweg,19,8200 Schaffhausen,2939,SH,real,True,15.11.2024,2690022,1284985
102133357,10073040,1613642,Gugerhalde,4,8207 Schaffhausen,2939,SH,real,True,15.11.2024,2692030,1286905
102133358,10087069,473510,Hegelweg,1,8222 Beringen,2932,SH,real,True,15.11.2024,2684818,1283753
102133359,10018141,2025309,Kesslerlochstrasse,56,8240 Thayngen,2920,SH,real,True,15.11.2024,2694824,1289142
102133362,10018447,473045,Benzeweg,5,8222 Beringen,2932,SH,real,True,15.11.2024,2686206,1283600
102133367,10186340,472952,Schaffhauserstrasse,236,8222 Beringen,2932,SH,real,True,15.11.2024,2687522,1283267
102133374,10018469,473597,Schönebueche,23,8222 Beringen,2932,SH,real,True,15.11.2024,2685510,1284069
102133375,10121168,2713739,Grünau,1,8222 Beringen,2932,SH,real,True,15.11.2024,2685245,1283406
102133376,10019779,1612183,Mühlentalsträsschen,19,8200 Schaffhausen,2939,SH,real,True,15.11.2024,2689384,1284056
102133377,10178604,1611679,Breitenaustrasse,171,8200 Schaffhausen,2939,SH,real,True,15.11.2024,2688854,1284875
102133378,10073065,1612783,Sennenwieshalde,5,8200 Schaffhausen,2939,SH,real,True,15.11.2024,2690844,1285670
102133379,10086490,1614275,Grubenstrasse,127e,8200 Schaffhausen,2939,SH,real,True,15.11.2024,2691061,1284337
102133380,10108021,1611920,Hauentalstrasse,35,8200 Schaffhausen,2939,SH,real,True,15.11.2024,2689033,1285147
102133381,10086475,1615177,Buchthalerstrasse,35,8200 Schaffhausen,2939,SH,real,True,15.11.2024,2690676,1283491
102133383,10026388,1609144,Chlenglerweg,9,8240 Thayngen,2920,SH,real,True,15.11.2024,2696006,1289380
102133384,10048903,1609847,Schaffhauserstrasse,33,8240 Thayngen,2920,SH,real,True,15.11.2024,2694489,1289324
102133386,10073055,1612203,Mühlentalstrasse,255,8200 Schaffhausen,2939,SH,real,True,15.11.2024,2689494,1285430
102133388,10178602,1615078,Albulastrasse,8,8200 Schaffhausen,2939,SH,real,True,15.11.2024,2690976,1283733
102133391,10085734,1612268,Rittergutstrasse,6,8200 Schaffhausen,2939,SH,real,True,15.11.2024,2689717,1284148
102133393,10019266,1611261,Abendstrasse,26,8200 Schaffhausen,2939,SH,real,True,15.11.2024,2688719,1284338
102133397,10086770,1611238,Langhansergässchen,21,8200 Schaffhausen,2939,SH,real,True,15.11.2024,2688203,1284473
102133398,10113193,1614579,Birkenstrasse,23,8200 Schaffhausen,2939,SH,real,True,15.11.2024,2690728,1284621
102133399,10073034,1610971,Friedbergstrasse,36,8200 Schaffhausen,2939,SH,real,True,15.11.2024,2689033,1283522
102133400,10103225,1611976,Plattenhalde,9,8200 Schaffhausen,2939,SH,real,True,15.11.2024,2689116,1285092
102133401,10179721,1614847,Lohnstrasse,5,8200 Schaffhausen,2939,SH,real,True,15.11.2024,2690867,1283906
102133403,10085753,1614549,Ulmenstrasse,18,8200 Schaffhausen,2939,SH,real,True,15.11.2024,2690465,1284600
102133405,10085757,1612439,Wiesenweg,13,8200 Schaffhausen,2939,SH,real,True,15.11.2024,2689659,1284624
102133406,10018634,2028078,Fronwagplatz,4,8200 Schaffhausen,2939,SH,real,True,15.11.2024,2689684,1283548
102133409,10118147,9012863,Windeggstrasse,13a,8203 Schaffhausen,2939,SH,real,True,15.11.2024,2691458,1283469
102133410,10019799,1615114,Rosenbergstrasse,14,8200 Schaffhausen,2939,SH,real,True,15.11.2024,2690913,1283611
102133411,10106950,1610868,Kometsträsschen,41,8200 Schaffhausen,2939,SH,real,True,15.11.2024,2689138,1283477
102133413,10019278,1612171,Birchweg,55,8200 Schaffhausen,2939,SH,real,True,15.11.2024,2689435,1285716
102133414,10106950,190211144,Kometsträsschen,26a,8200 Schaffhausen,2939,SH,real,True,15.11.2024,2689182,1283438
102133415,10019278,1612152,Birchweg,5,8200 Schaffhausen,2939,SH,real,True,15.11.2024,2689388,1285485
102133416,10085738,1611984,Schwarzadlerstrasse,37,8200 Schaffhausen,2939,SH,real,True,15.11.2024,2689162,1285134
102133417,10085725,2028869,Münsterplatz,16,8200 Schaffhausen,2939,SH,real,True,15.11.2024,2689939,1283465
102133418,10108012,190119481,Reckholdersbüelweg,15,8240 Thayngen,2920,SH,real,True,15.11.2024,2695369,1289715
102133421,10058933,1609313,Kirchplatz,3,8240 Thayngen,2920,SH,real,True,15.11.2024,2695425,1289368
102133422,10087045,1609550,Barzheimerstrasse,9,8240 Thayngen,2920,SH,real,True,15.11.2024,2695004,1289842
102133423,10087047,1609460,Bröckliweg,1,8240 Thayngen,2920,SH,real,True,15.11.2024,2695294,1289859
102133426,10019804,1613922,Schildstrasse,19,8200 Schaffhausen,2939,SH,real,True,15.11.2024,2690611,1283843
102133427,10086475,1615233,Buchthalerstrasse,84,8203 Schaffhausen,2939,SH,real,True,15.11.2024,2690945,1283389
102133428,10019271,1614770,Artilleriestrasse,19,8200 Schaffhausen,2939,SH,real,True,15.11.2024,2691308,1284464
102133429,10106951,1610735,Rheinhaldenstrasse,25,8200 Schaffhausen,2939,SH,real,True,15.11.2024,2690920,1283236
102133430,10085743,1613869,Speerstrasse,10,8200 Schaffhausen,2939,SH,real,True,15.11.2024,2690511,1283740
102133431,10046628,1613824,Ringstrasse,22,8200 Schaffhausen,2939,SH,real,True,15.11.2024,2690484,1283761
102133433,10085756,1610137,Webergasse,18,8200 Schaffhausen,2939,SH,real,True,15.11.2024,2689887,1283764
102133434,10073075,1614330,Ungarbühlstrasse,55,8200 Schaffhausen,2939,SH,real,True,15.11.2024,2690212,1284315
102133435,10113196,1614217,Grubenstieg,5,8200 Schaffhausen,2939,SH,real,True,15.11.2024,2690341,1284291
102133436,10073075,1614191,Ungarbühlstrasse,30,8200 Schaffhausen,2939,SH,real,True,15.11.2024,2690182,1284203
102133444,10086488,2029022,Gennersbrunnerstrasse,85,8207 Schaffhausen,2939,SH,real,True,15.11.2024,2692180,1285418
102133566,10026389,1609448,Chnübrecherweg,7,8240 Thayngen,2920,SH,real,True,15.11.2024,2695132,1289863
102133567,10185486,1609476,Schlattergasse,12,8240 Thayngen,2920,SH,real,True,15.11.2024,2694993,1290055
102133575,10178604,1611596,Breitenaustrasse,145,8200 Schaffhausen,2939,SH,real,True,15.11.2024,2688806,1284722
102133576,10118144,1610495,Hintersteig,45,8200 Schaffhausen,2939,SH,real,True,15.11.2024,2689379,1283811
102133577,10025690,1610242,Stadthausgasse,25,8200 Schaffhausen,2939,SH,real,True,15.11.2024,2689740,1283602
102133579,10085734,1612305,Rittergutstrasse,25,8200 Schaffhausen,2939,SH,real,True,15.11.2024,2689734,1284219
102133580,10025700,2711488,Trüllenbuck,2,8207 Schaffhausen,2939,SH,real,True,15.11.2024,2691378,1286537
102133581,10025692,1613139,Stettemerstrasse,67,8207 Schaffhausen,2939,SH,real,True,15.11.2024,2691225,1286482
102133583,10018654,1612692,Hochstrasse,246,8200 Schaffhausen,2939,SH,real,True,15.11.2024,2690411,1285476
102133584,10237824,1613530,Im Höfli,3,8207 Schaffhausen,2939,SH,real,True,15.11.2024,2691866,1286808
102133585,10025700,1613494,Trüllenbuck,79,8207 Schaffhausen,2939,SH,real,True,15.11.2024,2691821,1286735
102133586,10179734,1612262,Weinsteig,63,8200 Schaffhausen,2939,SH,real,True,15.11.2024,2689602,1284309
102133587,10179734,1612382,Weinsteig,205,8200 Schaffhausen,2939,SH,real,True,15.11.2024,2689596,1284996
102133588,10019788,1612075,Plattenweg,40,8200 Schaffhausen,2939,SH,real,True,15.11.2024,2689182,1285244
102133589,10019269,1614626,Akazienstrasse,1,8200 Schaffhausen,2939,SH,real,True,15.11.2024,2690828,1284481
102133590,10124087,1615378,Kohlfirststrasse,31,8203 Schaffhausen,2939,SH,real,True,15.11.2024,2691261,1283359
102133591,10018647,1612524,Gütliweg,3,8200 Schaffhausen,2939,SH,real,True,15.11.2024,2690066,1284994
102133592,10179734,1612406,Weinsteig,162,8200 Schaffhausen,2939,SH,real,True,15.11.2024,2689594,1284817
102133594,10025692,1613144,Stettemerstrasse,77,8207 Schaffhausen,2939,SH,real,True,15.11.2024,2691221,1286443
102133595,10019782,1613184,Neutrottenstrasse,14,8207 Schaffhausen,2939,SH,real,True,15.11.2024,2690993,1286048
102133620,10019806,1614414,Schlössliweg,39,8200 Schaffhausen,2939,SH,real,True,15.11.2024,2690575,1284427
102133621,10019273,1610575,Bachstieg,10,8200 Schaffhausen,2939,SH,real,True,15.11.2024,2690080,1283692
102133622,10085730,2711445,Pilatusstrasse,64,8203 Schaffhausen,2939,SH,real,True,15.11.2024,2691615,1283900
102133623,10085734,1612306,Rittergutstrasse,27,8200 Schaffhausen,2939,SH,real,True,15.11.2024,2689737,1284225
102133624,10085734,1612278,Rittergutstrasse,26,8200 Schaffhausen,2939,SH,real,True,15.11.2024,2689745,1284214
102133625,10019782,1613218,Neutrottenstrasse,81,8207 Schaffhausen,2939,SH,real,True,15.11.2024,2691414,1286516
102133626,10019782,1613378,Neutrottenstrasse,98,8207 Schaffhausen,2939,SH,real,True,15.11.2024,2691418,1286452
102133627,10025692,1613140,Stettemerstrasse,69,8207 Schaffhausen,2939,SH,real,True,15.11.2024,2691236,1286497
102133628,10025692,2027695,Stettemerstrasse,28,8207 Schaffhausen,2939,SH,real,True,15.11.2024,2691218,1286369
102133684,10073070,3122143,Stuckengässchen,3,8203 Schaffhausen,2939,SH,real,True,15.11.2024,2691482,1283330
102133685,10085730,2711446,Pilatusstrasse,66,8203 Schaffhausen,2939,SH,real,True,15.11.2024,2691615,1283906
102133686,10187856,101414966,Spiegelgutstrasse,13,8200 Schaffhausen,2939,SH,real,True,15.11.2024,2690695,1285933
102133687,10073022,1614899,Alpenstrasse,121,8203 Schaffhausen,2939,SH,real,True,15.11.2024,2691139,1283870
102133688,10085730,1615006,Pilatusstrasse,41,8203 Schaffhausen,2939,SH,real,True,15.11.2024,2691641,1283863
102133689,10085730,1614995,Pilatusstrasse,11,8203 Schaffhausen,2939,SH,real,True,15.11.2024,2691635,1283794
102133690,10085730,2028093,Pilatusstrasse,5,8203 Schaffhausen,2939,SH,real,True,15.11.2024,2691608,1283800
102133699,10046620,1611725,Irchelstrasse,15,8200 Schaffhausen,2939,SH,real,True,15.11.2024,2688686,1284685
102133701,10087072,473026,Neugrüthalde,10,8222 Beringen,2932,SH,real,True,15.11.2024,2686220,1283669
102133709,10073025,1612232,Bergstrasse,15,8200 Schaffhausen,2939,SH,real,True,15.11.2024,2689596,1284063
102133712,10073055,1613094,Mühlentalstrasse,335,8200 Schaffhausen,2939,SH,real,True,15.11.2024,2689295,1286915
102133719,10073048,1613887,Kamorstrasse,14,8200 Schaffhausen,2939,SH,real,True,15.11.2024,2690415,1283683
102133724,10185488,2025481,Allerrietstrasse,41,8222 Beringen,2932,SH,real,True,15.11.2024,2687454,1283411
102133725,10018657,1611802,Hohlenbaumstrasse,183,8200 Schaffhausen,2939,SH,real,True,15.11.2024,2689012,1284896
102133726,10113196,1614210,Grubenstieg,15,8200 Schaffhausen,2939,SH,real,True,15.11.2024,2690283,1284347
102133727,10019269,1614668,Akazienstrasse,23,8200 Schaffhausen,2939,SH,real,True,15.11.2024,2691008,1284560
102133732,10018648,1613242,Hanfpünt,44,8207 Schaffhausen,2939,SH,real,True,15.11.2024,2691579,1286784
102133816,10179726,1611364,Rietstrasse,158,8200 Schaffhausen,2939,SH,real,True,15.11.2024,2688433,1284341
102133817,10046627,101206871,Rietmattstrasse,28,8200 Schaffhausen,2939,SH,real,True,15.11.2024,2688272,1284069
102133818,10073076,1610366,Vordergasse,55,8200 Schaffhausen,2939,SH,real,True,15.11.2024,2689841,1283524
102133819,10018675,1614321,Kronenhalde,18,8200 Schaffhausen,2939,SH,real,True,15.11.2024,2690287,1284541
102133820,10018675,1614532,Kronenhalde,11,8200 Schaffhausen,2939,SH,real,True,15.11.2024,2690339,1284555
102133821,10086475,2028404,Buchthalerstrasse,166,8203 Schaffhausen,2939,SH,real,True,15.11.2024,2691419,1283701
102133822,10113204,1610509,Steighalde,14,8200 Schaffhausen,2939,SH,real,True,15.11.2024,2689386,1283700
102133823,10085755,1610461,Vordersteig,11,8200 Schaffhausen,2939,SH,real,True,15.11.2024,2689455,1283588
102133824,10025688,1610237,Sporrengasse,7,8200 Schaffhausen,2939,SH,real,True,15.11.2024,2689780,1283581
102133825,10186933,1613982,Wagenstrasse,16,8200 Schaffhausen,2939,SH,real,True,15.11.2024,2690338,1284171
102133826,10085758,1613996,Zweigstrasse,10,8200 Schaffhausen,2939,SH,real,True,15.11.2024,2690399,1284193
102133827,10085730,1615011,Pilatusstrasse,51,8203 Schaffhausen,2939,SH,real,True,15.11.2024,2691616,1283879
102133833,10190888,2711457,Winkelriedstrasse,74,8203 Schaffhausen,2939,SH,real,True,15.11.2024,2691576,1283859
102133834,10179734,1612346,Weinsteig,56,8200 Schaffhausen,2939,SH,real,True,15.11.2024,2689625,1284382
102133835,10085734,1612279,Rittergutstrasse,28,8200 Schaffhausen,2939,SH,real,True,15.11.2024,2689748,1284220
102133836,10019782,1613211,Neutrottenstrasse,69,8207 Schaffhausen,2939,SH,real,True,15.11.2024,2691284,1286410
102133837,10179717,1613322,Im Bergli,13,8207 Schaffhausen,2939,SH,real,True,15.11.2024,2691334,1286272
102133838,10073043,1613133,Hohberg,10,8207 Schaffhausen,2939,SH,real,True,15.11.2024,2690930,1286358
102133840,10018654,1612265,Hochstrasse,15,8200 Schaffhausen,2939,SH,real,True,15.11.2024,2689784,1284189
102134100,10073055,9012753,Mühlentalstrasse,185,8200 Schaffhausen,2939,SH,real,True,15.11.2024,2689454,1284895
102134101,10085738,1611952,Schwarzadlerstrasse,8,8200 Schaffhausen,2939,SH,real,True,15.11.2024,2689251,1284932
102134103,10186338,1609116,Münchbrunnenstrasse,18,8240 Thayngen,2920,SH,real,True,15.11.2024,2696237,1289406
102134104,10086473,1612824,Bocksrietstrasse,61,8200 Schaffhausen,2939,SH,real,True,15.11.2024,2690707,1285607
102134105,10025681,1612764,Sennereistrasse,75,8200 Schaffhausen,2939,SH,real,True,15.11.2024,2690765,1285540
102134106,10085726,1613617,Neutalstrasse,19,8207 Schaffhausen,2939,SH,real,True,15.11.2024,2692190,1286510
102134107,10086471,1611270,Belairstrasse,22,8200 Schaffhausen,2939,SH,real,True,15.11.2024,2688779,1284269
102134108,10019295,1612192,Felsenaustrasse,23,8200 Schaffhausen,2939,SH,real,True,15.11.2024,2689537,1285255
102134109,10073021,1614527,Ahornstrasse,32,8200 Schaffhausen,2939,SH,real,True,15.11.2024,2690498,1284670
102134113,10048903,1609820,Schaffhauserstrasse,26,8240 Thayngen,2920,SH,real,True,15.11.2024,2694543,1289339
102134116,10018635,1615212,Furkastrasse,10,8203 Schaffhausen,2939,SH,real,True,15.11.2024,2691020,1283523
102134117,10025695,1613602,Stüdliackerstrasse,19,8207 Schaffhausen,2939,SH,real,True,15.11.2024,2691990,1286405
102134118,10085742,1611415,Sonnenstrasse,56,8200 Schaffhausen,2939,SH,real,True,15.11.2024,2688735,1284527
102134119,10085722,1612240,Meisenweg,2,8200 Schaffhausen,2939,SH,real,True,15.11.2024,2689632,1283995
102134120,10025694,1611004,Stokarweg,1,8200 Schaffhausen,2939,SH,real,True,15.11.2024,2688979,1283480
102134121,10046626,1610170,Repfergasse,38,8200 Schaffhausen,2939,SH,real,True,15.11.2024,2689844,1283705
102134122,10086766,1614400,Klausweg,18,8200 Schaffhausen,2939,SH,real,True,15.11.2024,2690394,1284526
102134127,10087049,1609584,Egelseeweg,22,8240 Thayngen,2920,SH,real,True,15.11.2024,2694607,1289654
102134128,10018469,473590,Schönebueche,33,8222 Beringen,2932,SH,real,True,15.11.2024,2685487,1284173
102134129,10046625,1611147,Quellenstrasse,11,8200 Schaffhausen,2939,SH,real,True,15.11.2024,2688473,1284021
102134130,10077454,1612249,J.C. Fischer-Strasse,8,8200 Schaffhausen,2939,SH,real,True,15.11.2024,2689546,1284329
102134131,10046629,9012681,Rosengasse,4,8200 Schaffhausen,2939,SH,real,True,15.11.2024,2689749,1283283
102134132,10073036,1614479,Föhrenstrasse,14,8200 Schaffhausen,2939,SH,real,True,15.11.2024,2690676,1284439
102134136,10073025,1612231,Bergstrasse,13,8200 Schaffhausen,2939,SH,real,True,15.11.2024,2689586,1284086
102134137,10019281,1612696,Bocksrietstieg,10,8200 Schaffhausen,2939,SH,real,True,15.11.2024,2690457,1285395
102134157,10178605,1613855,Churfirstenweg,16,8200 Schaffhausen,2939,SH,real,True,15.11.2024,2690570,1283694
102134158,10018657,1611490,Hohlenbaumstrasse,47,8200 Schaffhausen,2939,SH,real,True,15.11.2024,2688485,1284558
102134238,10087049,1609652,Egelseeweg,27,8240 Thayngen,2920,SH,real,True,15.11.2024,2694602,1289615
102134239,10018448,473492,Biberichweg,38,8222 Beringen,2932,SH,real,True,15.11.2024,2684861,1283882
102134240,10087055,1609421,Merzenbrunnenweg,5,8240 Thayngen,2920,SH,real,True,15.11.2024,2695129,1289603
102134245,10186339,2025474,Gellerstrasse,66,8222 Beringen,2932,SH,real,True,15.11.2024,2685699,1283653
102134246,10073059,2029108,Pfarrhofgasse,2,8200 Schaffhausen,2939,SH,real,True,15.11.2024,2689998,1283607
102134247,10046626,1610229,Repfergasse,13,8200 Schaffhausen,2939,SH,real,True,15.11.2024,2689888,1283701
102134256,10019270,1615335,Alte Gasse,7,8203 Schaffhausen,2939,SH,real,True,15.11.2024,2691284,1283616
102134265,10190888,1614966,Winkelriedstrasse,80,8203 Schaffhausen,2939,SH,real,True,15.11.2024,2691578,1283810
102134266,10073039,1615095,Grimselweg,1,8203 Schaffhausen,2939,SH,real,True,15.11.2024,2691084,1283701
102134267,10046633,1615141,Unterer Schulweg,11,8203 Schaffhausen,2939,SH,real,True,15.11.2024,2691180,1283704
102134268,10073053,1612038,Maienweg,2,8200 Schaffhausen,2939,SH,real,True,15.11.2024,2689325,1285093
102134269,10108021,1612090,Hauentalstrasse,97,8200 Schaffhausen,2939,SH,real,True,15.11.2024,2688877,1285382
102134270,10073055,9012754,Mühlentalstrasse,248,8200 Schaffhausen,2939,SH,real,True,15.11.2024,2689546,1285381
102134402,10190888,2711453,Winkelriedstrasse,66,8203 Schaffhausen,2939,SH,real,True,15.11.2024,2691575,1283885
102134403,10018672,1612587,Krebsbachstrasse,75,8200 Schaffhausen,2939,SH,real,True,15.11.2024,2690057,1284813
102134404,10018631,1612452,Forstweg,15,8200 Schaffhausen,2939,SH,real,True,15.11.2024,2689802,1284836
102134406,10086760,1611300,Holzbrunnenstrasse,12,8200 Schaffhausen,2939,SH,real,True,15.11.2024,2688562,1284283
102134407,10025682,1612120,Sommerwiesstrasse,5,8200 Schaffhausen,2939,SH,real,True,15.11.2024,2688507,1286067
102134408,10073072,1614721,Tannenstrasse,7,8200 Schaffhausen,2939,SH,real,True,15.11.2024,2691002,1284402
102134409,10018672,1612604,Krebsbachstrasse,137,8200 Schaffhausen,2939,SH,real,True,15.11.2024,2690172,1285089
102134410,10018653,1613052,Hirschwiesenweg,7,8200 Schaffhausen,2939,SH,real,True,15.11.2024,2690594,1286035
102134411,10019782,1613300,Neutrottenstrasse,54,8207 Schaffhausen,2939,SH,real,True,15.11.2024,2691149,1286188
102134412,10120424,1613559,Herblingerstrasse,44,8207 Schaffhausen,2939,SH,real,True,15.11.2024,2691319,1286113
102134415,10190888,1614878,Winkelriedstrasse,9,8200 Schaffhausen,2939,SH,real,True,15.11.2024,2691036,1284024
102134416,10086481,1610705,Fischerhäuserstrasse,61,8200 Schaffhausen,2939,SH,real,True,19.11.2024,2690599,1283403
102134417,10085744,1612972,Spiegelweg,3,8200 Schaffhausen,2939,SH,real,True,15.11.2024,2690379,1285743
102134418,10019782,1613298,Neutrottenstrasse,24,8207 Schaffhausen,2939,SH,real,True,15.11.2024,2691081,1286131
102134422,10025693,9080725,Stimmerstrasse,10,8200 Schaffhausen,2939,SH,real,True,15.11.2024,2690752,1284339
102134424,10024931,471194,Im Dorf,1,8241 Barzheim,2920,SH,real,True,15.11.2024,2696174,1290769
102134425,10120413,473348,Steig,9,8222 Beringen,2932,SH,real,True,15.11.2024,2685284,1283782
102134426,10186339,3034913,Gellerstrasse,12,8222 Beringen,2932,SH,real,True,15.11.2024,2685326,1283661
102134427,10121168,2713745,Grünau,15,8222 Beringen,2932,SH,real,True,15.11.2024,2685322,1283391
102134428,10179720,1611538,Lahnhalde,2,8200 Schaffhausen,2939,SH,real,True,15.11.2024,2688229,1284500
102134429,10179720,1611540,Lahnhalde,9,8200 Schaffhausen,2939,SH,real,True,15.11.2024,2688251,1284528
102134430,10179729,2028713,Sommerhalde,14,8200 Schaffhausen,2939,SH,real,True,15.11.2024,2688429,1286273
102134431,10018657,3122124,Hohlenbaumstrasse,51d,8200 Schaffhausen,2939,SH,real,True,15.11.2024,2688488,1284613
102134432,10085754,1611015,Urwerf,43,8200 Schaffhausen,2939,SH,real,True,15.11.2024,2688847,1283322
102134433,10073071,2028704,Tanne,1,8200 Schaffhausen,2939,SH,real,True,15.11.2024,2689648,1283481
102134434,10018346,1614423,Fichtenstrasse,11,8200 Schaffhausen,2939,SH,real,True,15.11.2024,2690600,1284443
102134435,10086490,1614244,Grubenstrasse,73,8200 Schaffhausen,2939,SH,real,True,15.11.2024,2690520,1284314
102134436,10018663,1614166,Im Laternenacker,3,8200 Schaffhausen,2939,SH,real,True,15.11.2024,2690761,1284240
102134437,10025697,1613898,Säntisstrasse,25,8200 Schaffhausen,2939,SH,real,True,15.11.2024,2690426,1283641
102134438,10086470,9012718,Bachstrasse,38,8200 Schaffhausen,2939,SH,real,True,15.11.2024,2690024,1283670
102134501,10018153,1609509,Stofflerstrasse,18,8240 Thayngen,2920,SH,real,True,15.11.2024,2694766,1290058
102134503,10179714,1612988,Gemsgasse,42,8200 Schaffhausen,2939,SH,real,True,15.11.2024,2690387,1285899
102134504,10179714,1612958,Gemsgasse,20,8200 Schaffhausen,2939,SH,real,True,15.11.2024,2690348,1285700
102134505,10086481,1610686,Fischerhäuserstrasse,18,8200 Schaffhausen,2939,SH,real,True,15.11.2024,2690392,1283479
102134510,10086476,1615429,Büsingerstrasse,13,8203 Schaffhausen,2939,SH,real,True,15.11.2024,2691707,1283629
102134511,10046623,1615360,Kirchgasse,11,8203 Schaffhausen,2939,SH,real,True,15.11.2024,2691423,1283627
102134512,10025681,1612659,Sennereistrasse,88,8200 Schaffhausen,2939,SH,real,True,15.11.2024,2690855,1285601
102134513,10073046,1613272,Im Glockengut,25,8207 Schaffhausen,2939,SH,real,True,15.11.2024,2691149,1286103
102134518,10019807,1613121,Schweizersbildstrasse,33,8207 Schaffhausen,2939,SH,real,True,15.11.2024,2690507,1286289
102134519,10086473,1612723,Bocksrietstrasse,36,8200 Schaffhausen,2939,SH,real,True,15.11.2024,2690500,1285456
102134520,10018648,1613468,Hanfpünt,10,8207 Schaffhausen,2939,SH,real,True,15.11.2024,2691661,1286667
102134522,10149588,473247,Wiesentalwegli,4,8222 Beringen,2932,SH,real,True,15.11.2024,2685498,1283562
102134523,10186339,473319,Gellerstrasse,43,8222 Beringen,2932,SH,real,True,15.11.2024,2685516,1283635
102134524,10073029,1612945,Chrottenhalde,4,8200 Schaffhausen,2939,SH,real,True,15.11.2024,2690509,1285778
102134525,10018148,1609719,Rohrhaldenweg,10,8240 Thayngen,2920,SH,real,True,15.11.2024,2695685,1288510
102134526,10018155,1609302,Wanngasse,15,8240 Thayngen,2920,SH,real,True,15.11.2024,2695562,1289335
102134528,10018346,1614421,Fichtenstrasse,7,8200 Schaffhausen,2939,SH,real,True,15.11.2024,2690620,1284457
102134529,10046615,1613633,Dützebüelstrasse,38,8207 Schaffhausen,2939,SH,real,True,15.11.2024,2692095,1286662
102134531,10018447,473041,Benzeweg,17,8222 Beringen,2932,SH,real,True,15.11.2024,2686289,1283620
102134532,10185488,472968,Allerrietstrasse,14,8222 Beringen,2932,SH,real,True,15.11.2024,2687284,1283405
102134533,10108024,190096710,Kirchbergstrasse,17e,8207 Schaffhausen,2939,SH,real,True,15.11.2024,2691410,1286358
102134534,10085748,1611037,Stokarbergstrasse,112,8200 Schaffhausen,2939,SH,real,True,15.11.2024,2688600,1283476
102134535,10086479,1611074,Engehaldenweg,35,8200 Schaffhausen,2939,SH,real,True,15.11.2024,2688280,1283884
102134559,10018155,1609303,Wanngasse,13,8240 Thayngen,2920,SH,real,True,15.11.2024,2695561,1289343
102134560,10018143,1609378,Mühlegasse,2,8240 Thayngen,2920,SH,real,True,15.11.2024,2695209,1289356
102134562,10018464,2025477,Oberstieg,30,8222 Beringen,2932,SH,real,True,15.11.2024,2685887,1283804
102134563,10087066,472993,Engehofweg,11,8222 Beringen,2932,SH,real,True,15.11.2024,2687495,1283417
102134565,10186339,473117,Gellerstrasse,85,8222 Beringen,2932,SH,real,True,15.11.2024,2685845,1283680
102134566,10019554,473192,Unterstieg,7,8222 Beringen,2932,SH,real,True,15.11.2024,2685618,1283771
102134567,10186340,473236,Schaffhauserstrasse,27,8222 Beringen,2932,SH,real,True,15.11.2024,2685546,1283513
102134568,10073638,473497,Haldenweg,9,8222 Beringen,2932,SH,real,True,15.11.2024,2684850,1283979
102134569,10019292,1614197,Eigerstrasse,21,8200 Schaffhausen,2939,SH,real,True,15.11.2024,2690151,1284181
102134572,10179719,1614281,Kesselgutstieg,4,8200 Schaffhausen,2939,SH,real,True,15.11.2024,2690923,1284326
102134573,10086476,1615425,Büsingerstrasse,5,8203 Schaffhausen,2939,SH,real,True,15.11.2024,2691602,1283626
102134574,10124087,1615302,Kohlfirststrasse,52,8203 Schaffhausen,2939,SH,real,True,15.11.2024,2691212,1283317
102134575,10019268,1615070,Ackerstrasse,6,8200 Schaffhausen,2939,SH,real,True,15.11.2024,2690898,1283710
102134576,10018669,1614871,Kesselstrasse,26,8200 Schaffhausen,2939,SH,real,True,15.11.2024,2690977,1283945
102134577,10085730,1615005,Pilatusstrasse,39,8203 Schaffhausen,2939,SH,real,True,15.11.2024,2691638,1283869
102134578,10073040,1613643,Gugerhalde,8,8207 Schaffhausen,2939,SH,real,True,15.11.2024,2692082,1286911
102134579,10073043,2027662,Hohberg,28,8207 Schaffhausen,2939,SH,real,True,15.11.2024,2691071,1286279
102134580,10019789,2029365,Walther-Bringolf-Platz,4,8200 Schaffhausen,2939,SH,real,True,15.11.2024,2689783,1283692
102134582,10180882,1610815,Im Stemmerli,6,8200 Schaffhausen,2939,SH,real,True,15.11.2024,2691934,1282599
102134583,10018660,1614033,Höhenweg,19,8200 Schaffhausen,2939,SH,real,True,15.11.2024,2690390,1284053
102134584,10073063,1614156,Sandweg,1,8200 Schaffhausen,2939,SH,real,True,15.11.2024,2690459,1284074
102134585,10018639,1612542,Geisshaldenweg,23,8200 Schaffhausen,2939,SH,real,True,15.11.2024,2690036,1285005
102134586,10086474,1611857,Breitestieg,20,8200 Schaffhausen,2939,SH,real,True,15.11.2024,2689291,1284641
102134587,10019776,1613917,Morgenstrasse,9,8200 Schaffhausen,2939,SH,real,True,15.11.2024,2690567,1283826
102134588,10018654,1612320,Hochstrasse,47,8200 Schaffhausen,2939,SH,real,True,15.11.2024,2689790,1284387
102134648,10073072,1614723,Tannenstrasse,11,8200 Schaffhausen,2939,SH,real,True,15.11.2024,2691023,1284412
102134649,10085750,1614717,Tannegg,3,8200 Schaffhausen,2939,SH,real,True,15.11.2024,2691057,1284438
102134650,10073072,1614743,Tannenstrasse,32,8200 Schaffhausen,2939,SH,real,True,15.11.2024,2691199,1284408
102134651,10086490,1614273,Grubenstrasse,127c,8200 Schaffhausen,2939,SH,real,True,15.11.2024,2691052,1284330
102134652,10085728,1612611,Otterngutstrasse,14,8200 Schaffhausen,2939,SH,real,True,15.11.2024,2690281,1285236
102134655,10086477,1615340,Dorfstrasse,2,8203 Schaffhausen,2939,SH,real,True,15.11.2024,2691316,1283670
102134656,10073022,1615436,Alpenstrasse,182,8203 Schaffhausen,2939,SH,real,True,15.11.2024,2691729,1283639
102134657,10124087,1615369,Kohlfirststrasse,11,8203 Schaffhausen,2939,SH,real,True,15.11.2024,2691357,1283522
102134658,10086473,1612775,Bocksrietstrasse,98,8200 Schaffhausen,2939,SH,real,True,15.11.2024,2690866,1285744
102134659,10086473,1612811,Bocksrietstrasse,106,8200 Schaffhausen,2939,SH,real,True,15.11.2024,2690924,1285754
102134670,10018654,1612884,Hochstrasse,267,8200 Schaffhausen,2939,SH,real,True,15.11.2024,2690428,1285587
102134672,10018681,190422318,Lindliweg,5b,8200 Schaffhausen,2939,SH,real,True,15.11.2024,2691038,1283228
102134673,10120423,1613715,Gennersbrunn,1,8207 Schaffhausen,2939,SH,real,True,15.11.2024,2693767,1285373
102134677,10120422,1613942,Erlenstrasse,3,8200 Schaffhausen,2939,SH,real,True,15.11.2024,2690552,1283777
102134678,10019286,1613915,Bäumlistrasse,6,8200 Schaffhausen,2939,SH,real,True,15.11.2024,2690517,1283827
102134681,10190888,2711451,Winkelriedstrasse,62,8203 Schaffhausen,2939,SH,real,True,15.11.2024,2691574,1283898
102134682,10018672,1612590,Krebsbachstrasse,81,8200 Schaffhausen,2939,SH,real,True,15.11.2024,2690092,1284887
102134816,10026385,2024726,Bohlstrasse,19,8240 Thayngen,2920,SH,real,True,15.11.2024,2694749,1288878
102134817,10048903,1609792,Schaffhauserstrasse,7,8240 Thayngen,2920,SH,real,True,15.11.2024,2694646,1289229
102134819,10025690,1610261,Stadthausgasse,13,8200 Schaffhausen,2939,SH,real,True,15.11.2024,2689795,1283608
102134820,10086476,1615480,Büsingerstrasse,150,8203 Schaffhausen,2939,SH,real,True,15.11.2024,2692549,1283830
102134821,10026388,1609042,Chlenglerweg,76,8240 Thayngen,2920,SH,real,True,15.11.2024,2696459,1289331
102134822,10237818,1609091,Rebbergstrasse,130,8240 Thayngen,2920,SH,real,True,15.11.2024,2696588,1289362
102134823,10087070,9004131,Hülsteweg,17,8222 Beringen,2932,SH,real,True,15.11.2024,2686803,1283608
102134824,10018447,473035,Benzeweg,55,8222 Beringen,2932,SH,real,True,15.11.2024,2686675,1283559
102134825,10019798,1611208,Riethaldenweg,16,8200 Schaffhausen,2939,SH,real,True,15.11.2024,2688224,1284319
102134826,10025682,1612130,Sommerwiesstrasse,15,8200 Schaffhausen,2939,SH,real,True,15.11.2024,2688419,1286139
102134827,10073042,1610404,Herrenacker,9,8200 Schaffhausen,2939,SH,real,True,15.11.2024,2689655,1283419
102134828,10073057,1610336,Oberstadt,13,8200 Schaffhausen,2939,SH,real,True,15.11.2024,2689621,1283561
102134829,10073056,1610307,Neustadt,73,8200 Schaffhausen,2939,SH,real,True,15.11.2024,2689596,1283498
102134830,10018674,1612819,Kronenacker,7,8200 Schaffhausen,2939,SH,real,True,15.11.2024,2691099,1285815
102134832,10025683,1613290,Sonnenberg,28,8207 Schaffhausen,2939,SH,real,True,15.11.2024,2691101,1285985
102134833,10019293,1614905,Einfangstrasse,16,8203 Schaffhausen,2939,SH,real,True,15.11.2024,2691122,1283935
102134834,10190888,1614950,Winkelriedstrasse,46,8203 Schaffhausen,2939,SH,real,True,15.11.2024,2691449,1283956
102134835,10180885,1613066,Spiegelguthalde,1,8200 Schaffhausen,2939,SH,real,True,15.11.2024,2690755,1285961
102134836,10019280,1613006,Bläsihofstrasse,83,8200 Schaffhausen,2939,SH,real,True,15.11.2024,2690664,1285893
102134837,10086475,190181547,Buchthalerstrasse,37a,8200 Schaffhausen,2939,SH,real,True,15.11.2024,2690719,1283484
102134838,10025702,1613308,Tälistrasse,8,8207 Schaffhausen,2939,SH,real,True,15.11.2024,2690976,1285954
102134842,10106943,1609497,Wistenstrasse,12,8240 Thayngen,2920,SH,real,True,15.11.2024,2694854,1290092
102134843,10019553,473528,Unterdorf,35,8222 Beringen,2932,SH,real,True,15.11.2024,2685217,1283617
102134844,10179726,1611283,Rietstrasse,80,8200 Schaffhausen,2939,SH,real,True,15.11.2024,2688655,1284151
102134848,10046615,1613631,Dützebüelstrasse,26,8207 Schaffhausen,2939,SH,real,True,15.11.2024,2692045,1286740
102134856,10179749,191402751,Biberweg,626,8262 Ramsen,2963,SH,real,True,15.11.2024,2702980,1284852
102134929,10019278,1612174,Birchweg,28,8200 Schaffhausen,2939,SH,real,True,15.11.2024,2689484,1285748
102134930,10108021,1612011,Hauentalstrasse,72,8200 Schaffhausen,2939,SH,real,True,15.11.2024,2689012,1285284
102134932,10108021,1611930,Hauentalstrasse,12,8200 Schaffhausen,2939,SH,real,True,15.11.2024,2689106,1284976
102134940,10086492,1614071,Hegaustrasse,17,8200 Schaffhausen,2939,SH,real,True,15.11.2024,2690490,1284030
102134943,10018652,1615343,Hintergasse,5,8203 Schaffhausen,2939,SH,real,True,15.11.2024,2691376,1283657
102134944,10178604,2030102,Breitenaustrasse,137,8200 Schaffhausen,2939,SH,real,True,15.11.2024,2688844,1284659
102134945,10046635,1615149,Zündelweg,5,8203 Schaffhausen,2939,SH,real,True,15.11.2024,2691182,1283646
102134946,10046620,1611605,Irchelstrasse,12,8200 Schaffhausen,2939,SH,real,True,15.11.2024,2688746,1284704
102134947,10086475,1615203,Buchthalerstrasse,125,8203 Schaffhausen,2939,SH,real,True,15.11.2024,2691149,1283533
102134948,10019275,1610521,Beckengässchen,24,8200 Schaffhausen,2939,SH,real,True,15.11.2024,2689463,1283738
102134949,10018635,1615192,Furkastrasse,3,8203 Schaffhausen,2939,SH,real,True,15.11.2024,2691062,1283496
102134950,10118144,1610500,Hintersteig,55,8200 Schaffhausen,2939,SH,real,True,15.11.2024,2689366,1283791
102134951,10073035,1612649,Fulachstrasse,245,8200 Schaffhausen,2939,SH,real,True,15.11.2024,2690880,1285555
102134952,10085755,1610535,Vordersteig,4,8200 Schaffhausen,2939,SH,real,True,15.11.2024,2689491,1283586
102134953,10025681,1612660,Sennereistrasse,86,8200 Schaffhausen,2939,SH,real,True,15.11.2024,2690832,1285584
102134954,10025681,1612800,Sennereistrasse,109,8200 Schaffhausen,2939,SH,real,True,15.11.2024,2690880,1285672
102134955,10113192,1614682,Alleeweg,8,8200 Schaffhausen,2939,SH,real,True,15.11.2024,2690971,1284513
102134956,10179726,1611255,Rietstrasse,60,8200 Schaffhausen,2939,SH,real,True,15.11.2024,2688730,1284126
102134957,10106950,1610885,Kometsträsschen,25,8200 Schaffhausen,2939,SH,real,True,15.11.2024,2689159,1283396
102134959,10085742,1611418,Sonnenstrasse,50,8200 Schaffhausen,2939,SH,real,True,15.11.2024,2688699,1284499
102134960,10019281,1612706,Bocksrietstieg,30,8200 Schaffhausen,2939,SH,real,True,15.11.2024,2690533,1285433
102134961,10019798,1611209,Riethaldenweg,18,8200 Schaffhausen,2939,SH,real,True,15.11.2024,2688200,1284318
102134962,10180885,1613069,Spiegelguthalde,5,8200 Schaffhausen,2939,SH,real,True,15.11.2024,2690804,1285955
102134963,10085742,1611464,Sonnenstrasse,57,8200 Schaffhausen,2939,SH,real,True,15.11.2024,2688719,1284539
102134964,10073064,1614322,Schönbühlstrasse,1,8200 Schaffhausen,2939,SH,real,True,15.11.2024,2690100,1284495
102134965,10085754,1611009,Urwerf,7a,8200 Schaffhausen,2939,SH,real,True,15.11.2024,2688890,1283279
102134966,10018682,1611438,Lunastrasse,12,8200 Schaffhausen,2939,SH,real,True,15.11.2024,2688640,1284566
102134967,10073077,1612466,Waldstrasse,16,8200 Schaffhausen,2939,SH,real,True,15.11.2024,2689877,1284937
102134968,10019799,1615122,Rosenbergstrasse,2,8200 Schaffhausen,2939,SH,real,True,15.11.2024,2690742,1283611
102134970,10117546,1613709,Industriestrasse,30,8207 Schaffhausen,2939,SH,real,True,15.11.2024,2692419,1286779
102134971,10086482,1611818,Freistrasse,1,8200 Schaffhausen,2939,SH,real,True,15.11.2024,2689189,1284000
102134973,10046613,1613799,Bürgerstrasse,38,8200 Schaffhausen,2939,SH,real,True,15.11.2024,2690304,1283892
102134979,10018639,1612534,Geisshaldenweg,7,8200 Schaffhausen,2939,SH,real,True,15.11.2024,2689979,1284932
102134985,10019553,473243,Unterdorf,22,8222 Beringen,2932,SH,real,True,15.11.2024,2685281,1283572
102134989,10018144,1609700,Neuhausweg,9,8240 Thayngen,2920,SH,real,True,15.11.2024,2694917,1289396
102134990,10121173,1614471,Lärchenstrasse,15,8200 Schaffhausen,2939,SH,real,True,15.11.2024,2690806,1284428
102134991,10025683,1613263,Sonnenberg,5,8207 Schaffhausen,2939,SH,real,True,15.11.2024,2691167,1286006
102134992,10085751,1613639,Thayngerstrasse,36,8207 Schaffhausen,2939,SH,real,True,15.11.2024,2691946,1286750
102134994,10018679,1613480,Lebernstrasse,4,8207 Schaffhausen,2939,SH,real,True,15.11.2024,2691797,1286729
102134996,10087048,1609482,Buchhaldenweg,10,8240 Thayngen,2920,SH,real,True,15.11.2024,2695032,1290149
102135063,10073043,2027639,Hohberg,36,8207 Schaffhausen,2939,SH,real,True,15.11.2024,2691048,1286321
102135064,10073043,9012821,Hohberg,43,8207 Schaffhausen,2939,SH,real,True,15.11.2024,2691058,1286341
102135065,10025692,1613207,Stettemerstrasse,24,8207 Schaffhausen,2939,SH,real,True,15.11.2024,2691153,1286296
102135066,10118360,1612979,Jägerstrasse,3,8200 Schaffhausen,2939,SH,real,True,15.11.2024,2690351,1285832
102135067,10118360,1612968,Jägerstrasse,6,8200 Schaffhausen,2939,SH,real,True,15.11.2024,2690401,1285807
102135068,10073046,1613262,Im Glockengut,1,8207 Schaffhausen,2939,SH,real,True,15.11.2024,2691195,1285999
102135070,10085730,1614978,Pilatusstrasse,18,8203 Schaffhausen,2939,SH,real,True,15.11.2024,2691735,1283776
102135071,10073022,1614922,Alpenstrasse,139,8203 Schaffhausen,2939,SH,real,True,15.11.2024,2691277,1283903
102135073,10025702,1613313,Tälistrasse,18,8207 Schaffhausen,2939,SH,real,True,15.11.2024,2691023,1286050
102135079,10106951,1610795,Rheinhaldenstrasse,96,8200 Schaffhausen,2939,SH,real,True,15.11.2024,2691755,1282627
102135080,10187858,1610806,Vögelingässchen,52,8200 Schaffhausen,2939,SH,real,True,15.11.2024,2691900,1282617
102135081,10120424,1613356,Herblingerstrasse,119,8207 Schaffhausen,2939,SH,real,True,15.11.2024,2691795,1286450
102135082,10108024,2711515,Kirchbergstrasse,66,8207 Schaffhausen,2939,SH,real,True,15.11.2024,2691755,1286490
102135083,10108024,1613404,Kirchbergstrasse,27,8207 Schaffhausen,2939,SH,real,True,15.11.2024,2691463,1286399
102135084,10019782,1613305,Neutrottenstrasse,70,8207 Schaffhausen,2939,SH,real,True,15.11.2024,2691270,1286314
102135089,10073041,9012828,Haldenwiesli,19d,8207 Schaffhausen,2939,SH,real,True,15.11.2024,2692111,1286603
102135090,10026389,1609454,Chnübrecherweg,10,8240 Thayngen,2920,SH,real,True,15.11.2024,2695135,1289907
102135091,10120406,1609398,Biberstrasse,6,8240 Thayngen,2920,SH,real,True,15.11.2024,2695119,1289346
102135092,10120406,1609634,Biberstrasse,3,8240 Thayngen,2920,SH,real,True,15.11.2024,2695100,1289327
102135094,10018464,473173,Oberstieg,29,8222 Beringen,2932,SH,real,True,15.11.2024,2685878,1283831
102135095,10146641,2025784,Anthoptstrasse,7,8222 Beringen,2932,SH,real,True,15.11.2024,2686404,1283220
102135199,10018468,473131,Schwärziweg,4,8222 Beringen,2932,SH,real,True,15.11.2024,2685765,1283564
102135200,10019554,473181,Unterstieg,33,8222 Beringen,2932,SH,real,True,15.11.2024,2685926,1283760
102135202,10073056,2028508,Neustadt,38,8200 Schaffhausen,2939,SH,real,True,15.11.2024,2689609,1283394
102135203,10085733,1611201,Riethaldenstieg,1,8200 Schaffhausen,2939,SH,real,True,15.11.2024,2688230,1284389
102135210,10019280,1613005,Bläsihofstrasse,82,8200 Schaffhausen,2939,SH,real,True,15.11.2024,2690675,1285872
102135211,10018654,1613065,Hochstrasse,337,8200 Schaffhausen,2939,SH,real,True,15.11.2024,2690798,1285887
102135212,10073069,1612940,Steingutstrasse,61,8200 Schaffhausen,2939,SH,real,True,15.11.2024,2690612,1285785
102135213,10018654,1612879,Hochstrasse,261,8200 Schaffhausen,2939,SH,real,True,15.11.2024,2690402,1285566
102135214,10025707,190348229,Vorderenge,8,8200 Schaffhausen,2939,SH,real,True,15.11.2024,2688576,1283513
102135215,10073021,190651434,Ahornstrasse,3,8200 Schaffhausen,2939,SH,real,True,15.11.2024,2690401,1284638
102135216,10019287,190729509,Bühlstrasse,27,8200 Schaffhausen,2939,SH,real,True,15.11.2024,2688893,1283923
102135217,10073022,1615432,Alpenstrasse,166,8203 Schaffhausen,2939,SH,real,True,15.11.2024,2691550,1283729
102135218,10086473,1612745,Bocksrietstrasse,56,8200 Schaffhausen,2939,SH,real,True,15.11.2024,2690672,1285545
102135220,10118351,471200,Im Junkholz,19,8241 Barzheim,2920,SH,real,True,15.11.2024,2696028,1290309
102135221,10091223,190139828,Schützeweg,33b,8222 Beringen,2932,SH,real,True,15.11.2024,2685313,1284217
102135223,10018657,1611391,Hohlenbaumstrasse,44,8200 Schaffhausen,2939,SH,real,True,15.11.2024,2688469,1284523
102135224,10086766,1614396,Klausweg,8,8200 Schaffhausen,2939,SH,real,True,15.11.2024,2690314,1284495
102135225,10018641,1613760,Glärnischstrasse,10,8200 Schaffhausen,2939,SH,real,True,15.11.2024,2690692,1283574
102135226,10019799,1615117,Rosenbergstrasse,8,8200 Schaffhausen,2939,SH,real,True,15.11.2024,2690866,1283571
102135227,10018635,1615181,Furkastrasse,15,8203 Schaffhausen,2939,SH,real,True,15.11.2024,2690852,1283444
102135228,10237814,1609694,Frohsinnweg,22,8240 Thayngen,2920,SH,real,True,15.11.2024,2694823,1289428
102135229,10019778,1613744,Munotstrasse,57,8200 Schaffhausen,2939,SH,real,True,15.11.2024,2690223,1283913
102135230,10025689,1613751,Sportweg,44,8200 Schaffhausen,2939,SH,real,True,15.11.2024,2690176,1283907
102135231,10018660,1614035,Höhenweg,23,8200 Schaffhausen,2939,SH,real,True,15.11.2024,2690413,1284083
102135233,10019279,1611351,Blumenaustrasse,44,8200 Schaffhausen,2939,SH,real,True,15.11.2024,2688549,1284499
102135234,10019279,1611389,Blumenaustrasse,51,8200 Schaffhausen,2939,SH,real,True,15.11.2024,2688578,1284547
102135235,10018657,101206888,Hohlenbaumstrasse,64,8200 Schaffhausen,2939,SH,real,True,15.11.2024,2688536,1284544
102135236,10018654,1612229,Hochstrasse,1,8200 Schaffhausen,2939,SH,real,True,15.11.2024,2689695,1284000
102135238,10178315,473531,Schleitheimerstrasse,1,8222 Beringen,2932,SH,real,True,15.11.2024,2685188,1283649
102135239,10018669,2028205,Kesselstrasse,12,8200 Schaffhausen,2939,SH,real,True,15.11.2024,2690818,1284062
102135240,10073627,1609622,Klosterstieg,5,8240 Thayngen,2920,SH,real,True,15.11.2024,2694962,1289544
102135241,10026386,1609353,Bolliweg,7,8240 Thayngen,2920,SH,real,True,15.11.2024,2695291,1289700
102135299,10073035,1612626,Fulachstrasse,217,8200 Schaffhausen,2939,SH,real,True,15.11.2024,2690668,1285394
102135300,10085726,1613596,Neutalstrasse,18,8207 Schaffhausen,2939,SH,real,True,15.11.2024,2691950,1286444
102135301,10128950,1613727,Frohbergstrasse,16,8200 Schaffhausen,2939,SH,real,True,15.11.2024,2690040,1284048
102135302,10085737,1613522,Schlossstrasse,18,8207 Schaffhausen,2939,SH,real,True,15.11.2024,2691880,1286611
102135303,10086488,1613585,Gennersbrunnerstrasse,7,8207 Schaffhausen,2939,SH,real,True,15.11.2024,2691827,1286381
102135304,10025704,1613528,Unterdorf,7,8207 Schaffhausen,2939,SH,real,True,15.11.2024,2691919,1286625
102135305,10161547,190631836,Im Brand,11,8200 Schaffhausen,2939,SH,real,True,15.11.2024,2690215,1286664
102135306,10018654,1612905,Hochstrasse,311,8200 Schaffhausen,2939,SH,real,True,15.11.2024,2690633,1285759
102135310,10237812,1609205,Dorfstrasse,4,8240 Thayngen,2920,SH,real,True,15.11.2024,2695211,1289315
102135311,10025644,1609777,Bahnhofstrasse,24,8240 Thayngen,2920,SH,real,True,15.11.2024,2695082,1289179
102135312,10185484,2025312,Guggenbüelweg,7,8240 Thayngen,2920,SH,real,True,15.11.2024,2695557,1289190
102135313,10087053,1609283,Im Oberhof,33,8240 Thayngen,2920,SH,real,True,15.11.2024,2695581,1289448
102135314,10073626,1609364,Hammenweg,27,8240 Thayngen,2920,SH,real,True,15.11.2024,2695605,1289621
102135318,10186340,473147,Schaffhauserstrasse,61,8222 Beringen,2932,SH,real,True,15.11.2024,2685787,1283514
102135320,10019282,1612672,Bocksrietweg,8,8200 Schaffhausen,2939,SH,real,True,15.11.2024,2690371,1285409
102135322,10018451,472999,Engeweg,8,8222 Beringen,2932,SH,real,True,15.11.2024,2687202,1283381
102135324,10118359,2711357,Baumschulstrasse,14,8200 Schaffhausen,2939,SH,real,True,15.11.2024,2690650,1284671
102135327,10073021,1614528,Ahornstrasse,34,8200 Schaffhausen,2939,SH,real,True,15.11.2024,2690512,1284683
102135328,10190888,1614952,Winkelriedstrasse,50,8203 Schaffhausen,2939,SH,real,True,15.11.2024,2691490,1283953
102135329,10085744,1612977,Spiegelweg,8,8200 Schaffhausen,2939,SH,real,True,15.11.2024,2690414,1285790
102135330,10086481,1610704,Fischerhäuserstrasse,55,8200 Schaffhausen,2939,SH,real,True,15.11.2024,2690569,1283411
102135332,10237824,1613531,Im Höfli,7,8207 Schaffhausen,2939,SH,real,True,15.11.2024,2691882,1286818
102135333,10085737,1613490,Schlossstrasse,59,8207 Schaffhausen,2939,SH,real,True,15.11.2024,2691800,1286868
102135334,10085751,2027682,Thayngerstrasse,58,8207 Schaffhausen,2939,SH,real,True,15.11.2024,2691930,1287041
102135335,10019294,1613706,Ernst Müller-Strasse,6a,8207 Schaffhausen,2939,SH,real,True,15.11.2024,2692345,1286088
102135336,10046617,1612846,Falkenstrasse,1,8200 Schaffhausen,2939,SH,real,True,15.11.2024,2690830,1285753
102135337,10106953,1613048,Schneckenackerstrasse,49,8200 Schaffhausen,2939,SH,real,True,15.11.2024,2690341,1286175
102135342,10018654,2027553,Hochstrasse,3,8200 Schaffhausen,2939,SH,real,True,15.11.2024,2689716,1284001
102135344,10085754,1611014,Urwerf,41,8200 Schaffhausen,2939,SH,real,True,15.11.2024,2688840,1283325
102135345,10025700,1613498,Trüllenbuck,83b,8207 Schaffhausen,2939,SH,real,True,15.11.2024,2691797,1286760
102135346,10073027,1614792,Brauereistrasse,4,8200 Schaffhausen,2939,SH,real,True,15.11.2024,2690713,1285247
102135348,10019788,1612024,Plattenweg,55,8200 Schaffhausen,2939,SH,real,True,15.11.2024,2689144,1285225
102135351,10073627,1609614,Klosterstieg,11,8240 Thayngen,2920,SH,real,True,15.11.2024,2694987,1289563
102135352,10018654,1612907,Hochstrasse,303,8200 Schaffhausen,2939,SH,real,True,15.11.2024,2690624,1285711
102135353,10046616,1614656,Eichenstrasse,10,8200 Schaffhausen,2939,SH,real,True,15.11.2024,2690886,1284597
102135354,10186339,473127,Gellerstrasse,69,8222 Beringen,2932,SH,real,True,15.11.2024,2685726,1283675
102135356,10190888,1614886,Winkelriedstrasse,23a,8200 Schaffhausen,2939,SH,real,True,15.11.2024,2691203,1284046
102135359,10087045,1609407,Barzheimerstrasse,12,8240 Thayngen,2920,SH,real,True,15.11.2024,2695045,1289769
102135360,10087072,473020,Neugrüthalde,35,8222 Beringen,2932,SH,real,True,15.11.2024,2686349,1283680
102135361,10087071,473526,Klösterli,1,8222 Beringen,2932,SH,real,True,15.11.2024,2685233,1283586
102135362,10073063,1614073,Sandweg,4,8200 Schaffhausen,2939,SH,real,True,15.11.2024,2690482,1284053
102135363,10085742,1611313,Sonnenstrasse,8,8200 Schaffhausen,2939,SH,real,True,15.11.2024,2688500,1284333
102135364,10113192,1614646,Alleeweg,11,8200 Schaffhausen,2939,SH,real,True,15.11.2024,2690949,1284541
102135365,10025682,1612117,Sommerwiesstrasse,2,8200 Schaffhausen,2939,SH,real,True,15.11.2024,2688521,1286088
102135366,10073022,1615088,Alpenstrasse,94,8200 Schaffhausen,2939,SH,real,True,15.11.2024,2691041,1283837
102135372,10018640,1612551,Geissmattstrasse,11,8200 Schaffhausen,2939,SH,real,True,15.11.2024,2689966,1285046
102135375,10025691,1610469,Steigstrasse,62,8200 Schaffhausen,2939,SH,real,True,15.11.2024,2689325,1283601
102135376,10018662,1615441,Im Freien,24,8203 Schaffhausen,2939,SH,real,True,15.11.2024,2691780,1283076
102135389,10026388,1609037,Chlenglerweg,56,8240 Thayngen,2920,SH,real,True,15.11.2024,2696333,1289349
102135390,10073626,1609369,Hammenweg,12,8240 Thayngen,2920,SH,real,True,15.11.2024,2695438,1289577
102135391,10186340,473089,Schaffhauserstrasse,90,8222 Beringen,2932,SH,real,True,15.11.2024,2686053,1283484
102135392,10186339,473206,Gellerstrasse,62,8222 Beringen,2932,SH,real,True,15.11.2024,2685658,1283644
102135393,10086481,1610693,Fischerhäuserstrasse,36,8200 Schaffhausen,2939,SH,real,True,15.11.2024,2690468,1283450
102135394,10025697,1613906,Säntisstrasse,79,8200 Schaffhausen,2939,SH,real,True,15.11.2024,2690705,1283634
102135395,10019279,1611357,Blumenaustrasse,16,8200 Schaffhausen,2939,SH,real,True,15.11.2024,2688448,1284415
102135396,10018654,1612914,Hochstrasse,317,8200 Schaffhausen,2939,SH,real,True,15.11.2024,2690683,1285745
102135397,10179726,1611197,Rietstrasse,187,8200 Schaffhausen,2939,SH,real,True,15.11.2024,2688266,1284414
102135398,10019282,1612678,Bocksrietweg,20,8200 Schaffhausen,2939,SH,real,True,15.11.2024,2690416,1285444
102135399,10025681,1612809,Sennereistrasse,127,8200 Schaffhausen,2939,SH,real,True,15.11.2024,2690929,1285703
102135400,10086480,1614591,Eschenweg,3,8200 Schaffhausen,2939,SH,real,True,15.11.2024,2690824,1284628
102135401,10086494,9012763,Hohenstoffelstrasse,44,8200 Schaffhausen,2939,SH,real,True,15.11.2024,2690489,1284471
102135402,10086766,1614455,Klausweg,62,8200 Schaffhausen,2939,SH,real,True,15.11.2024,2690575,1284522
102135403,10046635,1615106,Zündelweg,21,8203 Schaffhausen,2939,SH,real,True,15.11.2024,2691022,1283600
102135404,10073022,1615430,Alpenstrasse,162,8203 Schaffhausen,2939,SH,real,True,15.11.2024,2691533,1283732
102135405,10120427,1613285,Mutzentäli,20,8207 Schaffhausen,2939,SH,real,True,15.11.2024,2691007,1285938
102135406,10019782,1613189,Neutrottenstrasse,39,8207 Schaffhausen,2939,SH,real,True,15.11.2024,2691135,1286224
102135407,10085751,1613702,Thayngerstrasse,70,8207 Schaffhausen,2939,SH,real,True,15.11.2024,2691921,1287102
102135408,10025692,1613255,Stettemerstrasse,70,8207 Schaffhausen,2939,SH,real,True,15.11.2024,2691621,1286887
102135409,10019807,2027728,Schweizersbildstrasse,19,8207 Schaffhausen,2939,SH,real,True,15.11.2024,2690673,1286143
102135410,10108024,2711533,Kirchbergstrasse,7,8207 Schaffhausen,2939,SH,real,True,15.11.2024,2691372,1286264
102135411,10025679,1610130,Schützengraben,11,8200 Schaffhausen,2939,SH,real,True,15.11.2024,2689896,1283799
102135412,10018668,1610454,Kasinogässchen,22,8200 Schaffhausen,2939,SH,real,True,15.11.2024,2689427,1283579
102135416,10085742,1611322,Sonnenstrasse,26,8200 Schaffhausen,2939,SH,real,True,15.11.2024,2688596,1284409
102135418,10190888,1614895,Winkelriedstrasse,41,8203 Schaffhausen,2939,SH,real,True,15.11.2024,2691403,1283987
102135419,10073048,1613842,Kamorstrasse,37,8200 Schaffhausen,2939,SH,real,True,15.11.2024,2690555,1283657
102135420,10019290,1614924,Dürstlingweg,4,8203 Schaffhausen,2939,SH,real,True,15.11.2024,2691227,1283907
102135421,10019783,1611871,Nordstrasse,108,8200 Schaffhausen,2939,SH,real,True,15.11.2024,2689260,1284650
102135424,10178604,1611732,Breitenaustrasse,140,8200 Schaffhausen,2939,SH,real,True,15.11.2024,2688852,1284740
102135426,10018657,1611798,Hohlenbaumstrasse,175,8200 Schaffhausen,2939,SH,real,True,15.11.2024,2689008,1284848
102135428,10085755,1610472,Vordersteig,27,8200 Schaffhausen,2939,SH,real,True,15.11.2024,2689353,1283617
102135429,10237818,1609094,Rebbergstrasse,135,8240 Thayngen,2920,SH,real,True,15.11.2024,2696650,1289370
102135430,10025691,1610856,Steigstrasse,55,8200 Schaffhausen,2939,SH,real,True,15.11.2024,2689311,1283528
102135431,10086494,1614362,Hohenstoffelstrasse,36,8200 Schaffhausen,2939,SH,real,True,15.11.2024,2690421,1284477
102135432,10073052,1611503,Lahnstrasse,9,8200 Schaffhausen,2939,SH,real,True,15.11.2024,2688438,1284758
102135433,10019778,1613741,Munotstrasse,51,8200 Schaffhausen,2939,SH,real,True,15.11.2024,2690184,1283897
102135437,10087052,2025265,Im Gatter,6,8240 Thayngen,2920,SH,real,True,15.11.2024,2694991,1289357
102135438,10237816,1609672,Im Kloster,15,8240 Thayngen,2920,SH,real,True,15.11.2024,2694986,1289432
102135440,10087045,1609549,Barzheimerstrasse,7,8240 Thayngen,2920,SH,real,True,15.11.2024,2695013,1289784
102135442,10185488,472962,Allerrietstrasse,6,8222 Beringen,2932,SH,real,True,15.11.2024,2687204,1283421
102135443,10019279,1611344,Blumenaustrasse,50,8200 Schaffhausen,2939,SH,real,True,15.11.2024,2688577,1284522
102135444,10106942,1609431,Schlatterweg,49,8240 Thayngen,2920,SH,real,True,15.11.2024,2695036,1289875
102135455,10018648,1613241,Hanfpünt,42,8207 Schaffhausen,2939,SH,real,True,15.11.2024,2691572,1286776
102135456,10025692,1613205,Stettemerstrasse,20,8207 Schaffhausen,2939,SH,real,True,15.11.2024,2691104,1286248
102135515,10019269,1614665,Akazienstrasse,20,8200 Schaffhausen,2939,SH,real,True,15.11.2024,2690992,1284545
102135516,10179720,1611518,Lahnhalde,10,8200 Schaffhausen,2939,SH,real,True,15.11.2024,2688286,1284533
102135518,10018464,473170,Oberstieg,19,8222 Beringen,2932,SH,real,True,15.11.2024,2685771,1283819
102135519,10110810,473094,Neuweg,46,8222 Beringen,2932,SH,real,True,15.11.2024,2685760,1283709
102135520,10186340,473231,Schaffhauserstrasse,41,8222 Beringen,2932,SH,real,True,15.11.2024,2685638,1283541
102135521,10125667,473619,Eschheimertal,256,8222 Beringen,2932,SH,real,True,15.11.2024,2686665,1284631
102135522,10019783,1611849,Nordstrasse,92,8200 Schaffhausen,2939,SH,real,True,15.11.2024,2689238,1284513
102135523,10110815,1611665,Lägernstrasse,10,8200 Schaffhausen,2939,SH,real,True,15.11.2024,2688776,1284902
102135524,10178604,1611730,Breitenaustrasse,130,8200 Schaffhausen,2939,SH,real,True,15.11.2024,2688867,1284684
102135525,10025691,1610855,Steigstrasse,53,8200 Schaffhausen,2939,SH,real,True,15.11.2024,2689313,1283526
102135526,10019790,1610076,Posthof,6,8200 Schaffhausen,2939,SH,real,True,15.11.2024,2689647,1283608
102135527,10111813,1609851,Speckweg,14,8240 Thayngen,2920,SH,real,True,15.11.2024,2694496,1289285
102135528,10048903,1609819,Schaffhauserstrasse,24,8240 Thayngen,2920,SH,real,True,15.11.2024,2694558,1289333
102135530,10178315,473507,Schleitheimerstrasse,32,8222 Beringen,2932,SH,real,True,15.11.2024,2684960,1283674
102135531,10018659,1612334,Hornbergstrasse,17,8200 Schaffhausen,2939,SH,real,True,15.11.2024,2689765,1284471
102135532,10085734,1612307,Rittergutstrasse,29,8200 Schaffhausen,2939,SH,real,True,15.11.2024,2689739,1284230
102135533,10018654,2711205,Hochstrasse,13,8200 Schaffhausen,2939,SH,real,True,15.11.2024,2689769,1284171
102135534,10113198,1613381,Im Surbeck,1,8207 Schaffhausen,2939,SH,real,True,15.11.2024,2691476,1286457
102135535,10025692,1613141,Stettemerstrasse,71,8207 Schaffhausen,2939,SH,real,True,15.11.2024,2691217,1286422
102135536,10237818,1609097,Rebbergstrasse,158,8240 Thayngen,2920,SH,real,True,15.11.2024,2696722,1289335
102135537,10018672,1612589,Krebsbachstrasse,79,8200 Schaffhausen,2939,SH,real,True,15.11.2024,2690078,1284859
102135538,10179727,1614794,Schalterweg,11,8200 Schaffhausen,2939,SH,real,True,15.11.2024,2690333,1284980
102135541,10087072,473028,Neugrüthalde,18,8222 Beringen,2932,SH,real,True,15.11.2024,2686265,1283664
102135542,10019783,1611877,Nordstrasse,116b,8200 Schaffhausen,2939,SH,real,True,15.11.2024,2689281,1284709
102135543,10113196,1614343,Grubenstieg,20,8200 Schaffhausen,2939,SH,real,True,15.11.2024,2690287,1284421
102135544,10019799,1615116,Rosenbergstrasse,10,8200 Schaffhausen,2939,SH,real,True,15.11.2024,2690884,1283576
102135546,10018157,1609567,Zieglerweg,22,8240 Thayngen,2920,SH,real,True,15.11.2024,2694798,1289678
102135547,10018151,1609856,Silberbergweg,1,8240 Thayngen,2920,SH,real,True,15.11.2024,2694503,1289352
102135549,10073067,1610946,Sonnenburggutstrasse,10,8200 Schaffhausen,2939,SH,real,True,15.11.2024,2688668,1283670
102135552,10186339,473115,Gellerstrasse,91,8222 Beringen,2932,SH,real,True,15.11.2024,2685900,1283669
102135553,10086491,3122126,Haldenstrasse,1,8200 Schaffhausen,2939,SH,real,True,15.11.2024,2689332,1284547
102135554,10085738,1611953,Schwarzadlerstrasse,10,8200 Schaffhausen,2939,SH,real,True,15.11.2024,2689248,1284939
102135556,10018635,1615213,Furkastrasse,12,8203 Schaffhausen,2939,SH,real,True,15.11.2024,2691015,1283537
102135557,10025681,1612810,Sennereistrasse,129,8200 Schaffhausen,2939,SH,real,True,15.11.2024,2690925,1285708
102135558,10073035,1612651,Fulachstrasse,249,8200 Schaffhausen,2939,SH,real,True,15.11.2024,2690913,1285578
102135559,10073035,1612655,Fulachstrasse,257,8200 Schaffhausen,2939,SH,real,True,15.11.2024,2690965,1285657
102135560,10085751,1613591,Thayngerstrasse,6,8207 Schaffhausen,2939,SH,real,True,15.11.2024,2691893,1286482
102135561,10085737,1613521,Schlossstrasse,10,8207 Schaffhausen,2939,SH,real,True,15.11.2024,2691838,1286556
102135562,10025681,1612779,Sennereistrasse,87,8200 Schaffhausen,2939,SH,real,True,15.11.2024,2690815,1285623
102135567,10106951,191098872,Rheinhaldenstrasse,69,8200 Schaffhausen,2939,SH,real,True,15.11.2024,2691388,1282795
102135568,10113199,1612448,Mattenweg,8,8200 Schaffhausen,2939,SH,real,True,15.11.2024,2689798,1284730
102135569,10108024,1613396,Kirchbergstrasse,19d,8207 Schaffhausen,2939,SH,real,True,15.11.2024,2691464,1286350
102135570,10018678,1613571,Langackerweg,12,8207 Schaffhausen,2939,SH,real,True,15.11.2024,2691750,1286280
102135571,10073075,1614194,Ungarbühlstrasse,42,8200 Schaffhausen,2939,SH,real,True,15.11.2024,2690206,1284251
102135572,10019292,1614297,Eigerstrasse,11,8200 Schaffhausen,2939,SH,real,True,15.11.2024,2690051,1284240
102135575,10026389,1609451,Chnübrecherweg,11,8240 Thayngen,2920,SH,real,True,15.11.2024,2695107,1289883
102135576,10108010,1609484,Buechetellenweg,9f,8240 Thayngen,2920,SH,real,True,15.11.2024,2695031,1290123
102135577,10091226,2717317,Zelgstrasse,39,8222 Beringen,2932,SH,real,True,15.11.2024,2684923,1283400
102135578,10086467,1611616,Albisstrasse,26,8200 Schaffhausen,2939,SH,real,True,15.11.2024,2688639,1284757
102135579,10118147,1615406,Windeggstrasse,18,8203 Schaffhausen,2939,SH,real,True,15.11.2024,2691397,1283422
102135580,10018647,1612553,Gütliweg,7,8200 Schaffhausen,2939,SH,real,True,15.11.2024,2690062,1285019
102135584,10019274,2029636,Bahnhofstrasse,28,8200 Schaffhausen,2939,SH,real,True,15.11.2024,2689643,1283692
102135585,10179720,190140618,Lahnhalde,31,8200 Schaffhausen,2939,SH,real,True,15.11.2024,2688386,1284678
102135586,10073031,1614049,Feldstrasse,1,8200 Schaffhausen,2939,SH,real,True,15.11.2024,2690435,1283918
102135587,10018669,1614877,Kesselstrasse,21,8200 Schaffhausen,2939,SH,real,True,15.11.2024,2690994,1283989
102135646,10073055,2029655,Mühlentalstrasse,361,8200 Schaffhausen,2939,SH,real,True,15.11.2024,2688984,1287304
102135647,10167071,471172,Schlatterstrasse,1,8241 Barzheim,2920,SH,real,True,15.11.2024,2696138,1290775
102135649,10186339,473214,Gellerstrasse,4,8222 Beringen,2932,SH,real,True,15.11.2024,2685233,1283665
102135650,10186339,473118,Gellerstrasse,84,8222 Beringen,2932,SH,real,True,15.11.2024,2685840,1283648
102135651,10018463,473292,Oberdorf,4,8222 Beringen,2932,SH,real,True,15.11.2024,2685213,1283693
102135652,10019287,1610937,Bühlstrasse,3,8200 Schaffhausen,2939,SH,real,True,15.11.2024,2689077,1283849
102135653,10018677,1611501,Lahnstieg,8,8200 Schaffhausen,2939,SH,real,True,15.11.2024,2688359,1284569
102135654,10085724,1610564,Mühlenstrasse,88,8200 Schaffhausen,2939,SH,real,True,15.11.2024,2689029,1283156
102135655,10046616,1614695,Eichenstrasse,46,8200 Schaffhausen,2939,SH,real,True,15.11.2024,2691110,1284603
102135656,10019269,1614666,Akazienstrasse,21,8200 Schaffhausen,2939,SH,real,True,15.11.2024,2690990,1284559
102135657,10025693,1614702,Stimmerstrasse,55,8200 Schaffhausen,2939,SH,real,True,15.11.2024,2691069,1284499
102135658,10085745,1615042,Splügenstrasse,12,8200 Schaffhausen,2939,SH,real,True,15.11.2024,2690838,1283786
102135659,10073022,1615020,Alpenstrasse,70,8200 Schaffhausen,2939,SH,real,True,15.11.2024,2690807,1283826
102135661,10026391,2024838,Emdwiesenstrasse,4,8240 Thayngen,2920,SH,real,True,15.11.2024,2695447,1288988
102135663,10026393,1609179,Hugisauweg,8,8240 Thayngen,2920,SH,real,True,15.11.2024,2696189,1289253
102135664,10237818,1609133,Rebbergstrasse,18,8240 Thayngen,2920,SH,real,True,15.11.2024,2695778,1289395
102135665,10026394,1609521,Hüttenlebenweg,31,8240 Thayngen,2920,SH,real,True,15.11.2024,2694088,1289925
102135669,10121168,2713741,Grünau,11,8222 Beringen,2932,SH,real,True,15.11.2024,2685289,1283384
102135670,10046604,2025663,Werkstrasse,3,8222 Beringen,2932,SH,real,True,15.11.2024,2685304,1283285
102135671,10179725,1615382,Rebweg,12,8203 Schaffhausen,2939,SH,real,True,15.11.2024,2691377,1283485
102135672,10124087,1615300,Kohlfirststrasse,48,8203 Schaffhausen,2939,SH,real,True,15.11.2024,2691209,1283367
102135673,10018647,1612567,Gütliweg,4,8200 Schaffhausen,2939,SH,real,True,15.11.2024,2690095,1285028
102135674,10018657,3122123,Hohlenbaumstrasse,51c,8200 Schaffhausen,2939,SH,real,True,15.11.2024,2688483,1284609
102135675,10086486,1612461,Geissbergstrasse,34,8200 Schaffhausen,2939,SH,real,True,15.11.2024,2689851,1284961
102135676,10085754,1611013,Urwerf,39,8200 Schaffhausen,2939,SH,real,True,15.11.2024,2688830,1283327
102135677,10018639,1612515,Geisshaldenweg,6,8200 Schaffhausen,2939,SH,real,True,15.11.2024,2689999,1284933
102135678,10019278,1612175,Birchweg,75,8200 Schaffhausen,2939,SH,real,True,15.11.2024,2689436,1285757
102135679,10073031,1614000,Feldstrasse,47,8200 Schaffhausen,2939,SH,real,True,15.11.2024,2690440,1284251
102135680,10106950,1610884,Kometsträsschen,23,8200 Schaffhausen,2939,SH,real,True,15.11.2024,2689172,1283411
102135681,10025698,2028277,Talstrasse,22,8200 Schaffhausen,2939,SH,real,True,15.11.2024,2690749,1284166
102135682,10086470,1610583,Bachstrasse,56,8200 Schaffhausen,2939,SH,real,True,15.11.2024,2689971,1283796
102135683,10019280,1613007,Bläsihofstrasse,84,8200 Schaffhausen,2939,SH,real,True,15.11.2024,2690692,1285882
102135684,10026386,1609351,Bolliweg,8,8240 Thayngen,2920,SH,real,True,15.11.2024,2695308,1289714
102135686,10018657,1611485,Hohlenbaumstrasse,37,8200 Schaffhausen,2939,SH,real,True,15.11.2024,2688428,1284516
102135687,10179714,1612987,Gemsgasse,40,8200 Schaffhausen,2939,SH,real,True,15.11.2024,2690369,1285896
102135688,10019279,1611382,Blumenaustrasse,19,8200 Schaffhausen,2939,SH,real,True,15.11.2024,2688449,1284436
102135701,10018654,1612362,Hochstrasse,116,8200 Schaffhausen,2939,SH,real,True,15.11.2024,2689977,1284743
102135702,10046614,1612237,Durachweg,14,8200 Schaffhausen,2939,SH,real,True,15.11.2024,2689596,1283974
102135703,10124087,1615380,Kohlfirststrasse,37,8203 Schaffhausen,2939,SH,real,True,15.11.2024,2691237,1283311
102135705,10179720,1611541,Lahnhalde,15,8200 Schaffhausen,2939,SH,real,True,15.11.2024,2688305,1284573
102135707,10073637,473500,Gärtliweg,4,8222 Beringen,2932,SH,real,True,15.11.2024,2684980,1283762
102135709,10086494,1614391,Hohenstoffelstrasse,31,8200 Schaffhausen,2939,SH,real,True,15.11.2024,2690453,1284497
102135712,10237816,1609676,Im Kloster,7,8240 Thayngen,2920,SH,real,True,15.11.2024,2694998,1289398
102135713,10018145,1609784,Pflanzweg,4,8240 Thayngen,2920,SH,real,True,15.11.2024,2694509,1289231
102135714,10111817,473053,Usserberg,2,8222 Beringen,2932,SH,real,True,15.11.2024,2686172,1283636
102135715,10085758,1613993,Zweigstrasse,6,8200 Schaffhausen,2939,SH,real,True,15.11.2024,2690389,1284208
102135716,10073048,1613886,Kamorstrasse,12,8200 Schaffhausen,2939,SH,real,True,15.11.2024,2690403,1283689
102135717,10187857,1612216,Tannerberg,34,8200 Schaffhausen,2939,SH,real,True,15.11.2024,2689577,1284158
102135718,10108021,1612004,Hauentalstrasse,54,8200 Schaffhausen,2939,SH,real,True,15.11.2024,2689039,1285194
102135719,10086494,1614346,Hohenstoffelstrasse,6,8200 Schaffhausen,2939,SH,real,True,15.11.2024,2690289,1284461
102135720,10025703,1613967,Tödistrasse,14,8200 Schaffhausen,2939,SH,real,True,15.11.2024,2690658,1283796
102135721,10106952,1611162,Sandackerstrasse,14,8200 Schaffhausen,2939,SH,real,True,15.11.2024,2688451,1284128
102135722,10025708,1612311,Weinbergstrasse,8,8200 Schaffhausen,2939,SH,real,True,15.11.2024,2689690,1284251
102135723,10103224,1614431,Niklausenstieg,14,8200 Schaffhausen,2939,SH,real,True,15.11.2024,2690659,1284402
102135724,10073021,1614530,Ahornstrasse,38,8200 Schaffhausen,2939,SH,real,True,15.11.2024,2690547,1284715
102135725,10018677,1611558,Lahnstieg,25,8200 Schaffhausen,2939,SH,real,True,15.11.2024,2688291,1284618
102135726,10025682,1612140,Sommerwiesstrasse,29,8200 Schaffhausen,2939,SH,real,True,15.11.2024,2688308,1286179
102135727,10018654,1612887,Hochstrasse,279,8200 Schaffhausen,2939,SH,real,True,15.11.2024,2690541,1285617
102135733,10087052,1609679,Im Gatter,2,8240 Thayngen,2920,SH,real,True,15.11.2024,2695027,1289368
102135734,10086473,1612747,Bocksrietstrasse,60,8200 Schaffhausen,2939,SH,real,True,15.11.2024,2690700,1285567
102135735,10186931,1614181,Emmersbergstrasse,35,8200 Schaffhausen,2939,SH,real,True,15.11.2024,2690086,1284132
102135737,10086467,1611617,Albisstrasse,27,8200 Schaffhausen,2939,SH,real,True,15.11.2024,2688623,1284734
102135738,10085730,1614985,Pilatusstrasse,32,8203 Schaffhausen,2939,SH,real,True,15.11.2024,2691730,1283899
102135739,10019553,9004142,Unterdorf,13a,8222 Beringen,2932,SH,real,True,15.11.2024,2685277,1283528
102135740,10048900,1609667,Lohningerweg,46,8240 Thayngen,2920,SH,real,True,15.11.2024,2694570,1289574
102135741,10073069,1612925,Steingutstrasse,19,8200 Schaffhausen,2939,SH,real,True,15.11.2024,2690436,1285627
102135742,10019275,1610520,Beckengässchen,22,8200 Schaffhausen,2939,SH,real,True,15.11.2024,2689464,1283728
102135743,10086490,1614263,Grubenstrasse,119a,8200 Schaffhausen,2939,SH,real,True,15.11.2024,2691013,1284327
102135745,10190888,1614885,Winkelriedstrasse,23,8200 Schaffhausen,2939,SH,real,True,15.11.2024,2691188,1284067
102135747,10018461,473449,Kirchgängli,6,8222 Beringen,2932,SH,real,True,15.11.2024,2685152,1283702
102135749,10186339,2025475,Gellerstrasse,64,8222 Beringen,2932,SH,real,True,15.11.2024,2685683,1283650
102135750,10018642,1610550,Grabenstrasse,9,8200 Schaffhausen,2939,SH,real,True,15.11.2024,2689549,1283319
102135751,10187856,1613032,Spiegelgutstrasse,42,8200 Schaffhausen,2939,SH,real,True,15.11.2024,2690436,1286024
102135755,10026389,1609461,Chnübrecherweg,12,8240 Thayngen,2920,SH,real,True,15.11.2024,2695114,1289912
102135758,10019295,1612189,Felsenaustrasse,11,8200 Schaffhausen,2939,SH,real,True,15.11.2024,2689506,1285304
102135761,10046625,2028927,Quellenstrasse,24,8200 Schaffhausen,2939,SH,real,True,15.11.2024,2688526,1284166
102135762,10179726,1611120,Rietstrasse,93,8200 Schaffhausen,2939,SH,real,True,15.11.2024,2688625,1284015
102135764,10018657,1611493,Hohlenbaumstrasse,55,8200 Schaffhausen,2939,SH,real,True,15.11.2024,2688501,1284637
102135765,10018661,1614598,Im Eschengut,4,8200 Schaffhausen,2939,SH,real,True,15.11.2024,2690795,1284742
102135766,10073022,1613946,Alpenstrasse,56,8200 Schaffhausen,2939,SH,real,True,15.11.2024,2690700,1283840
102135767,10019804,1613952,Schildstrasse,2,8200 Schaffhausen,2939,SH,real,True,15.11.2024,2690628,1283738
102135768,10018657,1611400,Hohlenbaumstrasse,38,8200 Schaffhausen,2939,SH,real,True,15.11.2024,2688447,1284471
102135769,10179720,1611543,Lahnhalde,19,8200 Schaffhausen,2939,SH,real,True,15.11.2024,2688317,1284584
102135770,10018654,1612230,Hochstrasse,5,8200 Schaffhausen,2939,SH,real,True,15.11.2024,2689731,1284013
102135771,10085722,9012772,Meisenweg,16,8200 Schaffhausen,2939,SH,real,True,15.11.2024,2689524,1284025
102135777,10117545,1612476,Finsterwaldstrasse,97,8200 Schaffhausen,2939,SH,real,True,15.11.2024,2689939,1284883
102135778,10179734,1612414,Weinsteig,206,8200 Schaffhausen,2939,SH,real,True,15.11.2024,2689633,1285074
102135779,10117545,1612510,Finsterwaldstrasse,88,8200 Schaffhausen,2939,SH,real,True,15.11.2024,2689893,1284821
102135780,10018648,1613234,Hanfpünt,29,8207 Schaffhausen,2939,SH,real,True,15.11.2024,2691599,1286688
102135781,10179725,1615398,Rebweg,19,8203 Schaffhausen,2939,SH,real,True,15.11.2024,2691381,1283430
102135782,10124087,1615291,Kohlfirststrasse,32,8203 Schaffhausen,2939,SH,real,True,15.11.2024,2691283,1283465
102135783,10018647,1612565,Gütliweg,6,8200 Schaffhausen,2939,SH,real,True,15.11.2024,2690110,1285047
102135784,10019295,2028868,Felsenaustrasse,33,8200 Schaffhausen,2939,SH,real,True,15.11.2024,2689481,1285222
102135785,10167071,471162,Schlatterstrasse,7,8241 Barzheim,2920,SH,real,True,15.11.2024,2696066,1290812
102135788,10185483,1609367,Buchbergstrasse,7,8240 Thayngen,2920,SH,real,True,15.11.2024,2695645,1289562
102135789,10185483,1609243,Buchbergstrasse,4,8240 Thayngen,2920,SH,real,True,15.11.2024,2695648,1289537
102135791,10087054,1609751,In Liblose,7,8240 Thayngen,2920,SH,real,True,15.11.2024,2695052,1289334
102135792,10108010,1609439,Buechetellenweg,17g,8240 Thayngen,2920,SH,real,True,15.11.2024,2695080,1290102
102135796,10087072,473030,Neugrüthalde,36,8222 Beringen,2932,SH,real,True,15.11.2024,2686384,1283658
102135797,10120411,473052,Gässlistieg,2,8222 Beringen,2932,SH,real,True,15.11.2024,2686159,1283534
102135855,10019777,1610660,Moserstrasse,19,8200 Schaffhausen,2939,SH,real,True,15.11.2024,2690104,1283425
102135856,10019804,1613937,Schildstrasse,7,8200 Schaffhausen,2939,SH,real,True,15.11.2024,2690595,1283772
102135859,10073042,1610348,Herrenacker,22,8200 Schaffhausen,2939,SH,real,True,15.11.2024,2689672,1283475
102135860,10018450,473330,Eggeweg,31,8222 Beringen,2932,SH,real,True,15.11.2024,2685454,1284049
102135861,10179716,1611056,Hermann Rorschach-Strasse,23,8200 Schaffhausen,2939,SH,real,True,15.11.2024,2688526,1283728
102135862,10085748,1610942,Stokarbergstrasse,104,8200 Schaffhausen,2939,SH,real,True,15.11.2024,2688646,1283623
102135863,10103225,2028486,Plattenhalde,17,8200 Schaffhausen,2939,SH,real,True,15.11.2024,2689093,1285158
102135864,10085721,1612082,Lochstrasse,77,8200 Schaffhausen,2939,SH,real,True,15.11.2024,2689351,1285187
102135865,10025679,1610124,Schützengraben,27,8200 Schaffhausen,2939,SH,real,True,15.11.2024,2689814,1283830
102135866,10019269,1614633,Akazienstrasse,8,8200 Schaffhausen,2939,SH,real,True,15.11.2024,2690874,1284523
102135867,10073073,1613691,Trenschenstieg,8,8207 Schaffhausen,2939,SH,real,True,15.11.2024,2692063,1286981
102135876,10019279,1611359,Blumenaustrasse,10,8200 Schaffhausen,2939,SH,real,True,15.11.2024,2688428,1284395
102135877,10019783,1611816,Nordstrasse,16,8200 Schaffhausen,2939,SH,real,True,15.11.2024,2689292,1283910
102135878,10018657,101414904,Hohlenbaumstrasse,60,8200 Schaffhausen,2939,SH,real,True,15.11.2024,2688524,1284559
102135879,10025678,1610364,Schönmaiengässchen,16,8200 Schaffhausen,2939,SH,real,True,15.11.2024,2689820,1283476
102135880,10120420,2029200,Amsler-Laffon-Strasse,1,8200 Schaffhausen,2939,SH,real,False,15.11.2024,2690291,1284720
102135881,10019291,9080873,Ebnatstrasse,91a,8200 Schaffhausen,2939,SH,real,True,15.11.2024,2690588,1284871
102135882,10018675,1614318,Kronenhalde,10,8200 Schaffhausen,2939,SH,real,True,15.11.2024,2690324,1284584
102135883,10086475,1610707,Buchthalerstrasse,48,8200 Schaffhausen,2939,SH,real,True,15.11.2024,2690786,1283384
102135885,10237814,1609829,Frohsinnweg,15,8240 Thayngen,2920,SH,real,True,15.11.2024,2694752,1289399
102135886,10018151,1609858,Silberbergweg,5,8240 Thayngen,2920,SH,real,True,15.11.2024,2694493,1289385
102135887,10237814,1609692,Frohsinnweg,18,8240 Thayngen,2920,SH,real,True,15.11.2024,2694841,1289408
102135888,10018460,473447,Kehlhof,3,8222 Beringen,2932,SH,real,True,15.11.2024,2685074,1283745
102135890,10018467,473414,Schulberg,6,8222 Beringen,2932,SH,real,True,15.11.2024,2685188,1283855
102135891,10086490,1614265,Grubenstrasse,121a,8200 Schaffhausen,2939,SH,real,True,15.11.2024,2691024,1284331
102135892,10025702,1613315,Tälistrasse,22,8207 Schaffhausen,2939,SH,real,True,15.11.2024,2691067,1286067
102135893,10073035,1612667,Fulachstrasse,279,8200 Schaffhausen,2939,SH,real,True,15.11.2024,2691109,1285749
102135894,10190888,1614914,Winkelriedstrasse,10,8200 Schaffhausen,2939,SH,real,True,15.11.2024,2691161,1284029
102135895,10073022,1614957,Alpenstrasse,155,8203 Schaffhausen,2939,SH,real,True,15.11.2024,2691435,1283800
102135897,10103226,1610771,Rheinbühlstrasse,18,8200 Schaffhausen,2939,SH,real,True,15.11.2024,2691372,1282863
102135898,10086486,1612390,Geissbergstrasse,29,8200 Schaffhausen,2939,SH,real,True,15.11.2024,2689730,1284902
102135899,10085757,1612438,Wiesenweg,11,8200 Schaffhausen,2939,SH,real,True,15.11.2024,2689646,1284620
102135900,10025700,1613440,Trüllenbuck,32,8207 Schaffhausen,2939,SH,real,True,15.11.2024,2691616,1286543
102135902,10073029,1612944,Chrottenhalde,2,8200 Schaffhausen,2939,SH,real,True,15.11.2024,2690501,1285771
102135903,10018654,1612875,Hochstrasse,253,8200 Schaffhausen,2939,SH,real,True,15.11.2024,2690394,1285527
102135904,10018672,1612357,Krebsbachstrasse,45,8200 Schaffhausen,2939,SH,real,True,15.11.2024,2689930,1284595
102135905,10019783,2711548,Nordstrasse,111.4,8200 Schaffhausen,2939,SH,real,True,23.07.2024,2689191,1284624
102135906,10085748,190824509,Stokarbergstrasse,68,8200 Schaffhausen,2939,SH,real,True,15.11.2024,2688873,1283714
102135907,10018633,1613101,Freudental,2,8200 Schaffhausen,2939,SH,real,True,15.11.2024,2689987,1287842
102135908,10019807,1613088,Schweizersbildstrasse,69,8200 Schaffhausen,2939,SH,real,True,15.11.2024,2689959,1286671
102135910,10185488,472981,Allerrietstrasse,27,8222 Beringen,2932,SH,real,True,15.11.2024,2687400,1283404
102135911,10087065,473011,Allerrietstieg,12,8222 Beringen,2932,SH,real,True,15.11.2024,2687382,1283353
102135912,10073632,1609787,Wydenweg,14,8240 Thayngen,2920,SH,real,True,15.11.2024,2694484,1289225
102135913,10073072,1614729,Tannenstrasse,4,8200 Schaffhausen,2939,SH,real,True,15.11.2024,2690949,1284366
102135914,10046613,1613791,Bürgerstrasse,24,8200 Schaffhausen,2939,SH,real,True,15.11.2024,2690337,1283792
102135915,10018464,473163,Oberstieg,3,8222 Beringen,2932,SH,real,True,15.11.2024,2685580,1283830
102135916,10019554,473191,Unterstieg,9,8222 Beringen,2932,SH,real,True,15.11.2024,2685662,1283768
102135917,10018463,473416,Oberdorf,23,8222 Beringen,2932,SH,real,True,15.11.2024,2685232,1283855
102135918,10019783,1611852,Nordstrasse,90,8200 Schaffhausen,2939,SH,real,True,15.11.2024,2689268,1284500
102135919,10120423,1613710,Gennersbrunn,3,8207 Schaffhausen,2939,SH,real,True,15.11.2024,2693790,1285346
102135920,10113197,101414946,Hohbergstrasse,18,8207 Schaffhausen,2939,SH,real,True,15.11.2024,2690908,1286321
102135921,10106951,1610804,Rheinhaldenstrasse,80,8200 Schaffhausen,2939,SH,real,True,15.11.2024,2691635,1282736
102135922,10018657,1611800,Hohlenbaumstrasse,179,8200 Schaffhausen,2939,SH,real,True,15.11.2024,2689015,1284861
102135923,10018654,1612481,Hochstrasse,83,8200 Schaffhausen,2939,SH,real,True,15.11.2024,2689900,1284608
102135924,10180884,1610846,Promenadenstrasse,29,8200 Schaffhausen,2939,SH,real,True,15.11.2024,2689363,1283449
102135925,10120425,1613345,Im Hägli,2,8207 Schaffhausen,2939,SH,real,True,15.11.2024,2691644,1286362
102135926,10179717,1613364,Im Bergli,18,8207 Schaffhausen,2939,SH,real,True,15.11.2024,2691343,1286327
102135928,10073045,9012797,Im Chloster,13,8207 Schaffhausen,2939,SH,real,True,15.11.2024,2691915,1286755
102135954,10085725,1610372,Münsterplatz,24,8200 Schaffhausen,2939,SH,real,True,15.11.2024,2689912,1283466
102135955,10086490,1614251,Grubenstrasse,107,8200 Schaffhausen,2939,SH,real,True,15.11.2024,2690902,1284285
102135956,10018654,1612356,Hochstrasse,34,8200 Schaffhausen,2939,SH,real,True,15.11.2024,2689866,1284336
102135959,10186337,2025056,Blumenweg,8,8240 Thayngen,2920,SH,real,True,15.11.2024,2694862,1289197
102135960,10018154,1609768,Sunnebüelweg,2,8240 Thayngen,2920,SH,real,True,15.11.2024,2694733,1289249
102135961,10087052,1609736,Im Gatter,37,8240 Thayngen,2920,SH,real,True,15.11.2024,2694721,1289292
102135962,10087052,1609731,Im Gatter,21,8240 Thayngen,2920,SH,real,True,15.11.2024,2694878,1289306
102135965,10185486,1609442,Schlattergasse,4,8240 Thayngen,2920,SH,real,True,15.11.2024,2695038,1289957
102135966,10086476,2028428,Büsingerstrasse,28,8203 Schaffhausen,2939,SH,real,True,15.11.2024,2691704,1283590
102135971,10190888,1614968,Winkelriedstrasse,84,8203 Schaffhausen,2939,SH,real,True,15.11.2024,2691564,1283769
102135972,10073039,1615096,Grimselweg,3,8203 Schaffhausen,2939,SH,real,True,15.11.2024,2691076,1283720
102135975,10087046,2025307,Blumenstrasse,29,8240 Thayngen,2920,SH,real,True,15.11.2024,2694825,1289197
102135977,10019271,1614774,Artilleriestrasse,29,8200 Schaffhausen,2939,SH,real,True,15.11.2024,2691394,1284437
102135978,10046618,1611795,Fernsichtstrasse,23,8200 Schaffhausen,2939,SH,real,True,15.11.2024,2688943,1284914
102135979,10086490,1614262,Grubenstrasse,119,8200 Schaffhausen,2939,SH,real,True,15.11.2024,2691008,1284326
102135980,10073035,1612594,Fulachstrasse,163,8200 Schaffhausen,2939,SH,real,True,15.11.2024,2690310,1285226
102135981,10085728,1612615,Otterngutstrasse,20,8200 Schaffhausen,2939,SH,real,True,15.11.2024,2690331,1285273
102135982,10187856,1613026,Spiegelgutstrasse,52,8200 Schaffhausen,2939,SH,real,True,15.11.2024,2690398,1286024
102135983,10085748,1610990,Stokarbergstrasse,93,8200 Schaffhausen,2939,SH,real,True,15.11.2024,2688797,1283636
102135984,10019783,1611813,Nordstrasse,22,8200 Schaffhausen,2939,SH,real,True,15.11.2024,2689293,1284051
102135985,10086492,1614127,Hegaustrasse,33,8200 Schaffhausen,2939,SH,real,True,15.11.2024,2690611,1284082
102135986,10025684,1614012,Sonnhaldenweg,2,8200 Schaffhausen,2939,SH,real,True,15.11.2024,2690338,1283969
102135987,10073046,1613279,Im Glockengut,39,8207 Schaffhausen,2939,SH,real,True,15.11.2024,2691168,1286138
102135990,10237812,1609373,Dorfstrasse,9,8240 Thayngen,2920,SH,real,True,15.11.2024,2695230,1289343
102135991,10018143,1609380,Mühlegasse,14,8240 Thayngen,2920,SH,real,True,15.11.2024,2695194,1289425
102135993,10085731,1611892,Querstrasse,13,8200 Schaffhausen,2939,SH,real,True,15.11.2024,2689294,1284846
102135994,10110816,1611958,Stahlwerkstrasse,24,8200 Schaffhausen,2939,SH,real,True,15.11.2024,2689242,1284970
102135995,10073070,1615477,Stuckengässchen,11,8203 Schaffhausen,2939,SH,real,True,15.11.2024,2691512,1283271
102135996,10018662,1615439,Im Freien,16,8203 Schaffhausen,2939,SH,real,True,15.11.2024,2691753,1283089
102135997,10018654,1612525,Hochstrasse,155,8200 Schaffhausen,2939,SH,real,True,15.11.2024,2690058,1284934
102135998,10019787,1612471,Pilgerweg,17,8200 Schaffhausen,2939,SH,real,True,15.11.2024,2689908,1284921
102135999,10018648,1613232,Hanfpünt,31,8207 Schaffhausen,2939,SH,real,True,15.11.2024,2691591,1286702
102136000,10108024,1613413,Kirchbergstrasse,51,8207 Schaffhausen,2939,SH,real,True,15.11.2024,2691607,1286467
102136001,10108024,1613331,Kirchbergstrasse,8,8207 Schaffhausen,2939,SH,real,True,15.11.2024,2691420,1286281
102136003,10192055,2713562,Gänzlerweg,10,8241 Barzheim,2920,SH,real,True,15.11.2024,2696241,1290659
102136004,10048900,190070739,Lohningerweg,69,8240 Thayngen,2920,SH,real,True,15.11.2024,2694430,1289484
102136005,10019292,2711221,Eigerstrasse,4,8200 Schaffhausen,2939,SH,real,True,15.11.2024,2690112,1284163
102136006,10019777,1610658,Moserstrasse,12,8200 Schaffhausen,2939,SH,real,False,15.11.2024,2690153,1283441
102136007,10018681,2029993,Lindliweg,2,8200 Schaffhausen,2939,SH,real,True,15.11.2024,2690985,1283219
102136009,10073075,1614237,Ungarbühlstrasse,86,8200 Schaffhausen,2939,SH,real,True,15.11.2024,2690412,1284381
102136010,10086766,1614398,Klausweg,14,8200 Schaffhausen,2939,SH,real,True,15.11.2024,2690358,1284523
102136012,10085730,1614982,Pilatusstrasse,26,8203 Schaffhausen,2939,SH,real,True,15.11.2024,2691715,1283873
102136013,10025692,1613180,Stettemerstrasse,151,8207 Schaffhausen,2939,SH,real,True,15.11.2024,2691586,1286981
102136017,10118147,1615414,Windeggstrasse,44,8203 Schaffhausen,2939,SH,real,True,15.11.2024,2691328,1283297
102136019,10085736,1610955,Schildgutstrasse,5,8200 Schaffhausen,2939,SH,real,True,15.11.2024,2688706,1283676
102136020,10180882,1610826,Im Stemmerli,17,8200 Schaffhausen,2939,SH,real,True,15.11.2024,2691894,1282531
102136022,10018641,1613790,Glärnischstrasse,20,8200 Schaffhausen,2939,SH,real,True,15.11.2024,2690729,1283517
102136030,10018654,1612328,Hochstrasse,73,8200 Schaffhausen,2939,SH,real,True,15.11.2024,2689873,1284523
102136031,10108024,1613394,Kirchbergstrasse,19b,8207 Schaffhausen,2939,SH,real,True,15.11.2024,2691454,1286345
102136032,10018652,1615352,Hintergasse,2,8203 Schaffhausen,2939,SH,real,True,15.11.2024,2691414,1283665
102136033,10018157,1609589,Zieglerweg,54,8240 Thayngen,2920,SH,real,True,15.11.2024,2694728,1289797
102136034,10018654,1612829,Hochstrasse,288,8200 Schaffhausen,2939,SH,real,True,15.11.2024,2690656,1285659
102136035,10108021,1612100,Hauentalstrasse,155,8200 Schaffhausen,2939,SH,real,True,15.11.2024,2688715,1285645
102136038,10108010,1609487,Buechetellenweg,9b,8240 Thayngen,2920,SH,real,True,15.11.2024,2695033,1290091
102136039,10048903,1609849,Schaffhauserstrasse,29,8240 Thayngen,2920,SH,real,True,15.11.2024,2694520,1289314
102136040,10086486,1612575,Geissbergstrasse,82,8200 Schaffhausen,2939,SH,real,True,15.11.2024,2690020,1285164
102136041,10186345,1613661,Beckenwäldli,7,8207 Schaffhausen,2939,SH,real,True,15.11.2024,2692047,1287119
102136043,10073048,1613882,Kamorstrasse,4,8200 Schaffhausen,2939,SH,real,True,15.11.2024,2690364,1283708
102136044,10018469,473602,Schönebueche,17,8222 Beringen,2932,SH,real,True,15.11.2024,2685522,1284011
102136045,10091223,473335,Schützeweg,20,8222 Beringen,2932,SH,real,True,15.11.2024,2685402,1284062
102136051,10237812,2025358,Dorfstrasse,1,8240 Thayngen,2920,SH,real,True,15.11.2024,2695162,1289309
102136052,10237812,1609370,Dorfstrasse,3,8240 Thayngen,2920,SH,real,True,15.11.2024,2695191,1289333
102136053,10179716,1611049,Hermann Rorschach-Strasse,1,8200 Schaffhausen,2939,SH,real,True,15.11.2024,2688549,1283930
102136056,10086481,3122139,Fischerhäuserstrasse,47,8200 Schaffhausen,2939,SH,real,True,15.11.2024,2690520,1283429
102136059,10185488,472988,Allerrietstrasse,35,8222 Beringen,2932,SH,real,True,15.11.2024,2687455,1283436
102136064,10086491,1611863,Haldenstrasse,24,8200 Schaffhausen,2939,SH,real,True,15.11.2024,2689351,1284665
102136065,10180882,1610824,Im Stemmerli,21,8200 Schaffhausen,2939,SH,real,True,15.11.2024,2691874,1282541
102136066,10113193,1614649,Birkenstrasse,8,8200 Schaffhausen,2939,SH,real,True,15.11.2024,2690886,1284454
102136067,10103226,1610753,Rheinbühlstrasse,23,8200 Schaffhausen,2939,SH,real,True,15.11.2024,2691380,1282894
102136070,10086476,1615456,Büsingerstrasse,10,8203 Schaffhausen,2939,SH,real,True,15.11.2024,2691603,1283561
102136072,10026388,1609041,Chlenglerweg,74,8240 Thayngen,2920,SH,real,True,15.11.2024,2696440,1289332
102136075,10073638,473495,Haldenweg,2,8222 Beringen,2932,SH,real,True,15.11.2024,2684839,1283923
102136076,10110815,1611668,Lägernstrasse,20,8200 Schaffhausen,2939,SH,real,True,15.11.2024,2688661,1284886
102136077,10025696,1615030,Sustenweg,1,8200 Schaffhausen,2939,SH,real,True,15.11.2024,2690805,1283806
102136078,10178606,1611574,Etzelstrasse,4,8200 Schaffhausen,2939,SH,real,True,15.11.2024,2688167,1284584
102136082,10161002,471204,Untere Junkholzstrasse,9,8241 Barzheim,2920,SH,real,True,15.11.2024,2695969,1290279
102136083,10026388,1609064,Chlenglerweg,53,8240 Thayngen,2920,SH,real,True,15.11.2024,2696316,1289386
102136084,10121048,1609578,Oberbildweg,6,8240 Thayngen,2920,SH,real,True,15.11.2024,2694781,1289607
102136085,10048903,1609846,Schaffhauserstrasse,35,8240 Thayngen,2920,SH,real,True,15.11.2024,2694482,1289325
102136086,10110810,473197,Neuweg,47,8222 Beringen,2932,SH,real,True,15.11.2024,2685762,1283746
102136087,10019555,473424,Vogelhof,14,8222 Beringen,2932,SH,real,True,15.11.2024,2685180,1283886
102136088,10025705,1610659,Unterstadt,19,8200 Schaffhausen,2939,SH,real,True,15.11.2024,2690129,1283485
102136089,10186932,1610975,Rehgütliweg,2,8200 Schaffhausen,2939,SH,real,True,15.11.2024,2689041,1283701
102136090,10018654,1612886,Hochstrasse,275,8200 Schaffhausen,2939,SH,real,True,15.11.2024,2690514,1285597
102136091,10117545,1612422,Finsterwaldstrasse,21,8200 Schaffhausen,2939,SH,real,True,15.11.2024,2689738,1284581
102136092,10046628,1613817,Ringstrasse,4,8200 Schaffhausen,2939,SH,real,True,15.11.2024,2690464,1283862
102136093,10086770,1611240,Langhansergässchen,25,8200 Schaffhausen,2939,SH,real,True,15.11.2024,2688170,1284456
102136094,10086478,1614506,Eibenweg,5,8200 Schaffhausen,2939,SH,real,True,15.11.2024,2690473,1284682
102136095,10186340,473090,Schaffhauserstrasse,78,8222 Beringen,2932,SH,real,True,15.11.2024,2685937,1283463
102136096,10186340,473092,Schaffhauserstrasse,86,8222 Beringen,2932,SH,real,True,15.11.2024,2686036,1283439
102136098,10085730,1614999,Pilatusstrasse,27,8203 Schaffhausen,2939,SH,real,True,15.11.2024,2691699,1283835
102136099,10178602,1615084,Albulastrasse,5,8200 Schaffhausen,2939,SH,real,True,15.11.2024,2691026,1283794
102136100,10018654,1612909,Hochstrasse,315,8200 Schaffhausen,2939,SH,real,True,19.11.2024,2690677,1285740
102136101,10046617,1612848,Falkenstrasse,5,8200 Schaffhausen,2939,SH,real,True,15.11.2024,2690798,1285749
102136102,10187858,1610790,Vögelingässchen,40,8200 Schaffhausen,2939,SH,real,True,15.11.2024,2691788,1282709
102136103,10106951,1610800,Rheinhaldenstrasse,92,8200 Schaffhausen,2939,SH,real,True,15.11.2024,2691722,1282649
102136104,10187858,1610809,Vögelingässchen,60,8200 Schaffhausen,2939,SH,real,True,15.11.2024,2691992,1282630
102136105,10180882,1610821,Im Stemmerli,11,8200 Schaffhausen,2939,SH,real,True,15.11.2024,2691921,1282525
102136114,10124087,1615368,Kohlfirststrasse,9,8203 Schaffhausen,2939,SH,real,True,15.11.2024,2691389,1283533
102136115,10091223,473334,Schützeweg,22,8222 Beringen,2932,SH,real,True,15.11.2024,2685391,1284089
102136116,10018469,473592,Schönebueche,31,8222 Beringen,2932,SH,real,True,15.11.2024,2685498,1284144
102136118,10179726,1611113,Rietstrasse,75,8200 Schaffhausen,2939,SH,real,True,15.11.2024,2688688,1284070
102136119,10106952,1611160,Sandackerstrasse,10,8200 Schaffhausen,2939,SH,real,True,15.11.2024,2688445,1284108
102136120,10046625,1611155,Quellenstrasse,31,8200 Schaffhausen,2939,SH,real,True,15.11.2024,2688479,1284213
102136121,10019785,1611179,Oerlifallstieg,12,8200 Schaffhausen,2939,SH,real,True,15.11.2024,2688234,1284027
102136122,10018657,1611489,Hohlenbaumstrasse,45,8200 Schaffhausen,2939,SH,real,True,15.11.2024,2688474,1284549
102136123,10179720,1611550,Lahnhalde,25,8200 Schaffhausen,2939,SH,real,True,15.11.2024,2688334,1284652
102136124,10085732,1610429,Rheinhof,8,8200 Schaffhausen,2939,SH,real,True,15.11.2024,2689646,1283283
102136125,10178603,2028281,Baumgartenstrasse,15,8200 Schaffhausen,2939,SH,real,True,15.11.2024,2689950,1283345
102136126,10018636,1614468,Föhrenstieg,14,8200 Schaffhausen,2939,SH,real,True,15.11.2024,2690785,1284441
102136128,10019284,1614544,Buchenstrasse,12,8200 Schaffhausen,2939,SH,real,True,15.11.2024,2690574,1284657
102136129,10018346,1614420,Fichtenstrasse,5,8200 Schaffhausen,2939,SH,real,True,15.11.2024,2690630,1284458
102136130,10085743,1613960,Speerstrasse,31,8200 Schaffhausen,2939,SH,real,True,15.11.2024,2690666,1283724
102136131,10073048,1613859,Kamorstrasse,47,8200 Schaffhausen,2939,SH,real,True,15.11.2024,2690629,1283652
102136189,10018670,1614287,Kirschenweg,5,8200 Schaffhausen,2939,SH,real,True,15.11.2024,2691029,1284203
102136190,10018669,1614912,Kesselstrasse,27,8200 Schaffhausen,2939,SH,real,True,15.11.2024,2691063,1283937
102136191,10187856,1613031,Spiegelgutstrasse,40,8200 Schaffhausen,2939,SH,real,True,15.11.2024,2690449,1286005
102136192,10019796,1614796,Rheinhardstrasse,3,8200 Schaffhausen,2939,SH,real,True,15.11.2024,2691014,1284818
102136196,10132132,1615229,Bruderhöflistrasse,15,8203 Schaffhausen,2939,SH,real,True,15.11.2024,2691042,1283390
102136197,10018650,1610723,Heerenweg,7,8200 Schaffhausen,2939,SH,real,True,15.11.2024,2691022,1283286
102136198,10132132,1615251,Bruderhöflistrasse,40,8203 Schaffhausen,2939,SH,real,True,15.11.2024,2691159,1283405
102136199,10086475,1615274,Buchthalerstrasse,122,8203 Schaffhausen,2939,SH,real,True,15.11.2024,2691222,1283454
102136200,10025710,1615305,Windeggstieg,11,8203 Schaffhausen,2939,SH,real,True,15.11.2024,2691172,1283344
102136202,10120409,1609396,Schulstrasse,1b,8240 Thayngen,2920,SH,real,True,15.11.2024,2695356,1289367
102136203,10108012,1609355,Reckholdersbüelweg,5,8240 Thayngen,2920,SH,real,True,15.11.2024,2695371,1289665
102136205,10019790,1610075,Posthof,5,8200 Schaffhausen,2939,SH,real,True,15.11.2024,2689637,1283610
102136206,10187854,1610585,Pestalozzistrasse,4,8200 Schaffhausen,2939,SH,real,True,15.11.2024,2689978,1283848
102136207,10018660,1614037,Höhenweg,27,8200 Schaffhausen,2939,SH,real,True,15.11.2024,2690436,1284086
102136210,10237816,1609625,Im Kloster,28,8240 Thayngen,2920,SH,real,True,15.11.2024,2694968,1289490
102136211,10018144,1609701,Neuhausweg,2,8240 Thayngen,2920,SH,real,True,15.11.2024,2694926,1289367
102136214,10018462,473155,Oberberg,39,8222 Beringen,2932,SH,real,True,15.11.2024,2685982,1283851
102136215,10087072,473021,Neugrüthalde,33,8222 Beringen,2932,SH,real,True,15.11.2024,2686327,1283682
102136216,10186340,473568,Schaffhauserstrasse,40,8222 Beringen,2932,SH,real,True,15.11.2024,2685621,1283446
102136217,10086491,1611868,Haldenstrasse,31,8200 Schaffhausen,2939,SH,real,True,15.11.2024,2689292,1284687
102136218,10179723,9012836,Nelkenstrasse,2,8200 Schaffhausen,2939,SH,real,True,15.11.2024,2689289,1284545
102136219,10178604,1611736,Breitenaustrasse,148,8200 Schaffhausen,2939,SH,real,True,15.11.2024,2688858,1284794
102136220,10085754,1610891,Urwerf,18,8200 Schaffhausen,2939,SH,real,True,15.11.2024,2689030,1283374
102136221,10073031,1614050,Feldstrasse,5,8200 Schaffhausen,2939,SH,real,True,15.11.2024,2690435,1283941
102136222,10018660,1614046,Höhenweg,22,8200 Schaffhausen,2939,SH,real,True,15.11.2024,2690402,1284022
102136223,10073063,1614157,Sandweg,3,8200 Schaffhausen,2939,SH,real,True,15.11.2024,2690481,1284068
102136224,10120409,2024943,Schulstrasse,14,8240 Thayngen,2920,SH,real,True,15.11.2024,2695389,1289502
102136225,10073630,1609331,Steigstrasse,18,8240 Thayngen,2920,SH,real,True,15.11.2024,2695266,1289722
102136229,10085733,1611205,Riethaldenstieg,11,8200 Schaffhausen,2939,SH,real,True,15.11.2024,2688189,1284382
102136230,10073628,1609633,Liblosenweg,2,8240 Thayngen,2920,SH,real,True,15.11.2024,2695064,1289361
102136235,10018655,1614143,Hohenkrähenstrasse,27,8200 Schaffhausen,2939,SH,real,True,15.11.2024,2690643,1284043
102136236,10113201,1614087,Reiatstrasse,11,8200 Schaffhausen,2939,SH,real,True,15.11.2024,2690543,1283943
102136237,10178604,1611782,Breitenaustrasse,158a,8200 Schaffhausen,2939,SH,real,True,15.11.2024,2688894,1284858
102136238,10085721,1611907,Lochstrasse,34,8200 Schaffhausen,2939,SH,real,True,15.11.2024,2689316,1284968
102136241,10111813,190013414,Speckweg,30,8240 Thayngen,2920,SH,real,True,15.11.2024,2694340,1289313
102136243,10018654,1612834,Hochstrasse,300,8200 Schaffhausen,2939,SH,real,True,15.11.2024,2690690,1285723
102136244,10086473,1612756,Bocksrietstrasse,70,8200 Schaffhausen,2939,SH,real,True,15.11.2024,2690754,1285615
102136245,10086479,1611087,Engehaldenweg,48,8200 Schaffhausen,2939,SH,real,True,15.11.2024,2688259,1283985
102136246,10108021,1612006,Hauentalstrasse,58,8200 Schaffhausen,2939,SH,real,True,15.11.2024,2689022,1285251
102136247,10179725,1615385,Rebweg,18,8203 Schaffhausen,2939,SH,real,True,15.11.2024,2691362,1283452
102136248,10018640,1612549,Geissmattstrasse,9,8200 Schaffhausen,2939,SH,real,True,15.11.2024,2689964,1285044
102136249,10018639,1612541,Geisshaldenweg,21,8200 Schaffhausen,2939,SH,real,True,15.11.2024,2690026,1284991
102136250,10025692,1613167,Stettemerstrasse,131a,8207 Schaffhausen,2939,SH,real,True,15.11.2024,2691455,1286828
102136251,10025692,1613165,Stettemerstrasse,129,8207 Schaffhausen,2939,SH,real,True,15.11.2024,2691431,1286788
102136252,10073050,1613224,Kreuzgutweg,15,8207 Schaffhausen,2939,SH,real,True,15.11.2024,2691505,1286623
102136253,10019778,9012727,Munotstrasse,27,8200 Schaffhausen,2939,SH,real,True,15.11.2024,2690094,1283777
102136256,10025644,2025026,Bahnhofstrasse,26,8240 Thayngen,2920,SH,real,True,15.11.2024,2695049,1289178
102136257,10026381,1609196,Bahnweg,19,8240 Thayngen,2920,SH,real,True,15.11.2024,2695673,1289132
102136258,10111812,1609158,Ebringerstrasse,4,8240 Thayngen,2920,SH,real,True,15.11.2024,2695742,1289291
102136259,10185484,1609189,Guggenbüelweg,19,8240 Thayngen,2920,SH,real,True,15.11.2024,2695662,1289175
102136260,10073642,473217,Löwenhof,1,8222 Beringen,2932,SH,real,True,15.11.2024,2685248,1283618
102136261,10019287,1610914,Bühlstrasse,33,8200 Schaffhausen,2939,SH,real,True,15.11.2024,2688932,1283882
102136262,10019788,1611986,Plattenweg,23,8200 Schaffhausen,2939,SH,real,True,15.11.2024,2689238,1285092
102136263,10179714,1612867,Gemsgasse,2,8200 Schaffhausen,2939,SH,real,True,15.11.2024,2690308,1285426
102136265,10018669,190631833,Kesselstrasse,33,8200 Schaffhausen,2939,SH,real,True,15.11.2024,2691107,1283898
102136266,10048900,1609598,Lohningerweg,11,8240 Thayngen,2920,SH,real,True,15.11.2024,2694850,1289510
102136267,10048900,1609664,Lohningerweg,44,8240 Thayngen,2920,SH,real,True,15.11.2024,2694569,1289551
102136268,10018665,1613694,Im Trenschen,5,8207 Schaffhausen,2939,SH,real,True,15.11.2024,2691980,1286948
102136269,10073055,1613092,Mühlentalstrasse,280,8200 Schaffhausen,2939,SH,real,True,15.11.2024,2689432,1286664
102136273,10046633,1615142,Unterer Schulweg,13,8203 Schaffhausen,2939,SH,real,True,15.11.2024,2691177,1283708
102136275,10113192,1614642,Alleeweg,3,8200 Schaffhausen,2939,SH,real,True,15.11.2024,2690956,1284464
102136282,10019788,1612076,Plattenweg,42,8200 Schaffhausen,2939,SH,real,True,15.11.2024,2689177,1285255
102136283,10025691,1610893,Steigstrasse,77,8200 Schaffhausen,2939,SH,real,True,15.11.2024,2689252,1283727
102136284,10046625,2711322,Quellenstrasse,16d,8200 Schaffhausen,2939,SH,real,True,15.11.2024,2688592,1284097
102136286,10046625,1611124,Quellenstrasse,2b,8200 Schaffhausen,2939,SH,real,True,15.11.2024,2688526,1283987
102136287,10086470,1610595,Bachstrasse,16,8200 Schaffhausen,2939,SH,real,True,15.11.2024,2690049,1283530
102136288,10025705,1610643,Unterstadt,41,8200 Schaffhausen,2939,SH,real,True,15.11.2024,2690057,1283493
102136289,10118359,1614584,Baumschulstrasse,20,8200 Schaffhausen,2939,SH,real,True,15.11.2024,2690687,1284713
102136290,10018661,1614597,Im Eschengut,2,8200 Schaffhausen,2939,SH,real,True,15.11.2024,2690789,1284759
102136291,10019796,2029753,Rheinhardstrasse,6,8200 Schaffhausen,2939,SH,real,True,15.11.2024,2691023,1284761
102136292,10121173,1614488,Lärchenstrasse,9,8200 Schaffhausen,2939,SH,real,True,15.11.2024,2690839,1284398
102136295,10019804,1613958,Schildstrasse,20,8200 Schaffhausen,2939,SH,real,True,15.11.2024,2690624,1283822
102136301,10086490,1614175,Grubenstrasse,21,8200 Schaffhausen,2939,SH,real,True,15.11.2024,2690290,1284189
102136303,10087049,1609650,Egelseeweg,4,8240 Thayngen,2920,SH,real,True,15.11.2024,2694730,1289587
102136304,10018158,1609587,Zielhagweg,28,8240 Thayngen,2920,SH,real,True,15.11.2024,2694642,1289810
102136305,10087051,1609505,Gygerweg,8,8240 Thayngen,2920,SH,real,True,15.11.2024,2694859,1290126
102136307,10178315,473533,Schleitheimerstrasse,7,8222 Beringen,2932,SH,real,True,15.11.2024,2685166,1283651
102136310,10087071,473544,Klösterli,21,8222 Beringen,2932,SH,real,True,15.11.2024,2685053,1283566
102136311,10018468,190199978,Schwärziweg,41,8222 Beringen,2932,SH,real,True,15.11.2024,2686091,1283602
102136313,10019782,1613191,Neutrottenstrasse,43,8207 Schaffhausen,2939,SH,real,True,15.11.2024,2691175,1286251
102136314,10046620,1611635,Irchelstrasse,20,8200 Schaffhausen,2939,SH,real,True,15.11.2024,2688684,1284702
102136315,10073034,1610970,Friedbergstrasse,34,8200 Schaffhausen,2939,SH,real,True,15.11.2024,2688997,1283531
102136316,10118144,1610492,Hintersteig,39,8200 Schaffhausen,2939,SH,real,True,15.11.2024,2689365,1283754
102136317,10085756,1610135,Webergasse,14,8200 Schaffhausen,2939,SH,real,True,15.11.2024,2689900,1283765
102136318,10113196,1614207,Grubenstieg,7,8200 Schaffhausen,2939,SH,real,True,15.11.2024,2690329,1284313
102136320,10086490,2030041,Grubenstrasse,1,8200 Schaffhausen,2939,SH,real,True,15.11.2024,2690193,1284130
102136321,10187854,1613747,Pestalozzistrasse,50,8200 Schaffhausen,2939,SH,real,True,15.11.2024,2690240,1283942
102136322,10108021,1612096,Hauentalstrasse,109,8200 Schaffhausen,2939,SH,real,True,15.11.2024,2688818,1285492
102136323,10019278,1612162,Birchweg,25,8200 Schaffhausen,2939,SH,real,True,15.11.2024,2689384,1285529
102136326,10110816,1611936,Stahlwerkstrasse,13,8200 Schaffhausen,2939,SH,real,True,15.11.2024,2689159,1284955
102136327,10085748,1610881,Stokarbergstrasse,1,8200 Schaffhausen,2939,SH,real,True,15.11.2024,2689258,1283704
102136329,10179729,2711330,Sommerhalde,2,8200 Schaffhausen,2939,SH,real,True,15.11.2024,2688586,1286055
102136333,10073044,1614145,Hohentwielstrasse,6,8200 Schaffhausen,2939,SH,real,True,15.11.2024,2690615,1283915
102136334,10018450,473290,Eggeweg,5,8222 Beringen,2932,SH,real,True,15.11.2024,2685533,1283754
102136335,10186340,473237,Schaffhauserstrasse,19,8222 Beringen,2932,SH,real,True,15.11.2024,2685488,1283502
102136336,10019282,1612681,Bocksrietweg,26,8200 Schaffhausen,2939,SH,real,True,15.11.2024,2690440,1285461
102136337,10128950,1613720,Frohbergstrasse,3,8200 Schaffhausen,2939,SH,real,True,15.11.2024,2690160,1284050
102136338,10018645,1612631,Grünaustieg,7,8200 Schaffhausen,2939,SH,real,True,15.11.2024,2690654,1285419
102136340,10085742,1611314,Sonnenstrasse,10,8200 Schaffhausen,2939,SH,real,True,15.11.2024,2688512,1284342
102136341,10019803,1612911,Sandlöchlistrasse,3,8200 Schaffhausen,2939,SH,real,True,15.11.2024,2690701,1285804
102136342,10113201,1614106,Reiatstrasse,2,8200 Schaffhausen,2939,SH,real,True,15.11.2024,2690560,1283880
102136344,10113202,1614369,Schlösslistieg,9,8200 Schaffhausen,2939,SH,real,True,15.11.2024,2690435,1284420
102136345,10086766,1614570,Klausweg,43,8200 Schaffhausen,2939,SH,real,True,15.11.2024,2690679,1284537
102136346,10073075,1614332,Ungarbühlstrasse,49,8200 Schaffhausen,2939,SH,real,True,15.11.2024,2690197,1284277
102136347,10178604,1611729,Breitenaustrasse,128,8200 Schaffhausen,2939,SH,real,True,15.11.2024,2688891,1284655
102136350,10085756,1610186,Webergasse,5,8200 Schaffhausen,2939,SH,real,True,15.11.2024,2689918,1283759
102136352,10087052,1609749,Im Gatter,5,8240 Thayngen,2920,SH,real,True,15.11.2024,2694995,1289338
102136353,10018682,1611454,Lunastrasse,3,8200 Schaffhausen,2939,SH,real,True,15.11.2024,2688729,1284562
102136354,10073022,1614970,Alpenstrasse,171,8203 Schaffhausen,2939,SH,real,True,15.11.2024,2691659,1283745
102136355,10113193,1614578,Birkenstrasse,25,8200 Schaffhausen,2939,SH,real,True,15.11.2024,2690707,1284641
102136357,10025697,1613786,Säntisstrasse,76,8200 Schaffhausen,2939,SH,real,True,15.11.2024,2690706,1283608
102136359,10073022,1614859,Alpenstrasse,91,8200 Schaffhausen,2939,SH,real,True,15.11.2024,2690953,1283853
102136362,10019279,1611355,Blumenaustrasse,22,8200 Schaffhausen,2939,SH,real,True,15.11.2024,2688471,1284435
102136367,10046625,2711320,Quellenstrasse,16b,8200 Schaffhausen,2939,SH,real,True,15.11.2024,2688575,1284102
102136368,10111811,1609256,Barterweg,23,8240 Thayngen,2920,SH,real,True,15.11.2024,2695787,1289436
102136369,10019269,1614679,Akazienstrasse,37,8200 Schaffhausen,2939,SH,real,True,15.11.2024,2691112,1284529
102136372,10025684,1614013,Sonnhaldenweg,6,8200 Schaffhausen,2939,SH,real,True,15.11.2024,2690349,1283995
102136373,10120406,1609554,Biberstrasse,116,8240 Thayngen,2920,SH,real,True,15.11.2024,2694239,1289996
102136377,10073067,1611068,Sonnenburggutstrasse,55,8200 Schaffhausen,2939,SH,real,True,15.11.2024,2688635,1283931
102136379,10026388,1609160,Chlenglerweg,2,8240 Thayngen,2920,SH,real,True,15.11.2024,2695964,1289335
102136380,10086490,1614276,Grubenstrasse,127f,8200 Schaffhausen,2939,SH,real,True,15.11.2024,2691065,1284340
102136381,10086761,1613581,Im Brüel,2,8207 Schaffhausen,2939,SH,real,True,15.11.2024,2691864,1286390
102136384,10018468,473136,Schwärziweg,11,8222 Beringen,2932,SH,real,True,15.11.2024,2685847,1283585
102136385,10086492,1614070,Hegaustrasse,15,8200 Schaffhausen,2939,SH,real,True,15.11.2024,2690490,1284013
102136386,10019271,1614775,Artilleriestrasse,33,8200 Schaffhausen,2939,SH,real,True,15.11.2024,2691419,1284422
102136388,10118360,1612982,Jägerstrasse,9,8200 Schaffhausen,2939,SH,real,True,15.11.2024,2690415,1285847
102136389,10025692,1613176,Stettemerstrasse,145,8207 Schaffhausen,2939,SH,real,True,15.11.2024,2691535,1286911
102136391,10178604,1611423,Breitenaustrasse,131,8200 Schaffhausen,2939,SH,real,True,15.11.2024,2688854,1284605
102136392,10018682,1611459,Lunastrasse,8,8200 Schaffhausen,2939,SH,real,True,15.11.2024,2688685,1284581
102136393,10187856,1613001,Spiegelgutstrasse,31,8200 Schaffhausen,2939,SH,real,True,15.11.2024,2690560,1285960
102136394,10025700,1613475,Trüllenbuck,55,8207 Schaffhausen,2939,SH,real,True,15.11.2024,2691725,1286648
102136395,10026388,1609165,Chlenglerweg,18,8240 Thayngen,2920,SH,real,True,15.11.2024,2696089,1289364
102136396,10086475,1615173,Buchthalerstrasse,161,8203 Schaffhausen,2939,SH,real,True,15.11.2024,2691353,1283752
102136398,10117545,1612477,Finsterwaldstrasse,99,8200 Schaffhausen,2939,SH,real,True,15.11.2024,2689945,1284892
102136399,10025695,2027839,Stüdliackerstrasse,4,8207 Schaffhausen,2939,SH,real,False,15.11.2024,2691965,1286295
102136400,10046617,1612851,Falkenstrasse,11,8200 Schaffhausen,2939,SH,real,True,15.11.2024,2690773,1285790
102136405,10108012,1609357,Reckholdersbüelweg,16,8240 Thayngen,2920,SH,real,True,15.11.2024,2695389,1289740
102136406,10110816,1611967,Stahlwerkstrasse,33,8200 Schaffhausen,2939,SH,real,True,15.11.2024,2689267,1285001
102136408,10110810,473253,Neuweg,40,8222 Beringen,2932,SH,real,True,15.11.2024,2685688,1283714
102136412,10018633,1613105,Freudental,9,8200 Schaffhausen,2939,SH,real,True,15.11.2024,2689501,1288496
102136413,10018677,1611557,Lahnstieg,23,8200 Schaffhausen,2939,SH,real,True,15.11.2024,2688303,1284596
102136414,10025695,1613601,Stüdliackerstrasse,17,8207 Schaffhausen,2939,SH,real,True,15.11.2024,2691999,1286391
102136418,10018457,473350,Herrengasse,1,8222 Beringen,2932,SH,real,True,15.11.2024,2685297,1283792
102136421,10073069,1612923,Steingutstrasse,3,8200 Schaffhausen,2939,SH,real,True,15.11.2024,2690362,1285569
102136422,10073022,1613947,Alpenstrasse,58,8200 Schaffhausen,2939,SH,real,True,15.11.2024,2690707,1283839
102136423,10237818,1609127,Rebbergstrasse,84,8240 Thayngen,2920,SH,real,True,15.11.2024,2696288,1289456
102136424,10111812,1609056,Ebringerstrasse,111,8240 Thayngen,2920,SH,real,True,15.11.2024,2696484,1289276
102136428,10118147,1615474,Windeggstrasse,25,8203 Schaffhausen,2939,SH,real,True,15.11.2024,2691449,1283330
102136429,10073070,1615479,Stuckengässchen,27,8203 Schaffhausen,2939,SH,real,True,15.11.2024,2691554,1283222
102136430,10018662,1615442,Im Freien,18,8203 Schaffhausen,2939,SH,real,True,15.11.2024,2691731,1283055
102136431,10103226,1610747,Rheinbühlstrasse,5,8200 Schaffhausen,2939,SH,real,True,15.11.2024,2691293,1282967
102136432,10019787,1612468,Pilgerweg,9,8200 Schaffhausen,2939,SH,real,True,15.11.2024,2689875,1284853
102136433,10086471,190174980,Belairstrasse,8,8200 Schaffhausen,2939,SH,real,True,15.11.2024,2688658,1284182
102136434,10046630,1612491,Rothüsliweg,1,8200 Schaffhausen,2939,SH,real,True,15.11.2024,2689925,1284692
102136435,10025683,1613289,Sonnenberg,26,8207 Schaffhausen,2939,SH,real,True,15.11.2024,2691105,1285989
102136436,10025683,1613261,Sonnenberg,9,8207 Schaffhausen,2939,SH,real,True,15.11.2024,2691133,1285971
102136437,10073035,1612668,Fulachstrasse,281,8200 Schaffhausen,2939,SH,real,True,15.11.2024,2691118,1285766
102136438,10018447,190174259,Benzeweg,45e,8222 Beringen,2932,SH,real,True,15.11.2024,2686496,1283617
102136439,10086768,1613812,Korallenstrasse,18,8200 Schaffhausen,2939,SH,real,True,15.11.2024,2690432,1283786
102136441,10018638,1612529,Geissbergstieg,7,8200 Schaffhausen,2939,SH,real,True,15.11.2024,2690011,1285062
102136442,10019281,1612700,Bocksrietstieg,18,8200 Schaffhausen,2939,SH,real,True,15.11.2024,2690487,1285413
102136443,10025700,1613478,Trüllenbuck,63,8207 Schaffhausen,2939,SH,real,True,15.11.2024,2691793,1286686
102136444,10113201,1614084,Reiatstrasse,5,8200 Schaffhausen,2939,SH,real,True,15.11.2024,2690544,1283906
102136445,10186345,1613670,Beckenwäldli,23,8207 Schaffhausen,2939,SH,real,True,15.11.2024,2692095,1287026
102136446,10046615,3122147,Dützebüelstrasse,18,8207 Schaffhausen,2939,SH,real,True,15.11.2024,2692037,1286759
102136447,10073051,101206892,Krummacker,36,8207 Schaffhausen,2939,SH,real,True,15.11.2024,2691732,1286818
102136448,10106947,101414982,Dachsenbüelstrasse,1,8200 Schaffhausen,2939,SH,real,True,15.11.2024,2690310,1286552
102136450,10086475,1615240,Buchthalerstrasse,102,8203 Schaffhausen,2939,SH,real,True,15.11.2024,2691027,1283432
102136451,10073031,1614057,Feldstrasse,2,8200 Schaffhausen,2939,SH,real,True,15.11.2024,2690457,1283914
102136453,10087053,1609285,Im Oberhof,29,8240 Thayngen,2920,SH,real,True,15.11.2024,2695553,1289443
102136454,10073069,1612939,Steingutstrasse,33,8200 Schaffhausen,2939,SH,real,True,15.11.2024,2690518,1285705
102136455,10019803,1612953,Sandlöchlistrasse,5,8200 Schaffhausen,2939,SH,real,True,15.11.2024,2690689,1285826
102136456,10085740,1614965,Seewadelstrasse,20,8203 Schaffhausen,2939,SH,real,True,15.11.2024,2691517,1283850
102136457,10086488,1613704,Gennersbrunnerstrasse,61,8207 Schaffhausen,2939,SH,real,True,15.11.2024,2691910,1285918
102136459,10018468,473135,Schwärziweg,10,8222 Beringen,2932,SH,real,True,15.11.2024,2685813,1283561
102136515,10110810,473203,Neuweg,71,8222 Beringen,2932,SH,real,True,15.11.2024,2686000,1283739
102136516,10120411,473047,Gässlistieg,10,8222 Beringen,2932,SH,real,True,15.11.2024,2686155,1283606
102136517,10085738,1611955,Schwarzadlerstrasse,14,8200 Schaffhausen,2939,SH,real,True,15.11.2024,2689239,1284956
102136518,10085721,1612049,Lochstrasse,55,8200 Schaffhausen,2939,SH,real,True,15.11.2024,2689338,1285058
102136519,10085738,190055944,Schwarzadlerstrasse,3,8200 Schaffhausen,2939,SH,real,True,15.11.2024,2689247,1284909
102136520,10073055,190197363,Mühlentalstrasse,264,8200 Schaffhausen,2939,SH,real,True,15.11.2024,2689576,1285848
102136521,10179729,9012760,Sommerhalde,1,8200 Schaffhausen,2939,SH,real,True,15.11.2024,2688590,1286034
102136522,10018655,1614141,Hohenkrähenstrasse,23,8200 Schaffhausen,2939,SH,real,True,15.11.2024,2690641,1284014
102136523,10120409,1609388,Schulstrasse,11,8240 Thayngen,2920,SH,real,True,15.11.2024,2695367,1289453
102136524,10018155,1609305,Wanngasse,17,8240 Thayngen,2920,SH,real,True,15.11.2024,2695575,1289353
102136525,10117540,1609279,Franzengässli,8,8240 Thayngen,2920,SH,real,True,15.11.2024,2695607,1289383
102136526,10130701,190002281,Barzingergasse,4,8240 Thayngen,2920,SH,real,True,15.11.2024,2695339,1289599
102136527,10185483,1609244,Buchbergstrasse,13,8240 Thayngen,2920,SH,real,True,15.11.2024,2695708,1289558
102136528,10190888,1614934,Winkelriedstrasse,40,8203 Schaffhausen,2939,SH,real,True,15.11.2024,2691376,1283946
102136529,10085740,1614941,Seewadelstrasse,11,8203 Schaffhausen,2939,SH,real,True,15.11.2024,2691398,1283885
102136531,10025707,1611041,Vorderenge,7,8200 Schaffhausen,2939,SH,real,True,15.11.2024,2688569,1283458
102136532,10179716,1611058,Hermann Rorschach-Strasse,27,8200 Schaffhausen,2939,SH,real,True,15.11.2024,2688570,1283731
102136533,10108021,1611919,Hauentalstrasse,33,8200 Schaffhausen,2939,SH,real,True,15.11.2024,2689043,1285117
102136534,10108021,1612007,Hauentalstrasse,60,8200 Schaffhausen,2939,SH,real,True,15.11.2024,2689029,1285253
102136535,10146886,190056274,Brunnackerstrasse,10,8200 Schaffhausen,2939,SH,real,True,15.11.2024,2688329,1284142
102136536,10073052,1611502,Lahnstrasse,7,8200 Schaffhausen,2939,SH,real,True,15.11.2024,2688477,1284753
102136537,10046628,1613822,Ringstrasse,18,8200 Schaffhausen,2939,SH,real,True,15.11.2024,2690481,1283785
102136538,10073035,1612596,Fulachstrasse,167,8200 Schaffhausen,2939,SH,real,True,15.11.2024,2690343,1285243
102136539,10073056,1610316,Neustadt,47,8200 Schaffhausen,2939,SH,real,True,15.11.2024,2689595,1283414
102136540,10025711,1614508,Zedernweg,6,8200 Schaffhausen,2939,SH,real,True,15.11.2024,2690503,1284710
102136543,10073071,1610339,Tanne,7,8200 Schaffhausen,2939,SH,real,True,15.11.2024,2689664,1283520
102136550,10019295,1612194,Felsenaustrasse,27,8200 Schaffhausen,2939,SH,real,True,15.11.2024,2689532,1285247
102136551,10018657,1611517,Hohlenbaumstrasse,25,8200 Schaffhausen,2939,SH,real,True,15.11.2024,2688401,1284501
102136553,10085757,1612436,Wiesenweg,7,8200 Schaffhausen,2939,SH,real,True,15.11.2024,2689663,1284578
102136554,10187856,1613029,Spiegelgutstrasse,58,8200 Schaffhausen,2939,SH,real,True,15.11.2024,2690361,1286038
102136555,10019269,1614671,Akazienstrasse,26,8200 Schaffhausen,2939,SH,real,True,15.11.2024,2691045,1284548
102136556,10085749,1613386,Surbeckstieg,5,8207 Schaffhausen,2939,SH,real,True,15.11.2024,2691495,1286435
102136557,10046616,1614607,Eichenstrasse,5,8200 Schaffhausen,2939,SH,real,True,15.11.2024,2690882,1284631
102136558,10085749,1613430,Surbeckstieg,4,8207 Schaffhausen,2939,SH,real,True,15.11.2024,2691525,1286411
102136559,10108024,1613333,Kirchbergstrasse,20,8207 Schaffhausen,2939,SH,real,True,15.11.2024,2691530,1286352
102136560,10073022,1615019,Alpenstrasse,68,8200 Schaffhausen,2939,SH,real,True,15.11.2024,2690800,1283827
102136570,10073070,1615444,Stuckengässchen,2,8203 Schaffhausen,2939,SH,real,True,15.11.2024,2691431,1283308
102136573,10118147,1615473,Windeggstrasse,23,8203 Schaffhausen,2939,SH,real,True,15.11.2024,2691453,1283352
102136574,10018681,1610726,Lindliweg,3,8200 Schaffhausen,2939,SH,real,True,15.11.2024,2691006,1283237
102136575,10106951,1610801,Rheinhaldenstrasse,86,8200 Schaffhausen,2939,SH,real,True,15.11.2024,2691670,1282647
102136577,10019269,1614627,Akazienstrasse,2,8200 Schaffhausen,2939,SH,real,True,15.11.2024,2690844,1284478
102136578,10087065,473013,Allerrietstieg,16,8222 Beringen,2932,SH,real,True,15.11.2024,2687402,1283345
102136579,10085721,190434168,Lochstrasse,32a,8200 Schaffhausen,2939,SH,real,True,15.11.2024,2689305,1284945
102136580,10120421,1614798,Brünigstrasse,1a,8200 Schaffhausen,2939,SH,real,True,15.11.2024,2690701,1283862
102136581,10073022,2028301,Alpenstrasse,90,8200 Schaffhausen,2939,SH,real,True,15.11.2024,2690996,1283832
102136582,10085746,1614834,Stauffacherstrasse,16,8200 Schaffhausen,2939,SH,real,True,15.11.2024,2690796,1283962
102136583,10073074,1614809,Tulpenstrasse,4,8200 Schaffhausen,2939,SH,real,True,15.11.2024,2690683,1283886
102136584,10086479,1611082,Engehaldenweg,43,8200 Schaffhausen,2939,SH,real,True,15.11.2024,2688255,1283945
102136585,10073067,1611065,Sonnenburggutstrasse,19,8200 Schaffhausen,2939,SH,real,True,15.11.2024,2688655,1283770
102136586,10103225,2028487,Plattenhalde,19,8200 Schaffhausen,2939,SH,real,True,15.11.2024,2689087,1285172
102136592,10025692,1613203,Stettemerstrasse,16,8207 Schaffhausen,2939,SH,real,True,15.11.2024,2691053,1286198
102136593,10019782,1613192,Neutrottenstrasse,45,8207 Schaffhausen,2939,SH,real,True,15.11.2024,2691187,1286262
102136597,10018637,1611837,Gartenstrasse,5,8200 Schaffhausen,2939,SH,real,True,15.11.2024,2689309,1284519
102136598,10086472,1614206,Blautraubenstrasse,19,8200 Schaffhausen,2939,SH,real,True,15.11.2024,2690238,1284256
102136602,10018641,1613759,Glärnischstrasse,8,8200 Schaffhausen,2939,SH,real,True,15.11.2024,2690658,1283579
102136607,10019806,2029848,Schlössliweg,31,8200 Schaffhausen,2939,SH,real,True,15.11.2024,2690513,1284402
102136608,10086490,1614243,Grubenstrasse,71,8200 Schaffhausen,2939,SH,real,True,15.11.2024,2690508,1284312
102136609,10073048,1613841,Kamorstrasse,35,8200 Schaffhausen,2939,SH,real,True,15.11.2024,2690550,1283658
102136612,10026394,1609530,Hüttenlebenweg,44,8240 Thayngen,2920,SH,real,True,15.11.2024,2694174,1289947
102136615,10118140,473443,Höfli,1,8222 Beringen,2932,SH,real,True,15.11.2024,2685194,1283773
102136616,10018447,190174261,Benzeweg,45f,8222 Beringen,2932,SH,real,True,15.11.2024,2686516,1283612
102136617,10018447,190181213,Benzeweg,47c,8222 Beringen,2932,SH,real,True,15.11.2024,2686537,1283586
102136618,10019279,1611386,Blumenaustrasse,33,8200 Schaffhausen,2939,SH,real,True,15.11.2024,2688504,1284482
102136619,10018682,1611461,Lunastrasse,10,8200 Schaffhausen,2939,SH,real,True,15.11.2024,2688657,1284579
102136620,10046614,1612236,Durachweg,6,8200 Schaffhausen,2939,SH,real,True,15.11.2024,2689659,1283990
102136622,10085748,1610988,Stokarbergstrasse,61,8200 Schaffhausen,2939,SH,real,True,15.11.2024,2688942,1283689
102136625,10120412,473623,Lieblosental,702,8222 Beringen,2932,SH,real,True,15.11.2024,2684654,1285751
102136626,10086473,1612714,Bocksrietstrasse,18,8200 Schaffhausen,2939,SH,real,True,15.11.2024,2690432,1285414
102136627,10110815,1611659,Lägernstrasse,11,8200 Schaffhausen,2939,SH,real,True,15.11.2024,2688649,1284853
102136628,10019290,1614925,Dürstlingweg,6,8203 Schaffhausen,2939,SH,real,True,15.11.2024,2691229,1283936
102136629,10085730,1615012,Pilatusstrasse,53,8203 Schaffhausen,2939,SH,real,True,15.11.2024,2691606,1283878
102136630,10086467,1611612,Albisstrasse,22,8200 Schaffhausen,2939,SH,real,True,15.11.2024,2688678,1284766
102136631,10019803,1613016,Sandlöchlistrasse,17,8200 Schaffhausen,2939,SH,real,True,15.11.2024,2690747,1285891
102136632,10118144,1610504,Hintersteig,65,8200 Schaffhausen,2939,SH,real,True,15.11.2024,2689345,1283774
102136633,10085755,1610511,Vordersteig,34,8200 Schaffhausen,2939,SH,real,True,15.11.2024,2689364,1283680
102136634,10073076,1610251,Vordergasse,78,8200 Schaffhausen,2939,SH,real,True,15.11.2024,2689744,1283551
102136635,10186933,1613986,Wagenstrasse,20,8200 Schaffhausen,2939,SH,real,True,15.11.2024,2690356,1284188
102136636,10179732,1613979,Tellstrasse,25,8200 Schaffhausen,2939,SH,real,True,15.11.2024,2690359,1284145
102136641,10026389,1609449,Chnübrecherweg,8,8240 Thayngen,2920,SH,real,True,15.11.2024,2695163,1289895
102136644,10018447,473044,Benzeweg,7,8222 Beringen,2932,SH,real,True,15.11.2024,2686228,1283598
102136645,10018630,1612061,Floraweg,14,8200 Schaffhausen,2939,SH,real,True,15.11.2024,2689275,1285120
102136647,10019278,1612166,Birchweg,45,8200 Schaffhausen,2939,SH,real,True,15.11.2024,2689390,1285643
102136648,10108021,1612098,Hauentalstrasse,135,8200 Schaffhausen,2939,SH,real,True,15.11.2024,2688772,1285588
102136649,10085738,190055945,Schwarzadlerstrasse,5,8200 Schaffhausen,2939,SH,real,True,15.11.2024,2689241,1284920
102136650,10110816,1611937,Stahlwerkstrasse,15,8200 Schaffhausen,2939,SH,real,True,15.11.2024,2689175,1284962
102136651,10019274,2028533,Bahnhofstrasse,27,8200 Schaffhausen,2939,SH,real,True,15.11.2024,2689607,1283691
102136652,10179716,191211130,Hermann Rorschach-Strasse,26,8200 Schaffhausen,2939,SH,real,True,15.11.2024,2688488,1283746
102136653,10073044,1614146,Hohentwielstrasse,8,8200 Schaffhausen,2939,SH,real,True,15.11.2024,2690617,1283933
102136654,10085746,1614872,Stauffacherstrasse,25,8200 Schaffhausen,2939,SH,real,True,15.11.2024,2690900,1283943
102136655,10018655,1614135,Hohenkrähenstrasse,9,8200 Schaffhausen,2939,SH,real,True,15.11.2024,2690652,1283943
102136660,10117540,1609269,Franzengässli,6,8240 Thayngen,2920,SH,real,True,15.11.2024,2695609,1289373
102136661,10073627,1609612,Klosterstieg,8,8240 Thayngen,2920,SH,real,True,15.11.2024,2694982,1289520
102136662,10106951,1610738,Rheinhaldenstrasse,33,8200 Schaffhausen,2939,SH,real,True,15.11.2024,2691035,1283167
102136663,10186931,1614180,Emmersbergstrasse,33,8200 Schaffhausen,2939,SH,real,True,15.11.2024,2690077,1284140
102136664,10186932,1610978,Rehgütliweg,7,8200 Schaffhausen,2939,SH,real,True,15.11.2024,2688986,1283619
102136665,10019278,1612168,Birchweg,49,8200 Schaffhausen,2939,SH,real,True,15.11.2024,2689371,1285592
102136666,10073048,1613832,Kamorstrasse,17,8200 Schaffhausen,2939,SH,real,True,15.11.2024,2690474,1283680
102136667,10086485,1610861,Fäsenstaubstrasse,25,8200 Schaffhausen,2939,SH,real,True,15.11.2024,2689233,1283468
102136672,10108024,1613390,Kirchbergstrasse,11,8207 Schaffhausen,2939,SH,real,True,15.11.2024,2691383,1286307
102136682,10087053,1609290,Im Oberhof,23,8240 Thayngen,2920,SH,real,True,15.11.2024,2695525,1289442
102136683,10087072,473018,Neugrüthalde,39,8222 Beringen,2932,SH,real,True,15.11.2024,2686397,1283679
102136684,10110810,473261,Neuweg,19,8222 Beringen,2932,SH,real,True,15.11.2024,2685488,1283722
102136685,10178606,1611535,Etzelstrasse,17,8200 Schaffhausen,2939,SH,real,True,15.11.2024,2688179,1284530
102136686,10179720,2711551,Lahnhalde,11,8200 Schaffhausen,2939,SH,real,True,15.11.2024,2688275,1284555
102136687,10085757,1612431,Wiesenweg,20,8200 Schaffhausen,2939,SH,real,True,15.11.2024,2689757,1284632
102136689,10178606,1611223,Etzelstrasse,23,8200 Schaffhausen,2939,SH,real,True,15.11.2024,2688128,1284484
102136690,10179726,1611366,Rietstrasse,154,8200 Schaffhausen,2939,SH,real,True,15.11.2024,2688445,1284327
102136691,10085721,1611944,Lochstrasse,31,8200 Schaffhausen,2939,SH,real,True,15.11.2024,2689282,1284944
102136692,10086486,1612578,Geissbergstrasse,148,8200 Schaffhausen,2939,SH,real,True,15.11.2024,2690291,1285625
102136695,10046632,1614786,Ebnatring,25,8200 Schaffhausen,2939,SH,real,True,15.11.2024,2690913,1285240
102136698,10018450,473589,Eggeweg,44,8222 Beringen,2932,SH,real,True,15.11.2024,2685444,1284204
102136699,10237814,1609697,Frohsinnweg,30,8240 Thayngen,2920,SH,real,True,15.11.2024,2694829,1289479
102136700,10086486,1613108,Geissbergstrasse,101,8200 Schaffhausen,2939,SH,real,True,15.11.2024,2690033,1285307
102136702,10087050,1609779,Freihofstrasse,8,8240 Thayngen,2920,SH,real,True,15.11.2024,2695036,1289234
102136706,10073044,1614105,Hohentwielstrasse,23,8200 Schaffhausen,2939,SH,real,True,15.11.2024,2690598,1284032
102136707,10018630,1612060,Floraweg,12,8200 Schaffhausen,2939,SH,real,True,15.11.2024,2689291,1285127
102136708,10108021,1611911,Hauentalstrasse,9,8200 Schaffhausen,2939,SH,real,True,15.11.2024,2689086,1284969
102136710,10025682,1612126,Sommerwiesstrasse,11,8200 Schaffhausen,2939,SH,real,True,15.11.2024,2688458,1286111
102136711,10085730,1614993,Pilatusstrasse,40,8203 Schaffhausen,2939,SH,real,True,15.11.2024,2691697,1283898
102136717,10086473,1612814,Bocksrietstrasse,112,8200 Schaffhausen,2939,SH,real,True,15.11.2024,2691008,1285792
102136721,10048900,1609599,Lohningerweg,13,8240 Thayngen,2920,SH,real,True,15.11.2024,2694814,1289519
102136722,10018654,1612319,Hochstrasse,45,8200 Schaffhausen,2939,SH,real,True,15.11.2024,2689829,1284359
102136726,10086490,1614565,Grubenstrasse,3a,8200 Schaffhausen,2939,SH,real,True,15.11.2024,2690211,1284141
102136727,10018448,473485,Biberichweg,24,8222 Beringen,2932,SH,real,True,15.11.2024,2684929,1283875
102136729,10190888,1615014,Winkelriedstrasse,75,8203 Schaffhausen,2939,SH,real,True,15.11.2024,2691609,1283827
102136735,10019275,1610477,Beckengässchen,1,8200 Schaffhausen,2939,SH,real,True,15.11.2024,2689459,1283603
102136736,10073034,1610869,Friedbergstrasse,54,8200 Schaffhausen,2939,SH,real,True,15.11.2024,2689159,1283586
102136737,10179734,1612411,Weinsteig,192,8200 Schaffhausen,2939,SH,real,True,15.11.2024,2689619,1284997
102136738,10179732,1614021,Tellstrasse,12,8200 Schaffhausen,2939,SH,real,True,15.11.2024,2690328,1284064
102136739,10086766,1614404,Klausweg,26,8200 Schaffhausen,2939,SH,real,True,15.11.2024,2690454,1284529
102136740,10113205,1614168,Tobelweg,1,8200 Schaffhausen,2939,SH,real,True,15.11.2024,2690334,1284229
102136741,10121173,1614469,Lärchenstrasse,11,8200 Schaffhausen,2939,SH,real,True,15.11.2024,2690814,1284406
102136742,10019787,1612472,Pilgerweg,21,8200 Schaffhausen,2939,SH,real,True,15.11.2024,2689914,1284970
102136743,10019286,1613914,Bäumlistrasse,5,8200 Schaffhausen,2939,SH,real,True,15.11.2024,2690535,1283822
102136744,10046625,1611133,Quellenstrasse,6c,8200 Schaffhausen,2939,SH,real,True,15.11.2024,2688520,1284021
102136745,10073022,1615155,Alpenstrasse,144,8203 Schaffhausen,2939,SH,real,True,15.11.2024,2691362,1283781
102136746,10124087,1615288,Kohlfirststrasse,22,8203 Schaffhausen,2939,SH,real,True,15.11.2024,2691311,1283507
102136748,10186340,473062,Schaffhauserstrasse,89,8222 Beringen,2932,SH,real,True,15.11.2024,2686061,1283527
102136749,10085733,1611204,Riethaldenstieg,7,8200 Schaffhausen,2939,SH,real,True,15.11.2024,2688206,1284388
102136751,10086770,1611586,Langhansergässchen,24a,8200 Schaffhausen,2939,SH,real,True,15.11.2024,2688062,1284578
102136752,10025682,1612137,Sommerwiesstrasse,26,8200 Schaffhausen,2939,SH,real,True,15.11.2024,2688389,1286182
102136754,10073043,2027660,Hohberg,29,8207 Schaffhausen,2939,SH,real,True,15.11.2024,2691064,1286295
102136755,10113202,1614370,Schlösslistieg,11,8200 Schaffhausen,2939,SH,real,True,15.11.2024,2690440,1284421
102136756,10019806,1614410,Schlössliweg,25,8200 Schaffhausen,2939,SH,real,True,15.11.2024,2690462,1284392
102136757,10113202,1614372,Schlösslistieg,15,8200 Schaffhausen,2939,SH,real,True,15.11.2024,2690450,1284421
102136759,10073048,1613885,Kamorstrasse,10,8200 Schaffhausen,2939,SH,real,True,15.11.2024,2690396,1283692
102136760,10019778,1610589,Munotstrasse,23,8200 Schaffhausen,2939,SH,real,True,15.11.2024,2690105,1283736
102136765,10120406,1609553,Biberstrasse,119,8240 Thayngen,2920,SH,real,True,15.11.2024,2694219,1289969
102136766,10087057,1609537,Reiatstrasse,98,8240 Thayngen,2920,SH,real,True,15.11.2024,2694090,1289966
102136768,10087052,1609737,Im Gatter,39,8240 Thayngen,2920,SH,real,True,15.11.2024,2694691,1289292
102136769,10087046,1609801,Blumenstrasse,37,8240 Thayngen,2920,SH,real,True,15.11.2024,2694726,1289199
102136775,10087070,3034908,Hülsteweg,12b,8222 Beringen,2932,SH,real,True,15.11.2024,2686831,1283642
102136777,10121168,2713744,Grünau,14,8222 Beringen,2932,SH,real,True,15.11.2024,2685316,1283391
102136779,10178606,1611531,Etzelstrasse,3,8200 Schaffhausen,2939,SH,real,True,15.11.2024,2688241,1284601
102136780,10019266,1611290,Abendstrasse,17,8200 Schaffhausen,2939,SH,real,True,15.11.2024,2688628,1284288
102136784,10025690,1610239,Stadthausgasse,17,8200 Schaffhausen,2939,SH,real,True,15.11.2024,2689773,1283605
102136850,10019783,1611829,Nordstrasse,66,8200 Schaffhausen,2939,SH,real,True,15.11.2024,2689257,1284388
102136851,10073056,1610410,Neustadt,20,8200 Schaffhausen,2939,SH,real,True,15.11.2024,2689611,1283354
102136852,10118359,1614555,Baumschulstrasse,7,8200 Schaffhausen,2939,SH,real,True,15.11.2024,2690599,1284639
102136854,10019776,1613932,Morgenstrasse,6,8200 Schaffhausen,2939,SH,real,True,15.11.2024,2690523,1283804
102136855,10178605,1613854,Churfirstenweg,14,8200 Schaffhausen,2939,SH,real,True,15.11.2024,2690542,1283700
102136856,10086768,1613806,Korallenstrasse,11,8200 Schaffhausen,2939,SH,real,True,15.11.2024,2690437,1283842
102136860,10118146,1612385,Reithallenweg,11,8200 Schaffhausen,2939,SH,real,True,15.11.2024,2689703,1284919
102136861,10167070,471188,Mittlerfeldstrasse,1,8241 Barzheim,2920,SH,real,True,15.11.2024,2696113,1290681
102136862,10167071,471161,Schlatterstrasse,9,8241 Barzheim,2920,SH,real,True,15.11.2024,2696043,1290833
102136864,10120408,1609702,Kreuzplatz,1,8240 Thayngen,2920,SH,real,True,15.11.2024,2695144,1289275
102136865,10018155,1609223,Wanngasse,8,8240 Thayngen,2920,SH,real,True,15.11.2024,2695520,1289313
102136866,10185484,1609190,Guggenbüelweg,22,8240 Thayngen,2920,SH,real,True,15.11.2024,2695672,1289155
102136867,10026383,1609156,Bietingerstrasse,11,8240 Thayngen,2920,SH,real,True,15.11.2024,2695715,1289243
102136869,10237818,1609130,Rebbergstrasse,90,8240 Thayngen,2920,SH,real,True,15.11.2024,2696303,1289424
102136876,10086470,1610451,Bachstrasse,75,8200 Schaffhausen,2939,SH,real,True,15.11.2024,2689874,1284022
102136877,10124087,1615373,Kohlfirststrasse,19,8203 Schaffhausen,2939,SH,real,True,15.11.2024,2691338,1283458
102136878,10179734,1612263,Weinsteig,69,8200 Schaffhausen,2939,SH,real,True,15.11.2024,2689599,1284350
102136879,10025706,1610900,Villenstrasse,3,8200 Schaffhausen,2939,SH,real,True,15.11.2024,2689209,1283747
102136880,10018155,1609307,Wanngasse,23,8240 Thayngen,2920,SH,real,True,15.11.2024,2695595,1289362
102136899,10019272,1612056,Auf der Platte,10,8200 Schaffhausen,2939,SH,real,True,15.11.2024,2689283,1285200
102136901,10019788,1612081,Plattenweg,28,8200 Schaffhausen,2939,SH,real,True,15.11.2024,2689246,1285141
102136902,10018632,1610649,Freier Platz,8,8200 Schaffhausen,2939,SH,real,True,15.11.2024,2690262,1283490
102136903,10019775,2029575,Löwengässchen,4,8200 Schaffhausen,2939,SH,real,True,15.11.2024,2689723,1283774
102136904,10019269,1614641,Akazienstrasse,17,8200 Schaffhausen,2939,SH,real,True,15.11.2024,2690941,1284556
102136905,10046616,1614652,Eichenstrasse,2,8200 Schaffhausen,2939,SH,real,True,15.11.2024,2690842,1284577
102136906,10046616,1614691,Eichenstrasse,38,8200 Schaffhausen,2939,SH,real,True,15.11.2024,2691064,1284613
102136907,10018468,473130,Schwärziweg,3,8222 Beringen,2932,SH,real,True,15.11.2024,2685759,1283587
102136910,10111813,1609781,Speckweg,13,8240 Thayngen,2920,SH,real,True,15.11.2024,2694500,1289258
102136922,10018463,473392,Oberdorf,54,8222 Beringen,2932,SH,real,True,15.11.2024,2685135,1284070
102136923,10106952,1611161,Sandackerstrasse,12,8200 Schaffhausen,2939,SH,real,True,15.11.2024,2688451,1284125
102136924,10077454,1612258,J.C. Fischer-Strasse,3,8200 Schaffhausen,2939,SH,real,True,15.11.2024,2689564,1284326
102136925,10179734,1612373,Weinsteig,159,8200 Schaffhausen,2939,SH,real,True,15.11.2024,2689556,1284826
102136926,10046629,1610434,Rosengasse,6,8200 Schaffhausen,2939,SH,real,True,15.11.2024,2689750,1283287
102136927,10073036,1614480,Föhrenstrasse,18,8200 Schaffhausen,2939,SH,real,True,15.11.2024,2690687,1284464
102136928,10018346,1614419,Fichtenstrasse,3,8200 Schaffhausen,2939,SH,real,True,15.11.2024,2690639,1284459
102136937,10086766,1614399,Klausweg,16,8200 Schaffhausen,2939,SH,real,True,15.11.2024,2690377,1284523
102136940,10086493,1615421,Hofackerstrasse,7a,8203 Schaffhausen,2939,SH,real,True,15.11.2024,2691552,1283692
102136942,10086475,1615175,Buchthalerstrasse,165,8203 Schaffhausen,2939,SH,real,True,15.11.2024,2691388,1283729
102136945,10085747,1612919,Steinguthalde,6,8200 Schaffhausen,2939,SH,real,True,15.11.2024,2690398,1285641
102136946,10086473,1612853,Bocksrietstrasse,105,8200 Schaffhausen,2939,SH,real,True,15.11.2024,2690973,1285807
102136947,10018654,1612833,Hochstrasse,298,8200 Schaffhausen,2939,SH,real,True,15.11.2024,2690711,1285655
102136948,10086473,1612767,Bocksrietstrasse,74,8200 Schaffhausen,2939,SH,real,True,15.11.2024,2690769,1285669
102136949,10186345,1613668,Beckenwäldli,21,8207 Schaffhausen,2939,SH,real,True,15.11.2024,2692092,1287019
102136950,10073040,1613645,Gugerhalde,11,8207 Schaffhausen,2939,SH,real,True,15.11.2024,2692108,1286938
102136951,10073040,1613654,Gugerhalde,29,8207 Schaffhausen,2939,SH,real,True,15.11.2024,2692054,1286809
102136953,10180883,1614574,Lindenweg,5,8200 Schaffhausen,2939,SH,real,True,15.11.2024,2690726,1284580
102136954,10073040,1613674,Gugerhalde,7,8207 Schaffhausen,2939,SH,real,True,15.11.2024,2692093,1286958
102136955,10073040,1613647,Gugerhalde,14,8207 Schaffhausen,2939,SH,real,True,15.11.2024,2692141,1286934
102136956,10106947,190056974,Dachsenbüelstrasse,49,8200 Schaffhausen,2939,SH,real,True,15.11.2024,2690310,1286600
102136957,10237818,1609134,Rebbergstrasse,44,8240 Thayngen,2920,SH,real,True,15.11.2024,2695977,1289406
102136958,10073051,101206945,Krummacker,34,8207 Schaffhausen,2939,SH,real,True,15.11.2024,2691727,1286822
102136959,10106947,101206864,Dachsenbüelstrasse,6,8200 Schaffhausen,2939,SH,real,True,15.11.2024,2690342,1286525
102136960,10106947,101414908,Dachsenbüelstrasse,12,8200 Schaffhausen,2939,SH,real,True,15.11.2024,2690348,1286492
102136961,10136927,190114757,Kastenackerweg,7,8240 Thayngen,2920,SH,real,True,15.11.2024,2694629,1289741
102136962,10086488,190197341,Gennersbrunnerstrasse,67,8207 Schaffhausen,2939,SH,real,True,15.11.2024,2691980,1285730
102136966,10018469,473598,Schönebueche,22,8222 Beringen,2932,SH,real,True,15.11.2024,2685537,1284068
102136967,10018144,1609699,Neuhausweg,20,8240 Thayngen,2920,SH,real,True,15.11.2024,2694931,1289504
102136968,10091223,473338,Schützeweg,14,8222 Beringen,2932,SH,real,True,15.11.2024,2685431,1283990
102136969,10018463,473394,Oberdorf,58,8222 Beringen,2932,SH,real,True,15.11.2024,2685174,1284078
102136970,10046625,1611153,Quellenstrasse,25,8200 Schaffhausen,2939,SH,real,True,15.11.2024,2688507,1284201
102136971,10179720,1611549,Lahnhalde,23,8200 Schaffhausen,2939,SH,real,True,15.11.2024,2688350,1284639
102136973,10073626,1609360,Hammenweg,15,8240 Thayngen,2920,SH,real,True,15.11.2024,2695473,1289601
102136989,10106951,1610773,Rheinhaldenstrasse,72,8200 Schaffhausen,2939,SH,real,True,15.11.2024,2691399,1282776
102136990,10018681,1610732,Lindliweg,23,8200 Schaffhausen,2939,SH,real,True,15.11.2024,2691147,1283175
102136992,10118146,2711375,Reithallenweg,13,8200 Schaffhausen,2939,SH,real,True,15.11.2024,2689707,1284955
102136994,10237818,1609095,Rebbergstrasse,137,8240 Thayngen,2920,SH,real,True,15.11.2024,2696668,1289364
102136996,10026388,1609047,Chlenglerweg,134,8240 Thayngen,2920,SH,real,True,15.11.2024,2696791,1289260
102136999,10046604,2025501,Werkstrasse,29,8222 Beringen,2932,SH,real,True,15.11.2024,2684837,1283233
102137000,10186340,472950,Schaffhauserstrasse,183,8222 Beringen,2932,SH,real,True,15.11.2024,2687015,1283378
102137001,10087070,9004130,Hülsteweg,15,8222 Beringen,2932,SH,real,True,15.11.2024,2686811,1283608
102137002,10185489,2713707,Grafensteinweg,6,8222 Beringen,2932,SH,real,True,15.11.2024,2685195,1283149
102137003,10073645,473307,Schützehüsliweg,17,8222 Beringen,2932,SH,real,True,15.11.2024,2685380,1283744
102137007,10086770,1611234,Langhansergässchen,13,8200 Schaffhausen,2939,SH,real,True,15.11.2024,2688187,1284400
102137017,10019555,473421,Vogelhof,6,8222 Beringen,2932,SH,real,True,15.11.2024,2685215,1283882
102137018,10086490,1614250,Grubenstrasse,105,8200 Schaffhausen,2939,SH,real,True,15.11.2024,2690874,1284293
102137020,10046627,3122096,Rietmattstrasse,18,8200 Schaffhausen,2939,SH,real,True,15.11.2024,2688263,1284142
102137022,10085748,1610940,Stokarbergstrasse,88,8200 Schaffhausen,2939,SH,real,True,15.11.2024,2688676,1283630
102137038,10026388,1609040,Chlenglerweg,72,8240 Thayngen,2920,SH,real,True,15.11.2024,2696419,1289333
102137039,10106942,1609458,Schlatterweg,42,8240 Thayngen,2920,SH,real,True,15.11.2024,2695092,1289849
102137042,10085734,1612301,Rittergutstrasse,17,8200 Schaffhausen,2939,SH,real,True,15.11.2024,2689723,1284192
102137043,10103225,1612022,Plattenhalde,36,8200 Schaffhausen,2939,SH,real,True,15.11.2024,2689032,1285334
102137044,10086494,1614347,Hohenstoffelstrasse,10,8200 Schaffhausen,2939,SH,real,True,15.11.2024,2690297,1284462
102137045,10086466,1614515,Ahornstieg,2,8200 Schaffhausen,2939,SH,real,True,15.11.2024,2690397,1284598
102137048,10086473,1612769,Bocksrietstrasse,80,8200 Schaffhausen,2939,SH,real,True,15.11.2024,2690800,1285696
102137049,10077454,1612259,J.C. Fischer-Strasse,5,8200 Schaffhausen,2939,SH,real,True,15.11.2024,2689552,1284298
102137058,10086476,1615461,Büsingerstrasse,20,8203 Schaffhausen,2939,SH,real,True,15.11.2024,2691675,1283571
102137059,10073041,1613637,Haldenwiesli,15,8207 Schaffhausen,2939,SH,real,True,15.11.2024,2692075,1286597
102137060,10085726,1613608,Neutalstrasse,38,8207 Schaffhausen,2939,SH,real,True,15.11.2024,2692034,1286506
102137061,10018665,1613693,Im Trenschen,3,8207 Schaffhausen,2939,SH,real,True,15.11.2024,2691984,1286942
102137062,10025679,1610125,Schützengraben,23,8200 Schaffhausen,2939,SH,real,True,15.11.2024,2689850,1283814
102137067,10086486,1612389,Geissbergstrasse,31,8200 Schaffhausen,2939,SH,real,True,15.11.2024,2689744,1284916
102137073,10046625,1611122,Quellenstrasse,2,8200 Schaffhausen,2939,SH,real,True,15.11.2024,2688513,1283984
102137074,10086487,1612933,Gemshalde,14,8200 Schaffhausen,2939,SH,real,True,15.11.2024,2690473,1285719
102137076,10113193,1614587,Birkenstrasse,24,8200 Schaffhausen,2939,SH,real,True,15.11.2024,2690736,1284658
102137080,10018151,1609807,Silberbergweg,12,8240 Thayngen,2920,SH,real,True,15.11.2024,2694578,1289390
102137083,10108025,1610760,Kyburgweg,2,8200 Schaffhausen,2939,SH,real,True,15.11.2024,2691565,1282922
102137090,10180884,1610845,Promenadenstrasse,27,8200 Schaffhausen,2939,SH,real,True,15.11.2024,2689345,1283449
102137091,10025690,1610207,Stadthausgasse,18,8200 Schaffhausen,2939,SH,real,True,15.11.2024,2689726,1283608
102137093,10025690,1610228,Stadthausgasse,6,8200 Schaffhausen,2939,SH,real,True,15.11.2024,2689843,1283614
102137095,10179718,1611217,Im Riet,17,8200 Schaffhausen,2939,SH,real,True,15.11.2024,2688237,1284268
102137098,10085734,1612308,Rittergutstrasse,31,8200 Schaffhausen,2939,SH,real,True,15.11.2024,2689742,1284236
102137099,10086473,1612771,Bocksrietstrasse,90,8200 Schaffhausen,2939,SH,real,True,15.11.2024,2690833,1285720
102137100,10118362,1610763,Rebhangstrasse,5,8200 Schaffhausen,2939,SH,real,True,15.11.2024,2691419,1282918
102137104,10086486,1612459,Geissbergstrasse,30,8200 Schaffhausen,2939,SH,real,True,15.11.2024,2689800,1284898
102137106,10086479,1611075,Engehaldenweg,36,8200 Schaffhausen,2939,SH,real,True,15.11.2024,2688290,1283898
102137107,10085746,1614837,Stauffacherstrasse,24,8200 Schaffhausen,2939,SH,real,True,15.11.2024,2690862,1283931
102137110,10026387,1609232,Brühlstrasse,17,8240 Thayngen,2920,SH,real,True,15.11.2024,2695293,1289280
102137111,10087052,1609748,Im Gatter,7,8240 Thayngen,2920,SH,real,True,15.11.2024,2694983,1289333
102137112,10018138,1609717,Im Hugligrund,930,8240 Thayngen,2920,SH,real,True,15.11.2024,2695407,1288260
102137113,10086743,471183,Brunnegass,7,8241 Barzheim,2920,SH,real,True,15.11.2024,2696316,1290725
102137115,10110810,473267,Neuweg,9,8222 Beringen,2932,SH,real,True,15.11.2024,2685478,1283765
102137116,10046625,2711323,Quellenstrasse,14c,8200 Schaffhausen,2939,SH,real,True,15.11.2024,2688582,1284068
102137117,10046625,2028925,Quellenstrasse,22,8200 Schaffhausen,2939,SH,real,True,15.11.2024,2688523,1284120
102137118,10046625,1611127,Quellenstrasse,4b,8200 Schaffhausen,2939,SH,real,True,15.11.2024,2688558,1284008
102137123,10073072,1614741,Tannenstrasse,28,8200 Schaffhausen,2939,SH,real,True,15.11.2024,2691172,1284451
102137124,10120424,1613555,Herblingerstrasse,30,8207 Schaffhausen,2939,SH,real,True,15.11.2024,2691264,1286012
102137126,10019266,1611287,Abendstrasse,9,8200 Schaffhausen,2939,SH,real,True,15.11.2024,2688574,1284239
102137127,10085742,1611320,Sonnenstrasse,22,8200 Schaffhausen,2939,SH,real,True,15.11.2024,2688574,1284393
102137128,10179726,1611343,Rietstrasse,150,8200 Schaffhausen,2939,SH,real,True,15.11.2024,2688466,1284301
102137129,10085754,1611006,Urwerf,9a,8200 Schaffhausen,2939,SH,real,True,15.11.2024,2688859,1283306
102137130,10073076,1610376,Vordergasse,27,8200 Schaffhausen,2939,SH,real,True,15.11.2024,2689951,1283507
102137131,10086470,1610599,Bachstrasse,24,8200 Schaffhausen,2939,SH,real,True,15.11.2024,2690035,1283556
102137132,10018675,1614319,Kronenhalde,12,8200 Schaffhausen,2939,SH,real,True,15.11.2024,2690312,1284573
102137133,10086766,1614454,Klausweg,60,8200 Schaffhausen,2939,SH,real,True,15.11.2024,2690595,1284487
102137134,10178605,1613852,Churfirstenweg,4,8200 Schaffhausen,2939,SH,real,True,15.11.2024,2690458,1283723
102137135,10025697,1613896,Säntisstrasse,21,8200 Schaffhausen,2939,SH,real,True,15.11.2024,2690402,1283645
102137179,10026388,191407639,Chlenglerweg,109,8240 Thayngen,2920,SH,real,True,15.11.2024,2696702,1289307
102137180,10026388,191407640,Chlenglerweg,107,8240 Thayngen,2920,SH,real,True,15.11.2024,2696686,1289314
102137271,10179722,1610603,Munotstieg,7,8200 Schaffhausen,2939,SH,real,True,15.11.2024,2690105,1283526
102137272,10019269,1614667,Akazienstrasse,22,8200 Schaffhausen,2939,SH,real,True,15.11.2024,2691010,1284545
102137273,10073022,1615034,Alpenstrasse,74,8200 Schaffhausen,2939,SH,real,True,15.11.2024,2690849,1283826
102137274,10025685,1615054,Sonnmattstrasse,18,8200 Schaffhausen,2939,SH,real,True,15.11.2024,2690782,1283676
102137324,10025693,2028180,Stimmerstrasse,74,8200 Schaffhausen,2939,SH,real,True,15.11.2024,2691196,1284543
102137325,10025693,1614754,Stimmerstrasse,96,8200 Schaffhausen,2939,SH,real,True,15.11.2024,2691365,1284662
102137326,10077454,1612254,J.C. Fischer-Strasse,18,8200 Schaffhausen,2939,SH,real,True,15.11.2024,2689546,1284220
102137327,10179733,2027549,Untergries,2,8200 Schaffhausen,2939,SH,real,True,15.11.2024,2690067,1283458
102137328,10086766,1614566,Klausweg,35,8200 Schaffhausen,2939,SH,real,True,15.11.2024,2690647,1284562
102137330,10018682,1611462,Lunastrasse,11,8200 Schaffhausen,2939,SH,real,True,15.11.2024,2688679,1284540
102137331,10085742,1611409,Sonnenstrasse,68,8200 Schaffhausen,2939,SH,real,True,15.11.2024,2688803,1284580
102137333,10073024,1611622,Bachtelstrasse,15,8200 Schaffhausen,2939,SH,real,True,15.11.2024,2688714,1284814
102137334,10046620,1611636,Irchelstrasse,22,8200 Schaffhausen,2939,SH,real,True,15.11.2024,2688655,1284702
102137335,10087070,190142237,Hülsteweg,35,8222 Beringen,2932,SH,real,True,15.11.2024,2686649,1283600
102137336,10186340,473230,Schaffhauserstrasse,43,8222 Beringen,2932,SH,real,True,15.11.2024,2685665,1283540
102137337,10118144,1610498,Hintersteig,51,8200 Schaffhausen,2939,SH,real,True,15.11.2024,2689351,1283816
102137338,10073062,1610672,Römerstieg,6,8200 Schaffhausen,2939,SH,real,True,15.11.2024,2690310,1283542
102137339,10085754,1611012,Urwerf,5b,8200 Schaffhausen,2939,SH,real,True,15.11.2024,2688909,1283296
102137341,10073046,190826635,Im Glockengut,9a,8207 Schaffhausen,2939,SH,real,True,15.11.2024,2691136,1286040
102137343,10086760,1611306,Holzbrunnenstrasse,24,8200 Schaffhausen,2939,SH,real,True,15.11.2024,2688639,1284348
102137344,10085742,1611319,Sonnenstrasse,20,8200 Schaffhausen,2939,SH,real,True,15.11.2024,2688566,1284386
102137345,10086470,1610600,Bachstrasse,28,8200 Schaffhausen,2939,SH,real,True,15.11.2024,2690032,1283572
102137346,10086490,1614163,Grubenstrasse,90,8200 Schaffhausen,2939,SH,real,True,15.11.2024,2690674,1284306
102137347,10018648,1613244,Hanfpünt,48,8207 Schaffhausen,2939,SH,real,True,15.11.2024,2691596,1286804
102137348,10025681,1612780,Sennereistrasse,91,8200 Schaffhausen,2939,SH,real,True,15.11.2024,2690852,1285619
102137349,10026388,1609068,Chlenglerweg,71,8240 Thayngen,2920,SH,real,True,15.11.2024,2696411,1289360
102137350,10026381,1609200,Bahnweg,5,8240 Thayngen,2920,SH,real,True,15.11.2024,2695549,1289137
102137354,10108024,1613395,Kirchbergstrasse,19c,8207 Schaffhausen,2939,SH,real,True,15.11.2024,2691459,1286347
102137355,10187858,1610788,Vögelingässchen,34,8200 Schaffhausen,2939,SH,real,True,15.11.2024,2691727,1282744
102137358,10018636,1614465,Föhrenstieg,6,8200 Schaffhausen,2939,SH,real,True,15.11.2024,2690760,1284425
102137359,10046625,1611140,Quellenstrasse,10a,8200 Schaffhausen,2939,SH,real,True,15.11.2024,2688560,1284042
102137360,10179722,1610616,Munotstieg,6,8200 Schaffhausen,2939,SH,real,True,15.11.2024,2690122,1283513
102137361,10179734,1612407,Weinsteig,166,8200 Schaffhausen,2939,SH,real,True,15.11.2024,2689596,1284863
102137362,10018648,1613233,Hanfpünt,27,8207 Schaffhausen,2939,SH,real,True,15.11.2024,2691592,1286684
102137363,10085740,1614947,Seewadelstrasse,23,8203 Schaffhausen,2939,SH,real,True,15.11.2024,2691459,1283891
102137364,10087072,2025488,Neugrüthalde,50,8222 Beringen,2932,SH,real,True,15.11.2024,2686519,1283650
102137365,10018451,473002,Engeweg,14,8222 Beringen,2932,SH,real,True,15.11.2024,2687264,1283364
102137366,10018630,1612043,Floraweg,13,8200 Schaffhausen,2939,SH,real,True,15.11.2024,2689293,1285075
102137367,10086479,1611089,Engehaldenweg,51,8200 Schaffhausen,2939,SH,real,True,15.11.2024,2688228,1284012
102137368,10103225,1612020,Plattenhalde,32,8200 Schaffhausen,2939,SH,real,True,15.11.2024,2689056,1285311
102137369,10019278,1612154,Birchweg,9,8200 Schaffhausen,2939,SH,real,True,15.11.2024,2689429,1285491
102137370,10019278,1612151,Birchweg,3,8200 Schaffhausen,2939,SH,real,True,15.11.2024,2689400,1285456
102137371,10113206,1610099,Vorstadt,69,8200 Schaffhausen,2939,SH,real,True,15.11.2024,2689823,1283907
102137372,10073052,1611563,Lahnstrasse,51,8200 Schaffhausen,2939,SH,real,True,15.11.2024,2688229,1284633
102137373,10018657,1611401,Hohlenbaumstrasse,20,8200 Schaffhausen,2939,SH,real,True,15.11.2024,2688400,1284457
102137374,10073052,1611582,Lahnstrasse,83,8200 Schaffhausen,2939,SH,real,True,15.11.2024,2688044,1284614
102137375,10113201,1614108,Reiatstrasse,8,8200 Schaffhausen,2939,SH,real,True,15.11.2024,2690559,1283904
102137376,10086492,1614082,Hegaustrasse,14,8200 Schaffhausen,2939,SH,real,True,15.11.2024,2690506,1284001
102137377,10073031,1614058,Feldstrasse,6,8200 Schaffhausen,2939,SH,real,True,15.11.2024,2690457,1283936
102137379,10120407,1609722,Erlengasse,16,8240 Thayngen,2920,SH,real,True,15.11.2024,2694991,1288906
102137380,10073626,1609365,Hammenweg,29,8240 Thayngen,2920,SH,real,True,15.11.2024,2695631,1289634
102137381,10073022,1615158,Alpenstrasse,150,8203 Schaffhausen,2939,SH,real,True,15.11.2024,2691387,1283772
102137383,10018458,473143,Hägliweg,3,8222 Beringen,2932,SH,real,True,15.11.2024,2685887,1283514
102137385,10073067,1611064,Sonnenburggutstrasse,17,8200 Schaffhausen,2939,SH,real,True,15.11.2024,2688645,1283743
102137386,10046634,1612181,Weiherweg,10,8200 Schaffhausen,2939,SH,real,True,15.11.2024,2687808,1284182
102137387,10073044,1614104,Hohentwielstrasse,21,8200 Schaffhausen,2939,SH,real,True,15.11.2024,2690598,1284024
102137388,10085736,1610933,Schildgutstrasse,30,8200 Schaffhausen,2939,SH,real,True,15.11.2024,2688784,1283901
102137389,10086492,1614083,Hegaustrasse,24,8200 Schaffhausen,2939,SH,real,True,15.11.2024,2690537,1284034
102137390,10132132,1615246,Bruderhöflistrasse,10,8203 Schaffhausen,2939,SH,real,True,15.11.2024,2691057,1283382
102137391,10019788,1612072,Plattenweg,34,8200 Schaffhausen,2939,SH,real,True,15.11.2024,2689212,1285179
102137392,10019269,1614631,Akazienstrasse,6,8200 Schaffhausen,2939,SH,real,True,15.11.2024,2690859,1284511
102137393,10046616,1614684,Eichenstrasse,24,8200 Schaffhausen,2939,SH,real,True,15.11.2024,2690975,1284614
102137394,10018654,1612693,Hochstrasse,244,8200 Schaffhausen,2939,SH,real,True,15.11.2024,2690398,1285453
102137395,10046616,1614692,Eichenstrasse,40,8200 Schaffhausen,2939,SH,real,True,15.11.2024,2691071,1284612
102137396,10120421,1614824,Brünigstrasse,18,8200 Schaffhausen,2939,SH,real,True,15.11.2024,2690750,1283920
102137397,10073022,1614844,Alpenstrasse,81,8200 Schaffhausen,2939,SH,real,True,15.11.2024,2690862,1283847
102137401,10186334,471181,In Gmeindgärte,6,8241 Barzheim,2920,SH,real,True,15.11.2024,2696300,1290792
102137402,10087048,2025338,Buchhaldenweg,50,8240 Thayngen,2920,SH,real,True,15.11.2024,2695298,1290235
102137403,10087060,2024853,Stockwiesenstrasse,14,8240 Thayngen,2920,SH,real,True,15.11.2024,2695224,1288855
102137404,10111812,1609202,Ebringerstrasse,59,8240 Thayngen,2920,SH,real,True,15.11.2024,2696148,1289330
102137405,10048901,1609413,Mühlwiesstrasse,11,8240 Thayngen,2920,SH,real,True,15.11.2024,2695090,1289723
102137406,10108010,1609472,Buechetellenweg,17i,8240 Thayngen,2920,SH,real,True,15.11.2024,2695104,1290104
102137408,10048903,1609813,Schaffhauserstrasse,17,8240 Thayngen,2920,SH,real,True,15.11.2024,2694600,1289298
102137411,10019553,473245,Unterdorf,8,8222 Beringen,2932,SH,real,True,15.11.2024,2685347,1283544
102137412,10073638,473496,Haldenweg,5,8222 Beringen,2932,SH,real,True,15.11.2024,2684831,1283950
102137413,10073076,1610386,Vordergasse,13,8200 Schaffhausen,2939,SH,real,True,15.11.2024,2689988,1283494
102137414,10018634,1610088,Fronwagplatz,23,8200 Schaffhausen,2939,SH,real,True,15.11.2024,2689691,1283656
102137415,10113206,2029411,Vorstadt,28,8200 Schaffhausen,2939,SH,real,True,15.11.2024,2689758,1283761
102137416,10123290,2029276,Krummgasse,16,8200 Schaffhausen,2939,SH,real,True,15.11.2024,2689778,1283667
102137417,10086470,1610128,Bachstrasse,45,8200 Schaffhausen,2939,SH,real,True,15.11.2024,2689922,1283789
102137418,10086481,1610694,Fischerhäuserstrasse,34,8200 Schaffhausen,2939,SH,real,True,15.11.2024,2690458,1283468
102137419,10073034,2027617,Friedbergstrasse,68,8200 Schaffhausen,2939,SH,real,True,15.11.2024,2689258,1283616
102137420,10085724,1610563,Mühlenstrasse,68,8200 Schaffhausen,2939,SH,real,True,15.11.2024,2689155,1283178
102137422,10073048,1613864,Kamorstrasse,57,8200 Schaffhausen,2939,SH,real,True,15.11.2024,2690693,1283662
102137423,10025697,1613768,Säntisstrasse,14,8200 Schaffhausen,2939,SH,real,True,15.11.2024,2690399,1283622
102137424,10086491,1611865,Haldenstrasse,27,8200 Schaffhausen,2939,SH,real,True,15.11.2024,2689327,1284676
102137425,10086485,1610875,Fäsenstaubstrasse,43,8200 Schaffhausen,2939,SH,real,True,15.11.2024,2689277,1283517
102137428,10113204,1610507,Steighalde,8,8200 Schaffhausen,2939,SH,real,True,15.11.2024,2689389,1283743
102137429,10025699,1612526,Trottenweg,4,8200 Schaffhausen,2939,SH,real,True,15.11.2024,2690045,1284937
102137430,10019776,1613916,Morgenstrasse,7,8200 Schaffhausen,2939,SH,real,True,15.11.2024,2690556,1283824
102137431,10106952,1611164,Sandackerstrasse,18,8200 Schaffhausen,2939,SH,real,True,15.11.2024,2688453,1284148
102137432,10085742,1611373,Sonnenstrasse,15,8200 Schaffhausen,2939,SH,real,True,15.11.2024,2688531,1284405
102137433,10025684,1614011,Sonnhaldenweg,3,8200 Schaffhausen,2939,SH,real,True,15.11.2024,2690314,1283980
102137434,10086473,1612841,Bocksrietstrasse,71,8200 Schaffhausen,2939,SH,real,True,15.11.2024,2690741,1285676
102137435,10018659,1612335,Hornbergstrasse,21,8200 Schaffhausen,2939,SH,real,True,15.11.2024,2689744,1284448
102137436,10019806,1614247,Schlössliweg,10,8200 Schaffhausen,2939,SH,real,True,15.11.2024,2690453,1284355
102137437,10019266,1611295,Abendstrasse,27,8200 Schaffhausen,2939,SH,real,True,15.11.2024,2688699,1284349
102137439,10073075,1614382,Ungarbühlstrasse,95,8200 Schaffhausen,2939,SH,real,True,15.11.2024,2690389,1284398
102137440,10073075,1614336,Ungarbühlstrasse,31,8200 Schaffhausen,2939,SH,real,True,15.11.2024,2690180,1284322
102137441,10018676,1611474,Kurzweg,6,8200 Schaffhausen,2939,SH,real,True,15.11.2024,2689192,1284735
102137442,10086473,1612742,Bocksrietstrasse,50,8200 Schaffhausen,2939,SH,real,True,15.11.2024,2690620,1285510
102137443,10025692,9012823,Stettemerstrasse,97,8207 Schaffhausen,2939,SH,real,True,15.11.2024,2691370,1286634
102137445,10186340,473016,Schaffhauserstrasse,220,8222 Beringen,2932,SH,real,True,15.11.2024,2687330,1283263
102137446,10018634,1610086,Fronwagplatz,27,8200 Schaffhausen,2939,SH,real,True,15.11.2024,2689697,1283673
102137449,10111812,1609203,Ebringerstrasse,61,8240 Thayngen,2920,SH,real,True,15.11.2024,2696150,1289341
102137450,10018654,2030118,Hochstrasse,122,8200 Schaffhausen,2939,SH,real,True,15.11.2024,2689997,1284770
102137451,10018660,1614042,Höhenweg,8,8200 Schaffhausen,2939,SH,real,True,15.11.2024,2690398,1283955
102137452,10046628,1613823,Ringstrasse,20,8200 Schaffhausen,2939,SH,real,True,15.11.2024,2690484,1283769
102137453,10073035,1612593,Fulachstrasse,161,8200 Schaffhausen,2939,SH,real,True,15.11.2024,2690286,1285213
102137457,10019782,1613369,Neutrottenstrasse,78,8207 Schaffhausen,2939,SH,real,True,15.11.2024,2691347,1286358
102137459,10018450,473583,Eggeweg,32,8222 Beringen,2932,SH,real,True,15.11.2024,2685472,1284060
102137461,10019788,1611987,Plattenweg,25,8200 Schaffhausen,2939,SH,real,True,15.11.2024,2689226,1285111
102137462,10120423,1613714,Gennersbrunn,4,8207 Schaffhausen,2939,SH,real,True,15.11.2024,2693682,1285449
102137465,10237818,1609262,Rebbergstrasse,31,8240 Thayngen,2920,SH,real,True,15.11.2024,2695877,1289423
102137470,10018457,473352,Herrengasse,6,8222 Beringen,2932,SH,real,True,15.11.2024,2685288,1283839
102137471,10025710,1610718,Windeggstieg,10,8203 Schaffhausen,2939,SH,real,True,15.11.2024,2691159,1283318
102137474,10025700,1613501,Trüllenbuck,83e,8207 Schaffhausen,2939,SH,real,True,15.11.2024,2691788,1286746
102137476,10018654,1612837,Hochstrasse,310,8200 Schaffhausen,2939,SH,real,True,15.11.2024,2690737,1285713
102137477,10073022,1615087,Alpenstrasse,92,8200 Schaffhausen,2939,SH,real,True,15.11.2024,2691023,1283834
102137479,10018654,1612878,Hochstrasse,259,8200 Schaffhausen,2939,SH,real,True,15.11.2024,2690417,1285550
102137481,10018157,1609543,Zieglerweg,12,8240 Thayngen,2920,SH,real,True,15.11.2024,2694882,1289679
102137482,10120424,1613260,Herblingerstrasse,5,8207 Schaffhausen,2939,SH,real,True,15.11.2024,2691160,1285944
102137483,10018150,1609140,Schelmenstieg,3,8240 Thayngen,2920,SH,real,True,15.11.2024,2696062,1289410
102137484,10111811,2024928,Barterweg,20,8240 Thayngen,2920,SH,real,True,15.11.2024,2695766,1289428
102137485,10026388,1609161,Chlenglerweg,8,8240 Thayngen,2920,SH,real,True,15.11.2024,2696006,1289356
102137486,10122282,1611495,Im Lahn,2,8200 Schaffhausen,2939,SH,real,True,15.11.2024,2688387,1284557
102137487,10019788,1611990,Plattenweg,31,8200 Schaffhausen,2939,SH,real,True,15.11.2024,2689207,1285149
102137488,10018677,1611524,Lahnstieg,7,8200 Schaffhausen,2939,SH,real,True,15.11.2024,2688351,1284557
102137490,10091223,473341,Schützeweg,6,8222 Beringen,2932,SH,real,True,15.11.2024,2685463,1283898
102137499,10237814,2713536,Frohsinnweg,12,8240 Thayngen,2920,SH,real,True,15.11.2024,2694865,1289381
102137500,10086761,1613593,Im Brüel,3,8207 Schaffhausen,2939,SH,real,True,15.11.2024,2691874,1286417
102137501,10166494,471195,Chirchegass,10,8241 Barzheim,2920,SH,real,True,15.11.2024,2696232,1290731
102137507,10086490,1614260,Grubenstrasse,117,8200 Schaffhausen,2939,SH,real,True,15.11.2024,2690997,1284322
102137508,10018657,1611451,Hohlenbaumstrasse,118,8200 Schaffhausen,2939,SH,real,True,15.11.2024,2688783,1284622
102137509,10018657,101414957,Hohlenbaumstrasse,99,8200 Schaffhausen,2939,SH,real,True,15.11.2024,2688780,1284644
102137510,10018657,101206932,Hohlenbaumstrasse,56,8200 Schaffhausen,2939,SH,real,True,15.11.2024,2688514,1284526
102137511,10237818,1609087,Rebbergstrasse,102,8240 Thayngen,2920,SH,real,True,15.11.2024,2696425,1289396
102137512,10110810,473266,Neuweg,11,8222 Beringen,2932,SH,real,True,15.11.2024,2685458,1283742
102137513,10085736,1610958,Schildgutstrasse,11,8200 Schaffhausen,2939,SH,real,True,15.11.2024,2688751,1283753
102137514,10110816,1611935,Stahlwerkstrasse,11,8200 Schaffhausen,2939,SH,real,True,15.11.2024,2689140,1284956
102137515,10073075,1614380,Ungarbühlstrasse,89,8200 Schaffhausen,2939,SH,real,True,15.11.2024,2690384,1284417
102137516,10025705,1610610,Unterstadt,44,8200 Schaffhausen,2939,SH,real,True,15.11.2024,2690072,1283506
102137517,10073076,1610285,Vordergasse,16,8200 Schaffhausen,2939,SH,real,True,15.11.2024,2689977,1283507
102137674,10117542,191406990,Bruggwiesen,18,8231 Hemmental,2939,SH,real,True,15.11.2024,2686330,1287201
102137712,10120406,1609397,Biberstrasse,2,8240 Thayngen,2920,SH,real,True,15.11.2024,2695126,1289328
102137713,10129730,1609343,Bröckligraben,12,8240 Thayngen,2920,SH,real,True,15.11.2024,2695254,1289823
102137714,10087054,1609638,In Liblose,8,8240 Thayngen,2920,SH,real,True,15.11.2024,2695063,1289352
102137715,10019291,1614312,Ebnatstrasse,44,8200 Schaffhausen,2939,SH,real,True,15.11.2024,2690291,1284596
102137716,10106950,1610887,Kometsträsschen,65,8200 Schaffhausen,2939,SH,real,True,15.11.2024,2689142,1283558
102137717,10113206,2029623,Vorstadt,15,8200 Schaffhausen,2939,SH,real,True,15.11.2024,2689724,1283722
102137718,10180886,190123527,Urwerfhalde,22,8200 Schaffhausen,2939,SH,real,True,15.11.2024,2688803,1283516
102137719,10073031,1614056,Feldstrasse,21,8200 Schaffhausen,2939,SH,real,True,15.11.2024,2690437,1284066
102137720,10018460,473461,Kehlhof,8,8222 Beringen,2932,SH,real,True,15.11.2024,2685062,1283770
102137722,10085722,2711391,Meisenweg,20,8200 Schaffhausen,2939,SH,real,True,15.11.2024,2689477,1284033
102137723,10019802,2028993,Safrangasse,8,8200 Schaffhausen,2939,SH,real,True,15.11.2024,2689821,1283660
102137724,10073075,1614340,Ungarbühlstrasse,23,8200 Schaffhausen,2939,SH,real,True,15.11.2024,2690229,1284425
102137726,10086490,1614173,Grubenstrasse,25,8200 Schaffhausen,2939,SH,real,True,15.11.2024,2690286,1284226
102137727,10025692,1613197,Stettemerstrasse,6,8207 Schaffhausen,2939,SH,real,True,15.11.2024,2691038,1286150
102137728,10086762,1613119,Im Gräfler,9,8207 Schaffhausen,2939,SH,real,True,15.11.2024,2690804,1286064
102137729,10019807,2028671,Schweizersbildstrasse,47,8200 Schaffhausen,2939,SH,real,True,15.11.2024,2690325,1286456
102137733,10121048,1609662,Oberbildweg,17,8240 Thayngen,2920,SH,real,True,15.11.2024,2694693,1289639
102137735,10106943,1609492,Wistenstrasse,7,8240 Thayngen,2920,SH,real,True,15.11.2024,2694918,1290070
102137736,10018463,473425,Oberdorf,82a.1,8222 Beringen,2932,SH,real,True,23.07.2024,2685229,1283899
102137738,10018157,1609585,Zieglerweg,53,8240 Thayngen,2920,SH,real,True,15.11.2024,2694706,1289760
102137739,10073048,1613845,Kamorstrasse,43,8200 Schaffhausen,2939,SH,real,True,15.11.2024,2690600,1283649
102137740,10085724,2027575,Mühlenstrasse,19,8200 Schaffhausen,2939,SH,real,True,15.11.2024,2689476,1283230
102137741,10106951,1610713,Rheinhaldenstrasse,8,8200 Schaffhausen,2939,SH,real,True,15.11.2024,2690729,1283358
102137742,10086467,1611609,Albisstrasse,19,8200 Schaffhausen,2939,SH,real,True,15.11.2024,2688722,1284756
102137743,10085748,1610989,Stokarbergstrasse,65,8200 Schaffhausen,2939,SH,real,True,15.11.2024,2688876,1283654
102137744,10118144,1610490,Hintersteig,35,8200 Schaffhausen,2939,SH,real,True,15.11.2024,2689382,1283780
102137745,10085756,1610143,Webergasse,24a,8200 Schaffhausen,2939,SH,real,True,15.11.2024,2689874,1283782
102137755,10110810,473268,Neuweg,8,8222 Beringen,2932,SH,real,True,15.11.2024,2685428,1283754
102137756,10086471,1611272,Belairstrasse,25,8200 Schaffhausen,2939,SH,real,True,15.11.2024,2688721,1284299
102137757,10179726,1611284,Rietstrasse,82,8200 Schaffhausen,2939,SH,real,True,15.11.2024,2688643,1284157
102137758,10237818,1609092,Rebbergstrasse,132,8240 Thayngen,2920,SH,real,True,15.11.2024,2696610,1289359
102137760,10111816,472947,Hülstewise,11,8222 Beringen,2932,SH,real,True,15.11.2024,2686899,1283490
102137761,10087072,473033,Neugrüthalde,54,8222 Beringen,2932,SH,real,True,15.11.2024,2686591,1283660
102137762,10087072,2025465,Neugrüthalde,62,8222 Beringen,2932,SH,real,True,15.11.2024,2686632,1283625
102137763,10018464,473176,Oberstieg,34,8222 Beringen,2932,SH,real,True,15.11.2024,2685918,1283792
102137767,10118144,1610499,Hintersteig,53,8200 Schaffhausen,2939,SH,real,True,15.11.2024,2689341,1283817
102137769,10018659,1612330,Hornbergstrasse,7,8200 Schaffhausen,2939,SH,real,True,15.11.2024,2689799,1284539
102137772,10187858,1610811,Vögelingässchen,64,8200 Schaffhausen,2939,SH,real,True,15.11.2024,2691991,1282595
102137773,10186339,473124,Gellerstrasse,74,8222 Beringen,2932,SH,real,True,15.11.2024,2685750,1283657
102137774,10085736,1610963,Schildgutstrasse,25,8200 Schaffhausen,2939,SH,real,True,15.11.2024,2688765,1283864
102137775,10019788,1612079,Plattenweg,48,8200 Schaffhausen,2939,SH,real,True,15.11.2024,2689165,1285299
102137776,10085721,1612063,Lochstrasse,81,8200 Schaffhausen,2939,SH,real,True,15.11.2024,2689341,1285210
102137777,10018632,1610613,Freier Platz,7,8200 Schaffhausen,2939,SH,real,True,15.11.2024,2690242,1283482
102137778,10113206,1610127,Vorstadt,44,8200 Schaffhausen,2939,SH,real,True,15.11.2024,2689789,1283813
102137779,10018654,1612505,Hochstrasse,131,8200 Schaffhausen,2939,SH,real,True,15.11.2024,2690004,1284847
102137781,10073032,1612489,Felsgutstieg,2,8200 Schaffhausen,2939,SH,real,True,15.11.2024,2689905,1284636
102137785,10073021,1614517,Ahornstrasse,2,8200 Schaffhausen,2939,SH,real,True,15.11.2024,2690365,1284582
102137786,10121173,1614487,Lärchenstrasse,7,8200 Schaffhausen,2939,SH,real,True,15.11.2024,2690869,1284383
102137787,10086473,1612718,Bocksrietstrasse,26,8200 Schaffhausen,2939,SH,real,True,15.11.2024,2690462,1285434
102137788,10073052,1611577,Lahnstrasse,75,8200 Schaffhausen,2939,SH,real,True,15.11.2024,2688109,1284614
102137789,10025682,1612116,Sommerwiesstrasse,1,8200 Schaffhausen,2939,SH,real,True,15.11.2024,2688544,1286045
102137790,10180880,1611091,Engemattstrasse,32,8200 Schaffhausen,2939,SH,real,True,15.11.2024,2688333,1283909
102137791,10019272,1612058,Auf der Platte,14,8200 Schaffhausen,2939,SH,real,True,15.11.2024,2689259,1285217
102137792,10018345,1610759,Felsgasse,50,8200 Schaffhausen,2939,SH,real,True,15.11.2024,2691519,1282912
102137793,10046619,1611769,Hurbigweg,5,8200 Schaffhausen,2939,SH,real,True,15.11.2024,2688815,1284955
102137794,10073065,1612784,Sennenwieshalde,7,8200 Schaffhausen,2939,SH,real,True,15.11.2024,2690824,1285655
102137795,10086766,1614452,Klausweg,56,8200 Schaffhausen,2939,SH,real,True,15.11.2024,2690583,1284488
102137796,10018652,1615354,Hintergasse,6,8203 Schaffhausen,2939,SH,real,True,15.11.2024,2691468,1283683
102137797,10019290,2028443,Dürstlingweg,2,8203 Schaffhausen,2939,SH,real,True,15.11.2024,2691225,1283876
102137798,10046623,1615318,Kirchgasse,10,8203 Schaffhausen,2939,SH,real,True,15.11.2024,2691446,1283611
102137799,10178602,1615100,Albulastrasse,13,8200 Schaffhausen,2939,SH,real,True,15.11.2024,2691018,1283704
102137800,10025692,1613173,Stettemerstrasse,141,8207 Schaffhausen,2939,SH,real,True,15.11.2024,2691522,1286881
102137805,10019788,1611989,Plattenweg,29,8200 Schaffhausen,2939,SH,real,True,15.11.2024,2689222,1285122
102137806,10086480,1614593,Eschenweg,7,8200 Schaffhausen,2939,SH,real,True,15.11.2024,2690781,1284668
102137807,10110815,1611666,Lägernstrasse,12,8200 Schaffhausen,2939,SH,real,True,15.11.2024,2688775,1284908
102137808,10046625,1611128,Quellenstrasse,4c,8200 Schaffhausen,2939,SH,real,True,15.11.2024,2688564,1284011
102137809,10118144,1610494,Hintersteig,43,8200 Schaffhausen,2939,SH,real,True,15.11.2024,2689354,1283737
102137810,10187856,1613027,Spiegelgutstrasse,54,8200 Schaffhausen,2939,SH,real,True,15.11.2024,2690367,1286001
102137812,10018644,1615055,Grenzstrasse,2,8200 Schaffhausen,2939,SH,real,True,15.11.2024,2690728,1283635
102137813,10132132,1615227,Bruderhöflistrasse,11,8203 Schaffhausen,2939,SH,real,True,15.11.2024,2691020,1283380
102137814,10025685,1615026,Sonnmattstrasse,3,8200 Schaffhausen,2939,SH,real,True,15.11.2024,2690764,1283737
102137816,10019271,1614768,Artilleriestrasse,15,8200 Schaffhausen,2939,SH,real,True,15.11.2024,2691282,1284503
102137817,10190888,1614915,Winkelriedstrasse,12,8200 Schaffhausen,2939,SH,real,True,15.11.2024,2691158,1284012
102137818,10025700,1613479,Trüllenbuck,71,8207 Schaffhausen,2939,SH,real,True,15.11.2024,2691805,1286712
102137819,10179717,1613323,Im Bergli,15,8207 Schaffhausen,2939,SH,real,True,15.11.2024,2691321,1286290
102137820,10108024,1613388,Kirchbergstrasse,3,8207 Schaffhausen,2939,SH,real,True,15.11.2024,2691406,1286243
102137821,10073050,1613238,Kreuzgutweg,10,8207 Schaffhausen,2939,SH,real,True,15.11.2024,2691551,1286613
102137822,10120423,1613713,Gennersbrunn,5,8207 Schaffhausen,2939,SH,real,True,15.11.2024,2693681,1285468
102137823,10085726,1613609,Neutalstrasse,40,8207 Schaffhausen,2939,SH,real,True,15.11.2024,2692048,1286497
102137824,10025683,1613287,Sonnenberg,22,8207 Schaffhausen,2939,SH,real,True,15.11.2024,2691114,1285998
102137825,10019782,1613377,Neutrottenstrasse,96a,8207 Schaffhausen,2939,SH,real,True,15.11.2024,2691420,1286417
102137831,10120406,1609606,Biberstrasse,27,8240 Thayngen,2920,SH,real,True,15.11.2024,2695068,1289440
102137832,10026385,1609707,Bohlstrasse,4,8240 Thayngen,2920,SH,real,True,15.11.2024,2694930,1288995
102137833,10019553,473515,Unterdorf,9,8222 Beringen,2932,SH,real,True,15.11.2024,2685283,1283503
102137834,10085725,1610370,Münsterplatz,20,8200 Schaffhausen,2939,SH,real,True,15.11.2024,2689923,1283466
102137837,10113196,1614208,Grubenstieg,9,8200 Schaffhausen,2939,SH,real,True,15.11.2024,2690317,1284328
102137839,10086475,2028405,Buchthalerstrasse,168,8203 Schaffhausen,2939,SH,real,True,15.11.2024,2691424,1283701
102137841,10120424,1613338,Herblingerstrasse,91,8207 Schaffhausen,2939,SH,real,True,15.11.2024,2691599,1286317
102137843,10086760,1611340,Holzbrunnenstrasse,1,8200 Schaffhausen,2939,SH,real,True,15.11.2024,2688507,1284264
102137846,10019807,1613089,Schweizersbildstrasse,70,8200 Schaffhausen,2939,SH,real,True,15.11.2024,2689970,1286724
102137847,10178603,2029298,Baumgartenstrasse,23,8200 Schaffhausen,2939,SH,real,True,15.11.2024,2689856,1283344
102137849,10167068,471177,Hegaustrasse,6,8241 Barzheim,2920,SH,real,True,15.11.2024,2696184,1290847
102137850,10237818,1609098,Rebbergstrasse,160,8240 Thayngen,2920,SH,real,True,15.11.2024,2696736,1289329
102137851,10073642,473222,Löwenhof,9,8222 Beringen,2932,SH,real,True,15.11.2024,2685277,1283616
102137852,10185491,473412,Mühleweg,4,8222 Beringen,2932,SH,real,True,15.11.2024,2685144,1283839
102137854,10086466,1614516,Ahornstieg,4,8200 Schaffhausen,2939,SH,real,True,15.11.2024,2690402,1284589
102137855,10086490,1614252,Grubenstrasse,109,8200 Schaffhausen,2939,SH,real,True,15.11.2024,2690900,1284305
102137856,10108021,1612102,Hauentalstrasse,159,8200 Schaffhausen,2939,SH,real,True,15.11.2024,2688691,1285697
102137857,10179725,1615396,Rebweg,13,8203 Schaffhausen,2939,SH,real,True,15.11.2024,2691396,1283475
102137858,10108024,2711534,Kirchbergstrasse,5,8207 Schaffhausen,2939,SH,real,True,15.11.2024,2691393,1286259
102137860,10073043,2027656,Hohberg,33,8207 Schaffhausen,2939,SH,real,True,15.11.2024,2691099,1286304
102137862,10026386,1609348,Bolliweg,15,8240 Thayngen,2920,SH,real,True,15.11.2024,2695262,1289762
102137863,10178604,1611594,Breitenaustrasse,141,8200 Schaffhausen,2939,SH,real,True,15.11.2024,2688809,1284737
102137865,10025705,1610628,Unterstadt,26,8200 Schaffhausen,2939,SH,real,True,15.11.2024,2690129,1283493
102137867,10073045,1613506,Im Chloster,2,8207 Schaffhausen,2939,SH,real,True,15.11.2024,2691879,1286705
102137869,10087067,473389,Gipsmühlewegli,4,8222 Beringen,2932,SH,real,True,15.11.2024,2685164,1284117
102137872,10185488,472965,Allerrietstrasse,10,8222 Beringen,2932,SH,real,True,15.11.2024,2687243,1283414
102137873,10018460,473460,Kehlhof,7,8222 Beringen,2932,SH,real,True,15.11.2024,2685050,1283777
102137874,10018649,1611277,Haselweg,5,8200 Schaffhausen,2939,SH,real,True,15.11.2024,2688676,1284261
102137876,10073055,9012751,Mühlentalstrasse,184,8200 Schaffhausen,2939,SH,real,True,15.11.2024,2689435,1284815
102137877,10018447,190922509,Benzeweg,51a,8222 Beringen,2932,SH,real,True,15.11.2024,2686597,1283566
102137878,10085725,2028232,Münsterplatz,31,8200 Schaffhausen,2939,SH,real,True,15.11.2024,2689857,1283440
102137879,10073056,1610320,Neustadt,11,8200 Schaffhausen,2939,SH,real,True,15.11.2024,2689601,1283294
102137880,10018657,1611399,Hohlenbaumstrasse,36,8200 Schaffhausen,2939,SH,real,True,15.11.2024,2688442,1284476
102137881,10085742,1611469,Sonnenstrasse,75,8200 Schaffhausen,2939,SH,real,True,15.11.2024,2688784,1284592
102137882,10085722,2028702,Meisenweg,15,8200 Schaffhausen,2939,SH,real,True,15.11.2024,2689542,1284001
102137904,10018453,473365,Haargasse,12,8222 Beringen,2932,SH,real,True,15.11.2024,2685405,1283886
102137906,10018460,473463,Kehlhof,12,8222 Beringen,2932,SH,real,True,15.11.2024,2685092,1283771
102137994,10024929,2715015,Im Leuen,17,8243 Altdorf SH,2920,SH,real,True,15.11.2024,2691577,1293489
102137995,10237809,471125,Dorfstrasse,11,8243 Altdorf SH,2920,SH,real,True,15.11.2024,2691529,1293371
102137996,10019573,1609906,Mettlerhof,32,8231 Hemmental,2939,SH,real,True,15.11.2024,2685600,1287854
102137997,10091230,1610020,Hauptstrasse,61,8231 Hemmental,2939,SH,real,True,15.11.2024,2686304,1287512
102137998,10019569,1610051,Hochrahn,40,8231 Hemmental,2939,SH,real,True,15.11.2024,2686293,1287371
102137999,10237825,1609969,Randenstrasse,63,8231 Hemmental,2939,SH,real,True,15.11.2024,2685267,1287680
102138000,10091231,1609899,Im Herbstel,49,8231 Hemmental,2939,SH,real,True,15.11.2024,2685668,1287895
102138001,10237825,1609961,Randenstrasse,42,8231 Hemmental,2939,SH,real,True,15.11.2024,2685457,1287686
102138046,10121172,191417630,Buchbergstrasse,,8200 Schaffhausen,2939,SH,real,True,23.07.2024,2688862,1287453
102138262,10202334,191416110,Oelbergweg,13,8200 Schaffhausen,2939,SH,real,True,15.11.2024,2688502,1283587
102138463,10172660,471121,Unterdorf,6,8243 Altdorf SH,2920,SH,real,True,15.11.2024,2691486,1293276
102138464,10172659,471109,Im Garten,1,8243 Altdorf SH,2920,SH,real,True,15.11.2024,2691298,1293293
102138465,10019572,1609945,Leuenhof,12,8231 Hemmental,2939,SH,real,True,15.11.2024,2685654,1287647
102138466,10019569,1610055,Hochrahn,45,8231 Hemmental,2939,SH,real,True,15.11.2024,2686267,1287395
102138847,10202334,191416476,Oelbergweg,11,8200 Schaffhausen,2939,SH,real,True,15.11.2024,2688496,1283568
102138848,10202334,191416477,Oelbergweg,15,8200 Schaffhausen,2939,SH,real,True,15.11.2024,2688498,1283587
102138849,10202334,191416478,Oelbergweg,19,8200 Schaffhausen,2939,SH,real,True,15.11.2024,2688494,1283605
102139189,10120409,191413134,Schulstrasse,13,8240 Thayngen,2920,SH,real,True,15.11.2024,2695364,1289469
102139238,10026329,470256,Bettackerweg,11,8223 Guntmadingen,2932,SH,real,True,15.11.2024,2684162,1282241
102139244,10019572,1609947,Leuenhof,14,8231 Hemmental,2939,SH,real,True,15.11.2024,2685663,1287643
102139553,10202334,191416090,Oelbergweg,9,8200 Schaffhausen,2939,SH,real,True,15.11.2024,2688500,1283568
102139555,10202334,191416112,Oelbergweg,5,8200 Schaffhausen,2939,SH,real,True,15.11.2024,2688499,1283550
102139557,10202334,191416113,Oelbergweg,3,8200 Schaffhausen,2939,SH,real,True,15.11.2024,2688498,1283531
102139560,10202334,191416052,Oelbergweg,17,8200 Schaffhausen,2939,SH,real,True,15.11.2024,2688498,1283605
102139576,10202334,191416474,Oelbergweg,7,8200 Schaffhausen,2939,SH,real,True,15.11.2024,2688497,1283550
102139676,10237809,471128,Dorfstrasse,14,8243 Altdorf SH,2920,SH,real,True,15.11.2024,2691483,1293355
102140032,10091161,470252,Dorfstrasse,29,8223 Guntmadingen,2932,SH,real,True,15.11.2024,2684056,1282131
102140033,10019570,1609980,Hofwiesenstrasse,18,8231 Hemmental,2939,SH,real,True,15.11.2024,2685778,1287605
102140352,10026329,470255,Bettackerweg,6,8223 Guntmadingen,2932,SH,real,True,15.11.2024,2684094,1282185
102140499,10237825,1609958,Randenstrasse,41,8231 Hemmental,2939,SH,real,True,15.11.2024,2685488,1287673
102140500,10019567,1609919,Dorfplatz,8,8231 Hemmental,2939,SH,real,True,15.11.2024,2685652,1287716
102140501,10091230,1610006,Hauptstrasse,29,8231 Hemmental,2939,SH,real,True,15.11.2024,2685942,1287648
102140554,10026335,470264,Zelgliweg,2,8223 Guntmadingen,2932,SH,real,True,15.11.2024,2684000,1282307
102140555,10091161,470247,Dorfstrasse,33,8223 Guntmadingen,2932,SH,real,True,15.11.2024,2684067,1282096
102140888,10026335,470266,Zelgliweg,5,8223 Guntmadingen,2932,SH,real,True,15.11.2024,2684078,1282330
102140889,10026331,470230,Löhningerstrasse,3,8223 Guntmadingen,2932,SH,real,True,15.11.2024,2683925,1282701
102140918,10091233,1610049,Langwiesen,22,8231 Hemmental,2939,SH,real,True,15.11.2024,2686250,1287319
102140919,10019569,2714272,Hochrahn,42,8231 Hemmental,2939,SH,real,True,15.11.2024,2686305,1287396
102140920,10019567,1609917,Dorfplatz,12,8231 Hemmental,2939,SH,real,True,15.11.2024,2685642,1287732
102140921,10091230,1609988,Hauptstrasse,9,8231 Hemmental,2939,SH,planned,False,15.11.2024,2685733,1287690
102140922,10091231,1609898,Im Herbstel,51,8231 Hemmental,2939,SH,real,True,15.11.2024,2685686,1287919
102140923,10019570,1609978,Hofwiesenstrasse,14,8231 Hemmental,2939,SH,real,True,15.11.2024,2685747,1287625
102140924,10237825,1609963,Randenstrasse,47,8231 Hemmental,2939,SH,real,True,15.11.2024,2685438,1287669
102141107,10072966,471103,Im Bohl,14,8243 Altdorf SH,2920,SH,real,True,15.11.2024,2691337,1293329
102141108,10091230,1610017,Hauptstrasse,50,8231 Hemmental,2939,SH,real,True,15.11.2024,2686176,1287600
102141126,10091161,470270,Dorfstrasse,9,8223 Guntmadingen,2932,SH,real,True,15.11.2024,2684004,1282374
102141127,10026330,2714975,Lauferbergstrasse,6,8223 Guntmadingen,2932,SH,real,True,15.11.2024,2684123,1282026
102141446,10111801,470272,Huebpüntweg,5,8223 Guntmadingen,2932,SH,real,True,15.11.2024,2684027,1282429
102141460,10019572,1609948,Leuenhof,4,8231 Hemmental,2939,SH,real,True,15.11.2024,2685624,1287664
102141471,10111806,471113,Höfen,4,8243 Altdorf SH,2920,SH,real,True,15.11.2024,2691409,1293266
102141627,10086488,191410620,Gennersbrunnerstrasse,,8207 Schaffhausen,2939,SH,real,True,23.07.2024,2691897,1285954
102141681,10019572,1609944,Leuenhof,3,8231 Hemmental,2939,SH,real,True,15.11.2024,2685646,1287663
102141938,10018140,191420650,Industriestrasse,12,8240 Thayngen,2920,SH,real,True,15.11.2024,2694692,1288978
102142426,10026333,470246,Püntweg,3,8223 Guntmadingen,2932,SH,real,True,15.11.2024,2683990,1282104
102142688,10237825,1609962,Randenstrasse,44,8231 Hemmental,2939,SH,real,True,15.11.2024,2685428,1287684
102142813,10091230,1609985,Hauptstrasse,3,8231 Hemmental,2939,SH,real,True,15.11.2024,2685702,1287697
102142913,10136262,191412030,Müliweg,24,8214 Gächlingen,2901,SH,real,True,15.11.2024,2679853,1284444
102142919,10120420,191412112,Amsler-Laffon-Strasse,,8200 Schaffhausen,2939,SH,real,True,19.11.2024,2690336,1284850
102143191,10091230,1610007,Hauptstrasse,35,8231 Hemmental,2939,SH,real,True,15.11.2024,2686020,1287640
102143611,10091161,470258,Dorfstrasse,25,8223 Guntmadingen,2932,SH,real,True,15.11.2024,2684033,1282180
102143695,10202334,191416472,Oelbergweg,1,8200 Schaffhausen,2939,SH,real,True,15.11.2024,2688502,1283531
102144081,10019569,2714274,Hochrahn,46,8231 Hemmental,2939,SH,real,True,15.11.2024,2686288,1287424
102144554,10019572,1609949,Leuenhof,2,8231 Hemmental,2939,SH,real,True,15.11.2024,2685629,1287682
102144594,10068427,470261,Im Winkel,2,8223 Guntmadingen,2932,SH,real,True,15.11.2024,2683985,1282275
102144610,10103865,191412022,Bergstrasse,11,8214 Gächlingen,2901,SH,real,True,15.11.2024,2679825,1284566
102145576,10134598,191431136,Grünau,2,8233 Bargen SH,2931,SH,real,True,19.11.2024,2687678,1294289
102146037,10134598,191431138,Grünau,2a,8233 Bargen SH,2931,SH,real,True,15.11.2024,2687670,1294292
102147040,10237811,191428544,Dorfstrasse,32,8242 Bibern SH,2920,SH,real,True,15.11.2024,2692943,1292021
102147098,10073034,191422272,Friedbergstrasse,76.1,8200 Schaffhausen,2939,SH,real,True,23.07.2024,2689267,1283642
102147243,10118356,191424591,Förlibuckstrasse,28,8454 Buchberg,2933,SH,real,True,15.11.2024,2684703,1270161
102147244,10118356,191424593,Förlibuckstrasse,24,8454 Buchberg,2933,SH,real,True,15.11.2024,2684724,1270154
102147374,10085741,191424150,Solenbergstrasse,1,8207 Schaffhausen,2939,SH,real,True,15.11.2024,2691508,1285475
102147394,10046605,191424580,Dorfstrasse,28,8454 Buchberg,2933,SH,real,True,15.11.2024,2684682,1269777
102147397,10118356,191424595,Förlibuckstrasse,22,8454 Buchberg,2933,SH,real,True,15.11.2024,2684723,1270148
102147399,10118356,191424597,Förlibuckstrasse,18,8454 Buchberg,2933,SH,real,True,15.11.2024,2684721,1270125
102147400,10118356,191424598,Förlibuckstrasse,20,8454 Buchberg,2933,SH,real,True,15.11.2024,2684722,1270131
102147580,10106941,191426041,Oberwiesstrasse,24,8213 Neunkirch,2904,SH,real,True,15.11.2024,2679801,1282085
102147648,10118356,191424557,Förlibuckstrasse,26,8454 Buchberg,2933,SH,real,True,15.11.2024,2684700,1270146
102147651,10118356,191424600,Förlibuckstrasse,16,8454 Buchberg,2933,SH,real,True,15.11.2024,2684717,1270113
102149474,10166494,191428590,Chirchegass,11,8241 Barzheim,2920,SH,real,True,15.11.2024,2696248,1290741
102151542,10026395,191428547,Im Abt,9,8240 Thayngen,2920,SH,real,True,15.11.2024,2696238,1289345
102151548,10026395,191428552,Im Abt,9a,8240 Thayngen,2920,SH,real,True,15.11.2024,2696245,1289344
102151788,10111811,191428520,Barterweg,17,8240 Thayngen,2920,SH,real,True,15.11.2024,2695767,1289450
102151877,10026319,191438333,Brüelstrasse,27,8214 Gächlingen,2901,SH,real,True,15.11.2024,2679595,1284317
102152005,10087070,191444591,Hülsteweg,7,8222 Beringen,2932,SH,real,True,15.11.2024,2686867,1283625
102152061,10148187,191435471,Im Benze,31,8222 Beringen,2932,SH,real,True,15.11.2024,2686593,1283543
102152079,10186339,191436010,Gellerstrasse,48,8222 Beringen,2932,SH,real,True,15.11.2024,2685548,1283611
102152251,10046604,191435510,Werkstrasse,1263.1,8222 Beringen,2932,SH,real,True,23.07.2024,2684823,1283116
102152461,10031939,191441370,Wagenhauserstrasse,23,8260 Stein am Rhein,2964,SH,real,True,15.11.2024,2706342,1279445
102152462,10031939,191441371,Wagenhauserstrasse,19,8260 Stein am Rhein,2964,SH,real,True,15.11.2024,2706362,1279433
102152472,10031923,191441633,Hemishoferstrasse,36a,8260 Stein am Rhein,2964,SH,real,True,15.11.2024,2706253,1280173
102152552,10018447,191439453,Benzeweg,43c,8222 Beringen,2932,SH,real,True,15.11.2024,2686467,1283616
102152831,10148187,191435392,Im Benze,25,8222 Beringen,2932,SH,real,True,15.11.2024,2686552,1283517
102152832,10148187,191435461,Im Benze,29,8222 Beringen,2932,SH,real,True,15.11.2024,2686555,1283546
102153095,10018447,191439450,Benzeweg,43d,8222 Beringen,2932,SH,real,True,15.11.2024,2686479,1283614
102153098,10018447,191439454,Benzeweg,43a,8222 Beringen,2932,SH,real,True,15.11.2024,2686462,1283589
102153346,10018447,191439430,Benzeweg,43b,8222 Beringen,2932,SH,real,True,15.11.2024,2686474,1283587
102153576,10148187,191435450,Im Benze,27,8222 Beringen,2932,SH,real,True,15.11.2024,2686590,1283513
102153887,10032571,191446032,Lendenbergstrasse,32,8226 Schleitheim,2952,SH,real,True,15.11.2024,2677872,1289289
102153967,10027500,191455233,Chennerenstrasse,14,8213 Neunkirch,2904,SH,real,True,15.11.2024,2679928,1283018
102153968,10027500,191455234,Chennerenstrasse,12,8213 Neunkirch,2904,SH,real,True,15.11.2024,2679933,1282997
102153969,10027500,191455235,Chennerenstrasse,4,8213 Neunkirch,2904,SH,real,True,15.11.2024,2679952,1282911
102153970,10027500,191455236,Chennerenstrasse,2,8213 Neunkirch,2904,SH,real,True,15.11.2024,2679957,1282890
102153971,10027500,191455237,Chennerenstrasse,10,8213 Neunkirch,2904,SH,real,True,15.11.2024,2679938,1282975
102154632,10025705,1610607,Unterstadt,40,8200 Schaffhausen,2939,SH,real,True,15.11.2024,2690083,1283501
102154994,10027500,191455238,Chennerenstrasse,8,8213 Neunkirch,2904,SH,real,True,15.11.2024,2679942,1282954
102154995,10027500,191455239,Chennerenstrasse,6,8213 Neunkirch,2904,SH,real,True,15.11.2024,2679947,1282932
102155779,10031571,191449291,Gewerbestrasse,6,8225 Siblingen,2953,SH,real,True,15.11.2024,2680997,1285275
102156107,10113195,191460290,Freudentalstrasse,2,8200 Schaffhausen,2939,SH,real,True,15.11.2024,2690034,1286693
102156116,10018460,473459,Kehlhof,6a,8222 Beringen,2932,SH,real,True,15.11.2024,2685038,1283765
102156276,10144429,191449110,Hegaustrasse,17,8235 Lohn SH,2917,SH,real,True,15.11.2024,2692791,1290354
102157070,10103869,191456910,Rütistrasse,22,8224 Löhningen,2903,SH,real,True,15.11.2024,2683227,1284338
102157072,10026342,191456931,Hauptstrasse,25a,8224 Löhningen,2903,SH,real,True,15.11.2024,2683702,1284006
102157074,10026342,191456970,Hauptstrasse,25b,8224 Löhningen,2903,SH,real,True,15.11.2024,2683694,1284005
102157298,10185487,191442051,Am Stägli,13,8233 Bargen SH,2931,SH,real,True,15.11.2024,2687926,1294034
102158533,10031596,482617,Bibermühle,2,8262 Ramsen,2963,SH,real,True,15.11.2024,2702552,1281902
102158537,10144429,191449111,Hegaustrasse,19,8235 Lohn SH,2917,SH,real,True,15.11.2024,2692786,1290334
102159158,10031578,191449311,Schoopacker,27,8225 Siblingen,2953,SH,real,True,15.11.2024,2681316,1286104
102161517,10206284,191462752,Sandackerweg,1,8454 Buchberg,2933,SH,real,True,15.11.2024,2684542,1269513
102161613,10025710,191464490,Windeggstieg,50,8203 Schaffhausen,2939,SH,real,True,15.11.2024,2691460,1283046
102161710,10086489,191461670,Grafenbuckstrasse,25.5,8208 Schaffhausen,2939,SH,real,True,23.07.2024,2689847,1285337
102161942,10018344,191460930,Felsenstieg,9,8200 Schaffhausen,2939,SH,real,True,15.11.2024,2689351,1284944
102161943,10018344,191460931,Felsenstieg,11,8200 Schaffhausen,2939,SH,real,True,15.11.2024,2689356,1284982
102161944,10018344,191460932,Felsenstieg,7,8200 Schaffhausen,2939,SH,real,True,15.11.2024,2689345,1284907
102161963,10111804,191463090,Hallauerstrasse,54,8213 Neunkirch,2904,SH,real,True,15.11.2024,2678970,1282834
102161964,10111804,191463091,Hallauerstrasse,52,8213 Neunkirch,2904,SH,real,True,15.11.2024,2678968,1282800
102161986,10091228,191464151,Wieswandstrasse,12,8454 Buchberg,2933,SH,real,True,15.11.2024,2684707,1269623
102162131,10019561,473752,Murkathof,12,8454 Buchberg,2933,SH,real,True,15.11.2024,2684236,1268036
102162464,10147639,191465830,Im Gablemacher,21,8240 Thayngen,2920,SH,real,True,15.11.2024,2694414,1289630
102162467,10106952,191465892,Sandackerstrasse,26.1,8200 Schaffhausen,2939,SH,real,True,23.07.2024,2688486,1284174
102162519,10206284,191464030,Sandackerweg,3,8454 Buchberg,2933,SH,real,True,15.11.2024,2684540,1269513
102162579,10164639,191465693,Bahnstieg,3,8261 Hemishofen,2962,SH,real,True,15.11.2024,2704690,1281708
102162943,10032571,191463790,Lendenbergstrasse,54a,8226 Schleitheim,2952,SH,real,True,15.11.2024,2677705,1289230
102163025,10031598,191465950,Hinder Hüsler,627,8262 Ramsen,2963,SH,real,True,15.11.2024,2703447,1284768
102163077,10111804,191463070,Hallauerstrasse,30,8213 Neunkirch,2904,SH,real,True,15.11.2024,2679122,1282784
102164923,10111804,191463050,Hallauerstrasse,28,8213 Neunkirch,2904,SH,real,True,15.11.2024,2679135,1282822
102166765,10031499,191469331,Hauptstrasse,37,8215 Hallau,2971,SH,real,True,15.11.2024,2676598,1283527
102166992,10178590,191467850,Staanackerstrasse,3,8232 Merishausen,2936,SH,real,True,15.11.2024,2687845,1290124
102167008,10085751,191468891,Thayngerstrasse,51,8207 Schaffhausen,2939,SH,real,True,15.11.2024,2691904,1286969
102167033,10178604,1611653,Breitenaustrasse,165,8200 Schaffhausen,2939,SH,real,True,15.11.2024,2688801,1284889
102168167,10128950,191467291,Frohbergstrasse,14.3,8200 Schaffhausen,2939,SH,real,True,23.07.2024,2690062,1284094
102168233,10192483,191468370,Bleicheplatz,,8200 Schaffhausen,2939,SH,real,True,23.07.2024,2689549,1283842
102168262,10085751,191468896,Thayngerstrasse,53,8207 Schaffhausen,2939,SH,real,True,15.11.2024,2691898,1286991
102168966,10019277,191476371,Berghaldenweg,22.1,8207 Schaffhausen,2939,SH,real,True,23.07.2024,2691962,1286708
102169058,10085774,191470550,Schützengasse,5,8226 Schleitheim,2952,SH,real,True,15.11.2024,2678696,1289490
102170091,10046615,191476391,Dützebüelstrasse,2,8207 Schaffhausen,2939,SH,real,True,15.11.2024,2691968,1286911
102170092,10019277,191476392,Berghaldenweg,1,8207 Schaffhausen,2939,SH,real,True,15.11.2024,2691954,1286903
102170645,10046605,191467730,Dorfstrasse,73,8454 Buchberg,2933,SH,real,True,15.11.2024,2684319,1269728
102171082,10211194,191473094,Müligarten,6,8226 Schleitheim,2952,SH,real,True,15.11.2024,2677995,1288972
102171622,10128950,191467290,Frohbergstrasse,14.1,8200 Schaffhausen,2939,SH,real,True,23.07.2024,2690044,1284112
102172383,10132353,191488451,Im Morgen,4,8239 Dörflingen,2915,SH,real,True,15.11.2024,2696213,1285096
102172394,10132353,191488552,Im Morgen,2,8239 Dörflingen,2915,SH,real,True,15.11.2024,2696196,1285086
102172395,10086750,191488571,Im Unterberg,6a,8239 Dörflingen,2915,SH,real,True,15.11.2024,2695985,1284749
102172396,10123288,191488591,Büsingerstrasse,11,8239 Dörflingen,2915,SH,real,True,15.11.2024,2695986,1284796
102172397,10086750,191488611,Im Unterberg,4,8239 Dörflingen,2915,SH,real,True,15.11.2024,2696004,1284771
102172399,10123288,191488632,Büsingerstrasse,13,8239 Dörflingen,2915,SH,real,True,15.11.2024,2695970,1284789
102172400,10086750,191488633,Im Unterberg,6,8239 Dörflingen,2915,SH,real,True,15.11.2024,2696012,1284755
102172402,10086750,191488635,Im Unterberg,4a,8239 Dörflingen,2915,SH,real,True,15.11.2024,2695979,1284761
102172403,10024951,191488651,Randeggerstrasse,8,8239 Dörflingen,2915,SH,real,True,15.11.2024,2696567,1285466
102172411,10086752,191488751,Plattenweg,3,8239 Dörflingen,2915,SH,real,True,15.11.2024,2696313,1285330
102173224,10054973,191486594,Büelacker,3,8236 Büttenhardt,2914,SH,real,True,15.11.2024,2690985,1289915
102174214,10025644,2024998,Bahnhofstrasse,19,8240 Thayngen,2920,SH,real,False,15.11.2024,2695125,1289182
102174289,10110816,190089521,Stahlwerkstrasse,20,8200 Schaffhausen,2939,SH,real,True,15.11.2024,2689215,1284953
102174347,10192054,191125130,Burgstall,3,8213 Neunkirch,2904,SH,real,True,15.11.2024,2679894,1282131
102174550,10019783,190064936,Nordstrasse,12a,8200 Schaffhausen,2939,SH,real,True,15.11.2024,2689346,1283909
102174628,10018464,190426013,Oberstieg,43c,8222 Beringen,2932,SH,real,True,15.11.2024,2686003,1283796
102174723,10185477,191139890,Neudörflingerstrasse,21a,8239 Dörflingen,2915,SH,real,True,15.11.2024,2696250,1285109
102174808,10019287,190056628,Bühlstrasse,19,8200 Schaffhausen,2939,SH,real,True,15.11.2024,2688932,1283824
102174950,10106947,190081415,Dachsenbüelstrasse,52,8200 Schaffhausen,2939,SH,real,True,15.11.2024,2690279,1286612
102174990,10031525,190080932,Bettenstrasse,31,8217 Wilchingen,2974,SH,real,True,15.11.2024,2677721,1280035
102175058,10121172,190105198,Buchbergstrasse,7,8200 Schaffhausen,2939,SH,real,True,15.11.2024,2688889,1287405
102175336,10106946,3122057,Trubegüetlistrasse,6a,8212 Neuhausen am Rheinfall,2937,SH,real,True,15.11.2024,2688667,1283187
102175404,10027497,191507631,Stalden,22a,8224 Löhningen,2903,SH,real,True,15.11.2024,2683909,1283930
102175628,10111816,190928869,Hülstewise,6,8222 Beringen,2932,SH,real,True,15.11.2024,2687006,1283451
102175744,10026335,191509695,Zelgliweg,,8223 Guntmadingen,2932,SH,real,True,23.07.2024,2684583,1282399
102175797,10031525,191514692,Bettenstrasse,4,8217 Wilchingen,2974,SH,real,True,15.11.2024,2677511,1279963
102175799,10091408,191514754,Mülibach,4,8217 Wilchingen,2974,SH,real,True,15.11.2024,2676666,1281129
102175804,10148816,484639,Hauptstrasse,31,8217 Wilchingen,2974,SH,real,True,15.11.2024,2677336,1280158
102176087,10118353,191499511,Ausserdorf,14,8235 Lohn SH,2917,SH,real,True,15.11.2024,2692328,1290231
102177045,10018166,191500474,Zentralstrasse,5,8212 Neuhausen am Rheinfall,2937,SH,real,True,15.11.2024,2688589,1281761
102177518,10087041,471846,Obere Wassergasse,3,8234 Stetten SH,2919,SH,real,True,15.11.2024,2691637,1288405
102177675,10031819,191495651,Hofackerstrasse,1,8217 Wilchingen,2974,SH,real,True,15.11.2024,2677176,1280196
102177748,10046604,191500551,Werkstrasse,19,8222 Beringen,2932,SH,real,True,15.11.2024,2685002,1283206
102177749,10046604,191500552,Werkstrasse,20,8222 Beringen,2932,SH,real,True,15.11.2024,2684996,1283159
102177778,10186340,191509593,Schaffhauserstrasse,72,8222 Beringen,2932,SH,real,True,15.11.2024,2685861,1283443
102177829,10018459,191511072,Höhenackerweg,9,8222 Beringen,2932,SH,real,True,15.11.2024,2685049,1284058
102177830,10148187,191511192,Im Benze,23,8222 Beringen,2932,SH,real,True,15.11.2024,2686517,1283549
102178321,10031525,191514711,Bettenstrasse,9,8217 Wilchingen,2974,SH,real,True,15.11.2024,2677470,1279990
102178323,10091406,191514751,Haslacherstrasse,27,8217 Wilchingen,2974,SH,real,True,15.11.2024,2677534,1280711
102178334,10179725,191515311,Rebweg,32,8203 Schaffhausen,2939,SH,real,True,15.11.2024,2691303,1283287
102178336,10019569,191515371,Hochrahn,71,8231 Hemmental,2939,SH,real,True,15.11.2024,2686179,1287494
102178422,10148187,191511175,Im Benze,19,8222 Beringen,2932,SH,real,True,15.11.2024,2686516,1283520
102178436,10199000,191511571,Wiesenweg,1,8216 Oberhallau,2972,SH,real,True,15.11.2024,2677964,1284097
102178621,10209544,191506540,Gewerbestrasse,2,8217 Wilchingen,2974,SH,real,True,15.11.2024,2676878,1281515
102178861,10085724,191518791,Mühlenstrasse,26.1,8200 Schaffhausen,2939,SH,real,True,19.11.2024,2689364,1283240
102179079,10237818,191209291,Rebbergstrasse,63b,8240 Thayngen,2920,SH,real,True,15.11.2024,2696133,1289503
102179080,10237818,191209291,Rebbergstrasse,63c,8240 Thayngen,2920,SH,real,True,15.11.2024,2696134,1289515
102179085,10027497,191507652,Stalden,22b,8224 Löhningen,2903,SH,real,True,15.11.2024,2683938,1283941
102179271,10018456,191504271,Hardmorgenweg,15,8222 Beringen,2932,SH,real,True,15.11.2024,2685782,1283243
102179524,10031499,191508171,Hauptstrasse,26a,8215 Hallau,2971,SH,real,True,15.11.2024,2676557,1283442
102179701,10117546,191520431,Industriestrasse,32.3,8207 Schaffhausen,2939,SH,real,True,23.07.2024,2692374,1286729
102179949,10073055,190754909,Mühlentalstrasse,,8200 Schaffhausen,2939,SH,real,True,23.07.2024,2689289,1286840
102179963,10111813,190013412,Speckweg,28,8240 Thayngen,2920,SH,real,True,15.11.2024,2694348,1289311
102180047,10048897,191510574,Rebweg,15,8213 Neunkirch,2904,SH,real,True,15.11.2024,2679710,1282137
102180193,10178604,191515391,Breitenaustrasse,144,8200 Schaffhausen,2939,SH,real,True,15.11.2024,2688863,1284770
102180399,10087226,2717209,Wiesholz,513,8262 Ramsen,2963,SH,real,True,15.11.2024,2704685,1285106
102180448,10120403,191510611,Hauptstrasse,22,8242 Hofen SH,2920,SH,real,True,15.11.2024,2692857,1293231
102180501,10148187,191511173,Im Benze,17,8222 Beringen,2932,SH,real,True,15.11.2024,2686481,1283525
102180502,10148187,191511191,Im Benze,21,8222 Beringen,2932,SH,real,True,15.11.2024,2686482,1283554
102180630,10031586,191519951,Hauptstrasse,2,8261 Hemishofen,2962,SH,real,True,15.11.2024,2704692,1281620
102180638,10117546,191520451,Industriestrasse,32.1,8207 Schaffhausen,2939,SH,real,True,23.07.2024,2692440,1286763
102180817,10046627,190060997,Rietmattstrasse,9,8200 Schaffhausen,2939,SH,real,True,15.11.2024,2688304,1284143
102180834,10106951,191098810,Rheinhaldenstrasse,64,8200 Schaffhausen,2939,SH,real,True,15.11.2024,2691374,1282816
102180855,10025644,191088890,Bahnhofstrasse,4,8240 Thayngen,2920,SH,real,True,15.11.2024,2695109,1289233
102180884,10153985,191511554,Rohrstrasse,10,8216 Oberhallau,2972,SH,real,True,15.11.2024,2677840,1284358
102180981,10031829,191514755,Schulgasse,9,8217 Wilchingen,2974,SH,real,True,15.11.2024,2677437,1280259
102181118,10046618,191520372,Fernsichtstrasse,23.1,8200 Schaffhausen,2939,SH,real,True,23.07.2024,2688947,1284897
102181188,10073637,190138729,Gärtliweg,10,8222 Beringen,2932,SH,real,True,15.11.2024,2684934,1283773
102181433,10111812,1609029,Ebringerstrasse,81,8240 Thayngen,2920,SH,real,True,15.11.2024,2696329,1289298
102181451,10068436,190766869,Hasenbergstrasse,9a,8213 Neunkirch,2904,SH,real,True,15.11.2024,2679476,1282202
102181533,10086475,190170488,Buchthalerstrasse,39,8200 Schaffhausen,2939,SH,real,True,15.11.2024,2690726,1283450
102181570,10073645,3034910,Schützehüsliweg,8,8222 Beringen,2932,SH,real,True,15.11.2024,2685422,1283704
102181759,10073645,473298,Schützehüsliweg,6,8222 Beringen,2932,SH,real,True,15.11.2024,2685423,1283669
102181872,10148187,190800289,Im Benze,41,8222 Beringen,2932,SH,real,True,15.11.2024,2686732,1283489
102181888,10179734,190055950,Weinsteig,73,8200 Schaffhausen,2939,SH,real,True,15.11.2024,2689591,1284402
102181981,10031938,1616173,Understadt,10,8260 Stein am Rhein,2964,SH,real,True,15.11.2024,2706665,1279820
102182032,10032565,481841,Hallauerstrasse,24,8226 Schleitheim,2952,SH,real,True,15.11.2024,2677947,1288800
102182036,10106946,3122057,Trubegüetlistrasse,6,8212 Neuhausen am Rheinfall,2937,SH,real,True,15.11.2024,2688657,1283182
102182042,10160823,190190084,Morgenackerweg,6,8454 Buchberg,2933,SH,real,True,15.11.2024,2684235,1269879
102182147,10087038,190028453,Brämlenstrasse,39,8234 Stetten SH,2919,SH,real,True,15.11.2024,2691298,1287868
102182299,10161532,190557530,Rietweg,2,8260 Stein am Rhein,2964,SH,real,True,15.11.2024,2706312,1280320
102182451,10121172,190628765,Buchbergstrasse,20,8200 Schaffhausen,2939,SH,real,True,15.11.2024,2688828,1287654
102182773,10132132,1615265,Bruderhöflistrasse,20,8203 Schaffhausen,2939,SH,real,True,15.11.2024,2691111,1283417
102182778,10111807,190040051,Braatistrasse,1b,8236 Büttenhardt,2914,SH,real,True,15.11.2024,2691014,1290143
102182828,10073069,191230371,Steingutstrasse,30,8200 Schaffhausen,2939,SH,real,True,15.11.2024,2690519,1285649
102182865,10091104,1616106,Rhigass,6,8260 Stein am Rhein,2964,SH,real,True,15.11.2024,2706723,1279663
102182866,10112906,190032722,Gewerbestrasse,6,8212 Neuhausen am Rheinfall,2937,SH,real,True,15.11.2024,2687349,1281247
102182937,10158544,101250040,Mülackerstrasse,10,8242 Bibern SH,2920,SH,real,True,15.11.2024,2692744,1292068
102183382,10019569,2714276,Hochrahn,57,8231 Hemmental,2939,SH,real,True,15.11.2024,2686247,1287465
102183475,10046615,101414925,Dützebüelstrasse,42,8207 Schaffhausen,2939,SH,real,True,15.11.2024,2692135,1286637
102183500,10027515,9001010,Stiegweg,19,8213 Neunkirch,2904,SH,real,True,15.11.2024,2679315,1282190
102183611,10031916,1616011,Chnebelstrasse,4,8260 Stein am Rhein,2964,SH,real,True,15.11.2024,2706670,1279244
102183921,10048900,190746329,Lohningerweg,25,8240 Thayngen,2920,SH,real,True,15.11.2024,2694734,1289506
102183934,10017855,190010982,Birchstrasse,34,8212 Neuhausen am Rheinfall,2937,SH,real,True,15.11.2024,2687026,1281479
102184060,10185480,471781,Im Büel,3,8234 Stetten SH,2919,SH,real,True,15.11.2024,2691682,1288731
102184099,10073060,1610424,Rheinstrasse,40,8200 Schaffhausen,2939,SH,real,True,15.11.2024,2689623,1283259
102184493,10154819,190074692,Im Buechacker,6,8234 Stetten SH,2919,SH,real,True,15.11.2024,2691885,1288032
102184718,10019788,191180990,Plattenweg,52,8200 Schaffhausen,2939,SH,real,True,15.11.2024,2689150,1285328
102184735,10145459,190514431,Anker-Wisli,573h,8262 Ramsen,2963,SH,real,True,15.11.2024,2703104,1285023
102184779,10019287,190974829,Bühlstrasse,4,8200 Schaffhausen,2939,SH,real,True,15.11.2024,2689101,1283858
102184833,10185480,471794,Im Büel,4,8234 Stetten SH,2919,SH,real,True,15.11.2024,2691718,1288740
102184955,10087052,9003462,Im Gatter,38,8240 Thayngen,2920,SH,real,True,15.11.2024,2694721,1289314
102184962,10103233,101525191,Trottengasse,16,8216 Oberhallau,2972,SH,real,True,15.11.2024,2678031,1284165
102185201,10107218,9080845,Hofwisenstrasse,19,8260 Stein am Rhein,2964,SH,real,True,15.11.2024,2706372,1278809
102185280,10072986,2712708,Braatistrasse,19,8234 Stetten SH,2919,SH,real,True,15.11.2024,2691574,1288079
102185601,10091226,190025012,Zelgstrasse,26,8222 Beringen,2932,SH,real,True,15.11.2024,2685141,1283493
102185795,10087063,2713089,Dorfstrasse,13,8233 Bargen SH,2931,SH,real,True,15.11.2024,2687756,1294116
102185802,10087072,190112698,Neugrüthalde,70a,8222 Beringen,2932,SH,real,True,15.11.2024,2686701,1283673
102185809,10177867,190136868,Langwis,1,8219 Trasadingen,2973,SH,real,True,15.11.2024,2674785,1279986
102185825,10185491,190922689,Mühleweg,5,8222 Beringen,2932,SH,real,True,15.11.2024,2685127,1283850
102185873,10073024,1611648,Bachtelstrasse,36,8200 Schaffhausen,2939,SH,real,True,15.11.2024,2688596,1284821
102185960,10019291,2029217,Ebnatstrasse,65a,8200 Schaffhausen,2939,SH,real,False,15.11.2024,2690407,1284741
102185980,10031593,11527243,Alemannenweg,520,8262 Ramsen,2963,SH,real,True,15.11.2024,2703535,1284875
102186112,10017865,474927,Goldbergstrasse,10a,8212 Neuhausen am Rheinfall,2937,SH,real,True,15.11.2024,2688409,1282952
102186211,10091233,190012262,Langwiesen,27,8231 Hemmental,2939,SH,real,True,15.11.2024,2686279,1287295
102186618,10206069,190751549,Oberdorfstrasse,3,8455 Rüdlingen,2938,SH,real,True,15.11.2024,2685024,1270339
102186619,10091408,2715233,Mülibach,5,8217 Wilchingen,2974,SH,real,True,15.11.2024,2676754,1281157
102186625,10091228,2026140,Wieswandstrasse,7,8454 Buchberg,2933,SH,real,True,15.11.2024,2684670,1269637
102186629,10031569,482403,Am Stei,1,8225 Siblingen,2953,SH,real,True,15.11.2024,2681009,1285419
102186746,10019781,190206650,Neherstieg,24,8200 Schaffhausen,2939,SH,real,True,15.11.2024,2688375,1283844
102186871,10046609,190146413,Sonnenbergstrasse,35,8212 Neuhausen am Rheinfall,2937,SH,real,True,15.11.2024,2688121,1282605
102186923,10018464,190426072,Oberstieg,45a,8222 Beringen,2932,SH,real,True,15.11.2024,2686012,1283788
102186953,10018659,190675289,Hornbergstrasse,13,8200 Schaffhausen,2939,SH,real,True,15.11.2024,2689794,1284478
102187001,10087226,190003502,Wiesholz,49a,8262 Ramsen,2963,SH,real,True,15.11.2024,2704439,1285206
102187059,10019275,2711242,Beckengässchen,10,8200 Schaffhausen,2939,SH,real,True,15.11.2024,2689482,1283671
102187116,10046618,1611744,Fernsichtstrasse,9c,8200 Schaffhausen,2939,SH,real,True,15.11.2024,2688904,1284805
102187314,10106947,101414987,Dachsenbüelstrasse,37,8200 Schaffhausen,2939,SH,real,True,15.11.2024,2690387,1286610
102187460,10024957,190179424,Blattenacker,7b,8235 Lohn SH,2917,SH,real,True,15.11.2024,2692469,1290008
102187488,10122645,474455,Schalchengässli,3,8212 Neuhausen am Rheinfall,2937,SH,real,True,15.11.2024,2689012,1281876
102187596,10179748,482567,Unterdorf,1,8261 Hemishofen,2962,SH,real,True,15.11.2024,2704455,1281541
102187723,10087070,190142236,Hülsteweg,33,8222 Beringen,2932,SH,real,True,15.11.2024,2686664,1283597
102187968,10153963,190074712,Büelstrasse,12,8234 Stetten SH,2919,SH,real,True,15.11.2024,2691750,1288704
102187975,10087048,190233457,Buchhaldenweg,22b,8240 Thayngen,2920,SH,real,True,15.11.2024,2695099,1290140
102188276,10091390,191084090,Oberhallauerstrasse,15.1,8215 Hallau,2971,SH,real,True,23.07.2024,2677159,1283560
102188290,10085721,190189484,Lochstrasse,17,8200 Schaffhausen,2939,SH,real,True,15.11.2024,2689201,1284893
102188445,10185483,190185248,Buchbergstrasse,48,8240 Thayngen,2920,SH,real,True,15.11.2024,2696069,1289541
102188471,10206081,2712231,Ausserdorfstrasse,14,8455 Rüdlingen,2938,SH,real,True,15.11.2024,2685199,1270749
102188474,10111812,1609055,Ebringerstrasse,129,8240 Thayngen,2920,SH,real,True,15.11.2024,2696559,1289288
102188475,10018174,476026,Im hinderen Chapf,6,8455 Rüdlingen,2938,SH,real,True,15.11.2024,2684985,1270205
102188483,10111807,190040051,Braatistrasse,1a,8236 Büttenhardt,2914,SH,real,True,15.11.2024,2691011,1290144
102188499,10017855,190046881,Birchstrasse,8,8212 Neuhausen am Rheinfall,2937,SH,real,True,15.11.2024,2687109,1281527
102188551,10185475,191038590,Zelgliweg,6,8236 Büttenhardt,2914,SH,real,True,15.11.2024,2690923,1290008
102188679,10031922,1615916,Hanfacker,5,8260 Stein am Rhein,2964,SH,real,True,15.11.2024,2706078,1279320
102188848,10031824,2715197,Mühlenstrasse,40,8217 Wilchingen,2974,SH,real,True,15.11.2024,2677165,1281312
102188851,10025697,190245708,Säntisstrasse,4a,8200 Schaffhausen,2939,SH,real,True,15.11.2024,2690307,1283604
102189198,10068434,101248863,Schützengasse,34,8224 Löhningen,2903,SH,real,True,15.11.2024,2683538,1284250
102189229,10161547,191022930,Im Brand,25,8200 Schaffhausen,2939,SH,real,True,15.11.2024,2690244,1286723
102189259,10090056,1616522,Hohrainstrasse,29,8260 Stein am Rhein,2964,SH,real,True,15.11.2024,2705904,1280473
102189399,10019274,1610071,Bahnhofstrasse,6,8200 Schaffhausen,2939,SH,real,True,15.11.2024,2689580,1283619
102189591,10185488,472973,Allerrietstrasse,19,8222 Beringen,2932,SH,real,True,15.11.2024,2687314,1283423
102189687,10026342,9004061,Hauptstrasse,87,8224 Löhningen,2903,SH,real,True,15.11.2024,2683361,1283953
102190253,10024939,471342,Oberdorf,16,8236 Büttenhardt,2914,SH,real,True,15.11.2024,2690984,1290551
102190312,10120424,1613346,Herblingerstrasse,103,8207 Schaffhausen,2939,SH,real,True,15.11.2024,2691672,1286400
102190502,10091228,2026133,Wieswandstrasse,8,8454 Buchberg,2933,SH,real,True,15.11.2024,2684670,1269614
102190615,10164493,190342069,Dorfstrasse,31,8216 Oberhallau,2972,SH,real,True,15.11.2024,2677815,1284046
102190644,10153539,190069076,Bergliweg,4,8207 Schaffhausen,2939,SH,real,True,15.11.2024,2691234,1286323
102190809,10179747,191333930,Im Hafacker,1,8261 Hemishofen,2962,SH,real,True,15.11.2024,2704551,1281746
102190841,10108015,190041945,Hauptstrasse,25,8232 Merishausen,2936,SH,real,True,15.11.2024,2687822,1290315
102190927,10073646,2716630,Steinwiesenstrasse,4,8222 Beringen,2932,SH,real,True,15.11.2024,2684950,1283125
102190991,10103868,190081507,Hügelweg,8,8224 Löhningen,2903,SH,real,True,15.11.2024,2683225,1284277
102191059,10091232,1610045,Im Tobel,79,8231 Hemmental,2939,SH,real,True,15.11.2024,2686409,1287404
102191407,10018468,473082,Schwärziweg,29,8222 Beringen,2932,SH,real,True,15.11.2024,2686033,1283605
102191408,10106945,474992,Rosenbergstrasse,94b,8212 Neuhausen am Rheinfall,2937,SH,real,True,15.11.2024,2688631,1283210
102191455,10068434,470487,Schützengasse,14,8224 Löhningen,2903,SH,real,True,15.11.2024,2683556,1284102
102191639,10086475,1615344,Buchthalerstrasse,164,8203 Schaffhausen,2939,SH,real,True,15.11.2024,2691394,1283683
102191666,10019806,9012849,Schlössliweg,33,8200 Schaffhausen,2939,SH,real,True,15.11.2024,2690524,1284422
102191686,10071984,2712999,Chlingeweg,9,8260 Stein am Rhein,2964,SH,real,True,15.11.2024,2706825,1280225
102191761,10031586,2714060,Hauptstrasse,29,8261 Hemishofen,2962,SH,real,True,15.11.2024,2704599,1281654
102191817,10026348,190001839,Neuweg,10,8224 Löhningen,2903,SH,real,True,15.11.2024,2683166,1284140
102191944,10132132,1615230,Bruderhöflistrasse,17,8203 Schaffhausen,2939,SH,real,True,15.11.2024,2691047,1283392
102192121,10018657,191023170,Hohlenbaumstrasse,184,8200 Schaffhausen,2939,SH,real,True,15.11.2024,2689064,1284831
102192509,10019584,190362791,Kirchackerstrasse,11,8232 Merishausen,2936,SH,real,True,15.11.2024,2687721,1290438
102192511,10018465,473476,Postberg,9,8222 Beringen,2932,SH,real,True,15.11.2024,2685104,1283720
102192675,10017875,474568,Poststrasse,6,8212 Neuhausen am Rheinfall,2937,SH,real,True,15.11.2024,2688726,1282041
102192854,10103234,484537,Pfyffergässli,3,8219 Trasadingen,2973,SH,real,True,15.11.2024,2674583,1280100
102193010,10110818,190287548,Raastrasse,10,8225 Siblingen,2953,SH,real,True,15.11.2024,2681152,1285268
102193039,10085730,3122142,Pilatusstrasse,72,8203 Schaffhausen,2939,SH,real,True,15.11.2024,2691615,1283924
102193230,10085751,191227896,Thayngerstrasse,59,8207 Schaffhausen,2939,SH,real,True,15.11.2024,2691845,1287086
102193268,10111812,9003504,Ebringerstrasse,66,8240 Thayngen,2920,SH,real,True,15.11.2024,2696176,1289280
102193348,10031591,482493,Hegaustrasse,3,8263 Buch SH,2961,SH,real,True,15.11.2024,2701131,1286913
102193619,10237810,471748,Dorfstrasse,8,8236 Opfertshofen SH,2920,SH,real,True,15.11.2024,2691707,1292612
102193823,10086747,471242,Weinbergstrasse,8,8242 Bibern SH,2920,SH,real,True,15.11.2024,2692908,1292152
102194188,10085732,1610427,Rheinhof,6,8200 Schaffhausen,2939,SH,real,True,15.11.2024,2689649,1283297
102194965,10019569,2714275,Hochrahn,55,8231 Hemmental,2939,SH,real,True,15.11.2024,2686223,1287431
102194973,10085726,1613616,Neutalstrasse,17,8207 Schaffhausen,2939,SH,real,True,15.11.2024,2692152,1286518
102195057,10073057,1610073,Oberstadt,26,8200 Schaffhausen,2939,SH,real,True,15.11.2024,2689575,1283579
102195059,10091230,2714054,Hauptstrasse,57,8231 Hemmental,2939,SH,real,True,15.11.2024,2686291,1287542
102195140,10026320,470157,Dorfstrasse,44,8214 Gächlingen,2901,SH,real,True,15.11.2024,2679678,1284244
102195156,10091244,475428,Badische Bahnhofstrasse,33,8212 Neuhausen am Rheinfall,2937,SH,real,True,15.11.2024,2688059,1282010
102195179,10073066,191230372,Sommerau,4,8200 Schaffhausen,2939,SH,real,True,15.11.2024,2690493,1285636
102195262,10025693,1614746,Stimmerstrasse,76,8200 Schaffhausen,2939,SH,real,True,15.11.2024,2691230,1284557
102195387,10178606,101206935,Etzelstrasse,21,8200 Schaffhausen,2939,SH,real,True,15.11.2024,2688130,1284504
102195389,10113222,2715507,Dorfstrasse,89,8218 Osterfingen,2974,SH,real,True,15.11.2024,2679267,1279712
102195619,10026322,2714761,Ischlagstrasse,9,8214 Gächlingen,2901,SH,real,True,15.11.2024,2679578,1284385
102195771,10031921,1616191,Fronhof,8,8260 Stein am Rhein,2964,SH,real,True,15.11.2024,2706712,1279877
102195776,10031833,190080904,Weiherweg,20,8217 Wilchingen,2974,SH,real,True,15.11.2024,2677879,1280041
102195807,10177867,191138650,Langwis,15,8219 Trasadingen,2973,SH,real,True,15.11.2024,2674786,1280058
102196478,10186339,190110691,Gellerstrasse,59,8222 Beringen,2932,SH,real,True,15.11.2024,2685639,1283665
102196962,10085740,1614937,Seewadelstrasse,3,8203 Schaffhausen,2939,SH,real,True,15.11.2024,2691353,1283912
102196980,10018160,190111311,Schützenstrasse,59,8212 Neuhausen am Rheinfall,2937,SH,real,True,15.11.2024,2686886,1281606
102197195,10085754,1610889,Urwerf,16,8200 Schaffhausen,2939,SH,real,True,15.11.2024,2689003,1283341
102197336,10106953,2711350,Schneckenackerstrasse,25,8200 Schaffhausen,2939,SH,real,True,15.11.2024,2690390,1286119
102197389,10108019,2715086,Löwenstein,35,8212 Neuhausen am Rheinfall,2937,SH,real,True,15.11.2024,2688687,1283006
102197903,10027504,2713682,Grabenstrasse,21a,8213 Neunkirch,2904,SH,real,True,15.11.2024,2679474,1282609
102198048,10068429,9080910,Goldackerweg,27,8224 Löhningen,2903,SH,real,True,15.11.2024,2683382,1283770
102198415,10085725,11527242,Münsterplatz,38,8200 Schaffhausen,2939,SH,real,True,15.11.2024,2689844,1283469
102198529,10031936,191331091,Schiffländi,12,8260 Stein am Rhein,2964,SH,real,True,15.11.2024,2706526,1279816
102199186,10106951,191098871,Rheinhaldenstrasse,68,8200 Schaffhausen,2939,SH,real,True,15.11.2024,2691385,1282794
102199645,10117542,191477131,Bruggwiesen,16,8231 Hemmental,2939,SH,real,True,15.11.2024,2686318,1287236
102199650,10147630,190444849,Buechackerweg,2,8234 Stetten SH,2919,SH,real,True,15.11.2024,2691859,1288190
102199707,10031933,1616048,Rhiweg,12,8260 Stein am Rhein,2964,SH,real,True,15.11.2024,2706712,1279476
102199793,10031578,191527232,Schoopacker,29,8225 Siblingen,2953,SH,real,True,15.11.2024,2681292,1286106
102200408,10172660,471120,Unterdorf,4,8243 Altdorf SH,2920,SH,real,True,15.11.2024,2691499,1293295
102200773,10025644,191088810,Bahnhofstrasse,6,8240 Thayngen,2920,SH,real,True,15.11.2024,2695095,1289215
102201456,10121169,101501566,Plattenstrasse,2,8454 Buchberg,2933,SH,real,True,15.11.2024,2684199,1270108
102201580,10019567,1609931,Dorfplatz,11,8231 Hemmental,2939,SH,real,True,15.11.2024,2685613,1287732
102201935,10237818,2715832,Rebbergstrasse,68,8240 Thayngen,2920,SH,real,True,15.11.2024,2696185,1289472
102203010,10111812,1609029,Ebringerstrasse,79,8240 Thayngen,2920,SH,real,True,15.11.2024,2696328,1289288
102203106,10024969,471744,Püntstrasse,11,8236 Opfertshofen SH,2920,SH,real,True,15.11.2024,2691595,1292589
102203112,10138975,190179387,Aagewis,3,8228 Beggingen,2951,SH,real,True,15.11.2024,2682631,1291060
102203453,10019783,190105258,Nordstrasse,111.9,8200 Schaffhausen,2939,SH,real,True,23.07.2024,2688963,1284594
102204135,10054968,191584642,Grosswies,297,8224 Löhningen,2903,SH,real,True,15.11.2024,2682743,1283553
102204216,10113222,191241610,Dorfstrasse,84,8218 Osterfingen,2974,SH,real,True,15.11.2024,2679134,1279668
102213509,10086488,191542591,Gennersbrunnerstrasse,68,8207 Schaffhausen,2939,SH,real,False,15.11.2024,2691872,1285786
102214016,10120424,9012799,Herblingerstrasse,32,8207 Schaffhausen,2939,SH,real,True,15.11.2024,2691279,1286036
102214039,10019295,191553211,Felsenaustrasse,,8200 Schaffhausen,2939,SH,real,True,19.11.2024,2689456,1285258
102214359,10108013,191551252,Im Gehren,3a,8231 Hemmental,2939,SH,real,True,15.11.2024,2686207,1287670
102214360,10108013,191551253,Im Gehren,3,8231 Hemmental,2939,SH,real,True,15.11.2024,2686203,1287665
102214361,10108013,191551254,Im Gehren,3b,8231 Hemmental,2939,SH,real,True,15.11.2024,2686210,1287674
102214402,10179720,191553272,Lahnhalde,3,8200 Schaffhausen,2939,SH,real,True,15.11.2024,2688219,1284514
102214789,10071686,191549191,Dorfstrasse,48.1,8261 Hemishofen,2962,SH,real,True,23.07.2024,2704194,1281729
102214792,10087224,191549531,Rychenstrasse,630,8262 Ramsen,2963,SH,real,True,15.11.2024,2703260,1284755
102214793,10087225,191549553,Steigblickstrasse,631,8262 Ramsen,2963,SH,real,True,15.11.2024,2702672,1284784
102217209,10048898,191553652,Schmerlatstrasse,7,8213 Neunkirch,2904,SH,real,True,15.11.2024,2680309,1282528
102217451,10136921,191546531,Chapfweg,12,8214 Gächlingen,2901,SH,real,True,15.11.2024,2679775,1284514
102217839,10018174,476027,Im hinderen Chapf,8,8455 Rüdlingen,2938,SH,real,True,15.11.2024,2684998,1270191
102217840,10205627,2713039,Alte Nackerstrasse,6,8455 Rüdlingen,2938,SH,real,True,15.11.2024,2684976,1271545
102217841,10205631,2027350,Sandgrubenstrasse,18,8455 Rüdlingen,2938,SH,real,True,15.11.2024,2684865,1271336
102217842,10206081,475916,Ausserdorfstrasse,24,8455 Rüdlingen,2938,SH,real,True,15.11.2024,2685241,1270731
102217843,10205628,475935,Dorfstrasse,14a,8455 Rüdlingen,2938,SH,real,True,15.11.2024,2685253,1270504
102217844,10118143,476042,Chapfstrasse,24,8455 Rüdlingen,2938,SH,real,True,15.11.2024,2684891,1270319
102217845,10073014,475895,Haselgass,4,8455 Rüdlingen,2938,SH,real,True,15.11.2024,2685311,1270435
102217846,10205631,2027354,Sandgrubenstrasse,24,8455 Rüdlingen,2938,SH,real,True,15.11.2024,2684867,1271296
102217847,10206070,475979,Sandgrubenhalde,9,8455 Rüdlingen,2938,SH,real,True,15.11.2024,2684853,1271462
102217848,10073014,475900,Haselgass,23,8455 Rüdlingen,2938,SH,real,True,15.11.2024,2685378,1270449
102217849,10073020,190213389,Underem Förlibuck,2,8455 Rüdlingen,2938,SH,real,True,15.11.2024,2684696,1270419
102217850,10206069,190254471,Oberdorfstrasse,4,8455 Rüdlingen,2938,SH,real,True,15.11.2024,2685037,1270317
102217970,10026333,191554937,Püntweg,1,8223 Guntmadingen,2932,SH,real,True,15.11.2024,2684014,1282107
102218252,10144429,191548152,Hegaustrasse,2,8235 Lohn SH,2917,SH,real,True,15.11.2024,2692674,1290340
102218254,10237825,191548211,Randenstrasse,57,8231 Hemmental,2939,SH,real,True,15.11.2024,2685322,1287663
102218258,10073034,191548291,Friedbergstrasse,19.1,8200 Schaffhausen,2939,SH,real,True,23.07.2024,2688836,1283595
102218818,10206079,475968,Steinenkreuzstrasse,11,8455 Rüdlingen,2938,SH,real,True,15.11.2024,2684575,1270848
102219084,10019807,191549593,Schweizersbildstrasse,,8200 Schaffhausen,2939,SH,real,True,23.07.2024,2690046,1286559
102219085,10019807,191549594,Schweizersbildstrasse,69.01,8200 Schaffhausen,2939,SH,real,True,15.11.2024,2690029,1286624
102219088,10019807,191549595,Schweizersbildstrasse,69.02,8200 Schaffhausen,2939,SH,real,True,15.11.2024,2689922,1286626
102221654,10073055,191555944,Mühlentalstrasse,360,8200 Schaffhausen,2939,SH,real,True,15.11.2024,2688988,1287340
102225311,10107218,1616313,Hofwisenstrasse,15,8260 Stein am Rhein,2964,SH,real,True,15.11.2024,2706476,1278748
102228193,10032574,481721,Poststrasse,40,8226 Schleitheim,2952,SH,real,True,15.11.2024,2678268,1289239
102228194,10032570,2714817,Kirchgasse,2,8226 Schleitheim,2952,SH,real,True,15.11.2024,2678693,1289262
102228195,10179747,482596,Im Hafacker,16,8261 Hemishofen,2962,SH,real,True,15.11.2024,2704479,1281674
102228613,10190665,2716570,Stammerstrasse,22,8260 Stein am Rhein,2964,SH,real,True,15.11.2024,2705840,1280444
102228614,10031508,2032784,Schmalzgasse,40,8215 Hallau,2971,SH,real,True,15.11.2024,2676290,1283188
102228798,10053532,1616571,Faleberg,2,8260 Stein am Rhein,2964,SH,real,True,15.11.2024,2707440,1280840
102229250,10110819,1615848,Espiweg,44,8260 Stein am Rhein,2964,SH,planned,False,15.11.2024,2706276,1279585
102229251,10187867,1616015,Eschenzerstrasse,6,8260 Stein am Rhein,2964,SH,real,True,15.11.2024,2706680,1279262
102229252,10031931,1616316,Orichhöhe,14,8260 Stein am Rhein,2964,SH,real,True,15.11.2024,2707495,1279663
102229623,10017869,475585,Langrietstrasse,20,8212 Neuhausen am Rheinfall,2937,SH,real,True,15.11.2024,2687173,1281418
102229624,10104507,481606,Randenstrasse,29,8228 Beggingen,2951,SH,real,True,15.11.2024,2682496,1291097
102229625,10118364,9004071,Luckete,4,8226 Schleitheim,2952,SH,real,True,15.11.2024,2678899,1289332
102229736,10113218,1616458,Im Riet,8,8260 Stein am Rhein,2964,SH,real,True,15.11.2024,2706318,1280246
102229737,10031923,1616509,Hemishoferstrasse,68,8260 Stein am Rhein,2964,SH,real,True,15.11.2024,2706051,1280244
102229738,10090056,1616526,Hohrainstrasse,19,8260 Stein am Rhein,2964,SH,real,True,15.11.2024,2705970,1280418
102229865,10024937,471295,Dorfstrasse,1,8236 Büttenhardt,2914,SH,real,True,15.11.2024,2690991,1289968
102229871,10111804,470702,Hallauerstrasse,34,8213 Neunkirch,2904,SH,real,True,15.11.2024,2679089,1282822
102229875,10136262,470053,Müliweg,11,8214 Gächlingen,2901,SH,real,True,15.11.2024,2679821,1284452
102229876,10073090,2032212,Grossi Schanz,10,8260 Stein am Rhein,2964,SH,real,True,15.11.2024,2706846,1279905
102229877,10046637,1616487,Huberlistrasse,15,8260 Stein am Rhein,2964,SH,real,True,15.11.2024,2706006,1280466
102229906,10026328,2717171,Wiesenstrasse,14,8214 Gächlingen,2901,SH,real,True,15.11.2024,2679568,1284321
102229909,10091170,470351,Oberdorf,8,8224 Löhningen,2903,SH,real,True,15.11.2024,2683582,1284186
102229915,10091392,483888,Schöneckstrasse,31,8215 Hallau,2971,SH,real,True,15.11.2024,2676651,1283326
102229916,10178593,474390,Flurlingerweg,42,8212 Neuhausen am Rheinfall,2937,SH,real,True,15.11.2024,2689135,1281836
102230021,10185487,472934,Am Stägli,2,8233 Bargen SH,2931,SH,real,True,15.11.2024,2687786,1294124
102230022,10026003,481994,Beggingerstrasse,430,8226 Schleitheim,2952,SH,real,True,15.11.2024,2679956,1290949
102230023,10031919,1615900,Degerfelderweg,40,8260 Stein am Rhein,2964,SH,real,True,15.11.2024,2705980,1279146
102230077,10018164,475484,Weinbergstrasse,4,8212 Neuhausen am Rheinfall,2937,SH,real,True,15.11.2024,2688624,1281729
102230139,10031933,1616034,Rhiweg,16a,8260 Stein am Rhein,2964,SH,real,True,15.11.2024,2706718,1279455
102230140,10046637,2714441,Huberlistrasse,24,8260 Stein am Rhein,2964,SH,real,True,15.11.2024,2705961,1280524
102230154,10110819,1615849,Espiweg,43,8260 Stein am Rhein,2964,SH,real,True,15.11.2024,2706303,1279597
102230165,10026339,2712856,Bühlweg,6,8224 Löhningen,2903,SH,real,True,15.11.2024,2683396,1283733
102230229,10106941,470907,Oberwiesstrasse,14,8213 Neunkirch,2904,SH,real,True,15.11.2024,2679616,1282302
102230355,10087229,1616418,Blaurockstrasse,34,8260 Stein am Rhein,2964,SH,real,True,15.11.2024,2706507,1280273
102230363,10031500,484300,Höhenweg,5,8215 Hallau,2971,SH,real,True,15.11.2024,2676636,1283686
102230386,10113210,2030522,Lindenstrasse,12,8226 Schleitheim,2952,SH,real,True,15.11.2024,2678127,1289244
102230399,10031929,2715386,Niderfeldstrasse,24,8260 Stein am Rhein,2964,SH,real,True,15.11.2024,2705840,1280424
102230405,10113209,481671,Hofstatt,3,8226 Schleitheim,2952,SH,real,True,15.11.2024,2678210,1289135
102230430,10104920,471914,Im Landguet,10,8234 Stetten SH,2919,SH,real,True,15.11.2024,2691412,1288027
102230431,10058934,2027072,Industrieplatz,1,8212 Neuhausen am Rheinfall,2937,SH,real,True,15.11.2024,2688593,1281609
102230432,10046611,474273,Wüscherstrasse,9,8212 Neuhausen am Rheinfall,2937,SH,real,True,15.11.2024,2688820,1281727
102230433,10132131,474899,Buchenstrasse,36a,8212 Neuhausen am Rheinfall,2937,SH,real,True,15.11.2024,2688389,1282971
102230434,10117544,475625,Waldparkstrasse,48,8212 Neuhausen am Rheinfall,2937,SH,real,True,15.11.2024,2687183,1281646
102230435,10085766,2030604,Brüelstrasse,13,8226 Schleitheim,2952,SH,real,True,15.11.2024,2678613,1289115
102230436,10133042,484038,Empützistrasse,13,8215 Hallau,2971,SH,real,True,15.11.2024,2676250,1283017
102230451,10104919,2717114,Wasserbrunnen,7,8235 Lohn SH,2917,SH,real,True,15.11.2024,2692646,1290122
102230452,10018162,474918,Tannenstrasse,19,8212 Neuhausen am Rheinfall,2937,SH,real,True,15.11.2024,2688387,1283060
102230453,10031927,2032366,Köhlerweid,5,8260 Stein am Rhein,2964,SH,real,True,15.11.2024,2706041,1279220
102230522,10118352,471541,Dorfstrasse,44,8239 Dörflingen,2915,SH,real,True,15.11.2024,2696426,1284683
102230661,10017855,475573,Birchstrasse,33,8212 Neuhausen am Rheinfall,2937,SH,real,True,15.11.2024,2687075,1281449
102230662,10179759,483725,Bergstrasse,7,8215 Hallau,2971,SH,real,True,15.11.2024,2676726,1283607
102230701,10086754,471510,Unterbergstrasse,22,8239 Dörflingen,2915,SH,real,True,15.11.2024,2695863,1284636
102230717,10103229,9004076,Tüüffegass,12,8226 Schleitheim,2952,SH,real,True,15.11.2024,2678415,1289450
102230817,10027509,470745,Oberhallauerstrasse,1,8213 Neunkirch,2904,SH,real,True,15.11.2024,2679456,1282750
102231006,10026348,470400,Neuweg,1,8224 Löhningen,2903,SH,real,True,15.11.2024,2683242,1284094
102231008,10026342,470512,Hauptstrasse,42,8224 Löhningen,2903,SH,real,True,15.11.2024,2683591,1284000
102231009,10074396,475402,Brunnenwiesenstrasse,24,8212 Neuhausen am Rheinfall,2937,SH,real,True,15.11.2024,2687789,1281718
102231010,10113217,1616074,Chirchhofplatz,22,8260 Stein am Rhein,2964,SH,real,True,15.11.2024,2706845,1279665
102231094,10068432,470375,Lättenstrasse,22,8224 Löhningen,2903,SH,real,True,15.11.2024,2683368,1284334
102231095,10118353,471600,Ausserdorf,13,8235 Lohn SH,2917,SH,real,True,15.11.2024,2692313,1290183
102231096,10178590,2716550,Staanackerstrasse,10,8232 Merishausen,2936,SH,real,True,15.11.2024,2687800,1290140
102231097,10118364,481968,Luckete,2,8226 Schleitheim,2952,SH,real,True,15.11.2024,2678870,1289337
102231098,10187867,2713391,Eschenzerstrasse,23,8260 Stein am Rhein,2964,SH,real,True,15.11.2024,2706839,1279236
102231126,10120414,2026028,Bachstrasse,3,8454 Buchberg,2933,SH,real,True,15.11.2024,2684317,1269702
102231136,10017867,475659,Hofstettenstrasse,9,8212 Neuhausen am Rheinfall,2937,SH,real,True,15.11.2024,2687409,1281762
102231140,10026323,470175,Kirchstrasse,11,8214 Gächlingen,2901,SH,real,True,15.11.2024,2679706,1284119
102231141,10091177,470867,Haslacherweg,7,8213 Neunkirch,2904,SH,real,True,15.11.2024,2679391,1282088
102231142,10024950,471485,Obere Laag,157,8239 Dörflingen,2915,SH,real,True,15.11.2024,2696519,1283365
102231143,10086755,471699,Brettlocher,22,8235 Lohn SH,2917,SH,real,True,15.11.2024,2692760,1290255
102231145,10112906,2026835,Gewerbestrasse,10,8212 Neuhausen am Rheinfall,2937,SH,real,True,15.11.2024,2687360,1281157
102231146,10018161,475195,Strassackerstrasse,4,8212 Neuhausen am Rheinfall,2937,SH,real,True,15.11.2024,2688144,1282294
102231147,10179738,481745,Bolstrasse,2,8226 Schleitheim,2952,SH,real,True,15.11.2024,2678529,1289423
102231597,10025716,481516,Fohrenhof,61,8226 Schleitheim,2951,SH,real,True,15.11.2024,2680314,1290848
102231598,10118353,2712240,Ausserdorf,28,8235 Lohn SH,2917,SH,real,True,15.11.2024,2692229,1290175
102231614,10179736,481547,Bohlgass,6,8228 Beggingen,2951,SH,real,True,15.11.2024,2682173,1291300
102231639,10091181,2023763,Schaffhauserstrasse,10,8213 Neunkirch,2904,SH,real,True,15.11.2024,2679904,1282721
102231640,10149730,2714518,Im Bildstei,14,8239 Dörflingen,2915,SH,real,True,15.11.2024,2696260,1285016
102231776,10031922,1615913,Hanfacker,3,8260 Stein am Rhein,2964,SH,real,True,15.11.2024,2706119,1279318
102231777,10091171,470481,Rössligasse,27,8224 Löhningen,2903,SH,real,True,15.11.2024,2683627,1284133
102231785,10122554,475066,Zelgstrasse,10,8212 Neuhausen am Rheinfall,2937,SH,real,True,15.11.2024,2688488,1282088
102231883,10048898,470792,Schmerlatstrasse,10,8213 Neunkirch,2904,SH,real,True,15.11.2024,2681163,1282522
102231884,10072980,2024502,Freudentalstrasse,8,8235 Lohn SH,2917,SH,real,True,15.11.2024,2692201,1290107
102231885,10024956,2712530,Bibermerweg,2,8235 Lohn SH,2917,SH,real,True,15.11.2024,2692321,1290388
102231886,10025640,471817,Staaringelackerstrasse,19,8234 Stetten SH,2919,SH,real,True,15.11.2024,2691754,1288924
102231887,10104921,471891,Staanackerstrasse,6,8234 Stetten SH,2919,SH,real,True,15.11.2024,2691724,1288288
102231888,10025641,471929,Untere Wassergasse,6,8234 Stetten SH,2919,SH,real,True,15.11.2024,2691831,1288386
102231889,10087043,471948,Tubackackerstrasse,29,8234 Stetten SH,2919,SH,real,True,15.11.2024,2691507,1287933
102231890,10192058,473760,Geeren,164,8455 Rüdlingen,2933,SH,real,True,15.11.2024,2683333,1270932
102231891,10046605,473800,Dorfstrasse,21,8454 Buchberg,2933,SH,real,True,15.11.2024,2684682,1269743
102231892,10165182,2713757,Hardliweg,5,8454 Buchberg,2933,SH,real,True,15.11.2024,2684046,1269712
102231893,10019581,474034,Durachstrasse,13,8232 Merishausen,2936,SH,real,True,15.11.2024,2687977,1290312
102231894,10108017,474443,Bahnsteigstrasse,17,8212 Neuhausen am Rheinfall,2937,SH,real,True,15.11.2024,2689041,1281911
102231896,10091258,474599,Schaffhauserstrasse,26,8212 Neuhausen am Rheinfall,2937,SH,real,True,15.11.2024,2688696,1282175
102231897,10106945,474851,Rosenbergstrasse,107,8212 Neuhausen am Rheinfall,2937,SH,real,True,15.11.2024,2688527,1282912
102231898,10106945,474999,Rosenbergstrasse,112,8212 Neuhausen am Rheinfall,2937,SH,real,True,15.11.2024,2688650,1283346
102231899,10046609,475246,Sonnenbergstrasse,5,8212 Neuhausen am Rheinfall,2937,SH,real,True,15.11.2024,2688205,1282387
102231900,10178594,475700,Irchelstrasse,17,8212 Neuhausen am Rheinfall,2937,SH,real,True,15.11.2024,2687567,1281580
102231901,10087215,2715541,Oberdorfstrasse,10,8261 Hemishofen,2962,SH,real,True,15.11.2024,2704752,1281579
102231965,10106945,475322,Rosenbergstrasse,51,8212 Neuhausen am Rheinfall,2937,SH,real,True,15.11.2024,2688494,1282514
102231972,10185465,470325,Hohlweg,5,8224 Löhningen,2903,SH,real,True,15.11.2024,2683973,1284115
102231973,10072976,471419,Im Schützerhus,8,8239 Dörflingen,2915,SH,real,True,15.11.2024,2696415,1284993
102231974,10118356,473686,Förlibuckstrasse,11,8454 Buchberg,2933,SH,real,True,15.11.2024,2684722,1270083
102231975,10091239,474126,Ledergasse,7,8232 Merishausen,2936,SH,real,True,15.11.2024,2687594,1290840
102231976,10132131,474965,Buchenstrasse,75,8212 Neuhausen am Rheinfall,2937,SH,real,True,15.11.2024,2688530,1283323
102231977,10113208,481780,Espili,6,8226 Schleitheim,2952,SH,real,True,15.11.2024,2678591,1289592
102231978,10073365,2716241,Schlechtenbol,19,8226 Schleitheim,2952,SH,real,True,15.11.2024,2678434,1288920
102232029,10185477,471409,Neudörflingerstrasse,50,8239 Dörflingen,2915,SH,real,True,15.11.2024,2696352,1285301
102232056,10091168,2023512,Kirchweg,122,8224 Löhningen,2903,SH,real,True,15.11.2024,2683867,1283131
102232057,10091165,470345,Biberichweg,6,8224 Löhningen,2903,SH,real,True,15.11.2024,2683717,1284402
102232059,10206796,191562332,Langärgete,8,8236 Büttenhardt,2914,SH,real,True,15.11.2024,2690974,1289858
102232060,10054973,191562351,Büelacker,7,8236 Büttenhardt,2914,SH,real,True,15.11.2024,2690937,1289884
102232076,10031924,1616557,Hoppihohstrasse,9,8260 Stein am Rhein,2964,SH,real,True,15.11.2024,2706084,1280351
102232179,10087232,1616040,Chnebelgässli,13,8260 Stein am Rhein,2964,SH,real,True,15.11.2024,2706826,1279368
102232180,10073098,1616346,Wisegässli,8,8260 Stein am Rhein,2964,SH,real,True,15.11.2024,2706620,1280079
102232181,10124089,2032783,Auffahrtstrasse,23,8215 Hallau,2971,SH,real,True,15.11.2024,2676279,1283588
102232182,10031941,483994,Bahnhofstrasse,47,8215 Hallau,2971,SH,real,True,15.11.2024,2676522,1283122
102232183,10031501,484210,Lahngasse,6,8215 Hallau,2971,SH,real,True,15.11.2024,2676494,1283510
102232369,10026340,3122043,Chriesiweg,3,8224 Löhningen,2903,SH,real,True,15.11.2024,2683788,1284168
102232370,10027506,470592,Herrengasse,20,8213 Neunkirch,2904,SH,real,True,15.11.2024,2679639,1282785
102232371,10117538,9004014,Kleiner Letten,8,8213 Neunkirch,2904,SH,real,True,15.11.2024,2679416,1282508
102232372,10185480,471795,Im Büel,6,8234 Stetten SH,2919,SH,real,True,15.11.2024,2691725,1288768
102232373,10046605,2713925,Dorfstrasse,114,8454 Buchberg,2933,SH,real,True,15.11.2024,2683928,1269688
102232374,10128757,2027082,Badstrasse,40,8212 Neuhausen am Rheinfall,2937,SH,real,True,15.11.2024,2688756,1281283
102232375,10074405,475133,Sägereistrasse,5,8212 Neuhausen am Rheinfall,2937,SH,real,True,15.11.2024,2688275,1282105
102232376,10018159,475304,Schöneggstrasse,14,8212 Neuhausen am Rheinfall,2937,SH,real,True,15.11.2024,2688446,1282391
102232641,10091244,475442,Badische Bahnhofstrasse,11,8212 Neuhausen am Rheinfall,2937,SH,real,True,15.11.2024,2688368,1281942
102232642,10018166,475492,Zentralstrasse,9,8212 Neuhausen am Rheinfall,2937,SH,real,True,15.11.2024,2688607,1281774
102232643,10017869,475578,Langrietstrasse,100,8212 Neuhausen am Rheinfall,2937,SH,real,True,15.11.2024,2686507,1281029
102232644,10018160,475682,Schützenstrasse,54,8212 Neuhausen am Rheinfall,2937,SH,real,True,15.11.2024,2687370,1281626
102232645,10085768,2030943,Gemeindehausplatz,2a,8226 Schleitheim,2952,SH,real,True,15.11.2024,2678583,1289336
102232646,10031575,482385,Obere Mühle,138,8225 Siblingen,2953,SH,real,True,15.11.2024,2681589,1286294
102232647,10080408,482203,Hauptstrasse,65,8225 Siblingen,2953,SH,real,True,15.11.2024,2680957,1285397
102232648,10110819,1615867,Espiweg,22,8260 Stein am Rhein,2964,SH,real,True,15.11.2024,2706545,1279571
102232649,10071981,1615887,Bahnhofstrasse,9,8260 Stein am Rhein,2964,SH,real,True,15.11.2024,2706448,1279369
102232650,10087228,1616101,Adlergässli,4,8260 Stein am Rhein,2964,SH,real,True,15.11.2024,2706758,1279750
102232651,10073090,1616342,Grossi Schanz,15,8260 Stein am Rhein,2964,SH,real,True,15.11.2024,2706760,1279981
102232652,10031927,2714887,Köhlerweid,25,8260 Stein am Rhein,2964,SH,real,True,15.11.2024,2705967,1279189
102232653,10073105,484069,Selmattenstrasse,31,8215 Hallau,2971,SH,real,True,15.11.2024,2676249,1282843
102232704,10091171,470518,Rössligasse,1,8224 Löhningen,2903,SH,real,True,15.11.2024,2683641,1284025
102232705,10072978,471402,Puläjen,7,8239 Dörflingen,2915,SH,real,True,15.11.2024,2696499,1285397
102232709,10174269,191123490,Rietstrasse,1,8224 Löhningen,2903,SH,real,True,15.11.2024,2683396,1283849
102232711,10024953,191139874,Thayngerstrasse,2,8239 Dörflingen,2915,SH,real,True,15.11.2024,2696430,1285688
102232833,10031929,1616517,Niderfeldstrasse,14,8260 Stein am Rhein,2964,SH,real,True,15.11.2024,2705958,1280341
102232839,10071685,482420,Dorfstrasse,18,8263 Buch SH,2961,SH,real,True,15.11.2024,2700793,1286063
102232859,10073105,484076,Selmattenstrasse,17,8215 Hallau,2971,SH,real,True,15.11.2024,2676339,1282966
102232863,10085746,191562411,Stauffacherstrasse,36,8200 Schaffhausen,2939,SH,real,True,15.11.2024,2691019,1283924
102232917,10091171,470480,Rössligasse,25,8224 Löhningen,2903,SH,real,True,15.11.2024,2683637,1284134
102232987,10072975,191155115,Im Chloster,5,8239 Dörflingen,2915,SH,real,True,15.11.2024,2696176,1284725
102232992,10104507,481612,Randenstrasse,13,8228 Beggingen,2951,SH,real,True,15.11.2024,2682412,1291174
102232993,10110817,2030538,Geerenweg,2c,8226 Schleitheim,2952,SH,real,True,15.11.2024,2677975,1288945
102232994,10026002,481930,Bachstrasse,10,8226 Schleitheim,2952,SH,real,True,15.11.2024,2678753,1289429
102232995,10032575,3075243,Raaweg,11,8226 Schleitheim,2952,SH,real,True,15.11.2024,2678575,1289782
102232996,10080408,482268,Hauptstrasse,28,8225 Siblingen,2953,SH,real,True,15.11.2024,2681392,1285355
102232997,10031616,1616268,Bollstieg,4,8260 Stein am Rhein,2964,SH,real,True,15.11.2024,2707356,1279736
102232998,10117741,1616302,Oehningerstrasse,35,8260 Stein am Rhein,2964,SH,real,True,15.11.2024,2707466,1279619
102232999,10179753,2712146,Alte Zollstrasse,12,8260 Stein am Rhein,2964,SH,real,True,15.11.2024,2707450,1279724
102233000,10031941,483959,Bahnhofstrasse,7,8215 Hallau,2971,SH,real,True,15.11.2024,2676493,1283342
102233152,10135340,482556,In Pratle,5,8261 Hemishofen,2962,SH,real,True,15.11.2024,2704632,1281494
102233250,10058932,470131,Gemeindehausplatz,2,8214 Gächlingen,2901,SH,real,True,15.11.2024,2679495,1284088
102233497,10071694,482702,Oberdorf,193,8262 Ramsen,2963,SH,real,True,15.11.2024,2702822,1285150
102233498,10031603,482782,Moskau,300,8262 Ramsen,2963,SH,real,True,15.11.2024,2703772,1285258
102233521,10017865,474923,Goldbergstrasse,2,8212 Neuhausen am Rheinfall,2937,SH,real,True,15.11.2024,2688483,1282995
102233537,10033112,483977,Haingartenstrasse,40,8215 Hallau,2971,SH,real,True,15.11.2024,2676605,1283106
102233564,10048892,470146,Niederwiesenstrasse,15,8214 Gächlingen,2901,SH,real,True,15.11.2024,2679201,1284091
102233565,10072980,2024500,Freudentalstrasse,4,8235 Lohn SH,2917,SH,real,True,15.11.2024,2692193,1290127
102233566,10091248,475106,Einschlagstrasse,2,8212 Neuhausen am Rheinfall,2937,SH,real,True,15.11.2024,2688611,1282281
102233567,10179737,2030512,Adlerstrasse,14,8226 Schleitheim,2952,SH,real,True,15.11.2024,2678493,1289287
102233568,10031921,2032038,Fronhof,7,8260 Stein am Rhein,2964,SH,real,True,15.11.2024,2706699,1279857
102233569,10071981,1615885,Bahnhofstrasse,13,8260 Stein am Rhein,2964,SH,real,True,15.11.2024,2706408,1279353
102233570,10091108,1616440,Zwinglistrasse,41,8260 Stein am Rhein,2964,SH,real,True,15.11.2024,2706628,1280293
102233642,10118353,471595,Ausserdorf,5,8235 Lohn SH,2917,SH,real,True,15.11.2024,2692339,1290214
102233655,10031498,484188,Hauengasse,17,8215 Hallau,2971,SH,real,True,15.11.2024,2676444,1283509
102233826,10026342,9004033,Hauptstrasse,6a,8224 Löhningen,2903,SH,real,True,15.11.2024,2683926,1284035
102233827,10027503,2023587,Gigebuck,15,8213 Neunkirch,2904,SH,real,True,15.11.2024,2679064,1282274
102233843,10068432,470373,Lättenstrasse,20,8224 Löhningen,2903,SH,real,True,15.11.2024,2683398,1284333
102233851,10018160,475624,Schützenstrasse,41b,8212 Neuhausen am Rheinfall,2937,SH,real,True,15.11.2024,2687270,1281552
102233905,10113212,482294,Grabenstrasse,41,8225 Siblingen,2953,SH,real,True,15.11.2024,2681196,1285639
102233955,10048893,470129,Schulstrasse,5,8214 Gächlingen,2901,SH,real,True,15.11.2024,2679451,1284127
102233960,10017857,475544,Chlaffentalstrasse,38,8212 Neuhausen am Rheinfall,2937,SH,real,True,15.11.2024,2686981,1281208
102233967,10106945,475140,Rosenbergstrasse,1,8212 Neuhausen am Rheinfall,2937,SH,real,True,15.11.2024,2688182,1282136
102234113,10024937,471313,Dorfstrasse,11,8236 Büttenhardt,2914,SH,real,True,15.11.2024,2691055,1290207
102234114,10086751,471387,Morgenackerstrasse,6,8239 Dörflingen,2915,SH,real,True,15.11.2024,2696141,1285057
102234115,10111809,471667,Vorderdorf,13,8235 Lohn SH,2917,SH,real,True,15.11.2024,2692435,1290286
102234116,10165179,2026042,Erliweg,4,8454 Buchberg,2933,SH,real,True,15.11.2024,2684274,1269873
102234118,10179752,482837,Unterdorf,110,8262 Ramsen,2963,SH,real,True,15.11.2024,2702957,1284887
102234119,10031919,1615968,Degerfelderweg,10,8260 Stein am Rhein,2964,SH,real,True,15.11.2024,2706239,1279265
102234120,10031517,484554,Dorfstrasse,21,8219 Trasadingen,2973,SH,real,True,15.11.2024,2674482,1280212
102234197,10027515,9001003,Stiegweg,15,8213 Neunkirch,2904,SH,real,True,15.11.2024,2679329,1282208
102234198,10073096,2715904,Rhigüetliweg,4,8260 Stein am Rhein,2964,SH,real,True,15.11.2024,2707584,1279554
102234225,10117538,470850,Kleiner Letten,9,8213 Neunkirch,2904,SH,real,True,15.11.2024,2679423,1282413
102234226,10185480,471807,Im Büel,35,8234 Stetten SH,2919,SH,real,True,15.11.2024,2691677,1288833
102234227,10122554,475049,Zelgstrasse,9,8212 Neuhausen am Rheinfall,2937,SH,real,True,15.11.2024,2688437,1282025
102234282,10103865,470064,Bergstrasse,170,8214 Gächlingen,2901,SH,real,True,15.11.2024,2679556,1285701
102234283,10018162,474915,Tannenstrasse,15,8212 Neuhausen am Rheinfall,2937,SH,real,True,15.11.2024,2688343,1283022
102234471,10046608,474710,Schwanenfelsstrasse,7,8212 Neuhausen am Rheinfall,2937,SH,real,True,15.11.2024,2688583,1282579
102234496,10171063,482490,Winkelweg,1,8263 Buch SH,2961,SH,real,True,15.11.2024,2701124,1286999
102234497,10190665,1616543,Stammerstrasse,19,8260 Stein am Rhein,2964,SH,real,True,15.11.2024,2705869,1280421
102234530,10106945,475121,Rosenbergstrasse,16a,8212 Neuhausen am Rheinfall,2937,SH,real,True,15.11.2024,2688287,1282146
102234531,10032570,482112,Kirchgasse,8,8226 Schleitheim,2952,SH,real,True,15.11.2024,2678764,1289298
102234626,10031611,2031568,Wiesholzerstrasse,396,8262 Ramsen,2963,SH,real,True,15.11.2024,2703816,1285155
102234824,10031499,483791,Hauptstrasse,107,8215 Hallau,2971,SH,real,True,15.11.2024,2676936,1283554
102234846,10031921,1616185,Fronhof,13,8260 Stein am Rhein,2964,SH,real,True,15.11.2024,2706678,1279864
102234867,10091183,470941,Uf Nüchilch,9,8213 Neunkirch,2904,SH,real,True,15.11.2024,2679666,1282113
102234889,10086740,470721,Zelgweg,8,8213 Neunkirch,2904,SH,real,True,15.11.2024,2679867,1283037
102234890,10179736,481469,Bohlgass,3,8228 Beggingen,2951,SH,real,True,15.11.2024,2682172,1291276
102234911,10031605,482777,Roseneggstrasse,372,8262 Ramsen,2963,SH,real,True,15.11.2024,2703600,1285049
102234963,10026323,470176,Kirchstrasse,15,8214 Gächlingen,2901,SH,real,True,15.11.2024,2679748,1284167
102234964,10026344,470452,Industriestrasse,1,8224 Löhningen,2903,SH,real,True,15.11.2024,2683241,1283966
102234965,10186928,470672,Mühlengasse,28,8213 Neunkirch,2904,SH,real,True,15.11.2024,2679546,1282747
102234966,10024937,471316,Dorfstrasse,17,8236 Büttenhardt,2914,SH,real,True,15.11.2024,2691059,1290278
102234967,10161512,473817,Hohlegasse,22,8454 Buchberg,2933,SH,real,True,15.11.2024,2684450,1269479
102234968,10091239,474148,Ledergasse,6,8232 Merishausen,2936,SH,real,True,15.11.2024,2687657,1290829
102234969,10091242,474210,Täuferweg,8,8232 Merishausen,2936,SH,real,True,15.11.2024,2687669,1290255
102234970,10091240,2715928,Rietstrasse,16,8232 Merishausen,2936,SH,real,True,15.11.2024,2687769,1290362
102234971,10017877,474301,Rheinstrasse,52,8212 Neuhausen am Rheinfall,2937,SH,real,True,15.11.2024,2688944,1281633
102234972,10106945,474750,Rosenbergstrasse,72,8212 Neuhausen am Rheinfall,2937,SH,real,True,15.11.2024,2688517,1282662
102234973,10132131,474887,Buchenstrasse,1,8212 Neuhausen am Rheinfall,2937,SH,real,True,15.11.2024,2688319,1282835
102234974,10106946,475019,Trubegüetlistrasse,32,8212 Neuhausen am Rheinfall,2937,SH,real,True,15.11.2024,2688737,1283352
102234975,10046607,475038,Rheinweg,27,8200 Schaffhausen,2937,SH,real,True,23.07.2024,2688901,1282864
102234976,10091249,475158,Felsstrasse,16,8212 Neuhausen am Rheinfall,2937,SH,real,True,15.11.2024,2688230,1282210
102234977,10017869,475584,Langrietstrasse,18,8212 Neuhausen am Rheinfall,2937,SH,real,True,15.11.2024,2687204,1281477
102234978,10032571,481645,Lendenbergstrasse,43,8226 Schleitheim,2952,SH,real,True,15.11.2024,2677688,1289175
102234979,10110817,481839,Geerenweg,8,8226 Schleitheim,2952,SH,real,True,15.11.2024,2677932,1288912
102234980,10053529,482611,Spiesshof,71,8262 Ramsen,2963,SH,real,True,15.11.2024,2702560,1288389
102234981,10087227,482627,Wilerstrasse,24,8262 Ramsen,2963,SH,real,True,15.11.2024,2703317,1284346
102234982,10121178,1616569,Bleiki,2,8260 Stein am Rhein,2964,SH,real,True,15.11.2024,2707750,1280855
102234983,10179753,2712147,Alte Zollstrasse,14,8260 Stein am Rhein,2964,SH,real,True,15.11.2024,2707476,1279732
102234984,10031499,483820,Hauptstrasse,96,8215 Hallau,2971,SH,real,True,15.11.2024,2676898,1283509
102234985,10031521,484472,Talstrasse,5,8219 Trasadingen,2973,SH,real,True,15.11.2024,2674123,1280298
102235023,10024958,471621,Dettenwies,12,8235 Lohn SH,2917,SH,real,True,15.11.2024,2692149,1289882
102235041,10024945,471470,Hinterdorf,32,8239 Dörflingen,2915,SH,real,True,15.11.2024,2696607,1284410
102235047,10017857,475535,Chlaffentalstrasse,58,8212 Neuhausen am Rheinfall,2937,SH,real,True,15.11.2024,2686942,1281140
102235052,10072963,470775,Weierbuckstrasse,2,8213 Neunkirch,2904,SH,real,True,15.11.2024,2680002,1282759
102235067,10024951,471407,Randeggerstrasse,2,8239 Dörflingen,2915,SH,real,True,15.11.2024,2696430,1285425
102235079,10187916,482501,Oberwalderstrasse,1,8261 Hemishofen,2962,SH,real,True,15.11.2024,2704515,1282087
102235171,10185477,190218367,Neudörflingerstrasse,15,8239 Dörflingen,2915,SH,real,True,15.11.2024,2696246,1285095
102235192,10107066,484309,Rebbergstrasse,16,8215 Hallau,2971,SH,real,True,15.11.2024,2676516,1284015
102235349,10018166,475491,Zentralstrasse,7,8212 Neuhausen am Rheinfall,2937,SH,real,True,15.11.2024,2688595,1281760
102235356,10031508,484006,Schmalzgasse,13,8215 Hallau,2971,SH,real,True,15.11.2024,2676422,1283200
102235367,10031585,2715532,Bürglerstrasse,2,8261 Hemishofen,2962,SH,real,True,15.11.2024,2704789,1281530
102235471,10039881,190447070,Chlosterstrasse,5,8234 Stetten SH,2919,SH,real,True,15.11.2024,2691840,1288292
102235473,10173261,190455753,Braatle,12,8239 Dörflingen,2915,SH,real,True,15.11.2024,2696711,1284528
102235479,10142113,190529249,Bildsteinweg,7,8239 Dörflingen,2915,SH,real,True,15.11.2024,2696330,1284949
102235489,10018443,190571809,Steigstrasse,6,8233 Bargen SH,2931,SH,real,True,15.11.2024,2687811,1294239
102235490,10072977,190572329,Morgenbuckweg,11,8239 Dörflingen,2915,SH,real,True,15.11.2024,2696199,1285152
102235532,10186333,470798,Stiegring,18,8213 Neunkirch,2904,SH,real,True,15.11.2024,2679222,1282201
102235604,10026336,3122023,Bachtelstrasse,21a,8224 Löhningen,2903,SH,real,True,15.11.2024,2683310,1284281
102235605,10149730,2714523,Im Bildstei,4,8239 Dörflingen,2915,SH,real,True,15.11.2024,2696275,1285055
102235606,10087043,471968,Tubackackerstrasse,2,8234 Stetten SH,2919,SH,real,True,15.11.2024,2691716,1288124
102235607,10073634,472900,Schulstrasse,10,8233 Bargen SH,2931,SH,real,True,15.11.2024,2688021,1294203
102235608,10019559,473655,Erlistrasse,26,8454 Buchberg,2933,SH,real,True,15.11.2024,2684400,1269899
102235609,10046608,474706,Schwanenfelsstrasse,2,8212 Neuhausen am Rheinfall,2937,SH,real,True,15.11.2024,2688606,1282536
102235610,10121171,474858,Hegaustrasse,30,8212 Neuhausen am Rheinfall,2937,SH,real,True,15.11.2024,2688475,1282817
102235611,10074401,475055,Höhenweg,15,8212 Neuhausen am Rheinfall,2937,SH,real,True,15.11.2024,2688590,1282192
102235612,10018160,475631,Schützenstrasse,45,8212 Neuhausen am Rheinfall,2937,SH,real,True,15.11.2024,2687177,1281595
102235613,10080408,482248,Hauptstrasse,3,8225 Siblingen,2953,SH,real,True,15.11.2024,2681479,1285144
102235614,10031508,484107,Schmalzgasse,14,8215 Hallau,2971,SH,real,True,15.11.2024,2676403,1283227
102235646,10108015,2026457,Hauptstrasse,49,8232 Merishausen,2936,SH,real,True,15.11.2024,2687778,1290640
102235647,10091242,474216,Täuferweg,9,8232 Merishausen,2936,SH,real,True,15.11.2024,2687627,1290167
102235657,10024970,471856,Dorfstrasse,21,8234 Stetten SH,2919,SH,real,True,15.11.2024,2691602,1288310
102235734,10185478,471709,Isenbühlweg,4,8235 Lohn SH,2917,SH,real,True,15.11.2024,2692404,1290053
102235735,10031506,483924,Nässistrasse,10,8215 Hallau,2971,SH,real,True,15.11.2024,2676822,1283258
102235763,10091165,190663169,Biberichweg,12,8224 Löhningen,2903,SH,real,True,15.11.2024,2683798,1284392
102235765,10072972,190692130,Bildsteinstrasse,10,8239 Dörflingen,2915,SH,real,True,15.11.2024,2696352,1285045
102235783,10171416,191022893,Wiideblick,2,8224 Löhningen,2903,SH,real,True,15.11.2024,2683294,1284129
102235821,10026003,481814,Beggingerstrasse,55,8226 Schleitheim,2952,SH,real,True,15.11.2024,2678882,1289645
102235833,10031499,484221,Hauptstrasse,33,8215 Hallau,2971,SH,real,True,15.11.2024,2676578,1283478
102235840,10106945,474794,Rosenbergstrasse,69,8212 Neuhausen am Rheinfall,2937,SH,real,True,15.11.2024,2688493,1282666
102235841,10031936,1616170,Schiffländi,9,8260 Stein am Rhein,2964,SH,real,True,15.11.2024,2706549,1279798
102235848,10026342,470331,Hauptstrasse,16,8224 Löhningen,2903,SH,real,True,15.11.2024,2683787,1284035
102235849,10185487,472940,Am Stägli,3,8233 Bargen SH,2931,SH,real,True,15.11.2024,2687823,1294094
102235954,10091171,470286,Rössligasse,2,8224 Löhningen,2903,SH,real,True,15.11.2024,2683667,1284034
102236040,10086757,471627,Im Rietacker,3,8235 Lohn SH,2917,SH,real,True,15.11.2024,2692237,1289957
102236055,10091181,470762,Schaffhauserstrasse,9,8213 Neunkirch,2904,SH,real,True,15.11.2024,2679852,1282758
102236057,10128949,474790,Hohfluhstrasse,3,8212 Neuhausen am Rheinfall,2937,SH,real,True,15.11.2024,2688481,1282781
102236068,10031517,191323052,Dorfstrasse,33b,8219 Trasadingen,2973,SH,real,True,15.11.2024,2674500,1280179
102236069,10026325,191328952,Römerstrasse,22,8214 Gächlingen,2901,SH,real,True,15.11.2024,2679830,1284028
102236070,10027516,191330475,Taufgarten,21,8213 Neunkirch,2904,SH,real,True,15.11.2024,2679881,1282276
102236071,10087231,191330855,Charregass,4,8260 Stein am Rhein,2964,SH,real,True,15.11.2024,2706644,1279521
102236072,10058934,191331733,Industrieplatz,2u,8212 Neuhausen am Rheinfall,2937,SH,real,True,15.11.2024,2688591,1281543
102236073,10123291,191332630,Schwarzhorngass,5,8260 Stein am Rhein,2964,SH,real,True,15.11.2024,2706664,1279713
102236074,10113217,191332650,Chirchhofplatz,8,8260 Stein am Rhein,2964,SH,real,True,15.11.2024,2706775,1279656
102236075,10087012,470041,Isengartenstrasse,15,8214 Gächlingen,2901,SH,real,True,15.11.2024,2680102,1284566
102236076,10118350,470074,Chapfstrasse,1,8214 Gächlingen,2901,SH,real,True,15.11.2024,2679766,1284564
102236077,10186928,470604,Mühlengasse,2,8213 Neunkirch,2904,SH,real,True,15.11.2024,2679709,1282764
102236078,10027504,470642,Grabenstrasse,9,8213 Neunkirch,2904,SH,real,True,15.11.2024,2679586,1282605
102236079,10027515,470860,Stiegweg,14,8213 Neunkirch,2904,SH,real,True,15.11.2024,2679246,1282180
102236080,10110809,470993,Ergoltingerstrasse,1,8213 Neunkirch,2904,SH,real,True,15.11.2024,2681442,1281782
102236081,10111804,2713856,Hallauerstrasse,46,8213 Neunkirch,2904,SH,real,True,15.11.2024,2679004,1282853
102236082,10185477,2715293,Neudörflingerstrasse,51,8239 Dörflingen,2915,SH,real,True,15.11.2024,2696339,1285358
102236083,10072983,471647,Unterdorf,14,8235 Lohn SH,2917,SH,real,True,15.11.2024,2692340,1290079
102236084,10091258,474601,Schaffhauserstrasse,32,8212 Neuhausen am Rheinfall,2937,SH,real,True,15.11.2024,2688732,1282231
102236085,10091258,474637,Schaffhauserstrasse,44,8212 Neuhausen am Rheinfall,2937,SH,real,True,15.11.2024,2688836,1282455
102236086,10178595,474734,Nelkenstrasse,7,8212 Neuhausen am Rheinfall,2937,SH,real,True,15.11.2024,2688546,1282674
102236087,10017856,475250,Büchelerstrasse,12,8212 Neuhausen am Rheinfall,2937,SH,real,True,15.11.2024,2688237,1282478
102236088,10091244,475439,Badische Bahnhofstrasse,9,8212 Neuhausen am Rheinfall,2937,SH,real,True,15.11.2024,2688342,1281961
102236089,10017874,475822,Neubergstrasse,8,8212 Neuhausen am Rheinfall,2937,SH,real,True,15.11.2024,2687937,1282100
102236090,10085760,481596,Gässli,5,8228 Beggingen,2951,SH,real,True,15.11.2024,2682570,1291085
102236091,10031580,482261,Tüelgasse,4,8225 Siblingen,2953,SH,real,True,15.11.2024,2681492,1285311
102236092,10187864,2031546,Hanfgartenstrasse,419,8262 Ramsen,2963,SH,real,True,15.11.2024,2703189,1284646
102236093,10071693,3145221,Judebömmlistrasse,532,8262 Ramsen,2963,SH,real,True,15.11.2024,2703356,1285073
102236094,10090057,2031848,Kaltenbacherstrasse,46,8260 Stein am Rhein,2964,SH,real,True,15.11.2024,2706187,1278860
102236095,10031619,1616229,Chlini Schanz,25,8260 Stein am Rhein,2964,SH,real,True,15.11.2024,2706793,1279815
102236096,10117741,1616301,Oehningerstrasse,73,8260 Stein am Rhein,2964,SH,real,True,15.11.2024,2707921,1279861
102236097,10179759,483747,Bergstrasse,14,8215 Hallau,2971,SH,real,True,15.11.2024,2676763,1283615
102236098,10073103,483904,Neunkircherstrasse,30,8215 Hallau,2971,SH,real,True,15.11.2024,2677075,1283193
102236099,10073101,484133,Laamenstrasse,11,8215 Hallau,2971,SH,real,True,15.11.2024,2676022,1283274
102236100,10031945,484253,Fernsichtstrasse,12,8215 Hallau,2971,SH,real,True,15.11.2024,2676224,1283608
102236117,10031933,1616032,Rhiweg,7,8260 Stein am Rhein,2964,SH,real,True,15.11.2024,2706706,1279488
102236154,10121171,474857,Hegaustrasse,32,8212 Neuhausen am Rheinfall,2937,SH,real,True,15.11.2024,2688478,1282848
102236169,10031585,482540,Bürglerstrasse,5,8261 Hemishofen,2962,SH,real,True,15.11.2024,2704708,1281572
102236170,10031605,482776,Roseneggstrasse,378,8262 Ramsen,2963,SH,real,True,15.11.2024,2703589,1285067
102236171,10110819,1615832,Espiweg,27,8260 Stein am Rhein,2964,SH,real,True,15.11.2024,2706445,1279548
102236172,10124089,484142,Auffahrtstrasse,5,8215 Hallau,2971,SH,real,True,15.11.2024,2676303,1283444
102236349,10122740,482454,Lindenweg,11,8263 Buch SH,2961,SH,real,True,15.11.2024,2700973,1286050
102236376,10121180,484276,Oberwiesenstrasse,18,8215 Hallau,2971,SH,real,True,15.11.2024,2676397,1283816
102236434,10185471,470627,Vordergasse,9,8213 Neunkirch,2904,SH,real,True,15.11.2024,2679701,1282720
102236435,10031612,482734,Wisliweg,451,8262 Ramsen,2963,SH,real,True,15.11.2024,2703175,1285165
102236436,10073092,1616428,Im Gwand,2,8260 Stein am Rhein,2964,SH,real,True,15.11.2024,2706821,1280196
102236463,10113208,481755,Espili,2,8226 Schleitheim,2952,SH,real,True,15.11.2024,2678570,1289542
102236480,10046610,475771,Säntisweg,11,8212 Neuhausen am Rheinfall,2937,SH,real,True,15.11.2024,2687781,1282002
102236481,10033112,2032863,Haingartenstrasse,5,8215 Hallau,2971,SH,real,True,15.11.2024,2676532,1283335
102236665,10080408,482329,Hauptstrasse,56,8225 Siblingen,2953,SH,real,True,15.11.2024,2681150,1285419
102236666,10118148,482085,Salzbrunnenstrasse,16,8226 Schleitheim,2952,SH,real,True,15.11.2024,2678103,1288476
102236672,10031523,2033419,Zollstrasse,6,8219 Trasadingen,2973,SH,real,True,15.11.2024,2674929,1280022
102236782,10121171,474803,Hegaustrasse,5,8212 Neuhausen am Rheinfall,2937,SH,real,True,15.11.2024,2688403,1282655
102236783,10118149,482855,Hüslerweg,424,8262 Ramsen,2963,SH,real,True,15.11.2024,2703438,1284922
102236856,10031504,484065,Lärchenstrasse,10,8215 Hallau,2971,SH,real,True,15.11.2024,2676165,1282924
102236873,10032568,481622,Hölderlistrasse,5,8226 Schleitheim,2952,SH,real,True,15.11.2024,2677894,1289085
102236898,10017855,475569,Birchstrasse,23,8212 Neuhausen am Rheinfall,2937,SH,real,True,15.11.2024,2687138,1281484
102236899,10031593,3145223,Alemannenweg,519,8262 Ramsen,2963,SH,real,True,15.11.2024,2703568,1284899
102236976,10179753,101207718,Alte Zollstrasse,32,8260 Stein am Rhein,2964,SH,real,True,15.11.2024,2707705,1279830
102237084,10185480,471802,Im Büel,37,8234 Stetten SH,2919,SH,real,True,15.11.2024,2691699,1288854
102237166,10017867,475654,Hofstettenstrasse,29,8212 Neuhausen am Rheinfall,2937,SH,real,True,15.11.2024,2687349,1281714
102237233,10019579,2712646,Bodenwiesenweg,1,8232 Merishausen,2936,SH,real,True,15.11.2024,2687907,1290288
102237277,10017871,190008341,Löwensteinstrasse,10,8212 Neuhausen am Rheinfall,2937,SH,real,True,15.11.2024,2688739,1283275
102237302,10118141,101206402,Birkenstrasse,16,8454 Buchberg,2933,SH,real,True,15.11.2024,2684181,1270013
102237311,10027501,190032489,Chennerenweg,1a,8213 Neunkirch,2904,SH,real,True,15.11.2024,2679823,1282914
102237391,10024965,2024499,Thayngerstrasse,10,8235 Lohn SH,2917,SH,real,True,15.11.2024,2692549,1290128
102237466,10133044,483787,Statthofgasse,5,8215 Hallau,2971,SH,real,True,15.11.2024,2676902,1283558
102237472,10032565,481844,Hallauerstrasse,28,8226 Schleitheim,2952,SH,real,True,15.11.2024,2677874,1288753
102237489,10091253,475228,Krummstrasse,9,8212 Neuhausen am Rheinfall,2937,SH,real,True,15.11.2024,2688107,1282399
102237533,10031609,2716793,Turnplatzweg,525,8262 Ramsen,2963,SH,real,True,15.11.2024,2703057,1285183
102237534,10110820,484032,Gehringerstrasse,10,8215 Hallau,2971,SH,real,True,15.11.2024,2676319,1283095
102237600,10153985,101525197,Rohrstrasse,21,8216 Oberhallau,2972,SH,real,True,15.11.2024,2677747,1284291
102237617,10031931,190048949,Orichhöhe,7b,8260 Stein am Rhein,2964,SH,real,True,15.11.2024,2707403,1279679
102237693,10087219,482670,Fortenbach,480,8262 Ramsen,2963,SH,real,True,15.11.2024,2702800,1285289
102237719,10133044,483764,Statthofgasse,17,8215 Hallau,2971,SH,real,True,15.11.2024,2676842,1283556
102237808,10031517,484556,Dorfstrasse,31,8219 Trasadingen,2973,SH,real,True,15.11.2024,2674462,1280186
102237810,10046605,473734,Dorfstrasse,84,8454 Buchberg,2933,SH,real,True,15.11.2024,2684255,1269682
102237836,10091390,483833,Oberhallauerstrasse,18,8215 Hallau,2971,SH,real,True,15.11.2024,2677184,1283490
102237877,10091105,2031836,Rietstrasse,39,8260 Stein am Rhein,2964,SH,real,True,15.11.2024,2706232,1280220
102237891,10053248,482018,In Foren,555,8226 Schleitheim,2952,SH,real,True,15.11.2024,2678361,1288460
102237925,10031507,190071898,Obere Buckstrasse,22,8215 Hallau,2971,SH,real,True,15.11.2024,2677083,1283731
102237988,10026342,470430,Hauptstrasse,68,8224 Löhningen,2903,SH,real,True,15.11.2024,2683497,1284020
102238001,10178592,474832,Bohnenbergstrasse,9,8212 Neuhausen am Rheinfall,2937,SH,real,True,15.11.2024,2688385,1282693
102238010,10136921,191567331,Chapfweg,8,8214 Gächlingen,2901,SH,real,True,15.11.2024,2679731,1284469
102238012,10031599,482606,Hofenacker,66,8262 Ramsen,2963,SH,real,True,15.11.2024,2702811,1287421
102238022,10031938,1616177,Understadt,20,8260 Stein am Rhein,2964,SH,real,True,15.11.2024,2706634,1279848
102238041,10068429,470457,Goldackerweg,9,8224 Löhningen,2903,SH,real,True,15.11.2024,2683535,1283804
102238042,10073649,473716,Ampelengasse,8,8454 Buchberg,2933,SH,real,True,15.11.2024,2684404,1269793
102238080,10091397,484383,Krongasse,8,8216 Oberhallau,2972,SH,real,True,15.11.2024,2678135,1284527
102238097,10025731,191175051,Wannenhof,281,8228 Beggingen,2951,SH,real,True,15.11.2024,2683458,1292385
102238100,10141933,191178270,Wiesenstrasse,2,8235 Lohn SH,2917,SH,real,True,15.11.2024,2692593,1290347
102238133,10026324,470015,Obere Hanenbüelstrasse,4,8214 Gächlingen,2901,SH,real,True,15.11.2024,2679883,1284559
102238140,10186333,470806,Stiegring,1,8213 Neunkirch,2904,SH,real,True,15.11.2024,2679268,1282280
102238229,10135339,101207310,Untere Burghalde,5,8225 Siblingen,2953,SH,real,True,15.11.2024,2681524,1285547
102238297,10074397,475372,Durstgrabenstrasse,20,8212 Neuhausen am Rheinfall,2937,SH,real,True,15.11.2024,2687666,1281423
102238340,10187872,484441,Chilstig,3,8219 Trasadingen,2973,SH,real,True,15.11.2024,2674412,1280073
102238383,10017863,474494,Freyastrasse,8,8212 Neuhausen am Rheinfall,2937,SH,real,True,15.11.2024,2688913,1282095
102238393,10068432,2023363,Lättenstrasse,28,8224 Löhningen,2903,SH,real,True,15.11.2024,2683307,1284351
102238436,10031931,1616306,Orichhöhe,8,8260 Stein am Rhein,2964,SH,real,True,15.11.2024,2707379,1279650
102238469,10074392,101206562,Aeugstleracker,10,8232 Merishausen,2936,SH,real,True,15.11.2024,2687741,1290287
102238497,10072974,191172390,Gärtlistrasse,10,8239 Dörflingen,2915,SH,real,True,15.11.2024,2696574,1284586
102238525,10024976,190106126,Rotackerstrasse,6a,8234 Stetten SH,2919,SH,real,True,15.11.2024,2691857,1288484
102238529,10154819,190106206,Im Buechacker,12,8234 Stetten SH,2919,SH,real,True,15.11.2024,2691871,1288064
102238621,10058935,481513,Dorfstrasse,17,8228 Beggingen,2951,SH,real,True,15.11.2024,2682162,1291215
102238627,10178593,474398,Flurlingerweg,58,8212 Neuhausen am Rheinfall,2937,SH,real,True,15.11.2024,2689138,1281891
102238689,10091258,474638,Schaffhauserstrasse,42,8212 Neuhausen am Rheinfall,2937,SH,real,True,15.11.2024,2688828,1282438
102238700,10024945,2714230,Hinterdorf,24,8239 Dörflingen,2915,SH,real,True,15.11.2024,2696542,1284463
102238701,10048893,470111,Schulstrasse,10,8214 Gächlingen,2901,SH,real,True,15.11.2024,2679475,1284139
102238702,10091178,470564,Hintergasse,5,8213 Neunkirch,2904,SH,real,True,15.11.2024,2679731,1282694
102238703,10133044,483762,Statthofgasse,15,8215 Hallau,2971,SH,real,True,15.11.2024,2676851,1283558
102238724,10046605,473779,Dorfstrasse,67,8454 Buchberg,2933,SH,real,True,15.11.2024,2684347,1269731
102238725,10113212,482321,Grabenstrasse,30,8225 Siblingen,2953,SH,real,True,15.11.2024,2681200,1285569
102238743,10146949,101551799,Dostentalstrasse,11,8232 Merishausen,2936,SH,real,True,15.11.2024,2687858,1290064
102238753,10122646,101207317,Schulstrasse,12,8225 Siblingen,2953,SH,real,True,15.11.2024,2681099,1285621
102238755,10046609,190146412,Sonnenbergstrasse,33,8212 Neuhausen am Rheinfall,2937,SH,real,True,15.11.2024,2688124,1282599
102238759,10168102,190159946,Im Schalmenacker,9,8234 Stetten SH,2919,SH,real,True,15.11.2024,2691958,1288313
102238815,10128137,190157052,Kapellenstrasse,15,8215 Hallau,2971,SH,real,True,15.11.2024,2677146,1283636
102238821,10171416,190165691,Wiideblick,12,8224 Löhningen,2903,SH,real,True,15.11.2024,2683396,1284107
102238888,10135339,191139271,Untere Burghalde,13,8225 Siblingen,2953,SH,real,True,15.11.2024,2681476,1285612
102238908,10071981,1615884,Bahnhofstrasse,8,8260 Stein am Rhein,2964,SH,real,True,15.11.2024,2706424,1279391
102238920,10017855,190011163,Birchstrasse,30,8212 Neuhausen am Rheinfall,2937,SH,real,True,15.11.2024,2687034,1281512
102238936,10024938,190040046,Hogeracker,4,8236 Büttenhardt,2914,SH,real,True,15.11.2024,2691232,1290441
102238938,10154819,190041725,Im Buechacker,1,8234 Stetten SH,2919,SH,real,True,15.11.2024,2691803,1287972
102238939,10026319,101204819,Brüelstrasse,22,8214 Gächlingen,2901,SH,real,True,15.11.2024,2679577,1284238
102238953,10018159,475306,Schöneggstrasse,18,8212 Neuhausen am Rheinfall,2937,SH,real,True,15.11.2024,2688448,1282451
102238964,10019579,474041,Bodenwiesenweg,5,8232 Merishausen,2936,SH,real,True,15.11.2024,2687908,1290335
102238965,10031499,483938,Hauptstrasse,32,8215 Hallau,2971,SH,real,True,15.11.2024,2676574,1283463
102238978,10031578,482378,Schoopacker,33,8225 Siblingen,2953,SH,real,True,15.11.2024,2681396,1286156
102238979,10031934,1616215,Roggengarbgass,6,8260 Stein am Rhein,2964,SH,real,True,15.11.2024,2706686,1279836
102238997,10072986,2024667,Braatistrasse,26,8234 Stetten SH,2919,SH,real,True,15.11.2024,2691445,1287959
102238998,10046608,474668,Schwanenfelsstrasse,12b,8212 Neuhausen am Rheinfall,2937,SH,real,True,15.11.2024,2688717,1282608
102238999,10178592,474836,Bohnenbergstrasse,12b,8212 Neuhausen am Rheinfall,2937,SH,real,True,15.11.2024,2688363,1282691
102239000,10017855,475570,Birchstrasse,25,8212 Neuhausen am Rheinfall,2937,SH,real,True,15.11.2024,2687110,1281426
102239001,10179752,482847,Unterdorf,99,8262 Ramsen,2963,SH,real,True,15.11.2024,2703028,1284872
102239002,10090056,1616558,Hohrainstrasse,25,8260 Stein am Rhein,2964,SH,real,True,15.11.2024,2705942,1280440
102239060,10048892,190201859,Niederwiesenstrasse,18a,8214 Gächlingen,2901,SH,real,True,15.11.2024,2679189,1284185
102239107,10108015,190758353,Hauptstrasse,83b,8232 Merishausen,2936,SH,real,True,15.11.2024,2687692,1290903
102239151,10024976,471879,Rotackerstrasse,1,8234 Stetten SH,2919,SH,real,True,15.11.2024,2691860,1288504
102239188,10090059,1616094,Oberstadt,17,8260 Stein am Rhein,2964,SH,real,True,15.11.2024,2706838,1279715
102239250,10027493,190138120,Rebhaldenweg,13,8224 Löhningen,2903,SH,real,True,15.11.2024,2683837,1284236
102239269,10025714,481584,Bückli,16,8228 Beggingen,2951,SH,real,True,15.11.2024,2682531,1291202
102239376,10142113,190639810,Bildsteinweg,4,8239 Dörflingen,2915,SH,real,True,15.11.2024,2696347,1285024
102239439,10087229,190174651,Blaurockstrasse,12,8260 Stein am Rhein,2964,SH,real,True,15.11.2024,2706768,1280154
102239499,10018160,475721,Schützenstrasse,19,8212 Neuhausen am Rheinfall,2937,SH,real,True,15.11.2024,2687578,1281655
102239519,10026342,470424,Hauptstrasse,54,8224 Löhningen,2903,SH,real,True,15.11.2024,2683553,1283999
102239520,10073623,2717078,Wallenrütistrasse,24,8234 Stetten SH,2919,SH,real,True,15.11.2024,2691356,1287788
102239521,10135012,474174,Staanackerweg,4,8232 Merishausen,2936,SH,real,True,15.11.2024,2687725,1290095
102239522,10132131,474953,Buchenstrasse,63,8212 Neuhausen am Rheinfall,2937,SH,real,True,15.11.2024,2688501,1283363
102239523,10122554,475113,Zelgstrasse,30,8212 Neuhausen am Rheinfall,2937,SH,real,True,15.11.2024,2688497,1282237
102239524,10090057,1615941,Kaltenbacherstrasse,11,8260 Stein am Rhein,2964,SH,real,True,15.11.2024,2706568,1279143
102239525,10031932,1616205,Rathausplatz,8,8260 Stein am Rhein,2964,SH,real,True,15.11.2024,2706720,1279739
102239526,10031923,1616482,Hemishoferstrasse,10,8260 Stein am Rhein,2964,SH,real,True,15.11.2024,2706490,1280037
102239527,10031941,484026,Bahnhofstrasse,89,8215 Hallau,2971,SH,real,True,15.11.2024,2676543,1282859
102239557,10171416,190177706,Wiideblick,13,8224 Löhningen,2903,SH,real,True,15.11.2024,2683433,1284129
102239583,10146949,190586748,Dostentalstrasse,6,8232 Merishausen,2936,SH,real,True,15.11.2024,2687842,1290089
102239665,10162276,191303076,Mitteldorfstrasse,2,8216 Oberhallau,2972,SH,real,True,15.11.2024,2678025,1284405
102239666,10058934,191331673,Industrieplatz,1a,8212 Neuhausen am Rheinfall,2937,SH,real,True,15.11.2024,2688559,1281601
102239682,10132131,474964,Buchenstrasse,74,8212 Neuhausen am Rheinfall,2937,SH,real,True,15.11.2024,2688532,1283278
102239705,10178594,475706,Irchelstrasse,23,8212 Neuhausen am Rheinfall,2937,SH,real,True,15.11.2024,2687553,1281571
102239714,10071686,482582,Dorfstrasse,36,8261 Hemishofen,2962,SH,real,True,15.11.2024,2704345,1281676
102239750,10173261,190191970,Braatle,8,8239 Dörflingen,2915,SH,real,True,15.11.2024,2696699,1284504
102239802,10032578,481687,Schwarzwaldstrasse,26,8226 Schleitheim,2952,SH,real,True,15.11.2024,2677736,1289054
102239807,10112905,474082,Taubengasse,8,8232 Merishausen,2936,SH,real,True,15.11.2024,2687861,1290651
102239808,10017858,474466,Echostrasse,13,8212 Neuhausen am Rheinfall,2937,SH,real,True,15.11.2024,2688872,1282143
102240347,10086749,191576731,Gruebstrasse,2,8239 Dörflingen,2915,SH,real,True,15.11.2024,2696310,1285248
102240744,10087225,191570333,Steigblickstrasse,632,8262 Ramsen,2963,SH,real,True,15.11.2024,2702696,1284791
102240770,10179759,191576412,Bergstrasse,3,8215 Hallau,2971,SH,real,True,15.11.2024,2676722,1283576
102240801,10018163,191574192,Tödistrasse,5n,8212 Neuhausen am Rheinfall,2937,SH,real,True,23.07.2024,2687740,1281860
102240804,10046609,191574211,Sonnenbergstrasse,22.1,8212 Neuhausen am Rheinfall,2937,SH,real,True,23.07.2024,2688179,1282548
102240805,10108021,191574214,Hauentalstrasse,91a,8200 Schaffhausen,2939,SH,real,True,15.11.2024,2688901,1285354
102240806,10108021,191574215,Hauentalstrasse,91b,8200 Schaffhausen,2939,SH,real,True,15.11.2024,2688892,1285319
102240807,10108021,191574216,Hauentalstrasse,91,8200 Schaffhausen,2939,SH,real,True,15.11.2024,2688914,1285329
102240808,10108021,191574217,Hauentalstrasse,91c,8200 Schaffhausen,2939,SH,real,True,15.11.2024,2688879,1285344
102240809,10108020,191574219,Zubastrasse,8.2,8212 Neuhausen am Rheinfall,2937,SH,real,True,23.07.2024,2688571,1282491
102240812,10106945,191574338,Rosenbergstrasse,35.1,8212 Neuhausen am Rheinfall,2937,SH,real,True,23.07.2024,2688494,1282388
102240814,10106945,191574340,Rosenbergstrasse,27.1,8212 Neuhausen am Rheinfall,2937,SH,real,True,23.07.2024,2688415,1282229
102240816,10106945,191574342,Rosenbergstrasse,31.1,8212 Neuhausen am Rheinfall,2937,SH,real,True,23.07.2024,2688430,1282243
102241084,10071690,482726,Brunnengasse,158,8262 Ramsen,2963,SH,real,True,15.11.2024,2702847,1285009
102241164,10031508,191576291,Schmalzgasse,37,8215 Hallau,2971,SH,real,True,15.11.2024,2676277,1283159
102241180,10117742,191576411,Untere Buckstrasse,14a,8215 Hallau,2971,SH,real,True,15.11.2024,2677061,1283590
102241219,10018166,191574451,Zentralstrasse,16.1,8212 Neuhausen am Rheinfall,2937,SH,real,True,23.07.2024,2688655,1281762
102241220,10017867,191574491,Hofstettenstrasse,6.2,8212 Neuhausen am Rheinfall,2937,SH,real,True,23.07.2024,2687363,1281672
102241221,10017867,191574492,Hofstettenstrasse,6.1,8212 Neuhausen am Rheinfall,2937,SH,real,True,23.07.2024,2687378,1281678
102241253,10121171,191574794,Hegaustrasse,8.1,8212 Neuhausen am Rheinfall,2937,SH,real,True,23.07.2024,2688444,1282670
102241266,10120419,191574914,Töbeliweg,8.1,8212 Neuhausen am Rheinfall,2937,SH,real,True,23.07.2024,2687389,1281550
102241356,10133015,191576511,Dickistrasse,8.2,8215 Hallau,2971,SH,real,True,23.07.2024,2677263,1282889
102241624,10087229,1616356,Blaurockstrasse,7,8260 Stein am Rhein,2964,SH,real,True,15.11.2024,2706798,1280105
102241673,10073055,191562951,Mühlentalstrasse,266,8200 Schaffhausen,2939,SH,real,True,15.11.2024,2689547,1285880
102241706,10106953,191568833,Schneckenackerstrasse,1.1,8200 Schaffhausen,2939,SH,real,True,23.07.2024,2690456,1286076
102241715,10058935,191569551,Dorfstrasse,65,8228 Beggingen,2951,SH,real,True,15.11.2024,2681831,1291127
102241733,10074397,191574814,Durstgrabenstrasse,1355.1,8212 Neuhausen am Rheinfall,2937,SH,real,True,23.07.2024,2687675,1281500
102241734,10178592,191574835,Bohnenbergstrasse,29.1,8212 Neuhausen am Rheinfall,2937,SH,real,True,23.07.2024,2688398,1282880
102241798,10053251,482019,Salzbrunnen,116,8226 Schleitheim,2952,SH,real,True,15.11.2024,2678226,1288340
102241963,10118357,191574673,Rhenaniastrasse,5.1,8212 Neuhausen am Rheinfall,2937,SH,real,True,23.07.2024,2687990,1281991
102241973,10046612,191574734,Zollstrasse,105.3,8212 Neuhausen am Rheinfall,2937,SH,real,True,23.07.2024,2687142,1280892
102241975,10091247,191574837,Charlottenweg,3.1,8212 Neuhausen am Rheinfall,2937,SH,real,True,23.07.2024,2688797,1282632
102241978,10017877,191574931,Rheinstrasse,74.1,8212 Neuhausen am Rheinfall,2937,SH,real,True,23.07.2024,2689048,1281756
102241980,10091245,191574934,Bahnhofstrasse,13.1,8212 Neuhausen am Rheinfall,2937,SH,real,True,23.07.2024,2688889,1282053
102241982,10106946,191575272,Trubegüetlistrasse,29.1,8212 Neuhausen am Rheinfall,2937,SH,real,True,23.07.2024,2688699,1283314
102242008,10032571,191230730,Lendenbergstrasse,54,8226 Schleitheim,2952,SH,real,True,15.11.2024,2677713,1289207
102242075,10086760,191569391,Holzbrunnenstrasse,7.1,8200 Schaffhausen,2939,SH,real,True,23.07.2024,2688530,1284314
102242078,10138975,191569614,Aagewis,20,8228 Beggingen,2951,SH,real,True,15.11.2024,2682810,1290929
102242166,10194239,191153152,Im Gwerb,2,8224 Löhningen,2903,SH,real,True,15.11.2024,2683383,1283820
102242193,10171868,191022912,Schmörletblick,2,8224 Löhningen,2903,SH,real,True,15.11.2024,2683279,1284080
102242372,10177867,191571851,Langwis,4,8219 Trasadingen,2973,SH,real,True,15.11.2024,2674830,1280001
102242559,10027503,2023586,Gigebuck,17,8213 Neunkirch,2904,SH,real,True,15.11.2024,2679066,1282269
102242798,10121171,474811,Hegaustrasse,23,8212 Neuhausen am Rheinfall,2937,SH,real,True,15.11.2024,2688418,1282740
102242804,10137899,191125140,Glaserweg,12,8213 Neunkirch,2904,SH,real,True,15.11.2024,2680264,1282559
102242805,10177867,191138890,Langwis,3,8219 Trasadingen,2973,SH,real,True,15.11.2024,2674793,1280012
102242807,10071978,191131731,Sonnenstrasse,611,8262 Ramsen,2963,SH,real,True,15.11.2024,2703398,1285117
102243018,10091252,475481,Industriestrasse,40,8212 Neuhausen am Rheinfall,2937,SH,real,True,15.11.2024,2688534,1281784
102243043,10026343,470509,Herrengasse,22,8224 Löhningen,2903,SH,real,True,15.11.2024,2683574,1283901
102243270,10046609,191574204,Sonnenbergstrasse,24.1,8212 Neuhausen am Rheinfall,2937,SH,real,True,23.07.2024,2688177,1282552
102243271,10186343,191574205,Rheingoldstrasse,26.1,8212 Neuhausen am Rheinfall,2937,SH,real,True,23.07.2024,2688851,1281794
102243282,10017868,191574388,Klettgauerstrasse,6.1,8212 Neuhausen am Rheinfall,2937,SH,real,True,23.07.2024,2688410,1282033
102243294,10031939,191574460,Wagenhauserstrasse,21,8260 Stein am Rhein,2964,SH,real,True,15.11.2024,2706361,1279478
102243305,10074396,191573872,Brunnenwiesenstrasse,33.2,8212 Neuhausen am Rheinfall,2937,SH,real,True,23.07.2024,2687828,1281538
102243309,10019274,191574011,Bahnhofstrasse,,8200 Schaffhausen,2939,SH,real,True,23.07.2024,2689592,1283681
102243322,10017868,191574175,Klettgauerstrasse,86.1,8212 Neuhausen am Rheinfall,2937,SH,real,True,23.07.2024,2688073,1282640
102243327,10106945,191574180,Rosenbergstrasse,53.1,8212 Neuhausen am Rheinfall,2937,SH,real,True,23.07.2024,2688459,1282523
102243330,10106945,191574195,Rosenbergstrasse,98.2,8212 Neuhausen am Rheinfall,2937,SH,real,True,23.07.2024,2688625,1283236
102243331,10106945,191574197,Rosenbergstrasse,98.3,8212 Neuhausen am Rheinfall,2937,SH,real,True,23.07.2024,2688619,1283237
102243334,10046609,191574201,Sonnenbergstrasse,26.1,8212 Neuhausen am Rheinfall,2937,SH,real,True,23.07.2024,2688167,1282571
102243336,10046608,191574231,Schwanenfelsstrasse,4.1,8212 Neuhausen am Rheinfall,2937,SH,real,True,23.07.2024,2688613,1282552
102243349,10122554,191574362,Zelgstrasse,19.1,8212 Neuhausen am Rheinfall,2937,SH,real,True,23.07.2024,2688425,1282136
102243353,10017868,191574390,Klettgauerstrasse,6.2,8212 Neuhausen am Rheinfall,2937,SH,real,True,23.07.2024,2688428,1282004
102243359,10018166,191574452,Zentralstrasse,16.2,8212 Neuhausen am Rheinfall,2937,SH,real,True,23.07.2024,2688673,1281778
102243458,10068436,190766990,Hasenbergstrasse,9c,8213 Neunkirch,2904,SH,real,True,15.11.2024,2679501,1282192
102243463,10026340,190082357,Chriesiweg,11,8224 Löhningen,2903,SH,real,True,15.11.2024,2683841,1284168
102243468,10018166,475489,Zentralstrasse,1,8212 Neuhausen am Rheinfall,2937,SH,real,True,15.11.2024,2688567,1281746
102243520,10032557,481702,Bolstiig,38,8226 Schleitheim,2952,SH,real,True,15.11.2024,2678331,1289501
102243551,10185467,190818930,Töpferweg,4,8224 Löhningen,2903,SH,real,True,15.11.2024,2683454,1284031
102243663,10031586,191249651,Hauptstrasse,47,8261 Hemishofen,2962,SH,real,True,15.11.2024,2704457,1282062
102243689,10186343,474312,Rheingoldstrasse,32,8212 Neuhausen am Rheinfall,2937,SH,real,True,15.11.2024,2688869,1281791
102243749,10046612,191574732,Zollstrasse,105,8212 Neuhausen am Rheinfall,2937,SH,real,True,15.11.2024,2687089,1280910
102244067,10106945,191574194,Rosenbergstrasse,98.1,8212 Neuhausen am Rheinfall,2937,SH,real,True,23.07.2024,2688603,1283245
102244073,10108020,191574218,Zubastrasse,8.1,8212 Neuhausen am Rheinfall,2937,SH,real,True,23.07.2024,2688587,1282507
102244076,10108019,191574334,Löwenstein,23.9,8212 Neuhausen am Rheinfall,2937,SH,real,True,23.07.2024,2688711,1282981
102244078,10106945,191574336,Rosenbergstrasse,79.1,8212 Neuhausen am Rheinfall,2937,SH,real,True,23.07.2024,2688486,1282761
102244083,10106945,191574372,Rosenbergstrasse,30.1,8212 Neuhausen am Rheinfall,2937,SH,real,True,23.07.2024,2688467,1282234
102244136,10073034,191574811,Friedbergstrasse,66a,8200 Schaffhausen,2939,SH,real,True,15.11.2024,2689236,1283572
102244137,10073034,191574812,Friedbergstrasse,66,8200 Schaffhausen,2939,SH,real,True,15.11.2024,2689220,1283557
102244138,10073034,191574813,Friedbergstrasse,64,8200 Schaffhausen,2939,SH,real,True,15.11.2024,2689200,1283557
102244150,10046609,191574913,Sonnenbergstrasse,15.1,8212 Neuhausen am Rheinfall,2937,SH,real,True,23.07.2024,2688153,1282480
102244206,10018462,191571651,Oberberg,45e,8222 Beringen,2932,SH,real,True,15.11.2024,2686067,1283864
102244207,10018462,191571651,Oberberg,45c,8222 Beringen,2932,SH,real,True,15.11.2024,2686064,1283850
102244208,10018462,191571651,Oberberg,45a,8222 Beringen,2932,SH,real,True,15.11.2024,2686061,1283837
102244209,10018462,191571651,Oberberg,45d,8222 Beringen,2932,SH,real,True,15.11.2024,2686065,1283856
102244210,10018462,191571651,Oberberg,45b,8222 Beringen,2932,SH,real,True,15.11.2024,2686063,1283844
102244472,10091244,191573875,Badische Bahnhofstrasse,5.1,8212 Neuhausen am Rheinfall,2937,SH,real,True,23.07.2024,2688409,1281949
102244473,10074396,191573876,Brunnenwiesenstrasse,33.1,8212 Neuhausen am Rheinfall,2937,SH,real,True,23.07.2024,2687847,1281613
102244491,10108019,191574333,Löwenstein,23.1,8212 Neuhausen am Rheinfall,2937,SH,real,True,23.07.2024,2688734,1283041
102244493,10018162,191574335,Tannenstrasse,25.1,8212 Neuhausen am Rheinfall,2937,SH,real,True,23.07.2024,2688430,1283042
102244506,10017860,191574495,Engestrasse,74.1,8212 Neuhausen am Rheinfall,2937,SH,real,True,23.07.2024,2688089,1282574
102244543,10046612,191574736,Zollstrasse,105.2,8212 Neuhausen am Rheinfall,2937,SH,real,True,23.07.2024,2687141,1280911
102244546,10017854,191574755,Berbiceweg,22.1,8212 Neuhausen am Rheinfall,2937,SH,real,True,23.07.2024,2687909,1281724
102244550,10121171,191574795,Hegaustrasse,14.1,8212 Neuhausen am Rheinfall,2937,SH,real,True,23.07.2024,2688449,1282698
102244572,10027516,191330473,Taufgarten,23,8213 Neunkirch,2904,SH,real,True,15.11.2024,2679882,1282247
102244573,10046612,191574493,Zollstrasse,90a,8212 Neuhausen am Rheinfall,2937,SH,real,True,15.11.2024,2687291,1281436
102244574,10017861,191574494,Feldeggstrasse,2.1,8212 Neuhausen am Rheinfall,2937,SH,real,True,23.07.2024,2688536,1282440
102244627,10017854,191574754,Berbiceweg,24.1,8212 Neuhausen am Rheinfall,2937,SH,real,True,23.07.2024,2687897,1281697
102244631,10123289,191574841,Buchweg,10.1,8212 Neuhausen am Rheinfall,2937,SH,real,True,23.07.2024,2687525,1281361
102244633,10106946,191574843,Trubegüetlistrasse,29.5,8212 Neuhausen am Rheinfall,2937,SH,real,True,23.07.2024,2688700,1283317
102244796,10120400,191575799,Trottenweg,38,8218 Osterfingen,2974,SH,real,True,15.11.2024,2678529,1279799
102244923,10074396,191574752,Brunnenwiesenstrasse,11.1,8212 Neuhausen am Rheinfall,2937,SH,real,True,23.07.2024,2687985,1281870
102244924,10046612,191574753,Zollstrasse,99.1,8212 Neuhausen am Rheinfall,2937,SH,real,True,23.07.2024,2687147,1281004
102244928,10074397,191574757,Durstgrabenstrasse,16.1,8212 Neuhausen am Rheinfall,2937,SH,real,True,23.07.2024,2687708,1281435
102244930,10121171,191574792,Hegaustrasse,6.1,8212 Neuhausen am Rheinfall,2937,SH,real,True,23.07.2024,2688440,1282648
102245033,10017857,191574917,Chlaffentalstrasse,18.1,8212 Neuhausen am Rheinfall,2937,SH,real,True,23.07.2024,2687052,1281216
102245034,10046612,191574918,Zollstrasse,97.1,8212 Neuhausen am Rheinfall,2937,SH,real,True,23.07.2024,2687157,1281007
102245035,10017853,191574932,Beckenburgstrasse,7a,8212 Neuhausen am Rheinfall,2937,SH,real,True,15.11.2024,2688382,1282105
102245036,10091245,191574935,Bahnhofstrasse,21.1,8212 Neuhausen am Rheinfall,2937,SH,real,True,23.07.2024,2688949,1282057
102245159,10046608,191574232,Schwanenfelsstrasse,8.1,8212 Neuhausen am Rheinfall,2937,SH,real,True,23.07.2024,2688614,1282557
102245485,10187870,191576675,Schorenhof,652.1,8215 Hallau,2971,SH,real,True,23.07.2024,2675832,1285672
102245496,10085770,191576832,Lendenbergstiig,10,8226 Schleitheim,2952,SH,real,True,15.11.2024,2677756,1289238
102245623,10031941,191198250,Bahnhofstrasse,37.1,8215 Hallau,2971,SH,planned,True,23.07.2024,2676494,1283187
102245786,10031502,191576331,Leebenstrasse,13,8215 Hallau,2971,SH,real,True,15.11.2024,2676877,1283351
102246100,10032571,191576352,Lendenbergstrasse,50,8226 Schleitheim,2952,SH,real,True,15.11.2024,2677784,1289257
102254057,10179752,191588527,Unterdorf,123,8262 Ramsen,2963,SH,real,True,15.11.2024,2702911,1284888
102261972,10032574,191590365,Poststrasse,28,8226 Schleitheim,2952,SH,real,True,15.11.2024,2678350,1289286
102262512,10108021,191593851,Hauentalstrasse,,8200 Schaffhausen,2939,SH,real,True,23.07.2024,2689136,1284990
102263173,10120420,191593853,Amsler-Laffon-Strasse,,8200 Schaffhausen,2939,SH,real,True,23.07.2024,2690259,1284739
102266962,10019807,191587411,Schweizersbildstrasse,77,8200 Schaffhausen,2939,SH,real,True,15.11.2024,2689781,1286700
102269890,10202333,191589311,Oelbergstieg,12,8200 Schaffhausen,2939,SH,real,True,15.11.2024,2688471,1283577
102271274,10202333,191589351,Oelbergstieg,8,8200 Schaffhausen,2939,SH,real,True,15.11.2024,2688473,1283558
102271533,10202333,191589291,Oelbergstieg,16,8200 Schaffhausen,2939,SH,real,True,15.11.2024,2688472,1283595
102271866,10019287,191589831,Bühlstrasse,,8200 Schaffhausen,2939,SH,real,True,23.07.2024,2689094,1283934
102274400,10168524,191599613,Friedauweg,2,8215 Hallau,2971,SH,real,True,15.11.2024,2676703,1282812
102276208,10018634,191587233,Fronwagplatz,5,8200 Schaffhausen,2939,SH,real,True,15.11.2024,2689679,1283571
102277760,10073045,191586974,Im Chloster,10,8207 Schaffhausen,2939,SH,real,True,15.11.2024,2691911,1286735
102277892,10136921,191597791,Chapfweg,10,8214 Gächlingen,2901,SH,real,True,15.11.2024,2679752,1284494
102278489,10068434,191605799,Schützengasse,39a,8224 Löhningen,2903,SH,real,True,15.11.2024,2683498,1284331
102278596,10148816,191495651,Hauptstrasse,50,8217 Wilchingen,2974,SH,real,True,15.11.2024,2677170,1280178
102278597,10085724,191607512,Mühlenstrasse,21.1,8200 Schaffhausen,2939,SH,real,True,23.07.2024,2689359,1283181
102278777,10143282,191599433,Sonnenburgweg,7,8215 Hallau,2971,SH,real,True,15.11.2024,2676609,1282915
102278783,10031942,191599555,Bettenstrasse,22,8215 Hallau,2971,SH,real,True,15.11.2024,2676678,1282883
102278785,10205663,191599591,Untergassweg,13,8215 Hallau,2971,SH,real,True,15.11.2024,2676649,1282851
102278786,10205663,191599592,Untergassweg,15,8215 Hallau,2971,SH,real,True,15.11.2024,2676653,1282842
102279643,10133041,191599353,Eigenweg,11,8215 Hallau,2971,SH,real,True,15.11.2024,2676915,1283418
102279649,10143282,191599432,Sonnenburgweg,5,8215 Hallau,2971,SH,real,True,15.11.2024,2676625,1282923
102280286,10085726,191597652,Neutalstrasse,2,8207 Schaffhausen,2939,SH,real,True,15.11.2024,2691946,1286519
102280408,10017108,191599731,Buckstrasse,11,8215 Hallau,2971,SH,real,True,15.11.2024,2676991,1283728
102281550,10019783,191595677,Nordstrasse,111.12,8200 Schaffhausen,2939,SH,real,True,23.07.2024,2689077,1284606
102281625,10085724,191604783,Mühlenstrasse,26.2,8200 Schaffhausen,2939,SH,real,True,19.11.2024,2689359,1283217
102281822,10019796,191606251,Rheinhardstrasse,6.2,8200 Schaffhausen,2939,SH,real,True,23.07.2024,2690930,1284781
102281823,10019796,191606252,Rheinhardstrasse,6.3,8200 Schaffhausen,2939,SH,real,True,23.07.2024,2690921,1284789
102281824,10019796,191606253,Rheinhardstrasse,6.4,8200 Schaffhausen,2939,SH,real,True,23.07.2024,2690999,1284799
102281836,10147639,191606468,Im Gablemacher,25,8240 Thayngen,2920,SH,real,True,15.11.2024,2694420,1289650
102282312,10205663,191600967,Untergassweg,24a,8215 Hallau,2971,SH,real,True,15.11.2024,2676613,1282814
102282398,10205663,191599495,Untergassweg,16,8215 Hallau,2971,SH,real,True,15.11.2024,2676574,1282803
102282402,10031942,191599554,Bettenstrasse,20,8215 Hallau,2971,SH,real,True,15.11.2024,2676675,1282892
102282784,10018657,191606371,Hohlenbaumstrasse,139.1,8200 Schaffhausen,2939,SH,real,True,23.07.2024,2688918,1284701
102282787,10073034,191606414,Friedbergstrasse,22,8200 Schaffhausen,2939,SH,real,True,15.11.2024,2688836,1283571
102282788,10073034,191606415,Friedbergstrasse,21,8200 Schaffhausen,2939,SH,real,True,15.11.2024,2688818,1283592
102282789,10073034,191606416,Friedbergstrasse,23,8200 Schaffhausen,2939,SH,real,True,15.11.2024,2688846,1283602
102282790,10073034,191606417,Friedbergstrasse,24,8200 Schaffhausen,2939,SH,real,True,15.11.2024,2688856,1283576
102282791,10073034,191606418,Friedbergstrasse,25,8200 Schaffhausen,2939,SH,real,True,15.11.2024,2688857,1283598
102282792,10073034,191606419,Friedbergstrasse,17,8200 Schaffhausen,2939,SH,real,True,15.11.2024,2688793,1283576
102282793,10073034,191606420,Friedbergstrasse,19,8200 Schaffhausen,2939,SH,real,True,15.11.2024,2688809,1283589
102282794,10073034,191606421,Friedbergstrasse,18,8200 Schaffhausen,2939,SH,real,True,15.11.2024,2688801,1283555
102282795,10073034,191606422,Friedbergstrasse,20,8200 Schaffhausen,2939,SH,real,True,15.11.2024,2688819,1283563
102282806,10179764,191606471,Ifang,13,8219 Trasadingen,2973,SH,real,True,15.11.2024,2674235,1280223
102282937,10019288,191595081,Chileweg,11,8207 Schaffhausen,2939,SH,real,True,15.11.2024,2691742,1286718
102283863,10190887,191596938,Quellenstrasse,5,8212 Neuhausen am Rheinfall,2937,SH,real,True,15.11.2024,2688456,1282572
102284359,10106942,191610253,Schlatterweg,37,8240 Thayngen,2920,SH,real,True,15.11.2024,2695095,1289817
102284591,10068434,191605797,Schützengasse,39b,8224 Löhningen,2903,SH,real,True,15.11.2024,2683492,1284352
102284682,10179720,191609003,Lahnhalde,35,8200 Schaffhausen,2939,SH,real,True,15.11.2024,2688406,1284727
102284683,10179720,191609004,Lahnhalde,33,8200 Schaffhausen,2939,SH,real,True,15.11.2024,2688409,1284706
102284684,10179720,191609005,Lahnhalde,39,8200 Schaffhausen,2939,SH,real,True,15.11.2024,2688415,1284734
102285059,10147639,191606467,Im Gablemacher,19,8240 Thayngen,2920,SH,real,True,15.11.2024,2694411,1289610
102285543,10085726,191597652,Neutalstrasse,4,8207 Schaffhausen,2939,SH,real,True,15.11.2024,2691965,1286495
102285680,10046634,191594211,Weiherweg,8,8200 Schaffhausen,2939,SH,real,True,15.11.2024,2687826,1284244
102285699,10156881,191596016,Geisshofweg,10,8200 Schaffhausen,2939,SH,real,True,15.11.2024,2689741,1284711
102286503,10205663,191600962,Untergassweg,20,8215 Hallau,2971,SH,real,True,15.11.2024,2676615,1282834
102286507,10205663,191600970,Untergassweg,24,8215 Hallau,2971,SH,real,True,15.11.2024,2676631,1282822
102286621,10205663,191599552,Untergassweg,9,8215 Hallau,2971,SH,real,True,15.11.2024,2676640,1282868
102286867,10031611,191605825,Wiesholzerstrasse,410,8262 Ramsen,2963,SH,real,True,15.11.2024,2704357,1285215
102287067,10031942,191599553,Bettenstrasse,16,8215 Hallau,2971,SH,real,True,15.11.2024,2676669,1282911
102287142,10018665,191605392,Im Trenschen,22,8207 Schaffhausen,2939,SH,real,True,15.11.2024,2691998,1287115
102287555,10018635,191591715,Furkastrasse,7,8203 Schaffhausen,2939,SH,real,True,15.11.2024,2690916,1283436
102287907,10073070,191593371,Stuckengässchen,,8203 Schaffhausen,2939,SH,real,True,23.07.2024,2691567,1283247
102287908,10073070,191593372,Stuckengässchen,,8203 Schaffhausen,2939,SH,real,True,19.11.2024,2691541,1283236
102288085,10073055,191593854,Mühlentalstrasse,,8200 Schaffhausen,2939,SH,real,True,23.07.2024,2689039,1287076
102288144,10187856,191595991,Spiegelgutstrasse,39,8200 Schaffhausen,2939,SH,real,True,15.11.2024,2690486,1285963
102288145,10187856,191595991,Spiegelgutstrasse,41,8200 Schaffhausen,2939,SH,real,True,15.11.2024,2690489,1285955
102288287,10031942,191599595,Bettenstrasse,26,8215 Hallau,2971,SH,real,True,15.11.2024,2676684,1282864
102288289,10031942,191599597,Bettenstrasse,28,8215 Hallau,2971,SH,real,True,15.11.2024,2676687,1282855
102288290,10168524,191599599,Friedauweg,10,8215 Hallau,2971,SH,real,True,15.11.2024,2676668,1282798
102288291,10168524,191599611,Friedauweg,4,8215 Hallau,2971,SH,real,True,15.11.2024,2676694,1282808
102288414,10086490,191595453,Grubenstrasse,95,8200 Schaffhausen,2939,SH,real,True,15.11.2024,2690851,1284289
102288552,10143282,191599421,Sonnenburgweg,1,8215 Hallau,2971,SH,real,True,15.11.2024,2676660,1282938
102288553,10206796,191599491,Langärgete,5,8236 Büttenhardt,2914,SH,real,True,15.11.2024,2691049,1289866
102288557,10205663,191599538,Untergassweg,3,8215 Hallau,2971,SH,real,True,15.11.2024,2676624,1282893
102288683,10205663,191599593,Untergassweg,19,8215 Hallau,2971,SH,real,True,15.11.2024,2676661,1282824
102288684,10031942,191599598,Bettenstrasse,32,8215 Hallau,2971,SH,real,True,15.11.2024,2676693,1282836
102288686,10168524,191599601,Friedauweg,8,8215 Hallau,2971,SH,real,True,15.11.2024,2676677,1282801
102288757,10206080,191604116,Vogelsandstrasse,6,8455 Rüdlingen,2938,SH,real,True,15.11.2024,2684804,1270624
102288950,10091230,191595951,Hauptstrasse,66a,8231 Hemmental,2939,SH,real,True,15.11.2024,2686311,1287445
102289135,10186345,191605175,Beckenwäldli,10,8207 Schaffhausen,2939,SH,real,True,15.11.2024,2692036,1287097
102289137,10186345,191605178,Beckenwäldli,8,8207 Schaffhausen,2939,SH,real,True,15.11.2024,2692032,1287111
102289239,10086757,191604511,Im Rietacker,6a,8235 Lohn SH,2917,SH,real,True,15.11.2024,2692276,1289928
102289995,10143282,191599431,Sonnenburgweg,3,8215 Hallau,2971,SH,real,True,15.11.2024,2676643,1282931
102290002,10206796,191599474,Langärgete,12,8236 Büttenhardt,2914,SH,real,True,15.11.2024,2691026,1289819
102290055,10111807,191604683,Braatistrasse,9,8236 Büttenhardt,2914,SH,real,True,15.11.2024,2690971,1290139
102290305,10237825,191608714,Randenstrasse,28,8231 Hemmental,2939,SH,real,True,15.11.2024,2685577,1287681
102290317,10179720,191608892,Lahnhalde,37,8200 Schaffhausen,2939,SH,real,True,15.11.2024,2688440,1284717
102290438,10206796,191599476,Langärgete,9,8236 Büttenhardt,2914,SH,real,True,15.11.2024,2691031,1289836
102290439,10205663,191599551,Untergassweg,7,8215 Hallau,2971,SH,real,True,15.11.2024,2676634,1282876
102290838,10205663,191600960,Untergassweg,18,8215 Hallau,2971,SH,real,True,15.11.2024,2676597,1282827
102290840,10205663,191600964,Untergassweg,24b,8215 Hallau,2971,SH,real,True,15.11.2024,2676594,1282807
102291091,10018633,191605713,Freudental,2.2,8200 Schaffhausen,2939,SH,real,True,23.07.2024,2690005,1287840
102291689,10026388,191336296,Chlenglerweg,83,8240 Thayngen,2920,SH,real,True,15.11.2024,2696542,1289341
102292392,10054973,191631091,Büelacker,1,8236 Büttenhardt,2914,SH,real,True,15.11.2024,2690993,1289934
102292681,10186932,191611231,Rehgütliweg,1,8200 Schaffhausen,2939,SH,real,True,15.11.2024,2689067,1283662
102292758,10025679,1610105,Schützengraben,30,8200 Schaffhausen,2939,SH,real,True,15.11.2024,2689818,1283837
102292961,10018647,191612011,Gütliweg,15,8200 Schaffhausen,2939,SH,real,True,15.11.2024,2690090,1285070
102293377,10118359,191631199,Baumschulstrasse,28,8200 Schaffhausen,2939,SH,real,True,15.11.2024,2690796,1284804
102294016,10087013,191615561,Schulgasse,32,8214 Gächlingen,2901,SH,real,True,15.11.2024,2679134,1283946
102294177,10031945,191613531,Fernsichtstrasse,15,8215 Hallau,2971,SH,planned,False,23.07.2024,2676262,1283548
102294323,10127711,191615711,Trasadingerweg,6,8215 Hallau,2971,SH,real,True,15.11.2024,2676509,1282708
102294867,10019582,191616173,Hinterburg,17,8232 Merishausen,2936,SH,real,True,15.11.2024,2687907,1290586
102294941,10091240,191619191,Rietstrasse,2a,8232 Merishausen,2936,SH,real,True,15.11.2024,2687777,1290477
102294973,10091181,191614054,Schaffhauserstrasse,20a,8213 Neunkirch,2904,SH,real,True,15.11.2024,2680066,1282507
102295448,10085751,191615692,Thayngerstrasse,71,8207 Schaffhausen,2939,SH,real,True,15.11.2024,2691889,1287214
102295569,10091181,191614052,Schaffhauserstrasse,20,8213 Neunkirch,2904,SH,real,True,15.11.2024,2680062,1282534
102296097,10073640,191631379,Höhenweg,14,8222 Beringen,2932,SH,real,True,15.11.2024,2685032,1283780
102296122,10024949,191618495,Morgenstrasse,2,8239 Dörflingen,2915,SH,real,True,15.11.2024,2696065,1285024
102296846,10110820,191625214,Gehringerstrasse,6,8215 Hallau,2971,SH,real,True,15.11.2024,2676327,1283144
102297802,10019806,191619714,Schlössliweg,25.1,8200 Schaffhausen,2939,SH,real,True,23.07.2024,2690488,1284416
102298136,10071693,191620775,Judebömmlistrasse,637,8262 Ramsen,2963,SH,real,True,15.11.2024,2703466,1285041
102298264,10206796,191631071,Langärgete,10,8236 Büttenhardt,2914,SH,real,True,15.11.2024,2690996,1289842
102298288,10019783,191631217,Nordstrasse,111.13,8200 Schaffhausen,2939,SH,real,True,23.07.2024,2689130,1284772
102299201,10085751,191619135,Thayngerstrasse,67,8207 Schaffhausen,2939,SH,real,True,15.11.2024,2691885,1287168
102299202,10085751,191619136,Thayngerstrasse,65,8207 Schaffhausen,2939,SH,real,True,15.11.2024,2691889,1287125
102299203,10085751,191619137,Thayngerstrasse,69,8207 Schaffhausen,2939,SH,real,True,15.11.2024,2691852,1287182
102299415,10108021,191611738,Hauentalstrasse,,8200 Schaffhausen,2939,SH,real,True,23.07.2024,2688899,1285280
102299518,10018654,1612890,Hochstrasse,295,8200 Schaffhausen,2939,SH,real,True,15.11.2024,2690598,1285669
102299519,10018654,1612890,Hochstrasse,293,8200 Schaffhausen,2939,SH,real,True,15.11.2024,2690588,1285658
102299533,10178589,191616171,Mühlgasse,8.1,8232 Merishausen,2936,SH,real,True,23.07.2024,2687819,1290917
102300066,10141933,191625111,Wiesenstrasse,9,8235 Lohn SH,2917,SH,real,True,15.11.2024,2692552,1290391
102300211,10032571,191611953,Lendenbergstrasse,34,8226 Schleitheim,2952,SH,real,True,15.11.2024,2677847,1289285
102301122,10032568,191625855,Hölderlistrasse,19,8226 Schleitheim,2952,SH,real,True,15.11.2024,2677750,1289100
102301286,10018654,191614032,Hochstrasse,201.003,8200 Schaffhausen,2939,SH,real,True,15.11.2024,2690162,1285277
102301287,10091181,191614072,Schaffhauserstrasse,20b,8213 Neunkirch,2904,SH,real,True,15.11.2024,2680031,1282513
102301476,10018166,191627770,Zentralstrasse,133.1,8212 Neuhausen am Rheinfall,2937,SH,real,True,23.07.2024,2688860,1282457
102301495,10027516,191628151,Taufgarten,12,8213 Neunkirch,2904,SH,real,True,15.11.2024,2679869,1282210
102302692,10113209,191628897,Hofstatt,22a,8226 Schleitheim,2952,SH,real,True,15.11.2024,2678101,1289112
102302719,10110819,191630671,Espiweg,44a,8260 Stein am Rhein,2964,SH,real,True,15.11.2024,2706255,1279600
102302741,10091399,191630935,Ackerweg,7,8219 Trasadingen,2973,SH,real,True,15.11.2024,2674507,1280065
102303158,10073055,191626033,Mühlentalstrasse,260,8200 Schaffhausen,2939,SH,real,True,15.11.2024,2689555,1285807
102303296,10087215,191629134,Oberdorfstrasse,9,8261 Hemishofen,2962,SH,real,True,15.11.2024,2704794,1281574
102303412,10086470,191631104,Bachstrasse,33,8200 Schaffhausen,2939,SH,real,True,15.11.2024,2689997,1283649
102303464,10027516,191628519,Taufgarten,14,8213 Neunkirch,2904,SH,real,True,15.11.2024,2679869,1282210
102303629,10024947,191618491,Im Scheier,10,8239 Dörflingen,2915,SH,real,True,15.11.2024,2696140,1284917
102303630,10024947,191618492,Im Scheier,12,8239 Dörflingen,2915,SH,real,True,15.11.2024,2696135,1284905
102303769,10024947,191618493,Im Scheier,16,8239 Dörflingen,2915,SH,real,True,15.11.2024,2696158,1284905
102303770,10024951,191618494,Randeggerstrasse,2a,8239 Dörflingen,2915,SH,real,True,15.11.2024,2696449,1285399
102304045,10072971,191631052,Huebstrasse,4,8236 Büttenhardt,2914,SH,real,True,15.11.2024,2691051,1290362
102304106,10118137,191621035,Bahnhofstrasse,5a,8213 Neunkirch,2904,SH,real,True,15.11.2024,2679177,1282611
102304107,10118137,191621035,Bahnhofstrasse,5b,8213 Neunkirch,2904,SH,real,True,15.11.2024,2679150,1282610
102304313,10110820,191625252,Gehringerstrasse,6a,8215 Hallau,2971,SH,real,True,15.11.2024,2676303,1283131
102347377,10244246,190562169,Erlen,728,8213 Neunkirch,2904,SH,real,True,15.11.2024,2680512,1282261
102351666,10186339,191631391,Gellerstrasse,118,8222 Beringen,2932,SH,real,True,15.11.2024,2686115,1283667
102351679,10085737,191631404,Schlossstrasse,15,8207 Schaffhausen,2939,SH,real,True,15.11.2024,2691824,1286619
102353078,10190664,191632839,Degerfelderstrasse,23,8260 Stein am Rhein,2964,SH,real,True,15.11.2024,2706102,1279153
102353079,10190664,191632840,Degerfelderstrasse,27,8260 Stein am Rhein,2964,SH,real,True,15.11.2024,2706070,1279137
102353080,10190664,191632841,Degerfelderstrasse,19,8260 Stein am Rhein,2964,SH,real,True,15.11.2024,2706130,1279116
102353305,10018151,191633206,Silberbergweg,20,8240 Thayngen,2920,SH,real,True,15.11.2024,2694531,1289427
102353514,10127712,191633732,Empützigraben,3,8215 Hallau,2971,SH,real,True,15.11.2024,2676380,1282971
102353710,10145750,191634000,Bruedergass,3,8219 Trasadingen,2973,SH,real,True,15.11.2024,2674510,1280267
102354778,10031586,191635819,Hauptstrasse,5,8261 Hemishofen,2962,SH,real,True,15.11.2024,2704807,1281399
102355074,10073055,191636193,Mühlentalstrasse,,8200 Schaffhausen,2939,SH,real,True,23.07.2024,2689331,1284284
102355076,10073055,191636195,Mühlentalstrasse,,8200 Schaffhausen,2939,SH,real,True,23.07.2024,2689355,1284303
102355077,10073055,191636196,Mühlentalstrasse,65c,8200 Schaffhausen,2939,SH,real,True,19.11.2024,2689331,1284332
102355987,10185477,191637074,Neudörflingerstrasse,50a,8239 Dörflingen,2915,SH,real,True,15.11.2024,2696350,1285284
102356090,10091109,191637234,Blumengartenstrasse,12,8215 Hallau,2971,SH,real,True,15.11.2024,2676295,1283041
102357461,10019559,191638951,Erlistrasse,44,8454 Buchberg,2933,SH,real,True,15.11.2024,2684212,1269948
102357470,10019562,191638991,Murkatstrasse,33,8454 Buchberg,2933,SH,real,True,15.11.2024,2684559,1269397
102357510,10018166,191639133,Zentralstrasse,31b,8212 Neuhausen am Rheinfall,2937,SH,real,True,15.11.2024,2688638,1281872
102358094,10179720,191640012,Lahnhalde,43,8200 Schaffhausen,2939,SH,real,True,15.11.2024,2688480,1284721
102358095,10179720,191640013,Lahnhalde,41,8200 Schaffhausen,2939,SH,real,True,15.11.2024,2688458,1284728
102358259,10122740,191640493,Lindenweg,8,8263 Buch SH,2961,SH,real,True,15.11.2024,2701000,1286033
102358262,10103231,191640512,Unterdorfstrasse,8,8263 Buch SH,2961,SH,real,True,15.11.2024,2700888,1286117
102358592,10031500,191641411,Höhenweg,7,8215 Hallau,2971,SH,real,True,15.11.2024,2676666,1283694
102358874,10086763,191641749,Im Majorenacker,12,8207 Schaffhausen,2939,SH,real,True,15.11.2024,2691659,1285890
102359389,10120403,471235,Hauptstrasse,4a,8242 Bibern SH,2920,SH,real,True,15.11.2024,2692626,1292237
102359491,10068435,191642728,Breitiweg,2a,8213 Neunkirch,2904,SH,real,True,15.11.2024,2679800,1282631
102359493,10086488,191642730,Gennersbrunnerstrasse,,8207 Schaffhausen,2939,SH,real,True,23.07.2024,2691901,1285994
102359502,10031605,191642739,Roseneggstrasse,638,8262 Ramsen,2963,SH,real,True,15.11.2024,2703560,1285205
102359529,10026388,191642771,Chlenglerweg,21,8240 Thayngen,2920,SH,real,True,15.11.2024,2696116,1289400
102359530,10026388,191642772,Chlenglerweg,25,8240 Thayngen,2920,SH,real,True,15.11.2024,2696121,1289425
102359532,10026388,191642774,Chlenglerweg,23,8240 Thayngen,2920,SH,real,True,15.11.2024,2696119,1289414
102361274,10128949,191644418,Hohfluhstrasse,21.6,8212 Neuhausen am Rheinfall,2937,SH,real,True,23.07.2024,2688317,1282808
102361286,10113197,191644429,Hohbergstrasse,21,8207 Schaffhausen,2939,SH,real,True,15.11.2024,2690892,1286384
102361288,10073655,191644431,Gehrenhalde,57,8231 Hemmental,2939,SH,real,True,15.11.2024,2686196,1287769
102361298,10018672,191644441,Krebsbachstrasse,47,8200 Schaffhausen,2939,SH,real,True,15.11.2024,2689932,1284601
102361450,10026344,470452,Industriestrasse,1a,8224 Löhningen,2903,SH,real,True,15.11.2024,2683245,1283951
102361926,10186331,191645451,Berggasse,14a,8224 Löhningen,2903,SH,real,True,15.11.2024,2683481,1283657
102361932,10169254,191645493,Unterbreitenstrasse,3,8454 Buchberg,2933,SH,real,True,15.11.2024,2684693,1269725
102361933,10169254,191645493,Unterbreitenstrasse,3a,8454 Buchberg,2933,SH,real,True,15.11.2024,2684693,1269722
102362207,10032568,191646140,Hölderlistrasse,22,8226 Schleitheim,2952,SH,real,True,15.11.2024,2677699,1289134
102362263,10210280,191646211,Nörstenweg,5,8214 Gächlingen,2901,SH,real,True,15.11.2024,2679783,1284498
102362274,10032559,191646231,Brüel,3,8226 Schleitheim,2952,SH,real,True,15.11.2024,2678658,1289238
102362397,10026325,470221,Römerstrasse,1,8214 Gächlingen,2901,SH,real,True,15.11.2024,2679548,1283893
102362628,10031593,191647258,Alemannenweg,641,8262 Ramsen,2963,SH,real,True,15.11.2024,2703324,1284858
102362631,10031593,191647261,Alemannenweg,642,8262 Ramsen,2963,SH,real,True,15.11.2024,2703294,1284859
102362757,10117741,191647412,Oehningerstrasse,1.1,8260 Stein am Rhein,2964,SH,real,True,23.07.2024,2706897,1279747
102362771,10073056,191647454,Neustadt,7.1,8200 Schaffhausen,2939,SH,real,True,23.07.2024,2689585,1283276
102362789,10143056,191647514,Obere Burghalde,20,8225 Siblingen,2953,SH,real,True,15.11.2024,2681597,1285577
102362793,10143056,191647518,Obere Burghalde,18,8225 Siblingen,2953,SH,real,True,15.11.2024,2681588,1285588
102362814,10080408,191647573,Hauptstrasse,70a,8225 Siblingen,2953,SH,real,True,15.11.2024,2680976,1285460
102363467,10121172,191647991,Buchbergstrasse,14,8200 Schaffhausen,2939,SH,real,True,15.11.2024,2688869,1287523
102363550,10025721,191648277,Hoolicher,2,8228 Beggingen,2951,SH,real,True,15.11.2024,2682572,1291175
102364066,10054973,191649154,Büelacker,5,8236 Büttenhardt,2914,SH,real,True,15.11.2024,2690968,1289898
102364629,10087225,191649931,Steigblickstrasse,639,8262 Ramsen,2963,SH,real,True,15.11.2024,2702677,1284761
102365174,10123290,1610206,Krummgasse,13,8200 Schaffhausen,2939,SH,real,True,15.11.2024,2689748,1283655
102365282,10046623,191650473,Kirchgasse,,8203 Schaffhausen,2939,SH,real,True,23.07.2024,2691427,1283658
102365729,10120398,191651155,Gigering,1,8213 Neunkirch,2904,SH,real,True,15.11.2024,2679398,1282560
102365731,10128947,191651157,Hinder Nüchilch,36,8213 Neunkirch,2904,SH,real,True,15.11.2024,2679845,1281991
102365733,10128947,191651159,Hinder Nüchilch,16,8213 Neunkirch,2904,SH,real,True,15.11.2024,2679621,1282091
102366061,10147321,191651528,Ifangweg,7,8219 Trasadingen,2973,SH,real,True,15.11.2024,2674202,1280180
102366527,10086752,191651874,Plattenweg,1,8239 Dörflingen,2915,SH,real,True,15.11.2024,2696337,1285327
102366861,10091173,191652248,Strasshalden,13,8224 Löhningen,2903,SH,real,True,15.11.2024,2683941,1284060
102366863,10120420,191652251,Amsler-Laffon-Strasse,,8200 Schaffhausen,2939,SH,real,True,23.07.2024,2690227,1284750
102366867,10091173,191652271,Strasshalden,15,8224 Löhningen,2903,SH,real,True,15.11.2024,2683933,1284063
102366983,10071977,191652534,Schnydersäcker,640,8262 Ramsen,2963,SH,real,True,15.11.2024,2703789,1284901
102366991,10180890,191652557,Vor der Brugg,148b.1,8262 Ramsen,2963,SH,real,True,23.07.2024,2702558,1284841
102367006,10103865,191652592,Bergstrasse,9,8214 Gächlingen,2901,SH,real,True,15.11.2024,2679825,1284539
102367355,10153561,191652731,Herti,3,8235 Lohn SH,2917,SH,real,True,15.11.2024,2692050,1290067
102367550,10048900,191652966,Lohningerweg,97,8240 Thayngen,2920,SH,real,True,15.11.2024,2694240,1289441
102367552,10018157,1609562,Zieglerweg,14,8240 Thayngen,2920,SH,real,True,15.11.2024,2694817,1289657
102367553,10073627,1609612,Klosterstieg,6,8240 Thayngen,2920,SH,real,True,15.11.2024,2694976,1289527
102367555,10046603,1609704,Tonwerkstrasse,17,8240 Thayngen,2920,SH,real,True,15.11.2024,2695306,1289069
102367557,10120406,191652972,Biberstrasse,109,8240 Thayngen,2920,SH,real,True,15.11.2024,2694283,1289954
102367559,10087046,1609746,Blumenstrasse,8,8240 Thayngen,2920,SH,real,True,15.11.2024,2694976,1289271
102367576,10073041,191652990,Haldenwiesli,23c,8207 Schaffhausen,2939,SH,real,True,15.11.2024,2692131,1286587
102367577,10073041,191652990,Haldenwiesli,23a,8207 Schaffhausen,2939,SH,real,True,15.11.2024,2692129,1286573
102367578,10073041,191652990,Haldenwiesli,23d,8207 Schaffhausen,2939,SH,real,True,15.11.2024,2692133,1286594
102367579,10073041,191652990,Haldenwiesli,23,8207 Schaffhausen,2939,SH,real,True,15.11.2024,2692128,1286565
102367580,10073041,191652990,Haldenwiesli,23e,8207 Schaffhausen,2939,SH,real,True,15.11.2024,2692134,1286603
102367581,10073041,191652990,Haldenwiesli,23b,8207 Schaffhausen,2939,SH,real,True,15.11.2024,2692130,1286580
102367655,10237822,191653073,Zollstrasse,55,8240 Thayngen,2920,SH,real,True,15.11.2024,2695546,1288659
102367661,10186929,191653079,Stammlerbühlstrasse,15,8240 Thayngen,2920,SH,real,True,15.11.2024,2695871,1288715
102368094,10086763,191653730,Im Majorenacker,16,8207 Schaffhausen,2939,SH,real,True,15.11.2024,2691768,1285908
102368216,10087217,191653872,Ankerstrasse,643,8262 Ramsen,2963,SH,real,True,15.11.2024,2703149,1285164
102369411,10152455,484727,Zinggenstrasse,13a,8217 Wilchingen,2974,SH,real,True,15.11.2024,2677458,1280256
102369491,10120406,191655196,Biberstrasse,38,8240 Thayngen,2920,SH,real,True,15.11.2024,2695057,1289518
102369697,10019799,191655312,Rosenbergstrasse,15,8200 Schaffhausen,2939,SH,real,True,15.11.2024,2690863,1283643
102369814,10018440,191655620,Zimmerweg,3,8240 Thayngen,2920,SH,real,True,15.11.2024,2694664,1289658
102369815,10018440,191655621,Zimmerweg,1,8240 Thayngen,2920,SH,real,True,15.11.2024,2694645,1289632
102369831,10018149,191655642,Rosengartenweg,9,8240 Thayngen,2920,SH,real,True,15.11.2024,2695251,1289431
102369876,10087064,191655702,Mandacherstrasse,12,8233 Bargen SH,2931,SH,real,True,15.11.2024,2687655,1294214
102369939,10210845,191655952,Rogackerweg,8,8225 Siblingen,2953,SH,real,True,15.11.2024,2680949,1285529
102369940,10210845,191655953,Rogackerweg,10,8225 Siblingen,2953,SH,real,True,15.11.2024,2680986,1285512
102369997,10073105,191656055,Selmattenstrasse,25,8215 Hallau,2971,SH,real,True,15.11.2024,2676293,1282910
102370150,10017852,191656294,Bachtelstrasse,8,8212 Neuhausen am Rheinfall,2937,SH,real,True,15.11.2024,2687857,1282091
102370190,10017877,191656355,Rheinstrasse,37.1,8212 Neuhausen am Rheinfall,2937,SH,real,True,23.07.2024,2688762,1281613
102370210,10152453,191656374,Talackerstrasse,4,8217 Wilchingen,2974,SH,real,True,15.11.2024,2677607,1280233
102370367,10212134,191656662,Heinrich Moser-Platz,3,8212 Neuhausen am Rheinfall,2937,SH,real,True,15.11.2024,2688650,1281632
102370370,10046612,191656665,Zollstrasse,86b,8212 Neuhausen am Rheinfall,2937,SH,real,True,15.11.2024,2687368,1281472
102370493,10111812,191656908,Ebringerstrasse,113,8240 Thayngen,2920,SH,real,True,15.11.2024,2696520,1289277
102370494,10111812,191656909,Ebringerstrasse,115,8240 Thayngen,2920,SH,real,True,15.11.2024,2696515,1289284
102370495,10111812,191656910,Ebringerstrasse,117,8240 Thayngen,2920,SH,real,True,15.11.2024,2696537,1289284
102371046,10080411,191657929,Rietstrasse,2b,8225 Siblingen,2953,SH,real,True,15.11.2024,2681451,1285131
102371901,10091406,191659131,Haslacherstrasse,6,8217 Wilchingen,2974,SH,real,True,15.11.2024,2677105,1280542
102371908,10018149,191659154,Rosengartenweg,13,8240 Thayngen,2920,SH,real,True,15.11.2024,2695236,1289502
102371987,10152452,191659259,Nassackerstrasse,8,8218 Osterfingen,2974,SH,real,True,15.11.2024,2678602,1279667
102372059,10179768,191659328,Kapellenweg,9,8217 Wilchingen,2974,SH,real,True,15.11.2024,2677093,1280314
102372062,10031816,191659331,Dickistrasse,2,8217 Wilchingen,2974,SH,real,True,15.11.2024,2677368,1280966
102372064,10091406,191659333,Haslacherstrasse,6a,8217 Wilchingen,2974,SH,real,True,15.11.2024,2677117,1280552
102372351,10019565,191659872,Altacker,182.2,8231 Hemmental,2939,SH,real,True,23.07.2024,2686471,1287495
102372356,10019291,191659892,Ebnatstrasse,,8200 Schaffhausen,2939,SH,real,True,23.07.2024,2690482,1284836
102372357,10086470,191659893,Bachstrasse,46.1,8200 Schaffhausen,2939,SH,real,True,23.07.2024,2690023,1283725
102372582,10086475,191660152,Buchthalerstrasse,,8200 Schaffhausen,2939,SH,real,True,23.07.2024,2690893,1283404
102372583,10046613,191660153,Bürgerstrasse,20.1,8200 Schaffhausen,2939,SH,real,True,23.07.2024,2690367,1283759
102372584,10086476,191660154,Büsingerstrasse,,8203 Schaffhausen,2939,SH,real,True,23.07.2024,2691699,1283602
102372585,10086476,191660155,Büsingerstrasse,,8203 Schaffhausen,2939,SH,real,True,23.07.2024,2691702,1283603
102372587,10086476,191660157,Büsingerstrasse,,8203 Schaffhausen,2939,SH,real,True,23.07.2024,2691770,1283542
102372588,10018657,191660158,Hohlenbaumstrasse,,8200 Schaffhausen,2939,SH,real,True,23.07.2024,2688839,1284621
102372589,10018657,191660159,Hohlenbaumstrasse,175.1,8200 Schaffhausen,2939,SH,real,True,23.07.2024,2689024,1284839
102372590,10018659,191660160,Hornbergstrasse,23.1,8200 Schaffhausen,2939,SH,real,True,23.07.2024,2689726,1284425
102372599,10186340,191660232,Schaffhauserstrasse,86a,8222 Beringen,2932,SH,real,True,15.11.2024,2686060,1283434
102372600,10086763,191660233,Im Majorenacker,,8207 Schaffhausen,2939,SH,real,True,23.07.2024,2691555,1286007
102372601,10086763,191660234,Im Majorenacker,11.2,8207 Schaffhausen,2939,SH,real,True,23.07.2024,2691725,1285965
102372602,10086763,191660235,Im Majorenacker,11.3,8207 Schaffhausen,2939,SH,real,True,23.07.2024,2691700,1285979
102372603,10086763,191660236,Im Majorenacker,11.5,8207 Schaffhausen,2939,SH,real,True,23.07.2024,2691759,1285970
102372604,10086763,191660237,Im Majorenacker,11.7,8207 Schaffhausen,2939,SH,real,True,23.07.2024,2691740,1285993
102372605,10179718,191660238,Im Riet,6.1,8200 Schaffhausen,2939,SH,real,True,23.07.2024,2688361,1284283
102372608,10179718,191660271,Im Riet,23.1,8200 Schaffhausen,2939,SH,real,True,23.07.2024,2688221,1284233
102372609,10018642,191660272,Grabenstrasse,5.2,8200 Schaffhausen,2939,SH,real,True,23.07.2024,2689487,1283297
102372610,10086490,191660273,Grubenstrasse,1.1,8200 Schaffhausen,2939,SH,real,True,19.11.2024,2690616,1284295
102372611,10086490,191660274,Grubenstrasse,1.4,8200 Schaffhausen,2939,SH,real,True,23.07.2024,2690585,1284202
102372613,10019283,191660276,Breitwiesenstrasse,26.1,8207 Schaffhausen,2939,SH,real,True,23.07.2024,2692441,1286269
102372614,10117546,191660277,Industriestrasse,30.2,8207 Schaffhausen,2939,SH,real,True,19.11.2024,2692449,1286801
102372615,10117546,191660278,Industriestrasse,30.4,8207 Schaffhausen,2939,SH,real,True,23.07.2024,2692451,1286801
102372617,10019576,191660291,Schlatterhof,,8231 Hemmental,2939,SH,real,True,23.07.2024,2685613,1287722
102372618,10046621,191660292,Karstgässchen,10.1,8200 Schaffhausen,2939,SH,real,True,23.07.2024,2689766,1283732
102372619,10108024,191660293,Kirchbergstrasse,7.1,8207 Schaffhausen,2939,SH,real,True,23.07.2024,2691381,1286271
102372620,10086766,191660294,Klausweg,26.2,8200 Schaffhausen,2939,SH,real,True,23.07.2024,2690458,1284516
102372621,10073051,191660295,Krummacker,,8207 Schaffhausen,2939,SH,real,True,23.07.2024,2691607,1286761
102372622,10018680,191660296,Lindenplatz,,8203 Schaffhausen,2939,SH,real,True,23.07.2024,2691325,1283647
102372623,10110815,191660297,Lägernstrasse,18.1,8200 Schaffhausen,2939,SH,real,True,23.07.2024,2688712,1284889
102372624,10019573,191660298,Mettlerhof,34.,8231 Hemmental,2939,SH,real,True,23.07.2024,2685589,1287905
102372626,10018644,191660299,Grenzstrasse,,8200 Schaffhausen,2939,SH,real,True,23.07.2024,2690753,1283754
102372647,10019277,191660329,Berghaldenweg,15b,8207 Schaffhausen,2939,SH,real,True,15.11.2024,2691999,1286745
102372648,10019277,191660329,Berghaldenweg,15,8207 Schaffhausen,2939,SH,real,True,15.11.2024,2691985,1286742
102372649,10019277,191660329,Berghaldenweg,15a,8207 Schaffhausen,2939,SH,real,True,15.11.2024,2691991,1286743
102372651,10019277,191660331,Berghaldenweg,17,8207 Schaffhausen,2939,SH,real,True,15.11.2024,2691985,1286732
102372652,10019277,191660331,Berghaldenweg,17a,8207 Schaffhausen,2939,SH,real,True,15.11.2024,2691993,1286737
102373077,10017875,191660791,Poststrasse,1,8212 Neuhausen am Rheinfall,2937,SH,real,True,15.11.2024,2688733,1282003
102373434,10018648,191661234,Hanfpünt,41.1,8207 Schaffhausen,2939,SH,real,True,23.07.2024,2691518,1286720
102373437,10091230,191661237,Hauptstrasse,54.1,8231 Hemmental,2939,SH,real,True,23.07.2024,2686229,1287550
102373439,10179716,191661239,Hermann Rorschach-Strasse,1.1,8200 Schaffhausen,2939,SH,real,True,23.07.2024,2688537,1283939
102373442,10179716,191661241,Hermann Rorschach-Strasse,2.1,8200 Schaffhausen,2939,SH,real,True,23.07.2024,2688414,1283936
102373443,10019781,191661242,Neherstieg,2.7,8200 Schaffhausen,2939,SH,real,True,23.07.2024,2688369,1283960
102373444,10019781,191661243,Neherstieg,2.6,8200 Schaffhausen,2939,SH,real,True,23.07.2024,2688410,1283968
102373445,10019781,191661244,Neherstieg,2.5,8200 Schaffhausen,2939,SH,real,True,23.07.2024,2688365,1283983
102373451,10019576,191661250,Schlatterhof,3.1,8231 Hemmental,2939,SH,real,True,23.07.2024,2685582,1287749
102373452,10074389,191661251,Hattenhof,6.,8231 Hemmental,2939,SH,real,True,23.07.2024,2685659,1287667
102373459,10019570,191661312,Hofwiesenstrasse,,8231 Hemmental,2939,SH,real,True,23.07.2024,2685879,1287577
102374789,10026390,191662972,Drachenbrunnenweg,8,8240 Thayngen,2920,SH,real,True,15.11.2024,2694030,1290031
102375011,10179715,191663473,Griesbacherhof,1.6,8200 Schaffhausen,2939,SH,real,True,06.12.2024,2687578,1285862
102375113,10073055,191663953,Mühlentalstrasse,,8200 Schaffhausen,2939,SH,real,True,23.07.2024,2689506,1284864
102375586,10071977,191664854,Schnydersäcker,644,8262 Ramsen,2963,SH,real,True,15.11.2024,2703813,1284932
102375598,10031508,191664892,Schmalzgasse,62,8215 Hallau,2971,SH,real,True,15.11.2024,2676030,1283085
102375716,10073035,191665191,Fulachstrasse,,8200 Schaffhausen,2939,SH,real,True,19.11.2024,2690307,1284900
102375956,10186930,191665669,Victor-von-Bruns-Strasse,28.3,8212 Neuhausen am Rheinfall,2937,SH,real,True,23.07.2024,2688958,1281383
102375979,10018166,191660791,Zentralstrasse,57,8212 Neuhausen am Rheinfall,2937,SH,real,True,15.11.2024,2688714,1281961
102376153,10018464,191666003,Oberstieg,37d,8222 Beringen,2932,SH,real,True,15.11.2024,2685982,1283809
102376154,10018464,191666003,Oberstieg,37c,8222 Beringen,2932,SH,real,True,15.11.2024,2685980,1283799
102376155,10018464,191666003,Oberstieg,37a,8222 Beringen,2932,SH,real,True,15.11.2024,2685979,1283793
102376156,10018464,191666003,Oberstieg,37b,8222 Beringen,2932,SH,real,True,15.11.2024,2685979,1283796
102376158,10018462,191666005,Oberberg,38,8222 Beringen,2932,SH,real,False,15.11.2024,2685983,1283824
102376161,10148187,191666031,Im Benze,20,8222 Beringen,2932,SH,real,True,15.11.2024,2686485,1283474
102376162,10148187,191666032,Im Benze,22,8222 Beringen,2932,SH,real,True,15.11.2024,2686524,1283468
102376206,10018469,191666213,Schönebueche,12,8222 Beringen,2932,SH,real,True,15.11.2024,2685563,1283948
102376208,10053250,191666215,Hölderlistiig,8,8226 Schleitheim,2952,SH,real,True,15.11.2024,2678033,1289162
102376210,10018469,191666217,Schönebueche,10,8222 Beringen,2932,SH,real,True,15.11.2024,2685567,1283931
102376213,10053250,191666220,Hölderlistiig,6,8226 Schleitheim,2952,SH,real,True,15.11.2024,2678012,1289157
102376246,10211132,191666247,Frohloostieg,6,8222 Beringen,2932,SH,real,True,15.11.2024,2686034,1283871
102376524,10210986,191441492,Burgackerweg,9,8260 Stein am Rhein,2964,SH,real,True,15.11.2024,2706706,1279051
102377542,10019569,191667132,Hochrahn,60,8231 Hemmental,2939,SH,real,True,15.11.2024,2686130,1287544
102377601,10026383,191667216,Bietingerstrasse,98,8240 Thayngen,2920,SH,real,True,15.11.2024,2695824,1288646
102377602,10026383,191667216,Bietingerstrasse,98a,8240 Thayngen,2920,SH,real,True,15.11.2024,2695813,1288647
102377603,10087060,191667217,Stockwiesenstrasse,38,8240 Thayngen,2920,SH,real,True,15.11.2024,2695773,1288694
102377706,10206796,191667331,Langärgete,4,8236 Büttenhardt,2914,SH,real,True,15.11.2024,2691003,1289902
102377707,10206796,191667332,Langärgete,2,8236 Büttenhardt,2914,SH,real,True,15.11.2024,2691019,1289927
102377857,10121180,191667539,Oberwiesenstrasse,13,8215 Hallau,2971,SH,real,True,15.11.2024,2676398,1283759
102377890,10026003,191667570,Beggingerstrasse,457,8226 Schleitheim,2952,SH,real,False,15.11.2024,2680026,1290941
102377894,10178604,191667574,Breitenaustrasse,110,8200 Schaffhausen,2939,SH,real,True,15.11.2024,2689010,1284378
102378092,10018140,191668074,Industriestrasse,15,8240 Thayngen,2920,SH,real,True,15.11.2024,2694730,1289000
102378486,10091390,191668897,Oberhallauerstrasse,26,8215 Hallau,2971,SH,real,True,15.11.2024,2677243,1283549
102378487,10091390,191668898,Oberhallauerstrasse,26a,8215 Hallau,2971,SH,real,True,15.11.2024,2677248,1283554
102378491,10091390,191668932,Oberhallauerstrasse,26b,8215 Hallau,2971,SH,real,True,15.11.2024,2677259,1283534
102378492,10091390,191668933,Oberhallauerstrasse,26c,8215 Hallau,2971,SH,real,True,15.11.2024,2677264,1283539
102379102,10091226,191669794,Zelgstrasse,29,8222 Beringen,2932,SH,real,True,15.11.2024,2685043,1283401
102379141,10073069,191669894,Steingutstrasse,69,8200 Schaffhausen,2939,SH,real,True,15.11.2024,2690659,1285833
102379536,10179734,191670306,Weinsteig,60a,8200 Schaffhausen,2939,SH,real,True,15.11.2024,2689694,1284419
102380312,10073050,191670976,Kreuzgutweg,,8207 Schaffhausen,2939,SH,real,True,23.07.2024,2691493,1286634
102381190,10168524,191672634,Friedauweg,9,8215 Hallau,2971,SH,real,True,15.11.2024,2676615,1282749
102381197,10046639,191672639,Trottenstrasse,1,8215 Hallau,2971,SH,real,True,15.11.2024,2676350,1283876
102381202,10111804,191672655,Hallauerstrasse,12,8213 Neunkirch,2904,SH,real,True,15.11.2024,2679313,1282767
102381373,10073030,1613567,Dreispitz,4,8207 Schaffhausen,2939,SH,real,True,15.11.2024,2691526,1286198
102381374,10073030,1613567,Dreispitz,6,8207 Schaffhausen,2939,SH,real,True,15.11.2024,2691535,1286186
102381376,10025687,190181232,Spitalstrasse,11,8200 Schaffhausen,2939,SH,real,True,15.11.2024,2689545,1283744
102381417,10118147,191672959,Windeggstrasse,15,8203 Schaffhausen,2939,SH,real,True,15.11.2024,2691462,1283447
102382488,10019804,191673831,Schildstrasse,4,8200 Schaffhausen,2939,SH,real,True,15.11.2024,2690607,1283743
102382569,10073634,191673991,Schulstrasse,3,8233 Bargen SH,2931,SH,real,True,15.11.2024,2687886,1294262
102382804,10190886,191674488,Langfeldweg,16,8213 Neunkirch,2904,SH,real,True,15.11.2024,2678987,1282679
102382837,10025692,9012812,Stettemerstrasse,68,8207 Schaffhausen,2939,SH,real,True,15.11.2024,2691582,1286846
102383840,10185484,191674954,Guggenbüelweg,16,8240 Thayngen,2920,SH,real,True,15.11.2024,2695606,1289153
102383856,10046603,191674977,Tonwerkstrasse,4,8240 Thayngen,2920,SH,real,True,15.11.2024,2695202,1288993
102383933,10179722,1610609,Munotstieg,9,8200 Schaffhausen,2939,SH,real,True,15.11.2024,2690097,1283534
102384566,10031928,1616207,Neugass,7,8260 Stein am Rhein,2964,SH,real,True,15.11.2024,2706724,1279760
102385486,10110810,191677414,Neuweg,48,8222 Beringen,2932,SH,real,True,15.11.2024,2685783,1283707
102385523,10024934,191677531,Sägistrasse,13,8242 Bibern SH,2920,SH,real,True,15.11.2024,2692607,1292182
102385535,10018453,191677541,Haargasse,3,8222 Beringen,2932,SH,real,True,15.11.2024,2685310,1283890
102385539,10018453,191677545,Haargasse,5,8222 Beringen,2932,SH,real,True,15.11.2024,2685316,1283891
102385540,10018453,191677546,Haargasse,7,8222 Beringen,2932,SH,real,True,15.11.2024,2685323,1283893
102385557,10155546,191677563,Winkelweg,648,8262 Ramsen,2963,SH,real,True,15.11.2024,2702658,1284650
102385558,10155546,191677564,Winkelweg,649,8262 Ramsen,2963,SH,real,True,15.11.2024,2702661,1284651
102385559,10087225,191677565,Steigblickstrasse,647,8262 Ramsen,2963,SH,real,True,15.11.2024,2702678,1284666
102385561,10087225,191677566,Steigblickstrasse,646,8262 Ramsen,2963,SH,real,True,15.11.2024,2702681,1284669
102385580,10091167,191677593,Hämingblickweg,10,8224 Löhningen,2903,SH,real,True,15.11.2024,2683412,1284215
102385613,10085737,191677631,Schlossstrasse,31,8207 Schaffhausen,2939,SH,real,True,15.11.2024,2691855,1286716
102385637,10136951,191677655,Industriestrasse,645,8262 Ramsen,2963,SH,real,True,15.11.2024,2703974,1285041
102385647,10031605,191677665,Roseneggstrasse,,8262 Ramsen,2963,SH,real,True,23.07.2024,2703634,1285232
102386211,10018463,191677933,Oberdorf,37,8222 Beringen,2932,SH,real,True,15.11.2024,2685210,1283926
102386985,10018163,191678461,Tödistrasse,1,8212 Neuhausen am Rheinfall,2937,SH,real,True,15.11.2024,2687792,1281822
102387107,10085753,191678739,Ulmenstrasse,10,8200 Schaffhausen,2939,SH,real,True,15.11.2024,2690386,1284553
102387236,10118147,191679132,Windeggstrasse,23a,8203 Schaffhausen,2939,SH,real,True,15.11.2024,2691433,1283341
102387565,10019291,191024935,Ebnatstrasse,161,8207 Schaffhausen,2939,SH,real,True,15.11.2024,2691335,1285686
102387686,10118352,191680391,Dorfstrasse,48,8239 Dörflingen,2915,SH,real,True,15.11.2024,2696440,1284674
102389533,10258970,191681068,Im RhyTech,4,8212 Neuhausen am Rheinfall,2937,SH,real,True,15.11.2024,2688223,1281991
102389535,10018159,191681070,Schöneggstrasse,4.1,8212 Neuhausen am Rheinfall,2937,SH,real,True,23.07.2024,2688284,1282318
102389541,10258970,191681076,Im RhyTech,,8212 Neuhausen am Rheinfall,2937,SH,real,True,19.11.2024,2688141,1282048
102389542,10258970,191681077,Im RhyTech,3,8212 Neuhausen am Rheinfall,2937,SH,real,True,15.11.2024,2688177,1281998
102389919,10206796,191681775,Langärgete,3,8236 Büttenhardt,2914,SH,real,True,15.11.2024,2691020,1289881
102390088,10178606,191682011,Etzelstrasse,,8200 Schaffhausen,2939,SH,real,True,23.07.2024,2688178,1284560
102390310,10091246,191682341,Bergstrasse,2,8212 Neuhausen am Rheinfall,2937,SH,real,True,15.11.2024,2688301,1282383
102390436,10206074,191682484,Bungertweg,4,8455 Rüdlingen,2938,SH,real,True,15.11.2024,2685256,1270661
102390437,10206074,191682485,Bungertweg,6,8455 Rüdlingen,2938,SH,real,True,15.11.2024,2685269,1270663
102390439,10206080,191682487,Vogelsandstrasse,5,8455 Rüdlingen,2938,SH,real,True,15.11.2024,2684852,1270610
102390478,10091251,191682593,Glärnischstrasse,9,8212 Neuhausen am Rheinfall,2937,SH,real,True,15.11.2024,2687749,1281975
102391443,10027516,191683476,Taufgarten,39,8213 Neunkirch,2904,SH,real,True,15.11.2024,2679949,1282145
102391445,10068437,191683478,Muzellstrasse,22,8213 Neunkirch,2904,SH,real,True,15.11.2024,2679917,1282291
102391446,10068437,191683479,Muzellstrasse,24,8213 Neunkirch,2904,SH,real,True,15.11.2024,2679921,1282271
102391447,10027516,191683480,Taufgarten,45,8213 Neunkirch,2904,SH,real,True,15.11.2024,2679984,1282098
102391448,10027516,191683481,Taufgarten,47,8213 Neunkirch,2904,SH,real,True,15.11.2024,2679994,1282082
102391449,10027516,191683482,Taufgarten,49,8213 Neunkirch,2904,SH,real,True,15.11.2024,2680004,1282068
102392968,10179750,191685211,Im Baumgarten,63a.1,8262 Ramsen,2963,SH,real,True,23.07.2024,2703639,1284935
102393425,10127705,191685934,Gewerbestrasse,19,8215 Hallau,2971,SH,real,True,15.11.2024,2676953,1282998
102393532,10031499,191686031,Hauptstrasse,38,8215 Hallau,2971,SH,real,True,15.11.2024,2676616,1283482
102393823,10111810,191686314,Buechackerstrasse,1,8234 Stetten SH,2919,SH,real,True,15.11.2024,2691800,1288124
102393825,10111810,191686316,Buechackerstrasse,3,8234 Stetten SH,2919,SH,real,True,15.11.2024,2691817,1288136
102393827,10087042,191686318,Schlossstrasse,1,8234 Stetten SH,2919,SH,real,True,15.11.2024,2691796,1288153
102393834,10111810,191686325,Buechackerstrasse,5,8234 Stetten SH,2919,SH,real,True,15.11.2024,2691834,1288151
102393942,10018450,191686496,Eggeweg,25,8222 Beringen,2932,SH,real,True,15.11.2024,2685465,1283979
102394080,10018668,191686823,Kasinogässchen,15,8200 Schaffhausen,2939,SH,real,True,15.11.2024,2689391,1283566
102394144,10085756,191686994,Webergasse,50,8200 Schaffhausen,2939,SH,real,True,15.11.2024,2689808,1283770
102394150,10019276,191686999,Beckenstube,5,8200 Schaffhausen,2939,SH,real,True,15.11.2024,2689785,1283391
102394151,10019276,191687000,Beckenstube,3,8200 Schaffhausen,2939,SH,real,True,15.11.2024,2689804,1283387
102394165,10019783,191687013,Nordstrasse,32,8200 Schaffhausen,2939,SH,real,True,15.11.2024,2689269,1284134
102394256,10206796,191687153,Langärgete,7,8236 Büttenhardt,2914,SH,real,True,15.11.2024,2691012,1289862
102394265,10073067,191687179,Sonnenburggutstrasse,51.2,8200 Schaffhausen,2939,SH,real,True,23.07.2024,2688637,1283860
102394267,10073067,191687181,Sonnenburggutstrasse,51.1,8200 Schaffhausen,2939,SH,real,True,23.07.2024,2688672,1283858
102394352,10071691,191687264,Hauptstrasse,543,8262 Ramsen,2963,SH,real,True,15.11.2024,2702990,1284976
102394422,10073067,191687426,Sonnenburggutstrasse,53a,8200 Schaffhausen,2939,SH,real,True,15.11.2024,2688620,1283912
102394425,10073067,191687429,Sonnenburggutstrasse,53b,8200 Schaffhausen,2939,SH,real,True,15.11.2024,2688622,1283924
102394426,10117545,191687430,Finsterwaldstrasse,131.4,8200 Schaffhausen,2939,SH,real,True,23.07.2024,2689999,1284833
102394427,10018654,191687431,Hochstrasse,131.1,8200 Schaffhausen,2939,SH,real,True,23.07.2024,2689928,1284793
102394537,10073055,191687656,Mühlentalstrasse,256.1,8200 Schaffhausen,2939,SH,real,True,23.07.2024,2689591,1285763
102394542,10073067,191687661,Sonnenburggutstrasse,9,8200 Schaffhausen,2939,SH,real,True,15.11.2024,2688620,1283659
102394547,10186931,191687666,Emmersbergstrasse,81.1,8200 Schaffhausen,2939,SH,real,True,23.07.2024,2690310,1283971
102394594,10179712,191687818,Fischergässchen,11,8200 Schaffhausen,2939,SH,real,True,15.11.2024,2690118,1283456
102394595,10025705,191687819,Unterstadt,25,8200 Schaffhausen,2939,SH,real,True,15.11.2024,2690104,1283489
102395058,10085756,191688180,Webergasse,28.1,8200 Schaffhausen,2939,SH,real,True,23.07.2024,2689865,1283785
102395059,10085748,191688181,Stokarbergstrasse,14.2,8200 Schaffhausen,2939,SH,real,True,23.07.2024,2689187,1283745
102395060,10085748,191688182,Stokarbergstrasse,14.1,8200 Schaffhausen,2939,SH,real,True,23.07.2024,2689142,1283722
102395209,10085748,191688431,Stokarbergstrasse,131.2,8200 Schaffhausen,2939,SH,real,True,23.07.2024,2688647,1283427
102395210,10086766,191688432,Klausweg,26.1,8200 Schaffhausen,2939,SH,real,True,23.07.2024,2690455,1284534
102395211,10018654,191688433,Hochstrasse,200.1,8200 Schaffhausen,2939,SH,real,True,23.07.2024,2690266,1285291
102395218,10073072,191688440,Tannenstrasse,11.1,8200 Schaffhausen,2939,SH,real,True,23.07.2024,2691013,1284421
102395219,10073072,191688441,Tannenstrasse,13.1,8200 Schaffhausen,2939,SH,real,True,23.07.2024,2691034,1284422
102395230,10025681,191688452,Sennereistrasse,105.1,8200 Schaffhausen,2939,SH,real,True,23.07.2024,2690878,1285657
102395231,10025681,191688453,Sennereistrasse,121.1,8200 Schaffhausen,2939,SH,real,True,23.07.2024,2690927,1285678
102395281,10086486,191688576,Geissbergstrasse,19.2,8200 Schaffhausen,2939,SH,real,True,23.07.2024,2689663,1284805
102395282,10086486,191688577,Geissbergstrasse,19.1,8200 Schaffhausen,2939,SH,real,True,23.07.2024,2689652,1284827
102395283,10019787,191688578,Pilgerweg,9.1,8200 Schaffhausen,2939,SH,real,True,23.07.2024,2689879,1284844
102395285,10017860,191688580,Engestrasse,12,8212 Neuhausen am Rheinfall,2937,SH,planned,False,23.07.2024,2688324,1282285
102395287,10018159,191688581,Schöneggstrasse,6,8212 Neuhausen am Rheinfall,2937,SH,planned,False,23.07.2024,2688332,1282330
102395289,10073065,191688583,Sennenwieshalde,16.1,8200 Schaffhausen,2939,SH,real,True,23.07.2024,2690912,1285724
102395295,10017860,191688595,Engestrasse,14,8212 Neuhausen am Rheinfall,2937,SH,planned,False,23.07.2024,2688347,1282292
102395298,10073055,191688598,Mühlentalstrasse,369.1,8200 Schaffhausen,2939,SH,real,True,23.07.2024,2688778,1287377
102395666,10086475,191688991,Buchthalerstrasse,,8203 Schaffhausen,2939,SH,real,True,23.07.2024,2690892,1283433
102395668,10086475,191689012,Buchthalerstrasse,,8203 Schaffhausen,2939,SH,real,True,23.07.2024,2691436,1283703
102395699,10025695,191689156,Stüdliackerstrasse,4.4,8207 Schaffhausen,2939,SH,real,True,26.10.2024,2691856,1286241
102395700,10025695,191689157,Stüdliackerstrasse,10.1,8207 Schaffhausen,2939,SH,real,True,26.10.2024,2692137,1286401
102395701,10025695,191689158,Stüdliackerstrasse,4.5,8207 Schaffhausen,2939,SH,real,True,26.10.2024,2692059,1286264
102395742,10085726,191689297,Neutalstrasse,60.2,8207 Schaffhausen,2939,SH,real,True,23.07.2024,2692411,1286458
102395743,10085726,191689298,Neutalstrasse,60.1,8207 Schaffhausen,2939,SH,real,True,23.07.2024,2692373,1286404
102395768,10073027,191689331,Brauereistrasse,3,8200 Schaffhausen,2939,SH,real,True,15.11.2024,2690614,1285214
102395776,10017863,191689338,Freyastrasse,12,8212 Neuhausen am Rheinfall,2937,SH,real,True,15.11.2024,2688951,1282093
102396032,10118351,191689618,Im Junkholz,6,8241 Barzheim,2920,SH,real,True,15.11.2024,2695944,1290343
102396067,10087225,191689676,Steigblickstrasse,653,8262 Ramsen,2963,SH,real,True,15.11.2024,2702709,1284771
102396071,10031603,191689680,Moskau,652,8262 Ramsen,2963,SH,real,True,15.11.2024,2703722,1285360
102396699,10031568,191690176,Winkel,13,8226 Schleitheim,2952,SH,real,True,15.11.2024,2678768,1289697
102396701,10031568,191690178,Winkel,547.1,8226 Schleitheim,2952,SH,real,True,23.07.2024,2678791,1289705
102396724,10031568,191690232,Winkel,22,8226 Schleitheim,2952,SH,real,True,15.11.2024,2678850,1289667
102396896,10031568,191690457,Winkel,20,8226 Schleitheim,2952,SH,real,True,19.11.2024,2678836,1289681
102396898,10031568,191690459,Winkel,18,8226 Schleitheim,2952,SH,real,True,19.11.2024,2678824,1289696
102396907,10018166,474596,Zentralstrasse,75,8212 Neuhausen am Rheinfall,2937,SH,real,True,15.11.2024,2688760,1282045
102396910,10258970,191690470,Im RhyTech,13,8212 Neuhausen am Rheinfall,2937,SH,real,False,15.11.2024,2688177,1282074
102396913,10017857,191690473,Chlaffentalstrasse,108.1,8212 Neuhausen am Rheinfall,2937,SH,real,True,23.07.2024,2686675,1280787
102396914,10017857,191690474,Chlaffentalstrasse,108.2,8212 Neuhausen am Rheinfall,2937,SH,real,True,23.07.2024,2686687,1280774
102396953,10091166,191690535,Fabrikstrasse,6,8224 Löhningen,2903,SH,real,True,15.11.2024,2683381,1283919
102396955,10091166,191690537,Fabrikstrasse,2,8224 Löhningen,2903,SH,real,True,15.11.2024,2683395,1283880
102396956,10091166,191690538,Fabrikstrasse,4,8224 Löhningen,2903,SH,real,True,15.11.2024,2683392,1283888
102396958,10174269,191690540,Rietstrasse,6,8224 Löhningen,2903,SH,real,True,15.11.2024,2683362,1283884
102396959,10174269,191690541,Rietstrasse,8,8224 Löhningen,2903,SH,real,True,15.11.2024,2683359,1283891
102397605,10085737,191691453,Schlossstrasse,22,8207 Schaffhausen,2939,SH,real,True,15.11.2024,2691902,1286658
102397610,10058934,191331732,Industrieplatz,2i,8212 Neuhausen am Rheinfall,2937,SH,real,True,15.11.2024,2688702,1281510
102397663,10019277,191691553,Berghaldenweg,8,8207 Schaffhausen,2939,SH,real,True,15.11.2024,2691961,1286815
102397664,10019277,191691554,Berghaldenweg,10,8207 Schaffhausen,2939,SH,real,True,15.11.2024,2691964,1286799
102398307,10026390,191692075,Drachenbrunnenweg,5,8240 Thayngen,2920,SH,real,True,15.11.2024,2694120,1289983
102398311,10026390,191692078,Drachenbrunnenweg,7,8240 Thayngen,2920,SH,real,True,15.11.2024,2694108,1289997
102398606,10178604,191692476,Breitenaustrasse,166b,8200 Schaffhausen,2939,SH,real,True,15.11.2024,2688926,1284968
102398607,10178604,191692476,Breitenaustrasse,166a,8200 Schaffhausen,2939,SH,real,True,15.11.2024,2688922,1284960
102398608,10178604,191692476,Breitenaustrasse,166c,8200 Schaffhausen,2939,SH,real,True,15.11.2024,2688931,1284976
102398609,10178604,191692476,Breitenaustrasse,166d,8200 Schaffhausen,2939,SH,real,True,15.11.2024,2688935,1284984
102398610,10178604,191692476,Breitenaustrasse,166,8200 Schaffhausen,2939,SH,real,True,15.11.2024,2688917,1284952
102398611,10178604,191692476,Breitenaustrasse,166e,8200 Schaffhausen,2939,SH,real,True,15.11.2024,2688940,1284992
102398646,10143056,191692831,Obere Burghalde,19,8225 Siblingen,2953,SH,real,True,15.11.2024,2681612,1285607
102398717,10086761,191693072,Im Brüel,6,8207 Schaffhausen,2939,SH,real,True,15.11.2024,2691872,1286373
102398719,10086761,191693074,Im Brüel,6a,8207 Schaffhausen,2939,SH,real,True,15.11.2024,2691864,1286368
102398722,10171868,191693077,Schmörletblick,10,8224 Löhningen,2903,SH,real,True,15.11.2024,2683381,1284053
102398771,10026335,191693254,Zelgliweg,3,8223 Guntmadingen,2932,SH,real,True,23.07.2024,2684023,1282329
102398779,10120412,191693311,Lieblosental,,8222 Beringen,2932,SH,real,True,23.07.2024,2685198,1284765
102399156,10153985,191694253,Rohrstrasse,14,8216 Oberhallau,2972,SH,real,True,15.11.2024,2677841,1284331
102399299,10121181,191694660,Gass,7,8219 Trasadingen,2973,SH,real,True,15.11.2024,2674355,1280290
102399849,10031936,191695366,Schiffländi,1081.1,8260 Stein am Rhein,2964,SH,real,True,23.07.2024,2706503,1279863
102399917,10073655,191695651,Gehrenhalde,63,8231 Hemmental,2939,SH,real,True,15.11.2024,2686213,1287849
102400112,10091410,191696033,Schelmengasse,3,8217 Wilchingen,2974,SH,real,True,15.11.2024,2676941,1280279
102400821,10185487,191698053,Am Stägli,10,8233 Bargen SH,2931,SH,real,True,15.11.2024,2687761,1294075
102400989,10031945,191698313,Fernsichtstrasse,15,8215 Hallau,2971,SH,real,True,15.11.2024,2676239,1283548
102401009,10128815,191698353,Neuwiesenstrasse,4,8215 Hallau,2971,SH,real,True,15.11.2024,2676110,1283136
102401071,10085764,191698576,Löbere,6,8228 Beggingen,2951,SH,real,True,15.11.2024,2682068,1291097
102401507,10127705,191699113,Gewerbestrasse,9,8215 Hallau,2971,SH,real,True,15.11.2024,2677042,1283030
102401509,10127705,191699115,Gewerbestrasse,19.1,8215 Hallau,2971,SH,real,True,23.07.2024,2676960,1283002
102401510,10127705,191699116,Gewerbestrasse,19.2,8215 Hallau,2971,SH,real,True,23.07.2024,2676997,1282976
102401552,10071694,191699235,Oberdorf,188d,8262 Ramsen,2963,SH,real,True,15.11.2024,2702761,1285225
102401553,10071694,191699236,Oberdorf,188a,8262 Ramsen,2963,SH,real,True,15.11.2024,2702773,1285208
102402171,10086749,191700472,Gruebstrasse,3,8239 Dörflingen,2915,SH,real,True,15.11.2024,2696272,1285225
102402173,10086749,191700474,Gruebstrasse,3a,8239 Dörflingen,2915,SH,real,True,15.11.2024,2696258,1285229
102403046,10145459,191701497,Anker-Wisli,650,8262 Ramsen,2963,SH,real,True,15.11.2024,2703132,1285084
102403048,10087225,191701499,Steigblickstrasse,654,8262 Ramsen,2963,SH,real,True,15.11.2024,2702693,1284640
102404191,10086476,191702995,Büsingerstrasse,,8203 Schaffhausen,2939,SH,real,True,23.07.2024,2692509,1283858
102404232,10087226,191703096,Wiesholz,30a,8262 Ramsen,2963,SH,real,True,15.11.2024,2704878,1285136
102405884,10031612,191703319,Wisliweg,651,8262 Ramsen,2963,SH,real,True,15.11.2024,2703205,1285150
102405966,10032568,191703448,Hölderlistrasse,23,8226 Schleitheim,2952,SH,real,True,15.11.2024,2677685,1289097
102405972,10187869,191703451,Küferstrasse,12,8215 Hallau,2971,SH,real,True,15.11.2024,2676107,1283298
102406549,10107218,191704331,Hofwisenstrasse,20,8260 Stein am Rhein,2964,SH,real,True,15.11.2024,2706390,1278833
102406583,10018654,191704362,Hochstrasse,201.004,8200 Schaffhausen,2939,SH,real,True,15.11.2024,2690192,1285390
102406584,10018654,191704363,Hochstrasse,201.005,8200 Schaffhausen,2939,SH,real,True,15.11.2024,2690168,1285339
102407478,10026388,191336296,Chlenglerweg,85,8240 Thayngen,2920,SH,real,True,15.11.2024,2696545,1289334
102407479,10026388,191336296,Chlenglerweg,87,8240 Thayngen,2920,SH,real,True,15.11.2024,2696546,1289341
102407786,10104511,191705224,Nägeliseehof,1.1,8215 Hallau,2971,SH,real,True,23.07.2024,2675440,1286082
102408117,10091162,191705379,Liiberackerweg,2,8223 Guntmadingen,2932,SH,real,True,15.11.2024,2684062,1282052
102408124,10185463,191705393,Talstrasse,3,8223 Guntmadingen,2932,SH,real,True,15.11.2024,2684046,1282068
102408234,10087215,191705481,Oberdorfstrasse,11,8261 Hemishofen,2962,SH,real,True,15.11.2024,2704793,1281562
102408253,10133015,191705513,Dickistrasse,8.1,8215 Hallau,2971,SH,planned,True,23.07.2024,2677223,1282904
102408302,10073042,191705614,Herrenacker,10.1,8200 Schaffhausen,2939,SH,real,True,23.07.2024,2689656,1283378
102408794,10073033,191706012,Frauengasse,17,8200 Schaffhausen,2939,SH,real,True,15.11.2024,2689694,1283383
102408796,10073057,191706014,Oberstadt,18.1,8200 Schaffhausen,2939,SH,real,True,23.07.2024,2689610,1283602
102408797,10025705,191706015,Unterstadt,24.1,8200 Schaffhausen,2939,SH,real,True,23.07.2024,2690137,1283513
102408801,10073070,191706019,Stuckengässchen,,8203 Schaffhausen,2939,SH,real,True,23.07.2024,2691593,1283172
102408835,10178604,191706153,Breitenaustrasse,168,8200 Schaffhausen,2939,SH,real,True,15.11.2024,2688899,1284969
102408836,10178604,191706153,Breitenaustrasse,168c,8200 Schaffhausen,2939,SH,real,True,15.11.2024,2688908,1284998
102408837,10178604,191706153,Breitenaustrasse,168a,8200 Schaffhausen,2939,SH,real,True,15.11.2024,2688902,1284978
102408838,10178604,191706153,Breitenaustrasse,168d,8200 Schaffhausen,2939,SH,real,True,15.11.2024,2688910,1285006
102408839,10178604,191706153,Breitenaustrasse,168e,8200 Schaffhausen,2939,SH,real,True,15.11.2024,2688913,1285015
102408840,10178604,191706153,Breitenaustrasse,168b,8200 Schaffhausen,2939,SH,real,True,15.11.2024,2688905,1284988
102408851,10179758,1616162,Undergass,9,8260 Stein am Rhein,2964,SH,real,True,15.11.2024,2706606,1279750
102409732,10192483,190828111,Bleicheplatz,5,8200 Schaffhausen,2939,SH,real,True,15.11.2024,2689522,1283824
102410251,10154375,191710111,Gemeindewiesenstrasse,15,8212 Neuhausen am Rheinfall,2937,SH,real,True,15.11.2024,2687413,1281621
102410532,10205628,191710889,Dorfstrasse,33,8455 Rüdlingen,2938,SH,real,True,15.11.2024,2685409,1270488
102410667,10206080,191711159,Vogelsandstrasse,8,8455 Rüdlingen,2938,SH,real,True,15.11.2024,2684797,1270598
102410695,10146641,191711373,Anthoptstrasse,11,8222 Beringen,2932,SH,real,True,15.11.2024,2686403,1283300
102411385,10237816,1609632,Im Kloster,2,8240 Thayngen,2920,SH,real,True,15.11.2024,2695049,1289384
102412277,10169249,191713183,Oberbreitenstrasse,7,8454 Buchberg,2933,SH,real,True,15.11.2024,2684624,1269853
102412278,10073064,191713184,Schönbühlstrasse,5,8200 Schaffhausen,2939,SH,real,True,15.11.2024,2690128,1284431
102412279,10073064,191713185,Schönbühlstrasse,7,8200 Schaffhausen,2939,SH,real,True,15.11.2024,2690128,1284467
102412285,10073064,191713191,Schönbühlstrasse,3,8200 Schaffhausen,2939,SH,real,True,15.11.2024,2690107,1284452
102412655,10179726,191713760,Rietstrasse,109,8200 Schaffhausen,2939,SH,real,True,15.11.2024,2688584,1284132
102413534,10073042,191714694,Herrenacker,5,8200 Schaffhausen,2939,SH,real,True,15.11.2024,2689704,1283421
102413592,10091227,191714832,Kindergartenstrasse,15,8454 Buchberg,2933,SH,real,True,15.11.2024,2684586,1269954
102414047,10085726,191715340,Neutalstrasse,75,8207 Schaffhausen,2939,SH,real,True,15.11.2024,2692577,1286705
102415659,10138975,191717999,Aagewis,24,8228 Beggingen,2951,SH,real,True,15.11.2024,2682895,1290846
102415818,10017879,191718176,Rundbuckstrasse,18,8212 Neuhausen am Rheinfall,2937,SH,real,True,15.11.2024,2687333,1281052
102416162,10179764,191718672,Ifang,9,8219 Trasadingen,2973,SH,real,True,15.11.2024,2674226,1280178
102416185,10087229,1616419,Blaurockstrasse,36a,8260 Stein am Rhein,2964,SH,real,True,15.11.2024,2706481,1280272
102416200,10019291,191718713,Ebnatstrasse,145,8200 Schaffhausen,2939,SH,real,True,15.11.2024,2691287,1285380
102416323,10199000,191718776,Wiesenweg,2,8216 Oberhallau,2972,SH,real,True,15.11.2024,2677981,1284089
102416430,10087048,191719011,Buchhaldenweg,8,8240 Thayngen,2920,SH,real,True,15.11.2024,2694998,1290120
102417212,10113206,191720115,Vorstadt,36,8200 Schaffhausen,2939,SH,real,True,15.11.2024,2689777,1283791
102417981,10018447,191720956,Benzeweg,83,8222 Beringen,2932,SH,real,True,15.11.2024,2686877,1283541
102418269,10091237,191721441,Hohlgasse,7,8232 Merishausen,2936,SH,real,True,15.11.2024,2687639,1290754
102418372,10046623,191721543,Kirchgasse,15a,8203 Schaffhausen,2939,SH,real,True,15.11.2024,2691455,1283619
102418710,10168524,191722112,Friedauweg,11,8215 Hallau,2971,SH,real,True,15.11.2024,2676593,1282740
102419130,10073042,191722679,Herrenacker,18,8200 Schaffhausen,2939,SH,real,True,15.11.2024,2689631,1283467
102419142,10019291,1614511,Ebnatstrasse,72,8200 Schaffhausen,2939,SH,real,True,15.11.2024,2690527,1284786
102419329,10019291,191018870,Ebnatstrasse,103,8200 Schaffhausen,2939,SH,real,False,15.11.2024,2690720,1285021
102419494,10117545,191723129,Finsterwaldstrasse,41,8200 Schaffhausen,2939,SH,real,True,15.11.2024,2689818,1284779
102419496,10117545,191723131,Finsterwaldstrasse,43,8200 Schaffhausen,2939,SH,real,True,15.11.2024,2689839,1284814
102419508,10086486,1613107,Geissbergstrasse,89,8208 Schaffhausen,2939,SH,real,True,15.11.2024,2689997,1285287
102419929,10019291,2028924,Ebnatstrasse,77,8200 Schaffhausen,2939,SH,real,True,15.11.2024,2690531,1284841
102419933,10165605,190056021,Ebnatfeld,10,8200 Schaffhausen,2939,SH,real,True,15.11.2024,2691233,1285478
102419934,10019291,9080874,Ebnatstrasse,149,8207 Schaffhausen,2939,SH,real,True,15.11.2024,2691393,1285493
102419935,10019291,9080874,Ebnatstrasse,147,8207 Schaffhausen,2939,SH,real,True,15.11.2024,2691386,1285521
102419948,10108024,1613332,Kirchbergstrasse,14,8207 Schaffhausen,2939,SH,real,True,15.11.2024,2691470,1286310
102419954,10073026,191723272,Blumenweg,2a,8207 Schaffhausen,2939,SH,real,True,15.11.2024,2691784,1286527
102419962,10178604,191723294,Breitenaustrasse,170,8200 Schaffhausen,2939,SH,real,True,15.11.2024,2688891,1285005
102419963,10178604,191723294,Breitenaustrasse,170a,8200 Schaffhausen,2939,SH,real,True,15.11.2024,2688892,1285021
102420137,10019291,2027684,Ebnatstrasse,165,8207 Schaffhausen,2939,SH,real,True,15.11.2024,2691284,1285717
102420139,10019291,2027873,Ebnatstrasse,162,8207 Schaffhausen,2939,SH,real,True,15.11.2024,2691425,1285845
102420143,10019807,190754889,Schweizersbildstrasse,27,8207 Schaffhausen,2939,SH,real,True,15.11.2024,2690562,1286224
102420146,10019291,2027786,Ebnatstrasse,171,8207 Schaffhausen,2939,SH,real,False,15.11.2024,2691379,1285766
102420605,10025707,3122149,Vorderenge,1,8200 Schaffhausen,2939,SH,real,True,15.11.2024,2688598,1283511
102421035,10072984,191724514,Bützistrasse,3,8236 Opfertshofen SH,2920,SH,real,True,15.11.2024,2691515,1292503
102421040,10114704,191724519,Chuttlerweg,7,8240 Thayngen,2920,SH,real,True,15.11.2024,2694834,1290158
102421676,10136950,191724782,Hageläckerstrasse,718,8262 Ramsen,2963,SH,real,True,15.11.2024,2703476,1285226
102421677,10136950,191724783,Hageläckerstrasse,717,8262 Ramsen,2963,SH,real,True,15.11.2024,2703476,1285224
102421678,10136950,191724784,Hageläckerstrasse,722,8262 Ramsen,2963,SH,real,True,15.11.2024,2703479,1285199
102421679,10136950,191724785,Hageläckerstrasse,721,8262 Ramsen,2963,SH,real,True,15.11.2024,2703479,1285198
102421680,10136950,191724786,Hageläckerstrasse,718.1,8262 Ramsen,2963,SH,real,False,23.07.2024,2703462,1285229
102421681,10136950,191724787,Hageläckerstrasse,717.1,8262 Ramsen,2963,SH,real,False,23.07.2024,2703464,1285217
102421682,10136950,191724788,Hageläckerstrasse,722.1,8262 Ramsen,2963,SH,real,False,23.07.2024,2703465,1285202
102421685,10136950,191724791,Hageläckerstrasse,721.1,8262 Ramsen,2963,SH,real,False,23.07.2024,2703465,1285190
102421981,10046632,2029505,Ebnatring,20,8200 Schaffhausen,2939,SH,real,False,15.11.2024,2690994,1285203
102421987,10018654,191725093,Hochstrasse,,8200 Schaffhausen,2939,SH,real,True,23.07.2024,2690029,1284849
102421988,10046634,191725094,Weiherweg,10.1,8200 Schaffhausen,2939,SH,real,True,23.07.2024,2687814,1284218
102421989,10018632,191725095,Freier Platz,,8200 Schaffhausen,2939,SH,real,True,23.07.2024,2690234,1283444
102421990,10113207,191725096,Oerlifall,,8200 Schaffhausen,2939,SH,real,True,23.07.2024,2688538,1283986
102421992,10018632,191725098,Freier Platz,,8200 Schaffhausen,2939,SH,real,True,23.07.2024,2690212,1283423
102421993,10018657,191725099,Hohlenbaumstrasse,,8200 Schaffhausen,2939,SH,real,True,23.07.2024,2688585,1284628
102421994,10018632,191725100,Freier Platz,,8200 Schaffhausen,2939,SH,real,True,23.07.2024,2690219,1283462
102422313,10107218,191726547,Hofwisenstrasse,23,8260 Stein am Rhein,2964,SH,real,True,15.11.2024,2706335,1278764
102422339,10053250,191726570,Hölderlistiig,10,8226 Schleitheim,2952,SH,real,True,15.11.2024,2678052,1289164
102422676,10113196,191727255,Grubenstieg,14,8200 Schaffhausen,2939,SH,real,True,15.11.2024,2690336,1284343
102424617,10090057,191728535,Kaltenbacherstrasse,20c,8260 Stein am Rhein,2964,SH,real,True,15.11.2024,2706348,1279253
102424623,10090057,191728541,Kaltenbacherstrasse,20b,8260 Stein am Rhein,2964,SH,real,True,15.11.2024,2706374,1279244
102424646,10026336,191728611,Bachtelstrasse,8,8224 Löhningen,2903,SH,real,True,15.11.2024,2683270,1284056
102424647,10026336,191728612,Bachtelstrasse,10,8224 Löhningen,2903,SH,real,True,15.11.2024,2683301,1284050
102424649,10026336,191728632,Bachtelstrasse,12,8224 Löhningen,2903,SH,real,True,15.11.2024,2683330,1284041
102426071,10024945,191731319,Hinterdorf,32b,8239 Dörflingen,2915,SH,real,True,15.11.2024,2696591,1284382
102426073,10024945,191731321,Hinterdorf,32a,8239 Dörflingen,2915,SH,real,True,15.11.2024,2696581,1284396
102426236,10206796,191731552,Langärgete,1,8236 Büttenhardt,2914,SH,real,True,15.11.2024,2691038,1289899
102427091,10123288,191733072,Büsingerstrasse,3,8239 Dörflingen,2915,SH,real,True,15.11.2024,2696099,1284775
102427465,10085751,191733851,Thayngerstrasse,82,8207 Schaffhausen,2939,SH,real,True,15.11.2024,2691971,1287201
102427466,10085751,191733852,Thayngerstrasse,80,8207 Schaffhausen,2939,SH,real,True,15.11.2024,2691951,1287207
102427467,10085751,191733853,Thayngerstrasse,76,8207 Schaffhausen,2939,SH,real,True,15.11.2024,2691943,1287190
102427468,10018665,191733854,Im Trenschen,29,8207 Schaffhausen,2939,SH,real,True,15.11.2024,2691974,1287177
102427469,10085751,191733855,Thayngerstrasse,78,8207 Schaffhausen,2939,SH,real,True,15.11.2024,2691955,1287187
102427470,10018665,191733856,Im Trenschen,31,8207 Schaffhausen,2939,SH,real,True,15.11.2024,2691993,1287192
102427578,10149559,191733973,Müliwis,5,8261 Hemishofen,2962,SH,real,True,15.11.2024,2704423,1281772
102427913,10018654,191734874,Hochstrasse,194.1,8200 Schaffhausen,2939,SH,real,True,23.07.2024,2690264,1285288
102427999,10134598,191735397,Grünau,1a,8233 Bargen SH,2931,SH,real,True,15.11.2024,2687660,1294282
102428000,10134598,191735398,Grünau,1b,8233 Bargen SH,2931,SH,real,True,15.11.2024,2687648,1294286
102428064,10180885,191735656,Spiegelguthalde,2.1,8200 Schaffhausen,2939,SH,real,True,23.07.2024,2690775,1285935
102428110,10073022,191735757,Alpenstrasse,143a,8203 Schaffhausen,2939,SH,real,True,23.07.2024,2691321,1283889
102428129,10210280,191735873,Nörstenweg,7,8214 Gächlingen,2901,SH,real,True,15.11.2024,2679805,1284514
102428142,10090057,191735898,Kaltenbacherstrasse,20a,8260 Stein am Rhein,2964,SH,real,True,15.11.2024,2706429,1279194
102428268,10073021,191736094,Ahornstrasse,36.1,8200 Schaffhausen,2939,SH,real,True,23.07.2024,2690521,1284689
102428269,10073021,191736095,Ahornstrasse,36.2,8200 Schaffhausen,2939,SH,real,True,23.07.2024,2690543,1284689
102428270,10019266,191736096,Abendstrasse,4.1,8200 Schaffhausen,2939,SH,real,True,23.07.2024,2688583,1284208
102428271,10019266,191736097,Abendstrasse,4.2,8200 Schaffhausen,2939,SH,real,True,23.07.2024,2688579,1284185
102428272,10019268,191736098,Ackerstrasse,,8200 Schaffhausen,2939,SH,real,True,23.07.2024,2690919,1283704
102428273,10019268,191736099,Ackerstrasse,,8200 Schaffhausen,2939,SH,real,True,23.07.2024,2690924,1283677
102428274,10073021,191736100,Ahornstrasse,,8200 Schaffhausen,2939,SH,real,True,23.07.2024,2690366,1284643
102428277,10073021,191736131,Ahornstrasse,32.1,8200 Schaffhausen,2939,SH,real,True,23.07.2024,2690491,1284662
102428279,10073021,191736152,Ahornstrasse,34.1,8200 Schaffhausen,2939,SH,real,True,23.07.2024,2690519,1284688
102428281,10073021,191736154,Ahornstrasse,4.1,8200 Schaffhausen,2939,SH,real,True,23.07.2024,2690366,1284566
102428282,10073021,191736155,Ahornstrasse,40.1,8200 Schaffhausen,2939,SH,real,True,23.07.2024,2690562,1284724
102428284,10019269,191736157,Akazienstrasse,9.1,8200 Schaffhausen,2939,SH,real,True,23.07.2024,2690878,1284552
102428286,10086467,191736171,Albisstrasse,9.1,8200 Schaffhausen,2939,SH,real,True,23.07.2024,2688770,1284761
102428287,10086467,191736172,Albisstrasse,22.1,8200 Schaffhausen,2939,SH,real,True,23.07.2024,2688671,1284763
102428288,10086467,191736173,Albisstrasse,26.1,8200 Schaffhausen,2939,SH,real,True,23.07.2024,2688634,1284751
102428289,10086467,191736174,Albisstrasse,12.1,8200 Schaffhausen,2939,SH,real,True,23.07.2024,2688772,1284801
102428290,10086467,191736175,Albisstrasse,24.1,8200 Schaffhausen,2939,SH,real,True,23.07.2024,2688656,1284756
102428295,10091231,191736194,Im Herbstel,51,8231 Hemmental,2939,SH,real,True,23.07.2024,2685771,1288133
102428297,10091231,191736196,Im Herbstel,46,8231 Hemmental,2939,SH,real,True,15.11.2024,2685661,1287876
102428531,10019573,191736671,Mettlerhof,28.,8231 Hemmental,2939,SH,real,True,23.07.2024,2685634,1287841
102428532,10019573,191736672,Mettlerhof,22.,8231 Hemmental,2939,SH,real,True,23.07.2024,2685627,1287815
102428533,10019573,191736673,Mettlerhof,,8231 Hemmental,2939,SH,real,True,23.07.2024,2685642,1287813
102428534,10019573,191736674,Mettlerhof,18.,8231 Hemmental,2939,SH,real,True,23.07.2024,2685646,1287799
102428535,10091231,191736675,Im Herbstel,40.,8231 Hemmental,2939,SH,real,True,23.07.2024,2685645,1287847
102428536,10019567,191736676,Dorfplatz,8.,8231 Hemmental,2939,SH,real,True,23.07.2024,2685670,1287726
102428537,10091230,191736677,Hauptstrasse,19.,8231 Hemmental,2939,SH,real,True,23.07.2024,2685836,1287673
102428539,10019570,191736679,Hofwiesenstrasse,13.,8231 Hemmental,2939,SH,real,True,23.07.2024,2685753,1287641
102428540,10019570,191736680,Hofwiesenstrasse,13.,8231 Hemmental,2939,SH,real,True,23.07.2024,2685730,1287647
102428541,10091230,191736681,Hauptstrasse,10.2,8231 Hemmental,2939,SH,real,True,23.07.2024,2685727,1287648
102428542,10091230,191736682,Hauptstrasse,10.1,8231 Hemmental,2939,SH,real,True,23.07.2024,2685717,1287651
102428707,10074389,191737012,Hattenhof,1.,8231 Hemmental,2939,SH,real,True,19.11.2024,2685669,1287690
102428711,10019576,191737016,Schlatterhof,4.2,8231 Hemmental,2939,SH,real,True,23.07.2024,2685610,1287778
102428712,10019576,191737017,Schlatterhof,4.1,8231 Hemmental,2939,SH,real,True,23.07.2024,2685608,1287785
102428714,10019575,191737019,Schlattergarten,8,8231 Hemmental,2939,SH,real,True,15.11.2024,2685534,1287805
102428715,10019575,191737020,Schlattergarten,8.1,8231 Hemmental,2939,SH,real,True,23.07.2024,2685524,1287820
102428717,10019576,191737022,Schlatterhof,9.1,8231 Hemmental,2939,SH,real,True,23.07.2024,2685581,1287759
102428944,10237825,191737472,Randenstrasse,42.,8231 Hemmental,2939,SH,real,True,23.07.2024,2685461,1287694
102428945,10237825,191737473,Randenstrasse,47.1,8231 Hemmental,2939,SH,real,True,23.07.2024,2685464,1287662
102428946,10237825,191737474,Randenstrasse,47.2,8231 Hemmental,2939,SH,real,True,23.07.2024,2685444,1287624
102428949,10237825,191737477,Randenstrasse,39.2,8231 Hemmental,2939,SH,real,True,23.07.2024,2685499,1287640
102428950,10237825,191737478,Randenstrasse,39.1,8231 Hemmental,2939,SH,real,True,23.07.2024,2685513,1287650
102428951,10237825,191737479,Randenstrasse,35,8231 Hemmental,2939,SH,real,True,15.11.2024,2685532,1287674
102428953,10237825,191737481,Randenstrasse,33.1,8231 Hemmental,2939,SH,real,True,23.07.2024,2685561,1287645
102428956,10237825,191737492,Randenstrasse,29.2,8231 Hemmental,2939,SH,real,True,23.07.2024,2685564,1287662
102428957,10237825,191737493,Randenstrasse,29.1,8231 Hemmental,2939,SH,real,True,23.07.2024,2685576,1287669
102428960,10019572,191737513,Leuenhof,4.,8231 Hemmental,2939,SH,real,True,23.07.2024,2685609,1287642
102428962,10019572,191737515,Leuenhof,8,8231 Hemmental,2939,SH,real,True,15.11.2024,2685635,1287658
102428964,10091230,191737517,Hauptstrasse,37.,8231 Hemmental,2939,SH,real,True,23.07.2024,2686041,1287640
102428967,10019572,191737520,Leuenhof,14.,8231 Hemmental,2939,SH,real,True,23.07.2024,2685658,1287632
102428968,10019572,191737521,Leuenhof,3.,8231 Hemmental,2939,SH,real,True,23.07.2024,2685656,1287659
102429055,10237825,191738051,Randenstrasse,30.,8231 Hemmental,2939,SH,real,True,23.07.2024,2685552,1287684
102429059,10054986,191738092,Langacker,1.1,8231 Hemmental,2939,SH,real,True,23.07.2024,2685149,1288532
102429062,10091233,191738095,Langwiesen,25,8231 Hemmental,2939,SH,real,True,23.07.2024,2686250,1287256
102429063,10091229,191738096,Eichhalde,,8231 Hemmental,2939,SH,real,True,23.07.2024,2685420,1288220
102429069,10091230,191738113,Hauptstrasse,11.1,8231 Hemmental,2939,SH,real,True,23.07.2024,2685758,1287701
102429070,10091230,191738114,Hauptstrasse,11.2,8231 Hemmental,2939,SH,real,True,23.07.2024,2685758,1287727
102429071,10019573,191738115,Mettlerhof,27.1,8231 Hemmental,2939,SH,real,True,23.07.2024,2685582,1287821
102429072,10091231,191738116,Im Herbstel,51.1,8231 Hemmental,2939,SH,real,True,23.07.2024,2685673,1287924
102429073,10019575,191738117,Schlattergarten,10.,8231 Hemmental,2939,SH,real,True,23.07.2024,2685520,1287773
102429074,10108013,191738118,Im Gehren,1.1,8231 Hemmental,2939,SH,real,True,23.07.2024,2686163,1287665
102429159,10091230,191738416,Hauptstrasse,,8231 Hemmental,2939,SH,real,True,23.07.2024,2686316,1287429
102429163,10091230,191738420,Hauptstrasse,,8231 Hemmental,2939,SH,real,True,23.07.2024,2685706,1287679
102429164,10091230,191738421,Hauptstrasse,,8231 Hemmental,2939,SH,real,True,23.07.2024,2685701,1287680
102429167,10108013,191738422,Im Gehren,1.2,8231 Hemmental,2939,SH,real,True,23.07.2024,2686196,1287652
102429172,10091231,191738427,Im Herbstel,,8231 Hemmental,2939,SH,real,True,23.07.2024,2685788,1287994
102429402,10179736,481548,Bohlgass,8a,8228 Beggingen,2951,SH,real,True,15.11.2024,2682169,1291327
102430174,10091231,191739047,Im Herbstel,,8231 Hemmental,2939,SH,real,True,23.07.2024,2685766,1287970
102430183,10091230,191739056,Hauptstrasse,20.,8231 Hemmental,2939,SH,real,True,23.07.2024,2685842,1287624
102430184,10237825,191739057,Randenstrasse,61.2,8231 Hemmental,2939,SH,real,True,23.07.2024,2685275,1287651
102430185,10237825,191739058,Randenstrasse,61.1,8231 Hemmental,2939,SH,real,True,23.07.2024,2685292,1287671
102430186,10019573,191739059,Mettlerhof,25,8231 Hemmental,2939,SH,real,True,15.11.2024,2685603,1287813
102430187,10019577,191739060,Zelgli,127.,8231 Hemmental,2939,SH,real,True,23.07.2024,2683211,1288892
102430188,10178318,191739061,Gutbuck,,8231 Hemmental,2939,SH,real,True,23.07.2024,2684402,1289040
102430189,10019574,191739071,Oberberg,132.1,8231 Hemmental,2939,SH,real,True,23.07.2024,2686092,1288099
102430190,10178319,191739072,Kirchhalde,,8231 Hemmental,2939,SH,real,True,23.07.2024,2685197,1287726
102430191,10178319,191739073,Kirchhalde,,8231 Hemmental,2939,SH,real,True,23.07.2024,2685210,1287722
102430192,10019574,191739074,Oberberg,137.,8231 Hemmental,2939,SH,real,True,23.07.2024,2685902,1287883
102430197,10019570,191739094,Hofwiesenstrasse,18.2,8231 Hemmental,2939,SH,real,True,23.07.2024,2685793,1287610
102430202,10019570,191739112,Hofwiesenstrasse,22.2,8231 Hemmental,2939,SH,real,True,23.07.2024,2685799,1287593
102430203,10019570,191739113,Hofwiesenstrasse,22.1,8231 Hemmental,2939,SH,real,True,23.07.2024,2685800,1287609
102430204,10019570,191739114,Hofwiesenstrasse,18.1,8231 Hemmental,2939,SH,real,True,23.07.2024,2685774,1287613
102430205,10108013,191739115,Im Gehren,20.1,8231 Hemmental,2939,SH,real,True,23.07.2024,2686308,1287746
102430207,10108013,191739117,Im Gehren,21.1,8231 Hemmental,2939,SH,real,True,23.07.2024,2686295,1287771
102430208,10108013,191739118,Im Gehren,21.2,8231 Hemmental,2939,SH,real,True,23.07.2024,2686288,1287768
102430210,10073655,191739120,Gehrenhalde,,8231 Hemmental,2939,SH,real,True,23.07.2024,2686242,1287930
102430257,10074389,191739274,Hattenhof,,8231 Hemmental,2939,SH,real,True,23.07.2024,2685760,1287622
102430259,10108013,191739276,Im Gehren,17.1,8231 Hemmental,2939,SH,real,True,23.07.2024,2686244,1287769
102430260,10108013,191739277,Im Gehren,26.2,8231 Hemmental,2939,SH,real,True,23.07.2024,2686241,1287652
102430261,10108013,191739278,Im Gehren,26.1,8231 Hemmental,2939,SH,real,True,23.07.2024,2686230,1287654
102430262,10054984,191739279,Eisenräderhalde,165.1,8231 Hemmental,2939,SH,real,True,23.07.2024,2686345,1287621
102430263,10091231,191739280,Im Herbstel,41.1,8231 Hemmental,2939,SH,real,True,23.07.2024,2685627,1287896
102430264,10019565,191739281,Altacker,182.1,8231 Hemmental,2939,SH,real,True,23.07.2024,2686514,1287494
102430265,10091230,191739282,Hauptstrasse,64.1,8231 Hemmental,2939,SH,real,True,23.07.2024,2686289,1287494
102430272,10108021,191739313,Hauentalstrasse,,8200 Schaffhausen,2939,SH,real,True,23.07.2024,2688647,1286277
102430274,10086488,191739315,Gennersbrunnerstrasse,,8207 Schaffhausen,2939,SH,real,True,23.07.2024,2692227,1286224
102430275,10019278,191739316,Birchweg,,8200 Schaffhausen,2939,SH,real,True,23.07.2024,2689452,1285777
102430276,10019274,191739317,Bahnhofstrasse,,8200 Schaffhausen,2939,SH,real,True,23.07.2024,2689626,1283772
102430277,10046613,191739318,Bürgerstrasse,,8200 Schaffhausen,2939,SH,real,True,23.07.2024,2690292,1283942
102430278,10086475,191739319,Buchthalerstrasse,,8203 Schaffhausen,2939,SH,real,True,19.11.2024,2691262,1283680
102430329,10019274,191739592,Bahnhofstrasse,,8200 Schaffhausen,2939,SH,real,True,23.07.2024,2689572,1283642
102430330,10019274,191739593,Bahnhofstrasse,,8200 Schaffhausen,2939,SH,real,True,23.07.2024,2689606,1283769
102430331,10019274,191739594,Bahnhofstrasse,,8200 Schaffhausen,2939,SH,real,True,23.07.2024,2689676,1283806
102430332,10019274,191739595,Bahnhofstrasse,,8200 Schaffhausen,2939,SH,real,True,23.07.2024,2689602,1283762
102430333,10019274,191739596,Bahnhofstrasse,,8200 Schaffhausen,2939,SH,real,True,23.07.2024,2689612,1283750
102430334,10019274,191739597,Bahnhofstrasse,,8200 Schaffhausen,2939,SH,real,True,19.11.2024,2689655,1283818
102430335,10019288,191739598,Chileweg,,8207 Schaffhausen,2939,SH,real,True,23.07.2024,2691759,1286700
102430336,10178605,191739599,Churfirstenweg,12.,8200 Schaffhausen,2939,SH,real,True,23.07.2024,2690526,1283689
102430343,10085737,191739606,Schlossstrasse,,8207 Schaffhausen,2939,SH,real,True,23.07.2024,2691126,1287224
102430345,10086476,191739608,Büsingerstrasse,,8203 Schaffhausen,2939,SH,real,True,23.07.2024,2692230,1284222
102430346,10046632,191739609,Ebnatring,35.1,8200 Schaffhausen,2939,SH,real,True,23.07.2024,2691083,1285303
102430348,10046632,191739611,Ebnatring,,8200 Schaffhausen,2939,SH,real,True,23.07.2024,2691146,1285390
102430350,10018654,191739613,Hochstrasse,201.006,8200 Schaffhausen,2939,SH,real,True,15.11.2024,2690159,1285184
102430351,10085727,191739614,Nägelseestrasse,,8203 Schaffhausen,2939,SH,real,True,23.07.2024,2691953,1283610
102430352,10086489,191739615,Grafenbuckstrasse,,8208 Schaffhausen,2939,SH,real,True,23.07.2024,2689754,1285470
102430353,10086489,191739616,Grafenbuckstrasse,,8208 Schaffhausen,2939,SH,real,True,23.07.2024,2689776,1285482
102430354,10086489,191739617,Grafenbuckstrasse,,8208 Schaffhausen,2939,SH,real,True,23.07.2024,2689753,1285491
102430355,10086760,191739618,Holzbrunnenstrasse,23.1,8200 Schaffhausen,2939,SH,real,True,23.07.2024,2688611,1284382
102430356,10018666,191739619,J.J. Wepfer-Strasse,,8200 Schaffhausen,2939,SH,real,True,23.07.2024,2689909,1285693
102430357,10086476,191739620,Büsingerstrasse,,8203 Schaffhausen,2939,SH,real,True,23.07.2024,2692608,1284144
102430361,10019807,191739633,Schweizersbildstrasse,,8207 Schaffhausen,2939,SH,real,True,23.07.2024,2690562,1286638
102430367,10018681,191739638,Lindliweg,,8200 Schaffhausen,2939,SH,real,True,23.07.2024,2691131,1283250
102430368,10018656,191739639,Hohlenbaumstieg,20.1,8200 Schaffhausen,2939,SH,real,True,23.07.2024,2688717,1284783
102430370,10073075,191739641,Ungarbühlstrasse,,8200 Schaffhausen,2939,SH,real,True,23.07.2024,2690233,1284483
102430371,10108021,191739642,Hauentalstrasse,,8200 Schaffhausen,2939,SH,real,True,23.07.2024,2689103,1284913
102430372,10086488,191739643,Gennersbrunnerstrasse,,8207 Schaffhausen,2939,SH,real,True,23.07.2024,2692400,1285674
102430376,10193992,191739647,Rheinuferstrasse,,8200 Schaffhausen,2939,SH,real,True,23.07.2024,2689518,1283253
102430377,10086770,191739648,Langhansergässchen,,8200 Schaffhausen,2939,SH,real,True,23.07.2024,2688134,1284527
102430379,10086760,191739650,Holzbrunnenstrasse,17.1,8200 Schaffhausen,2939,SH,real,True,23.07.2024,2688585,1284361
102430381,10086760,191739652,Holzbrunnenstrasse,15.1,8200 Schaffhausen,2939,SH,real,True,23.07.2024,2688569,1284347
102430384,10086760,191739655,Holzbrunnenstrasse,11.1,8200 Schaffhausen,2939,SH,real,True,23.07.2024,2688550,1284333
102430388,10085751,191739659,Thayngerstrasse,,8207 Schaffhausen,2939,SH,real,True,23.07.2024,2692522,1287781
102430389,10018662,191739660,Im Freien,,8203 Schaffhausen,2939,SH,real,True,23.07.2024,2691858,1283206
102430391,10018662,191739662,Im Freien,,8203 Schaffhausen,2939,SH,real,True,23.07.2024,2691880,1283212
102430393,10120423,191739664,Gennersbrunn,,8207 Schaffhausen,2939,SH,real,True,23.07.2024,2693785,1285362
102430402,10055273,191739672,In Gruben,12,8200 Schaffhausen,2939,SH,real,True,15.11.2024,2690607,1284173
102430404,10086760,191739674,Holzbrunnenstrasse,9.1,8200 Schaffhausen,2939,SH,real,True,23.07.2024,2688544,1284328
102430405,10086760,191739675,Holzbrunnenstrasse,22.1,8200 Schaffhausen,2939,SH,real,True,23.07.2024,2688637,1284322
102430406,10073068,191739676,Spitzwiesenweg,,8207 Schaffhausen,2939,SH,real,False,23.07.2024,2693929,1286678
102430410,10085724,191739680,Mühlenstrasse,,8200 Schaffhausen,2939,SH,real,True,23.07.2024,2688646,1285219
102430413,10073050,191739683,Kreuzgutweg,,8207 Schaffhausen,2939,SH,real,True,23.07.2024,2691542,1286698
102430415,10018678,191739685,Langackerweg,12.2,8207 Schaffhausen,2939,SH,real,True,23.07.2024,2691670,1286327
102430416,10086488,191739686,Gennersbrunnerstrasse,,8207 Schaffhausen,2939,SH,real,True,23.07.2024,2694102,1285990
102430421,10019278,191739691,Birchweg,,8200 Schaffhausen,2939,SH,real,True,23.07.2024,2688629,1286912
102430422,10086488,191739692,Gennersbrunnerstrasse,,8207 Schaffhausen,2939,SH,real,True,23.07.2024,2692056,1286001
102430429,10104501,191739698,Steigacker,,8231 Hemmental,2939,SH,real,True,23.07.2024,2686500,1287648
102430435,10073046,191739704,Im Glockengut,19.1,8207 Schaffhausen,2939,SH,real,True,23.07.2024,2691151,1286066
102430438,10073046,191739707,Im Glockengut,25.1,8207 Schaffhausen,2939,SH,real,True,23.07.2024,2691163,1286084
102430439,10073046,191739708,Im Glockengut,21.1,8207 Schaffhausen,2939,SH,real,True,23.07.2024,2691157,1286075
102430441,10073046,191739710,Im Glockengut,17.1,8207 Schaffhausen,2939,SH,real,True,23.07.2024,2691150,1286064
102430442,10073046,191739711,Im Glockengut,27.1,8207 Schaffhausen,2939,SH,real,True,23.07.2024,2691165,1286086
102430443,10073046,191739712,Im Glockengut,13.1,8207 Schaffhausen,2939,SH,real,True,23.07.2024,2691146,1286059
102430444,10073046,191739713,Im Glockengut,29.1,8207 Schaffhausen,2939,SH,real,True,23.07.2024,2691166,1286089
102430445,10073046,191739714,Im Glockengut,15.1,8207 Schaffhausen,2939,SH,real,True,23.07.2024,2691148,1286061
102430446,10073046,191739715,Im Glockengut,23.1,8207 Schaffhausen,2939,SH,real,True,23.07.2024,2691161,1286081
102430447,10073046,191739716,Im Glockengut,11.1,8207 Schaffhausen,2939,SH,real,True,23.07.2024,2691142,1286053
102430569,10104500,1609863,Altackertobel,182,8231 Hemmental,2939,SH,real,True,15.11.2024,2686497,1287499
102430580,10120415,191740001,Im Vordern Grund,193.1,8231 Hemmental,2939,SH,real,True,23.07.2024,2684694,1288618
102430581,10086470,191740002,Bachstrasse,,8200 Schaffhausen,2939,SH,real,True,23.07.2024,2690040,1283402
102430582,10073057,191740003,Oberstadt,,8200 Schaffhausen,2939,SH,real,True,23.07.2024,2689566,1283583
102430583,10237825,191740004,Randenstrasse,,8231 Hemmental,2939,SH,real,True,23.07.2024,2685603,1287609
102430584,10237825,191740011,Randenstrasse,,8231 Hemmental,2939,SH,real,True,23.07.2024,2685594,1287619
102430625,10186931,191740051,Emmersbergstrasse,,8200 Schaffhausen,2939,SH,real,True,23.07.2024,2690401,1285216
102430626,10186931,191740052,Emmersbergstrasse,1.9,8200 Schaffhausen,2939,SH,real,True,04.10.2024,2690257,1285087
102430627,10186931,191740053,Emmersbergstrasse,1.8,8200 Schaffhausen,2939,SH,real,True,04.10.2024,2690184,1284950
102430982,10179715,191740678,Griesbacherhof,,8200 Schaffhausen,2939,SH,real,True,23.07.2024,2688103,1285315
102430984,10179715,191740680,Griesbacherhof,,8200 Schaffhausen,2939,SH,real,True,23.07.2024,2687985,1285249
102430987,10179715,191740683,Griesbacherhof,,8200 Schaffhausen,2939,SH,real,True,23.07.2024,2687939,1285319
102430988,10179715,191740684,Griesbacherhof,,8200 Schaffhausen,2939,SH,real,True,23.07.2024,2688074,1285273
102430994,10019573,191740696,Mettlerhof,,8231 Hemmental,2939,SH,real,True,23.07.2024,2685551,1287899
102431000,10237825,191740702,Randenstrasse,,8231 Hemmental,2939,SH,real,True,23.07.2024,2685146,1287699
102431002,10237825,191740704,Randenstrasse,73,8231 Hemmental,2939,SH,real,True,23.07.2024,2685008,1287760
102431005,10237825,191740707,Randenstrasse,,8231 Hemmental,2939,SH,real,True,23.07.2024,2685017,1287741
102431006,10237825,191740708,Randenstrasse,,8231 Hemmental,2939,SH,real,True,23.07.2024,2685100,1287705
102431010,10122077,191740712,Widlenstrasse,,8203 Schaffhausen,2939,SH,real,True,23.07.2024,2692185,1284710
102431011,10086489,191740713,Grafenbuckstrasse,,8208 Schaffhausen,2939,SH,real,False,23.07.2024,2689750,1285515
102431022,10054988,191740724,Thierhag,,8231 Hemmental,2939,SH,real,False,23.07.2024,2685445,1288336
102431025,10186931,191740727,Emmersbergstrasse,1.4,8200 Schaffhausen,2939,SH,real,True,04.12.2024,2689908,1284121
102431026,10186931,191740728,Emmersbergstrasse,1.9,8200 Schaffhausen,2939,SH,real,True,04.12.2024,2689911,1284154
102431030,10179716,191740731,Hermann Rorschach-Strasse,27.1,8200 Schaffhausen,2939,SH,real,True,23.07.2024,2688569,1283715
102431031,10179716,191740732,Hermann Rorschach-Strasse,29.1,8200 Schaffhausen,2939,SH,real,True,23.07.2024,2688571,1283712
102431036,10179716,191740737,Hermann Rorschach-Strasse,,8200 Schaffhausen,2939,SH,real,True,23.07.2024,2688415,1283798
102431197,10179716,191741151,Hermann Rorschach-Strasse,5.1,8200 Schaffhausen,2939,SH,real,True,23.07.2024,2688547,1283891
102431213,10179716,191741167,Hermann Rorschach-Strasse,31.2,8200 Schaffhausen,2939,SH,real,True,23.07.2024,2688597,1283696
102431340,10085751,191741363,Thayngerstrasse,,8207 Schaffhausen,2939,SH,real,True,23.07.2024,2692250,1287191
102431341,10086488,191741364,Gennersbrunnerstrasse,,8207 Schaffhausen,2939,SH,real,True,23.07.2024,2694093,1285994
102431342,10113195,191741365,Freudentalstrasse,5780,8200 Schaffhausen,2939,SH,real,True,04.12.2024,2690131,1287023
102431343,10113195,191741366,Freudentalstrasse,5777,8200 Schaffhausen,2939,SH,real,True,04.12.2024,2690292,1286793
102431345,10091231,191741368,Im Herbstel,,8231 Hemmental,2939,SH,real,True,23.07.2024,2685689,1288986
102431346,10108021,191741369,Hauentalstrasse,,8200 Schaffhausen,2939,SH,real,True,23.07.2024,2688401,1286033
102431347,10091231,191741370,Im Herbstel,,8231 Hemmental,2939,SH,real,True,23.07.2024,2685663,1289748
102431348,10237825,191741371,Randenstrasse,,8231 Hemmental,2939,SH,real,True,23.07.2024,2684723,1287829
102431359,10019291,190628752,Ebnatstrasse,75,8200 Schaffhausen,2939,SH,real,False,15.11.2024,2690510,1284841
102431519,10179716,190146883,Hermann Rorschach-Strasse,14,8200 Schaffhausen,2939,SH,real,True,15.11.2024,2688439,1283797
102432181,10031598,191742664,Hinder Hüsler,627.1,8262 Ramsen,2963,SH,real,True,23.07.2024,2703449,1284772
102432502,10073652,191743000,Hurbigstrasse,21,8454 Buchberg,2933,SH,real,True,15.11.2024,2684214,1270042
102432826,10237827,191743335,Zur Stahlgiesserei,16b,8200 Schaffhausen,2939,SH,real,True,15.11.2024,2689398,1284323
102432827,10237827,191743335,Zur Stahlgiesserei,16a,8200 Schaffhausen,2939,SH,real,True,15.11.2024,2689405,1284341
102432828,10237827,191743336,Zur Stahlgiesserei,17,8200 Schaffhausen,2939,SH,real,True,15.11.2024,2689401,1284292
102433073,10019277,191743694,Berghaldenweg,25a,8207 Schaffhausen,2939,SH,real,True,15.11.2024,2692024,1286675
102433074,10019277,191743694,Berghaldenweg,25b,8207 Schaffhausen,2939,SH,real,True,15.11.2024,2692031,1286677
102433075,10019277,191743694,Berghaldenweg,25,8207 Schaffhausen,2939,SH,real,True,15.11.2024,2692021,1286671
102433282,10019294,191743953,Ernst Müller-Strasse,1,8207 Schaffhausen,2939,SH,real,True,15.11.2024,2692390,1285969
102433287,10087045,191744031,Barzheimerstrasse,104,8241 Barzheim,2920,SH,real,True,15.11.2024,2696082,1290707
102433292,10237827,191744091,Zur Stahlgiesserei,6,8200 Schaffhausen,2939,SH,real,True,15.11.2024,2689482,1284429
102433293,10237827,191744092,Zur Stahlgiesserei,1,8200 Schaffhausen,2939,SH,real,True,15.11.2024,2689410,1284243
102433294,10237827,191744093,Zur Stahlgiesserei,4,8200 Schaffhausen,2939,SH,real,True,15.11.2024,2689453,1284354
102433295,10237827,191744094,Zur Stahlgiesserei,2,8200 Schaffhausen,2939,SH,real,True,15.11.2024,2689425,1284279
102433297,10237827,191744095,Zur Stahlgiesserei,7,8200 Schaffhausen,2939,SH,real,True,15.11.2024,2689496,1284466
102433298,10237827,191744096,Zur Stahlgiesserei,5,8200 Schaffhausen,2939,SH,real,True,15.11.2024,2689467,1284391
102433299,10237827,191744097,Zur Stahlgiesserei,3,8200 Schaffhausen,2939,SH,real,True,15.11.2024,2689439,1284316
102433300,10237827,191744098,Zur Stahlgiesserei,8,8200 Schaffhausen,2939,SH,real,True,15.11.2024,2689510,1284503
102433610,10199000,191744667,Wiesenweg,3,8216 Oberhallau,2972,SH,real,True,15.11.2024,2677975,1284145
102437629,10091238,191746071,Kesslergasse,10,8232 Merishausen,2936,SH,real,True,15.11.2024,2687955,1290420
102437638,10019581,191746097,Durachstrasse,21,8232 Merishausen,2936,SH,real,True,15.11.2024,2687958,1290398
102437696,10091230,191746216,Hauptstrasse,,8231 Hemmental,2939,SH,real,True,23.07.2024,2686475,1286932
102437698,10091230,191746218,Hauptstrasse,,8231 Hemmental,2939,SH,real,True,23.07.2024,2685988,1287649
102437900,10018671,191746415,Klosterstrasse,19.1,8200 Schaffhausen,2939,SH,real,True,23.07.2024,2689824,1283343
102437901,10180884,191746416,Promenadenstrasse,27.1,8200 Schaffhausen,2939,SH,real,True,23.07.2024,2689296,1283437
102437904,10018676,191746419,Kurzweg,6.1,8200 Schaffhausen,2939,SH,real,True,23.07.2024,2689168,1284714
102437905,10179718,191746420,Im Riet,8.1,8200 Schaffhausen,2939,SH,real,True,23.07.2024,2688289,1284290
102437906,10085748,191746421,Stokarbergstrasse,,8200 Schaffhausen,2939,SH,real,True,23.07.2024,2688884,1283689
102437915,10019807,191746427,Schweizersbildstrasse,70.3,8200 Schaffhausen,2939,SH,real,True,23.07.2024,2689991,1286726
102437919,10019807,191746430,Schweizersbildstrasse,,8200 Schaffhausen,2939,SH,real,True,23.07.2024,2689971,1286733
102437921,10187854,191746431,Pestalozzistrasse,18,8200 Schaffhausen,2939,SH,real,True,15.11.2024,2690037,1283864
102437922,10187854,191746432,Pestalozzistrasse,20.1,8200 Schaffhausen,2939,SH,real,True,23.07.2024,2690075,1283932
102437924,10025689,191746433,Sportweg,,8200 Schaffhausen,2939,SH,real,True,23.07.2024,2690135,1283881
102437925,10025689,191746434,Sportweg,41.6,8200 Schaffhausen,2939,SH,real,True,19.11.2024,2690128,1283876
102437926,10187854,191746435,Pestalozzistrasse,20.3,8200 Schaffhausen,2939,SH,real,True,19.11.2024,2690093,1283866
102437928,10187854,191746436,Pestalozzistrasse,20.2,8200 Schaffhausen,2939,SH,real,True,23.07.2024,2690117,1283910
102437929,10187854,191746437,Pestalozzistrasse,20.4,8200 Schaffhausen,2939,SH,real,True,23.07.2024,2690008,1283858
102437930,10187854,191746438,Pestalozzistrasse,20.5,8200 Schaffhausen,2939,SH,real,True,23.07.2024,2690077,1283925
102437933,10046616,191746441,Eichenstrasse,,8200 Schaffhausen,2939,SH,real,True,23.07.2024,2691100,1284651
102437934,10113192,191746442,Alleeweg,18,8200 Schaffhausen,2939,SH,real,True,15.11.2024,2690994,1284687
102437935,10113192,191746443,Alleeweg,18.1,8200 Schaffhausen,2939,SH,real,True,23.07.2024,2691007,1284681
102437938,10018672,191746446,Krebsbachstrasse,,8200 Schaffhausen,2939,SH,real,True,23.07.2024,2690205,1285141
102437939,10018345,191746447,Felsgasse,42.2,8200 Schaffhausen,2939,SH,real,True,23.07.2024,2691438,1282912
102437940,10178604,191746448,Breitenaustrasse,119,8200 Schaffhausen,2939,SH,real,True,15.11.2024,2688848,1284480
102437941,10118145,191746449,Lahnbuck,,8200 Schaffhausen,2939,SH,real,True,23.07.2024,2687812,1284676
102437942,10118145,191746450,Lahnbuck,,8200 Schaffhausen,2939,SH,real,True,23.07.2024,2687812,1284670
102437944,10019271,191746452,Artilleriestrasse,,8200 Schaffhausen,2939,SH,real,True,23.07.2024,2691262,1284426
102437945,10019805,191746453,Schlempengarten,2,8200 Schaffhausen,2939,SH,real,True,15.11.2024,2690561,1286046
102437946,10019805,191746454,Schlempengarten,,8200 Schaffhausen,2939,SH,real,True,23.07.2024,2690573,1286044
102437947,10178603,191746455,Baumgartenstrasse,,8200 Schaffhausen,2939,SH,real,True,23.07.2024,2689930,1283306
102437948,10018657,191746456,Hohlenbaumstrasse,191,8200 Schaffhausen,2939,SH,real,True,15.11.2024,2689052,1284895
102437949,10018657,191746457,Hohlenbaumstrasse,,8200 Schaffhausen,2939,SH,real,True,23.07.2024,2689042,1284913
102437963,10073055,191746470,Mühlentalstrasse,,8200 Schaffhausen,2939,SH,real,True,19.11.2024,2689622,1283900
102437965,10121173,191746472,Lärchenstrasse,,8200 Schaffhausen,2939,SH,real,True,23.07.2024,2690883,1284418
102437968,10073022,191746475,Alpenstrasse,100a,8203 Schaffhausen,2939,SH,real,True,15.11.2024,2691130,1283765
102437969,10073022,191746476,Alpenstrasse,,8203 Schaffhausen,2939,SH,real,True,23.07.2024,2691173,1283788
102437971,10086475,191746478,Buchthalerstrasse,,8203 Schaffhausen,2939,SH,real,True,23.07.2024,2690976,1283406
102437972,10018669,191746479,Kesselstrasse,,8200 Schaffhausen,2939,SH,real,True,23.07.2024,2690952,1283976
102437973,10085746,191746480,Stauffacherstrasse,,8200 Schaffhausen,2939,SH,real,True,23.07.2024,2690985,1283951
102437975,10178602,191746482,Albulastrasse,,8200 Schaffhausen,2939,SH,real,True,23.07.2024,2691027,1283733
102437977,10025683,191746483,Sonnenberg,40.1,8207 Schaffhausen,2939,SH,real,True,23.07.2024,2691073,1285991
102437978,10086488,191746484,Gennersbrunnerstrasse,,8207 Schaffhausen,2939,SH,real,True,23.07.2024,2692038,1286028
102437988,10025683,191746486,Sonnenberg,36.1,8207 Schaffhausen,2939,SH,real,True,23.07.2024,2691082,1286001
102437993,10178602,191746487,Albulastrasse,,8203 Schaffhausen,2939,SH,real,True,23.07.2024,2691026,1283769
102437997,10073022,191746488,Alpenstrasse,,8203 Schaffhausen,2939,SH,real,True,23.07.2024,2691660,1283742
102438015,10025697,191746517,Säntisstrasse,,8200 Schaffhausen,2939,SH,real,True,19.11.2024,2690570,1283615
102438016,10178603,191746518,Baumgartenstrasse,15.3,8200 Schaffhausen,2939,SH,real,True,23.07.2024,2689938,1283329
102438017,10120423,191746519,Gennersbrunn,,8207 Schaffhausen,2939,SH,real,True,23.07.2024,2693855,1285420
102438019,10085755,191746521,Vordersteig,24.3,8200 Schaffhausen,2939,SH,real,True,23.07.2024,2689381,1283669
102438114,10018654,191746736,Hochstrasse,294,8200 Schaffhausen,2939,SH,real,True,15.11.2024,2690668,1285694
102438122,10212476,191746755,Adlerstrasse,,8200 Schaffhausen,2939,SH,real,True,23.07.2024,2689774,1283920
102438124,10212476,191746756,Adlerstrasse,,8200 Schaffhausen,2939,SH,real,True,23.07.2024,2689832,1283913
102438125,10073022,191746757,Alpenstrasse,,8203 Schaffhausen,2939,SH,real,True,23.07.2024,2691695,1283652
102438135,10073022,191746791,Alpenstrasse,130.1,8203 Schaffhausen,2939,SH,real,True,11.10.2024,2691252,1283834
102438136,10073022,191746792,Alpenstrasse,,8203 Schaffhausen,2939,SH,real,True,23.07.2024,2691456,1283833
102438137,10073022,191746793,Alpenstrasse,,8203 Schaffhausen,2939,SH,real,True,23.07.2024,2691478,1283823
102438138,10117545,191746794,Finsterwaldstrasse,22.2,8200 Schaffhausen,2939,SH,real,True,23.07.2024,2689763,1284543
102438139,10018654,191746795,Hochstrasse,201.007,8200 Schaffhausen,2939,SH,real,True,15.11.2024,2690236,1285346
102438140,10086476,191746796,Büsingerstrasse,,8203 Schaffhausen,2939,SH,real,True,23.07.2024,2691552,1283605
102438141,10106951,191746797,Rheinhaldenstrasse,,8200 Schaffhausen,2939,SH,real,True,23.07.2024,2691110,1283097
102438142,10186931,191746798,Emmersbergstrasse,,8200 Schaffhausen,2939,SH,real,True,23.07.2024,2690255,1283982
102438143,10025687,191746799,Spitalstrasse,,8200 Schaffhausen,2939,SH,real,True,23.07.2024,2689956,1285876
102438144,10086476,191746800,Büsingerstrasse,60.1,8203 Schaffhausen,2939,SH,real,True,23.07.2024,2691935,1283642
102438145,10186931,191746801,Emmersbergstrasse,1.11,8200 Schaffhausen,2939,SH,real,True,27.11.2024,2689935,1284199
102438146,10018657,191746802,Hohlenbaumstrasse,,8200 Schaffhausen,2939,SH,real,True,23.07.2024,2688899,1284635
102438148,10110814,191746804,Hirschweg,,8200 Schaffhausen,2939,SH,real,True,23.07.2024,2690131,1283639
102438151,10085724,191746807,Mühlenstrasse,87.1,8200 Schaffhausen,2939,SH,real,True,23.07.2024,2689031,1283077
102438152,10073048,191746808,Kamorstrasse,18.1,8200 Schaffhausen,2939,SH,real,True,23.07.2024,2690368,1283749
102438153,10019796,191746809,Rheinhardstrasse,3.3,8200 Schaffhausen,2939,SH,real,True,23.07.2024,2690993,1284907
102438154,10025700,191746810,Trüllenbuck,,8207 Schaffhausen,2939,SH,real,True,23.07.2024,2691578,1286643
102439462,10073022,191747573,Alpenstrasse,,8203 Schaffhausen,2939,SH,real,True,19.11.2024,2691299,1283898
102439464,10120420,191747575,Amsler-Laffon-Strasse,,8200 Schaffhausen,2939,SH,real,True,19.11.2024,2690281,1284789
102439465,10120420,191747576,Amsler-Laffon-Strasse,,8200 Schaffhausen,2939,SH,real,True,19.11.2024,2690302,1284775
102439466,10120420,191747577,Amsler-Laffon-Strasse,,8200 Schaffhausen,2939,SH,real,True,19.11.2024,2690314,1284790
102439467,10120420,191747578,Amsler-Laffon-Strasse,,8200 Schaffhausen,2939,SH,real,True,23.07.2024,2690222,1284684
102439468,10120420,191747579,Amsler-Laffon-Strasse,,8200 Schaffhausen,2939,SH,real,True,19.11.2024,2690333,1284790
102439469,10120420,191747580,Amsler-Laffon-Strasse,,8200 Schaffhausen,2939,SH,real,True,23.07.2024,2690255,1284815
102439471,10120420,191747582,Amsler-Laffon-Strasse,,8200 Schaffhausen,2939,SH,real,True,19.11.2024,2690283,1284828
102439472,10120420,191747583,Amsler-Laffon-Strasse,,8200 Schaffhausen,2939,SH,real,True,19.11.2024,2690296,1284866
102439473,10179712,191747584,Fischergässchen,12.1,8200 Schaffhausen,2939,SH,real,True,23.07.2024,2690134,1283447
102439474,10018634,191747585,Fronwagplatz,,8200 Schaffhausen,2939,SH,real,True,23.07.2024,2689691,1283578
102439475,10019274,191747586,Bahnhofstrasse,,8200 Schaffhausen,2939,SH,real,True,19.11.2024,2689687,1283790
102439476,10113206,191747587,Vorstadt,,8200 Schaffhausen,2939,SH,real,True,23.07.2024,2689848,1283897
102439479,10104965,191747590,Kirchhofplatz,19.2,8200 Schaffhausen,2939,SH,real,True,23.07.2024,2689932,1283599
102439480,10104965,191747591,Kirchhofplatz,19.1,8200 Schaffhausen,2939,SH,real,True,23.07.2024,2689933,1283612
102439482,10019271,191747611,Artilleriestrasse,,8200 Schaffhausen,2939,SH,real,True,23.07.2024,2691466,1284394
102439483,10019272,191747612,Auf der Platte,12.2,8200 Schaffhausen,2939,SH,real,True,23.07.2024,2689264,1285230
102439484,10018645,191747613,Grünaustieg,31.1,8200 Schaffhausen,2939,SH,real,True,27.11.2024,2690480,1285458
102439485,10178604,191747614,Breitenaustrasse,172,8200 Schaffhausen,2939,SH,real,True,15.11.2024,2688880,1285063
102439491,10178604,191747635,Breitenaustrasse,174,8200 Schaffhausen,2939,SH,real,True,15.11.2024,2688875,1285077
102439494,10179716,191747638,Hermann Rorschach-Strasse,31.1,8200 Schaffhausen,2939,SH,real,True,23.07.2024,2688582,1283674
102439496,10019291,191747652,Ebnatstrasse,,8200 Schaffhausen,2939,SH,real,True,23.07.2024,2690382,1284799
102439498,10086486,191747654,Geissbergstrasse,105.1,8200 Schaffhausen,2939,SH,real,True,23.07.2024,2690060,1285325
102439504,10018662,191747672,Im Freien,,8203 Schaffhausen,2939,SH,real,True,23.07.2024,2692206,1283140
102439508,10091229,191747711,Eichhalde,,8231 Hemmental,2939,SH,real,True,23.07.2024,2685408,1288218
102439509,10054984,191747712,Eisenräderhalde,,8231 Hemmental,2939,SH,real,True,23.07.2024,2686426,1287517
102439512,10073655,191747714,Gehrenhalde,,8231 Hemmental,2939,SH,real,True,23.07.2024,2686153,1287690
102439513,10091230,191747716,Hauptstrasse,45.1,8231 Hemmental,2939,SH,real,True,23.07.2024,2686115,1287628
102439515,10091230,191747718,Hauptstrasse,,8231 Hemmental,2939,SH,real,True,23.07.2024,2686131,1287602
102439519,10019569,191747732,Hochrahn,59.1,8231 Hemmental,2939,SH,real,True,23.07.2024,2686221,1287452
102439520,10019569,191747733,Hochrahn,47.1,8231 Hemmental,2939,SH,real,True,23.07.2024,2686217,1287387
102439521,10108013,191747734,Im Gehren,,8231 Hemmental,2939,SH,real,True,19.11.2024,2686259,1287650
102439522,10108013,191747735,Im Gehren,9.1,8231 Hemmental,2939,SH,real,True,23.07.2024,2686237,1287708
102439524,10091233,191747737,Langwiesen,20.1,8231 Hemmental,2939,SH,real,True,23.07.2024,2686248,1287328
102439525,10091233,191747738,Langwiesen,22.1,8231 Hemmental,2939,SH,real,True,19.11.2024,2686248,1287325
102439576,10019291,191748051,Ebnatstrasse,160.1,8207 Schaffhausen,2939,SH,real,False,16.08.2024,2691526,1285751
102439579,10091233,191748053,Langwiesen,26,8231 Hemmental,2939,SH,real,True,23.07.2024,2686261,1287268
102439592,10019567,191748060,Dorfplatz,,8231 Hemmental,2939,SH,real,True,23.07.2024,2685596,1287722
102439607,10019575,191748071,Schlattergarten,,8231 Hemmental,2939,SH,real,True,23.07.2024,2685522,1287777
102439608,10019575,191748072,Schlattergarten,,8231 Hemmental,2939,SH,real,True,23.07.2024,2685531,1287754
102439611,10018632,191748075,Freier Platz,4.1,8200 Schaffhausen,2939,SH,real,True,23.07.2024,2690213,1283505
102439613,10179722,191748077,Munotstieg,,8200 Schaffhausen,2939,SH,real,True,23.07.2024,2690112,1283515
102439614,10086470,191748078,Bachstrasse,16.1,8200 Schaffhausen,2939,SH,real,True,23.07.2024,2690076,1283556
102439615,10086470,191748079,Bachstrasse,18.1,8200 Schaffhausen,2939,SH,real,True,23.07.2024,2690058,1283554
102439616,10086470,191748080,Bachstrasse,30a,8200 Schaffhausen,2939,SH,real,True,15.11.2024,2690027,1283611
102439620,10018634,191748082,Fronwagplatz,5.2,8200 Schaffhausen,2939,SH,real,True,23.07.2024,2689664,1283587
102439622,10046626,191748084,Repfergasse,18,8200 Schaffhausen,2939,SH,real,True,23.07.2024,2689903,1283713
102439623,10046626,191748085,Repfergasse,26a,8200 Schaffhausen,2939,SH,real,True,15.11.2024,2689901,1283723
102439722,10179730,191748313,Spielweg,2b,8200 Schaffhausen,2939,SH,real,True,15.11.2024,2688876,1284313
102439729,10073022,191748317,Alpenstrasse,,8203 Schaffhausen,2939,SH,real,True,23.07.2024,2691368,1283793
102439731,10025683,191748318,Sonnenberg,38.1,8207 Schaffhausen,2939,SH,real,True,23.07.2024,2691078,1285996
102439732,10025683,191748319,Sonnenberg,34.1,8207 Schaffhausen,2939,SH,real,True,23.07.2024,2691087,1286004
102439733,10025683,191748320,Sonnenberg,32.1,8207 Schaffhausen,2939,SH,real,True,23.07.2024,2691091,1286010
102439734,10085749,191748321,Surbeckstieg,6.1,8207 Schaffhausen,2939,SH,real,True,23.07.2024,2691539,1286404
102439735,10120424,191748322,Herblingerstrasse,11.1,8207 Schaffhausen,2939,SH,real,True,23.07.2024,2691219,1286064
102439742,10046625,191748328,Quellenstrasse,,8200 Schaffhausen,2939,SH,real,True,23.07.2024,2688528,1284140
102439755,10019287,191748339,Bühlstrasse,,8200 Schaffhausen,2939,SH,real,True,23.07.2024,2688992,1283819
102439763,10019287,191748347,Bühlstrasse,,8200 Schaffhausen,2939,SH,real,True,23.07.2024,2689003,1283850
102439808,10179720,191748391,Lahnhalde,7a,8200 Schaffhausen,2939,SH,real,True,15.11.2024,2688218,1284555
102439825,10046626,191748433,Repfergasse,40.1,8200 Schaffhausen,2939,SH,real,True,23.07.2024,2689838,1283710
102439977,10091393,191748594,Weiherhofstrasse,7,8215 Hallau,2971,SH,real,True,15.11.2024,2676477,1283897
102440002,10085725,191748652,Münsterplatz,32.1,8200 Schaffhausen,2939,SH,real,True,23.07.2024,2689877,1283486
102440003,10073067,191748653,Sonnenburggutstrasse,16.1,8200 Schaffhausen,2939,SH,real,True,23.07.2024,2688653,1283689
102440004,10073067,191748654,Sonnenburggutstrasse,14.1,8200 Schaffhausen,2939,SH,real,True,23.07.2024,2688650,1283682
102440005,10073067,191748655,Sonnenburggutstrasse,12.1,8200 Schaffhausen,2939,SH,real,True,23.07.2024,2688650,1283677
102440006,10073067,191748656,Sonnenburggutstrasse,10.1,8200 Schaffhausen,2939,SH,real,True,23.07.2024,2688649,1283669
102440007,10073067,191748657,Sonnenburggutstrasse,8.1,8200 Schaffhausen,2939,SH,real,True,23.07.2024,2688648,1283664
102440009,10073067,191748659,Sonnenburggutstrasse,6.1,8200 Schaffhausen,2939,SH,real,True,23.07.2024,2688648,1283658
102440010,10073067,191748660,Sonnenburggutstrasse,4.1,8200 Schaffhausen,2939,SH,real,True,23.07.2024,2688648,1283653
102440011,10073042,191748661,Herrenacker,23,8200 Schaffhausen,2939,SH,real,True,15.11.2024,2689694,1283472
102440023,10019780,191748673,Münstergasse,18,8200 Schaffhausen,2939,SH,real,True,15.11.2024,2689798,1283483
102440025,10019789,191748675,Walther-Bringolf-Platz,12,8200 Schaffhausen,2939,SH,real,True,15.11.2024,2689850,1283676
102440027,10073071,191748677,Tanne,3.1,8200 Schaffhausen,2939,SH,real,True,23.07.2024,2689642,1283510
102440029,10073061,191748679,Ringkengässchen,9.1,8200 Schaffhausen,2939,SH,real,True,23.07.2024,2689656,1283384
102440053,10087053,191748712,Im Oberhof,37,8240 Thayngen,2920,SH,real,True,15.11.2024,2695604,1289478
102440066,10237818,191748791,Rebbergstrasse,123,8240 Thayngen,2920,SH,real,True,15.11.2024,2696513,1289405
102440128,10073076,191748860,Vordergasse,64,8200 Schaffhausen,2939,SH,real,True,15.11.2024,2689792,1283548
102440134,10120420,190674470,Amsler-Laffon-Strasse,,8200 Schaffhausen,2939,SH,real,True,19.11.2024,2690295,1284762
102440159,10113206,191748881,Vorstadt,43,8200 Schaffhausen,2939,SH,real,True,15.11.2024,2689776,1283817
102440305,10026003,191748951,Beggingerstrasse,86,8226 Schleitheim,2952,SH,real,True,15.11.2024,2679259,1290050
102440309,10026003,191748974,Beggingerstrasse,88,8226 Schleitheim,2952,SH,real,True,15.11.2024,2679262,1290048
102440310,10026003,191748975,Beggingerstrasse,90,8226 Schleitheim,2952,SH,real,True,15.11.2024,2679276,1290036
102440311,10026003,191748976,Beggingerstrasse,92,8226 Schleitheim,2952,SH,real,True,15.11.2024,2679278,1290033
102440312,10026003,191748977,Beggingerstrasse,94,8226 Schleitheim,2952,SH,real,True,15.11.2024,2679272,1290068
102440313,10026003,191748978,Beggingerstrasse,96,8226 Schleitheim,2952,SH,real,True,15.11.2024,2679274,1290066
102440314,10026003,191748979,Beggingerstrasse,98,8226 Schleitheim,2952,SH,real,True,15.11.2024,2679287,1290058
102440317,10026003,191748982,Beggingerstrasse,100,8226 Schleitheim,2952,SH,real,True,15.11.2024,2679290,1290055
102440323,10026003,191748988,Beggingerstrasse,,8226 Schleitheim,2952,SH,real,True,23.07.2024,2679273,1290047
102440360,10046629,191749079,Rosengasse,26.3,8200 Schaffhausen,2939,SH,real,True,23.07.2024,2689787,1283347
102440362,10046629,191749080,Rosengasse,8,8200 Schaffhausen,2939,SH,real,True,15.11.2024,2689751,1283299
102440363,10046629,191749081,Rosengasse,26.4,8200 Schaffhausen,2939,SH,real,True,23.07.2024,2689740,1283421
102440365,10073071,191749082,Tanne,7.2,8200 Schaffhausen,2939,SH,real,True,23.07.2024,2689633,1283524
102440366,10073071,191749083,Tanne,7.1,8200 Schaffhausen,2939,SH,real,True,19.11.2024,2689648,1283508
102440374,10046629,191749089,Rosengasse,20.,8200 Schaffhausen,2939,SH,real,True,23.07.2024,2689708,1283401
102440375,10073042,191749090,Herrenacker,4,8200 Schaffhausen,2939,SH,real,True,15.11.2024,2689713,1283422
102440376,10046629,191749091,Rosengasse,26.1,8200 Schaffhausen,2939,SH,real,True,23.07.2024,2689762,1283423
102440383,10073061,191749097,Ringkengässchen,16.1,8200 Schaffhausen,2939,SH,real,True,23.08.2024,2689676,1283354
102440387,10073056,191749100,Neustadt,79.1,8200 Schaffhausen,2939,SH,real,True,23.07.2024,2689580,1283515
102440388,10073056,191749101,Neustadt,35a,8200 Schaffhausen,2939,SH,real,True,15.11.2024,2689585,1283387
102440389,10018642,191749102,Grabenstrasse,,8200 Schaffhausen,2939,SH,real,True,23.07.2024,2689590,1283297
102440392,10073060,191749105,Rheinstrasse,25,8200 Schaffhausen,2939,SH,real,True,15.11.2024,2689722,1283264
102440397,10018671,191749110,Klosterstrasse,9.1,8200 Schaffhausen,2939,SH,real,True,23.07.2024,2689795,1283331
102440398,10178603,191749111,Baumgartenstrasse,15.1,8200 Schaffhausen,2939,SH,real,True,19.11.2024,2689965,1283325
102440400,10085725,191749113,Münsterplatz,6.1,8200 Schaffhausen,2939,SH,real,True,23.07.2024,2689923,1283381
102440401,10104504,191749114,Kreuzgang,6,8200 Schaffhausen,2939,SH,real,True,19.11.2024,2689946,1283370
102440418,10104504,191749132,Kreuzgang,12,8200 Schaffhausen,2939,SH,real,True,15.11.2024,2689935,1283404
102440419,10104965,191749133,Kirchhofplatz,1,8200 Schaffhausen,2939,SH,real,True,15.11.2024,2689865,1283571
102440420,10073076,191749133,Vordergasse,42,8200 Schaffhausen,2939,SH,real,True,15.11.2024,2689863,1283540
102440421,10086491,191749134,Haldenstrasse,29.1,8200 Schaffhausen,2939,SH,real,True,23.07.2024,2689305,1284681
102440422,10085725,191749135,Münsterplatz,1,8200 Schaffhausen,2939,SH,real,True,15.11.2024,2689969,1283432
102440424,10019789,191749137,Walther-Bringolf-Platz,1,8200 Schaffhausen,2939,SH,real,True,19.11.2024,2689804,1283667
102440426,10085739,191749138,Schwesterngasse,1,8200 Schaffhausen,2939,SH,real,True,15.11.2024,2689950,1283730
102440427,10085739,191749138,Schwesterngasse,3,8200 Schaffhausen,2939,SH,real,True,15.11.2024,2689947,1283737
102440429,10086470,191749139,Bachstrasse,39,8200 Schaffhausen,2939,SH,real,True,15.11.2024,2689970,1283738
102440430,10073062,191749140,Römerstieg,11.6,8200 Schaffhausen,2939,SH,real,True,23.07.2024,2690234,1283553
102440432,10212508,191749141,Fischerstubengässchen,6,8200 Schaffhausen,2939,SH,real,True,15.11.2024,2690353,1283468
102440433,10085755,191749142,Vordersteig,20,8200 Schaffhausen,2939,SH,real,True,15.11.2024,2689412,1283625
102440435,10085755,191749144,Vordersteig,24.1,8200 Schaffhausen,2939,SH,real,True,23.07.2024,2689383,1283660
102440436,10085748,191749145,Stokarbergstrasse,21.3,8200 Schaffhausen,2939,SH,real,True,23.07.2024,2689132,1283687
102440437,10085748,191749146,Stokarbergstrasse,21.2,8200 Schaffhausen,2939,SH,real,True,23.07.2024,2689073,1283710
102440439,10085748,191749148,Stokarbergstrasse,13.,8200 Schaffhausen,2939,SH,real,True,23.07.2024,2689144,1283668
102440440,10086485,191749149,Fäsenstaubstrasse,7.1,8200 Schaffhausen,2939,SH,real,True,23.07.2024,2689240,1283317
102440441,10085724,191749150,Mühlenstrasse,5.3,8200 Schaffhausen,2939,SH,real,True,23.07.2024,2689456,1283260
102440444,10085724,191749151,Mühlenstrasse,26,8200 Schaffhausen,2939,SH,real,False,15.11.2024,2689378,1283236
102440445,10085724,191749152,Mühlenstrasse,19.1,8200 Schaffhausen,2939,SH,real,True,23.07.2024,2689466,1283208
102440447,10086470,191749154,Bachstrasse,64.1,8200 Schaffhausen,2939,SH,real,True,23.07.2024,2689880,1283914
102440449,10073034,191749156,Friedbergstrasse,878,8200 Schaffhausen,2939,SH,real,True,03.09.2024,2689127,1283589
102440450,10073034,191749157,Friedbergstrasse,878.1,8200 Schaffhausen,2939,SH,real,True,03.09.2024,2689108,1283573
102440451,10087060,191749158,Stockwiesenstrasse,1,8240 Thayngen,2920,SH,real,True,15.11.2024,2695029,1288969
102440453,10019278,191749159,Birchweg,3.1,8200 Schaffhausen,2939,SH,real,True,23.07.2024,2689405,1285442
102440455,10046614,191749161,Durachweg,,8200 Schaffhausen,2939,SH,real,True,23.07.2024,2689626,1283958
102440457,10025687,191749163,Spitalstrasse,,8200 Schaffhausen,2939,SH,real,True,19.11.2024,2689621,1283840
102440459,10087060,191749164,Stockwiesenstrasse,9,8240 Thayngen,2920,SH,real,True,15.11.2024,2695162,1288907
102440460,10018657,191749165,Hohlenbaumstrasse,157.1,8200 Schaffhausen,2939,SH,real,True,23.07.2024,2688958,1284752
102440461,10019783,191749166,Nordstrasse,16.1,8200 Schaffhausen,2939,SH,real,True,19.11.2024,2689299,1283875
102440874,10085725,191749551,Münsterplatz,6.2,8200 Schaffhausen,2939,SH,real,True,23.07.2024,2689901,1283410
102440875,10086770,191749552,Langhansergässchen,28.,8200 Schaffhausen,2939,SH,real,True,23.07.2024,2688042,1284544
102440876,10086770,191749553,Langhansergässchen,26.,8200 Schaffhausen,2939,SH,real,True,23.07.2024,2688054,1284547
102440877,10019278,191749554,Birchweg,13.1,8200 Schaffhausen,2939,SH,real,True,23.07.2024,2689452,1285539
102440879,10046614,191749555,Durachweg,13,8200 Schaffhausen,2939,SH,real,True,15.11.2024,2689576,1283930
102440917,10106941,191749752,Oberwiesstrasse,7,8213 Neunkirch,2904,SH,real,True,15.11.2024,2679557,1282363
102440999,10073040,191749915,Gugerhalde,17.1,8207 Schaffhausen,2939,SH,real,True,23.07.2024,2692122,1286874
102441000,10085751,191749916,Thayngerstrasse,,8207 Schaffhausen,2939,SH,real,True,23.07.2024,2691932,1286697
102441001,10085751,191749917,Thayngerstrasse,,8207 Schaffhausen,2939,SH,real,True,23.07.2024,2691928,1286705
102441002,10073040,191749918,Gugerhalde,23.1,8207 Schaffhausen,2939,SH,real,True,23.07.2024,2692078,1286846
102441003,10106947,191749919,Dachsenbüelstrasse,17.1,8200 Schaffhausen,2939,SH,real,True,23.07.2024,2690351,1286575
102441006,10108024,191749922,Kirchbergstrasse,17.1,8207 Schaffhausen,2939,SH,real,True,23.07.2024,2691419,1286315
102441007,10108024,191749923,Kirchbergstrasse,17.1,8207 Schaffhausen,2939,SH,real,True,19.11.2024,2691389,1286362
102441009,10073042,191749925,Herrenacker,,8200 Schaffhausen,2939,SH,real,True,23.07.2024,2689683,1283446
102441011,10073042,191749926,Herrenacker,,8200 Schaffhausen,2939,SH,real,True,23.07.2024,2689645,1283468
102441013,10025692,191749928,Stettemerstrasse,,8207 Schaffhausen,2939,SH,real,True,23.07.2024,2691475,1286808
102441015,10025692,191749930,Stettemerstrasse,,8207 Schaffhausen,2939,SH,real,True,23.07.2024,2691568,1286934
102441017,10108024,191749932,Kirchbergstrasse,,8207 Schaffhausen,2939,SH,real,True,23.07.2024,2691428,1286395
102441018,10073043,191749933,Hohberg,4.1,8207 Schaffhausen,2939,SH,real,True,23.07.2024,2691002,1286355
102441019,10019807,191749934,Schweizersbildstrasse,,8207 Schaffhausen,2939,SH,real,True,23.07.2024,2690873,1286104
102441020,10018678,191749935,Langackerweg,12.3,8207 Schaffhausen,2939,SH,real,True,23.07.2024,2691717,1286288
102441022,10085741,191749936,Solenbergstrasse,,8207 Schaffhausen,2939,SH,real,True,23.07.2024,2692045,1285550
102441084,10113197,191750130,Hohbergstrasse,24,8207 Schaffhausen,2939,SH,real,True,15.11.2024,2690871,1286378
102441085,10113197,191750131,Hohbergstrasse,22,8207 Schaffhausen,2939,SH,real,True,15.11.2024,2690877,1286361
102441086,10113197,191750132,Hohbergstrasse,26,8207 Schaffhausen,2939,SH,real,True,15.11.2024,2690866,1286394
102441089,10186932,191750135,Rehgütliweg,9,8200 Schaffhausen,2939,SH,real,True,15.11.2024,2688947,1283620
102441092,10019783,191750138,Nordstrasse,111.14,8200 Schaffhausen,2939,SH,real,True,23.07.2024,2689220,1284712
102441097,10179715,191750143,Griesbacherhof,1.1,8200 Schaffhausen,2939,SH,real,True,23.07.2024,2687656,1285821
102441098,10179715,191750144,Griesbacherhof,1.5,8200 Schaffhausen,2939,SH,real,True,23.07.2024,2687636,1285812
102441099,10179715,191750145,Griesbacherhof,1.2,8200 Schaffhausen,2939,SH,real,True,23.07.2024,2687595,1285882
102441101,10085754,191750147,Urwerf,27.1,8200 Schaffhausen,2939,SH,real,True,23.07.2024,2688956,1283302
102441102,10110814,191750148,Hirschweg,,8200 Schaffhausen,2939,SH,real,True,23.07.2024,2690126,1283629
102441103,10073062,191750149,Römerstieg,,8200 Schaffhausen,2939,SH,real,True,23.07.2024,2690221,1283606
102441104,10073062,191750150,Römerstieg,11.3,8200 Schaffhausen,2939,SH,real,True,23.07.2024,2690244,1283536
102441105,10018632,191750151,Freier Platz,,8200 Schaffhausen,2939,SH,real,True,23.07.2024,2690216,1283544
102441106,10073062,191750152,Römerstieg,11.2,8200 Schaffhausen,2939,SH,real,True,23.07.2024,2690231,1283549
102441107,10073062,191750153,Römerstieg,11.1,8200 Schaffhausen,2939,SH,real,True,23.07.2024,2690222,1283537
102441108,10086475,191750154,Buchthalerstrasse,,8200 Schaffhausen,2939,SH,real,True,19.11.2024,2690651,1283439
102441109,10103226,191750155,Rheinbühlstrasse,76.1,8200 Schaffhausen,2939,SH,real,True,23.07.2024,2691558,1282760
102441110,10187858,191750156,Vögelingässchen,105.1,8200 Schaffhausen,2939,SH,real,True,23.07.2024,2691864,1282682
102441112,10086475,191750158,Buchthalerstrasse,,8200 Schaffhausen,2939,SH,real,True,23.07.2024,2690632,1283478
102441113,10018345,191750159,Felsgasse,,8200 Schaffhausen,2939,SH,real,True,23.07.2024,2691190,1283071
102441114,10025697,191750160,Säntisstrasse,13.1,8200 Schaffhausen,2939,SH,real,True,23.07.2024,2690367,1283663
102441115,10187854,191750161,Pestalozzistrasse,,8200 Schaffhausen,2939,SH,real,True,23.07.2024,2690043,1284018
102441116,10106951,191750162,Rheinhaldenstrasse,,8200 Schaffhausen,2939,SH,real,True,23.07.2024,2691467,1282734
102441117,10025691,191750163,Steigstrasse,,8200 Schaffhausen,2939,SH,real,True,23.07.2024,2689394,1283435
102441119,10106951,191750165,Rheinhaldenstrasse,17.4,8200 Schaffhausen,2939,SH,real,True,23.07.2024,2690856,1283349
102441121,10106951,191750166,Rheinhaldenstrasse,,8200 Schaffhausen,2939,SH,real,True,23.07.2024,2690856,1283269
102441124,10106951,191750168,Rheinhaldenstrasse,17.3,8200 Schaffhausen,2939,SH,real,True,23.07.2024,2690917,1283269
102441126,10106951,191750169,Rheinhaldenstrasse,17.5,8200 Schaffhausen,2939,SH,real,True,23.07.2024,2690920,1283314
102441127,10106951,191750170,Rheinhaldenstrasse,17.6,8200 Schaffhausen,2939,SH,real,True,23.07.2024,2690942,1283233
102441130,10106951,191750171,Rheinhaldenstrasse,17.7,8200 Schaffhausen,2939,SH,real,True,23.07.2024,2690958,1283281
102441131,10106951,191750172,Rheinhaldenstrasse,17.2,8200 Schaffhausen,2939,SH,real,True,23.07.2024,2690894,1283250
102441133,10086470,191750173,Bachstrasse,,8200 Schaffhausen,2939,SH,real,True,23.07.2024,2690070,1283592
102441134,10018345,191750174,Felsgasse,,8200 Schaffhausen,2939,SH,real,True,23.07.2024,2691558,1282822
102441135,10018345,191750175,Felsgasse,,8200 Schaffhausen,2939,SH,real,True,23.07.2024,2691306,1283012
102441136,10019278,191750176,Birchweg,,8200 Schaffhausen,2939,SH,real,True,23.07.2024,2689318,1286077
102441139,10120420,191750179,Amsler-Laffon-Strasse,,8200 Schaffhausen,2939,SH,real,True,23.07.2024,2690216,1284662
102441140,10019271,191750180,Artilleriestrasse,43,8200 Schaffhausen,2939,SH,real,True,15.11.2024,2691503,1284441
102441144,10073024,191750184,Bachtelstrasse,,8200 Schaffhausen,2939,SH,real,True,23.07.2024,2688712,1284831
102441145,10019274,191750185,Bahnhofstrasse,,8200 Schaffhausen,2939,SH,real,True,23.07.2024,2689635,1283689
102441146,10019274,191750186,Bahnhofstrasse,,8200 Schaffhausen,2939,SH,real,True,23.07.2024,2689587,1283657
102441147,10019274,191750187,Bahnhofstrasse,,8200 Schaffhausen,2939,SH,real,True,23.07.2024,2689623,1283706
102441148,10019274,191750188,Bahnhofstrasse,,8200 Schaffhausen,2939,SH,real,False,16.08.2024,2689625,1283744
102441149,10019274,191750189,Bahnhofstrasse,51.3,8200 Schaffhausen,2939,SH,real,True,23.07.2024,2689673,1283808
102441150,10019274,191750190,Bahnhofstrasse,51.1,8200 Schaffhausen,2939,SH,real,True,23.07.2024,2689719,1283864
102441152,10019274,191750192,Bahnhofstrasse,51.2,8200 Schaffhausen,2939,SH,real,True,23.07.2024,2689692,1283822
102441153,10019274,191750193,Bahnhofstrasse,,8200 Schaffhausen,2939,SH,real,True,23.07.2024,2689779,1283973
102441154,10019274,191750194,Bahnhofstrasse,,8200 Schaffhausen,2939,SH,real,True,23.07.2024,2689566,1283630
102441155,10019274,191750195,Bahnhofstrasse,,8200 Schaffhausen,2939,SH,real,True,23.07.2024,2689886,1284090
102441157,10019274,191750197,Bahnhofstrasse,19,8200 Schaffhausen,2939,SH,real,True,15.11.2024,2689574,1283655
102441158,10019274,191750197,Bahnhofstrasse,21,8200 Schaffhausen,2939,SH,real,True,15.11.2024,2689586,1283664
102441159,10178603,191750198,Baumgartenstrasse,,8200 Schaffhausen,2939,SH,real,True,23.07.2024,2689984,1283332
102441160,10178604,191750199,Breitenaustrasse,110.6,8200 Schaffhausen,2939,SH,real,True,23.07.2024,2689031,1284324
102441161,10178604,191750200,Breitenaustrasse,,8200 Schaffhausen,2939,SH,real,True,23.07.2024,2688819,1284410
102441162,10019278,191750201,Birchweg,,8200 Schaffhausen,2939,SH,real,True,23.07.2024,2689459,1285809
102441163,10179730,191750202,Spielweg,2.1,8200 Schaffhausen,2939,SH,real,True,27.11.2024,2688566,1284536
102441164,10073027,191750203,Brauereistrasse,,8200 Schaffhausen,2939,SH,real,True,23.07.2024,2690367,1285058
102441165,10073027,191750204,Brauereistrasse,,8200 Schaffhausen,2939,SH,real,True,19.11.2024,2688811,1284474
102441166,10073027,191750205,Brauereistrasse,,8200 Schaffhausen,2939,SH,real,True,23.07.2024,2690749,1285267
102441167,10178604,191750206,Breitenaustrasse,,8200 Schaffhausen,2939,SH,real,True,23.07.2024,2688802,1284882
102441168,10178604,191750207,Breitenaustrasse,,8200 Schaffhausen,2939,SH,real,True,23.07.2024,2688885,1284420
102441170,10019287,191750209,Bühlstrasse,,8200 Schaffhausen,2939,SH,real,True,23.07.2024,2688827,1284005
102441171,10086476,191750210,Büsingerstrasse,,8203 Schaffhausen,2939,SH,real,True,23.07.2024,2692195,1283936
102441209,10073055,191750271,Mühlentalstrasse,,8200 Schaffhausen,2939,SH,real,True,23.07.2024,2688938,1287319
102441210,10073052,191750272,Lahnstrasse,,8200 Schaffhausen,2939,SH,real,True,23.07.2024,2688212,1284666
102441211,10106951,191750273,Rheinhaldenstrasse,,8200 Schaffhausen,2939,SH,real,True,23.07.2024,2691149,1283050
102441212,10019291,191750274,Ebnatstrasse,,8200 Schaffhausen,2939,SH,real,True,23.07.2024,2690282,1284639
102441213,10179715,191750275,Griesbacherhof,1.7,8200 Schaffhausen,2939,SH,real,True,06.12.2024,2687617,1285873
102441214,10019291,191750291,Ebnatstrasse,72.1,8200 Schaffhausen,2939,SH,real,True,23.07.2024,2690511,1284777
102441215,10018654,191750292,Hochstrasse,1835.1,8200 Schaffhausen,2939,SH,real,True,03.09.2024,2690279,1285331
102441216,10018345,191750293,Felsgasse,,8200 Schaffhausen,2939,SH,real,True,23.07.2024,2691223,1283124
102441217,10113204,191750294,Steighalde,5.1,8200 Schaffhausen,2939,SH,real,True,23.07.2024,2689420,1283732
102441218,10117545,191750295,Finsterwaldstrasse,,8200 Schaffhausen,2939,SH,real,True,23.07.2024,2689669,1284558
102441219,10106951,191750296,Rheinhaldenstrasse,,8200 Schaffhausen,2939,SH,real,True,23.07.2024,2690941,1283223
102441220,10086768,191750297,Korallenstrasse,,8200 Schaffhausen,2939,SH,real,True,23.07.2024,2690419,1283759
102441221,10179732,191750311,Tellstrasse,,8200 Schaffhausen,2939,SH,real,True,23.07.2024,2690414,1284133
102441223,10019796,191750313,Rheinhardstrasse,3.7,8200 Schaffhausen,2939,SH,real,True,23.07.2024,2690960,1284938
102441224,10019796,191750314,Rheinhardstrasse,3.8,8200 Schaffhausen,2939,SH,real,True,23.07.2024,2691201,1284608
102441225,10106951,191750315,Rheinhaldenstrasse,3.1,8200 Schaffhausen,2939,SH,real,True,23.07.2024,2690985,1284930
102441227,10179726,191750317,Rietstrasse,75.1,8200 Schaffhausen,2939,SH,real,True,23.07.2024,2688701,1284093
102441228,10019785,191750331,Oerlifallstieg,65.1,8200 Schaffhausen,2939,SH,real,True,23.07.2024,2688202,1284105
102441229,10106952,191750332,Sandackerstrasse,,8200 Schaffhausen,2939,SH,real,True,23.07.2024,2688460,1284219
102441230,10073035,191750333,Fulachstrasse,84.2,8200 Schaffhausen,2939,SH,real,True,23.07.2024,2690122,1284609
102441231,10073067,191750334,Sonnenburggutstrasse,,8200 Schaffhausen,2939,SH,real,True,23.07.2024,2688653,1283643
102441235,10086481,191750352,Fischerhäuserstrasse,61.1,8200 Schaffhausen,2939,SH,real,True,23.07.2024,2690608,1283434
102441238,10046616,191750355,Eichenstrasse,,8200 Schaffhausen,2939,SH,real,True,23.07.2024,2690803,1284562
102441239,10019291,191750356,Ebnatstrasse,,8200 Schaffhausen,2939,SH,real,True,19.11.2024,2690962,1285073
102441240,10019291,191750357,Ebnatstrasse,34.3,8200 Schaffhausen,2939,SH,real,True,19.11.2024,2691204,1285289
102441241,10046634,191750358,Weiherweg,8.2,8200 Schaffhausen,2939,SH,real,True,23.07.2024,2687810,1284290
102441242,10046634,191750359,Weiherweg,8.1,8200 Schaffhausen,2939,SH,real,True,23.07.2024,2687791,1284254
102441243,10113203,191750360,Sennereistieg,,8200 Schaffhausen,2939,SH,real,True,23.07.2024,2690786,1285618
102441244,10086482,191750361,Freistrasse,33.1,8200 Schaffhausen,2939,SH,real,True,23.07.2024,2689232,1284022
102441245,10179730,191750362,Spielweg,4,8200 Schaffhausen,2939,SH,real,True,15.11.2024,2688912,1284379
102441246,10179730,191750363,Spielweg,2.6,8200 Schaffhausen,2939,SH,real,True,23.07.2024,2688844,1284341
102441247,10179730,191750364,Spielweg,2.4,8200 Schaffhausen,2939,SH,real,True,23.07.2024,2688959,1284377
102441249,10073035,191750366,Fulachstrasse,229,8200 Schaffhausen,2939,SH,real,True,06.12.2024,2690729,1285445
102441250,10073055,191750367,Mühlentalstrasse,,8200 Schaffhausen,2939,SH,real,True,23.07.2024,2689512,1285392
102441251,10025693,191750368,Stimmerstrasse,,8200 Schaffhausen,2939,SH,real,True,23.07.2024,2691219,1284608
102441252,10085754,191750369,Urwerf,,8200 Schaffhausen,2939,SH,real,True,23.07.2024,2688958,1283420
102441253,10018345,191750370,Felsgasse,,8200 Schaffhausen,2939,SH,real,True,23.07.2024,2691232,1283084
102441254,10073035,191750371,Fulachstrasse,255.1,8200 Schaffhausen,2939,SH,real,True,23.07.2024,2690951,1285632
102441255,10019788,191750372,Plattenweg,42.1,8200 Schaffhausen,2939,SH,real,True,23.07.2024,2689192,1285277
102441256,10025682,191750373,Sommerwiesstrasse,28.1,8200 Schaffhausen,2939,SH,real,True,23.07.2024,2688366,1286208
102441257,10025710,191750374,Windeggstieg,,8203 Schaffhausen,2939,SH,real,True,23.07.2024,2691313,1283124
102441259,10018654,191750376,Hochstrasse,201.008,8200 Schaffhausen,2939,SH,real,True,15.11.2024,2690179,1285226
102441260,10018654,191750377,Hochstrasse,201.009,8200 Schaffhausen,2939,SH,real,True,15.11.2024,2690120,1285213
102441261,10018654,191750378,Hochstrasse,201.010,8200 Schaffhausen,2939,SH,real,True,15.11.2024,2690142,1285297
102441263,10018654,191750380,Hochstrasse,201.011,8200 Schaffhausen,2939,SH,real,True,15.11.2024,2690148,1285354
102441266,10018654,191750383,Hochstrasse,201.012,8200 Schaffhausen,2939,SH,real,True,15.11.2024,2690188,1285234
102441267,10018654,191750384,Hochstrasse,201.013,8200 Schaffhausen,2939,SH,real,True,15.11.2024,2690188,1285287
102441268,10018654,191750385,Hochstrasse,201.014,8200 Schaffhausen,2939,SH,real,True,15.11.2024,2690178,1285306
102441269,10018654,191750386,Hochstrasse,201.015,8200 Schaffhausen,2939,SH,real,True,15.11.2024,2690169,1285404
102441270,10018654,191750387,Hochstrasse,201.016,8200 Schaffhausen,2939,SH,real,True,15.11.2024,2690215,1285312
102441271,10018654,191750388,Hochstrasse,201.017,8200 Schaffhausen,2939,SH,real,True,19.11.2024,2690271,1285416
102441272,10018654,191750389,Hochstrasse,201.018,8200 Schaffhausen,2939,SH,real,True,15.11.2024,2690256,1285483
102441273,10018654,191750390,Hochstrasse,201.019,8200 Schaffhausen,2939,SH,real,True,15.11.2024,2690202,1285324
102441274,10018654,191750391,Hochstrasse,201.020,8200 Schaffhausen,2939,SH,real,True,15.11.2024,2690288,1285478
102441275,10018654,191750392,Hochstrasse,201.021,8200 Schaffhausen,2939,SH,real,True,15.11.2024,2690153,1285202
102441277,10018654,191750394,Hochstrasse,201.022,8200 Schaffhausen,2939,SH,real,True,19.11.2024,2690172,1285254
102441280,10018654,191750397,Hochstrasse,201.023,8200 Schaffhausen,2939,SH,real,True,15.11.2024,2690255,1285358
102441281,10108021,191750398,Hauentalstrasse,51.1,8200 Schaffhausen,2939,SH,real,True,23.07.2024,2688953,1285309
102441283,10085738,191750400,Schwarzadlerstrasse,,8200 Schaffhausen,2939,SH,real,True,23.07.2024,2689224,1284997
102441284,10019804,191750401,Schildstrasse,7.2,8200 Schaffhausen,2939,SH,real,True,23.07.2024,2688693,1283688
102441285,10073034,191750402,Friedbergstrasse,43.2,8200 Schaffhausen,2939,SH,real,True,23.07.2024,2689069,1283563
102441286,10086489,191750403,Grafenbuckstrasse,,8208 Schaffhausen,2939,SH,real,True,23.07.2024,2689896,1285289
102441288,10086489,191750404,Grafenbuckstrasse,,8208 Schaffhausen,2939,SH,real,True,23.07.2024,2689873,1285271
102441289,10086489,191750405,Grafenbuckstrasse,,8208 Schaffhausen,2939,SH,real,True,23.07.2024,2689849,1285288
102441290,10086489,191750406,Grafenbuckstrasse,25.2,8208 Schaffhausen,2939,SH,real,True,23.07.2024,2689802,1285327
102441291,10086489,191750407,Grafenbuckstrasse,25.1,8208 Schaffhausen,2939,SH,real,True,23.07.2024,2689873,1285403
102441297,10086486,191750415,Geissbergstrasse,81.1,8208 Schaffhausen,2939,SH,real,True,23.07.2024,2689982,1285326
102441298,10086489,191750416,Grafenbuckstrasse,81.3,8208 Schaffhausen,2939,SH,real,True,23.07.2024,2690009,1285330
102441299,10086489,191750417,Grafenbuckstrasse,81.2,8208 Schaffhausen,2939,SH,real,True,23.07.2024,2689988,1285325
102441300,10073026,191750418,Blumenweg,,8207 Schaffhausen,2939,SH,real,True,23.07.2024,2691790,1286521
102441301,10086476,191750419,Büsingerstrasse,,8203 Schaffhausen,2939,SH,real,True,23.07.2024,2691867,1283644
102441302,10019288,191750420,Chileweg,,8207 Schaffhausen,2939,SH,real,True,23.07.2024,2691763,1286720
102441303,10073030,191750421,Dreispitz,,8207 Schaffhausen,2939,SH,real,True,23.07.2024,2691605,1286169
102441304,10073030,191750422,Dreispitz,21,8207 Schaffhausen,2939,SH,real,True,15.11.2024,2691703,1286241
102441305,10046614,191750423,Durachweg,,8200 Schaffhausen,2939,SH,real,True,23.07.2024,2689560,1283943
102441306,10046614,191750424,Durachweg,,8200 Schaffhausen,2939,SH,real,True,23.07.2024,2689584,1283950
102441307,10019291,191750425,Ebnatstrasse,,8200 Schaffhausen,2939,SH,real,True,23.07.2024,2690560,1284789
102441308,10019291,191750426,Ebnatstrasse,,8207 Schaffhausen,2939,SH,real,True,23.07.2024,2691562,1285670
102441309,10019291,191750427,Ebnatstrasse,,8207 Schaffhausen,2939,SH,real,True,23.07.2024,2691610,1285446
102441310,10019291,191750428,Ebnatstrasse,,8207 Schaffhausen,2939,SH,real,True,23.07.2024,2691668,1285717
102441314,10019291,191750432,Ebnatstrasse,91i,8200 Schaffhausen,2939,SH,real,True,15.11.2024,2690397,1285044
102441318,10019294,191750436,Ernst Müller-Strasse,,8207 Schaffhausen,2939,SH,real,True,23.07.2024,2692391,1286017
102441319,10117545,191750437,Finsterwaldstrasse,,8200 Schaffhausen,2939,SH,real,True,23.07.2024,2689665,1284543
102441320,10086481,191750438,Fischerhäuserstrasse,,8200 Schaffhausen,2939,SH,real,True,23.07.2024,2690381,1283505
102441321,10086481,191750439,Fischerhäuserstrasse,,8200 Schaffhausen,2939,SH,real,True,23.07.2024,2690406,1283502
102441322,10186931,191750440,Emmersbergstrasse,1.3,8200 Schaffhausen,2939,SH,real,True,04.10.2024,2689993,1284426
102441323,10186931,191750441,Emmersbergstrasse,1.7,8200 Schaffhausen,2939,SH,real,True,04.10.2024,2690103,1284753
102441324,10106951,191750442,Rheinhaldenstrasse,,8200 Schaffhausen,2939,SH,real,True,23.07.2024,2691650,1282689
102441325,10108021,191750443,Hauentalstrasse,,8200 Schaffhausen,2939,SH,real,True,23.07.2024,2686488,1286749
102441326,10018643,191750444,Grafenbuckstieg,,8200 Schaffhausen,2939,SH,real,True,23.07.2024,2690069,1285166
102441327,10025697,191750445,Säntisstrasse,,8200 Schaffhausen,2939,SH,real,True,23.07.2024,2690359,1283621
102441328,10106951,191750446,Rheinhaldenstrasse,,8200 Schaffhausen,2939,SH,real,True,23.07.2024,2691206,1283004
102441329,10106951,191750447,Rheinhaldenstrasse,,8200 Schaffhausen,2939,SH,real,True,23.07.2024,2691290,1282928
102441330,10106951,191750448,Rheinhaldenstrasse,,8200 Schaffhausen,2939,SH,real,True,23.07.2024,2691242,1282957
102441331,10106951,191750449,Rheinhaldenstrasse,,8200 Schaffhausen,2939,SH,real,True,23.07.2024,2691171,1283036
102441332,10018649,191750450,Haselweg,,8200 Schaffhausen,2939,SH,real,True,23.07.2024,2688699,1284223
102441333,10046631,191750451,St. Peterstrasse,,8200 Schaffhausen,2939,SH,real,True,23.07.2024,2690942,1285868
102441335,10073054,191750453,Muracker,,8207 Schaffhausen,2939,SH,real,True,23.07.2024,2691242,1285931
102441336,10025710,191750454,Windeggstieg,,8203 Schaffhausen,2939,SH,real,True,23.07.2024,2691250,1283219
102441337,10118147,191750455,Windeggstrasse,,8203 Schaffhausen,2939,SH,real,True,23.07.2024,2691533,1283590
102441338,10046623,191750456,Kirchgasse,,8203 Schaffhausen,2939,SH,real,True,23.07.2024,2691463,1283603
102441339,10046623,191750457,Kirchgasse,,8203 Schaffhausen,2939,SH,real,True,23.07.2024,2691424,1283601
102441340,10118147,191750458,Windeggstrasse,,8203 Schaffhausen,2939,SH,real,True,23.07.2024,2691417,1283481
102441341,10019799,191750459,Rosenbergstrasse,,8200 Schaffhausen,2939,SH,real,True,23.07.2024,2690911,1283572
102441342,10086476,191750460,Büsingerstrasse,,8203 Schaffhausen,2939,SH,real,True,23.07.2024,2692294,1283979
102441343,10190888,191750461,Winkelriedstrasse,,8203 Schaffhausen,2939,SH,real,True,23.07.2024,2691347,1283949
102441344,10019784,191750462,Oberer Schulweg,,8203 Schaffhausen,2939,SH,real,True,23.07.2024,2691179,1283833
102441345,10019784,191750463,Oberer Schulweg,,8203 Schaffhausen,2939,SH,real,True,23.07.2024,2691195,1283794
102441348,10019274,191750466,Bahnhofstrasse,,8200 Schaffhausen,2939,SH,real,True,23.07.2024,2689665,1283734
102441349,10073055,191750467,Mühlentalstrasse,106,8200 Schaffhausen,2939,SH,real,True,23.07.2024,2689532,1284558
102441350,10086475,191750468,Buchthalerstrasse,,8200 Schaffhausen,2939,SH,real,True,23.07.2024,2690624,1283486
102441724,10019291,191751494,Ebnatstrasse,,8200 Schaffhausen,2939,SH,real,True,23.07.2024,2690546,1284828
102441725,10019291,191751495,Ebnatstrasse,,8200 Schaffhausen,2939,SH,real,True,23.07.2024,2690862,1285183
102441728,10186931,191751497,Emmersbergstrasse,1.6,8200 Schaffhausen,2939,SH,real,True,04.10.2024,2690147,1284794
102441729,10186931,191751498,Emmersbergstrasse,1.2,8200 Schaffhausen,2939,SH,real,True,04.10.2024,2689944,1284246
102441730,10186931,191751499,Emmersbergstrasse,1.5,8200 Schaffhausen,2939,SH,real,True,04.10.2024,2690057,1284607
102441731,10120424,191751500,Herblingerstrasse,,8207 Schaffhausen,2939,SH,real,True,23.07.2024,2691155,1285914
102441732,10120423,191751501,Gennersbrunn,,8207 Schaffhausen,2939,SH,real,True,23.07.2024,2693803,1285393
102441733,10120423,191751502,Gennersbrunn,,8207 Schaffhausen,2939,SH,real,True,23.07.2024,2693750,1285270
102441734,10120423,191751503,Gennersbrunn,,8207 Schaffhausen,2939,SH,real,True,23.07.2024,2693737,1285286
102441735,10086488,191751504,Gennersbrunnerstrasse,,8207 Schaffhausen,2939,SH,real,True,23.07.2024,2691943,1285874
102441736,10086488,191751505,Gennersbrunnerstrasse,,8207 Schaffhausen,2939,SH,real,True,23.07.2024,2691949,1285861
102441737,10086488,191751506,Gennersbrunnerstrasse,,8207 Schaffhausen,2939,SH,real,True,23.07.2024,2693388,1285339
102441738,10086488,191751507,Gennersbrunnerstrasse,,8207 Schaffhausen,2939,SH,real,True,23.07.2024,2691793,1286119
102441739,10086489,191751508,Grafenbuckstrasse,,8200 Schaffhausen,2939,SH,real,True,23.07.2024,2690091,1285539
102441740,10086489,191751509,Grafenbuckstrasse,,8208 Schaffhausen,2939,SH,real,True,23.07.2024,2689933,1285394
102441743,10018666,191751511,J.J. Wepfer-Strasse,6.1,8200 Schaffhausen,2939,SH,real,True,23.07.2024,2690024,1285516
102441744,10018666,191751512,J.J. Wepfer-Strasse,12.1,8200 Schaffhausen,2939,SH,real,True,19.11.2024,2690181,1285623
102441745,10018666,191751513,J.J. Wepfer-Strasse,,8200 Schaffhausen,2939,SH,real,True,19.11.2024,2690254,1285793
102441746,10018666,191751514,J.J. Wepfer-Strasse,,8200 Schaffhausen,2939,SH,real,True,19.11.2024,2690219,1285789
102441747,10086489,191751515,Grafenbuckstrasse,,8208 Schaffhausen,2939,SH,real,True,23.07.2024,2689953,1285278
102441749,10073055,191751531,Mühlentalstrasse,,8200 Schaffhausen,2939,SH,real,True,23.07.2024,2689489,1284784
102442964,10113196,191751952,Grubenstieg,,8200 Schaffhausen,2939,SH,real,True,23.07.2024,2690382,1284295
102442965,10086490,191751953,Grubenstrasse,,8200 Schaffhausen,2939,SH,real,True,23.07.2024,2690381,1284262
102442966,10086490,191751954,Grubenstrasse,,8200 Schaffhausen,2939,SH,real,True,23.07.2024,2691017,1284311
102442969,10108021,191751956,Hauentalstrasse,,8200 Schaffhausen,2939,SH,real,True,23.07.2024,2688721,1285637
102442970,10120424,191751957,Herblingerstrasse,,8207 Schaffhausen,2939,SH,real,True,23.07.2024,2691770,1286462
102442971,10120424,191751958,Herblingerstrasse,12.4,8207 Schaffhausen,2939,SH,real,True,23.07.2024,2691718,1286348
102442972,10118144,191751959,Hintersteig,,8200 Schaffhausen,2939,SH,real,True,23.07.2024,2689402,1283794
102442973,10118144,191751960,Hintersteig,,8200 Schaffhausen,2939,SH,real,True,23.07.2024,2689353,1283767
102442974,10118144,191751961,Hintersteig,,8200 Schaffhausen,2939,SH,real,True,23.07.2024,2689372,1283782
102442975,10118144,191751962,Hintersteig,,8200 Schaffhausen,2939,SH,real,True,19.11.2024,2689366,1283785
102442976,10118144,191751963,Hintersteig,,8200 Schaffhausen,2939,SH,real,True,23.07.2024,2689335,1283777
102442977,10018654,191751964,Hochstrasse,201.024,8200 Schaffhausen,2939,SH,real,True,15.11.2024,2690170,1285170
102442978,10018654,191751965,Hochstrasse,,8200 Schaffhausen,2939,SH,real,True,23.07.2024,2690776,1285813
102442979,10018654,191751966,Hochstrasse,77.1,8200 Schaffhausen,2939,SH,real,True,03.09.2024,2689889,1284536
102442982,10018662,191751968,Im Freien,,8203 Schaffhausen,2939,SH,real,True,23.07.2024,2691789,1283041
102442983,10193992,191751969,Rheinuferstrasse,,8200 Schaffhausen,2939,SH,real,True,19.11.2024,2689961,1283295
102442984,10025691,191751970,Steigstrasse,,8200 Schaffhausen,2939,SH,real,True,23.07.2024,2689173,1283969
102442985,10025692,191751971,Stettemerstrasse,,8207 Schaffhausen,2939,SH,real,True,23.07.2024,2691168,1286339
102442986,10073067,191751972,Sonnenburggutstrasse,,8200 Schaffhausen,2939,SH,real,True,23.07.2024,2688803,1284203
102442987,10085724,191751973,Mühlenstrasse,,8200 Schaffhausen,2939,SH,real,True,23.07.2024,2689460,1285459
102442988,10113200,191751974,Oberwiesenweg,,8207 Schaffhausen,2939,SH,real,True,23.07.2024,2691807,1286954
102442989,10190888,191751975,Winkelriedstrasse,,8203 Schaffhausen,2939,SH,real,True,23.07.2024,2691553,1283888
102442990,10018672,191751976,Krebsbachstrasse,,8200 Schaffhausen,2939,SH,real,True,19.11.2024,2690323,1285123
102442991,10018672,191751977,Krebsbachstrasse,,8200 Schaffhausen,2939,SH,real,True,23.07.2024,2690255,1285188
102442992,10179725,191751978,Rebweg,,8203 Schaffhausen,2939,SH,real,True,23.07.2024,2691319,1283380
102442996,10085754,191751992,Urwerf,,8200 Schaffhausen,2939,SH,real,True,19.11.2024,2688894,1283289
102442997,10018669,191751993,Kesselstrasse,17,8200 Schaffhausen,2939,SH,real,True,15.11.2024,2690962,1284045
102442999,10019782,191751995,Neutrottenstrasse,,8207 Schaffhausen,2939,SH,real,True,23.07.2024,2691017,1286072
102443000,10085728,191751996,Otterngutstrasse,,8200 Schaffhausen,2939,SH,real,True,23.07.2024,2690496,1285324
102443001,10085728,191751997,Otterngutstrasse,,8200 Schaffhausen,2939,SH,real,True,19.11.2024,2690203,1285193
102443002,10019782,191751998,Neutrottenstrasse,,8207 Schaffhausen,2939,SH,real,True,23.07.2024,2691490,1286662
102443003,10073069,191751999,Steingutstrasse,,8200 Schaffhausen,2939,SH,real,True,23.07.2024,2690470,1285661
102443004,10073055,191752000,Mühlentalstrasse,,8200 Schaffhausen,2939,SH,real,True,23.07.2024,2689507,1285185
102443005,10025698,191752001,Talstrasse,,8200 Schaffhausen,2939,SH,real,True,23.07.2024,2691020,1284128
102443269,10113197,191752437,Hohbergstrasse,1.1,8207 Schaffhausen,2939,SH,real,True,23.07.2024,2690997,1286207
102443270,10073046,191752438,Im Glockengut,,8207 Schaffhausen,2939,SH,real,True,19.11.2024,2691158,1286127
102443275,10240234,1609934,Im Höfli,20,8231 Hemmental,2939,SH,real,True,15.11.2024,2685611,1287702
102443276,10240234,1609935,Im Höfli,22,8231 Hemmental,2939,SH,real,True,15.11.2024,2685603,1287699
102443277,10240234,1609936,Im Höfli,24,8231 Hemmental,2939,SH,real,True,15.11.2024,2685595,1287691
102443280,10240234,191752457,Im Höfli,24.1,8231 Hemmental,2939,SH,real,True,23.07.2024,2685607,1287688
102443281,10240234,191752458,Im Höfli,18,8231 Hemmental,2939,SH,real,True,23.07.2024,2685618,1287706
102443282,10192055,191752459,Gänzlerweg,6,8241 Barzheim,2920,SH,planned,False,23.07.2024,2696246,1290665
102443315,10237826,191752474,Randenstrasse,63.1,8200 Schaffhausen,2939,SH,real,True,23.07.2024,2688931,1284127
102443317,10237826,191752476,Randenstrasse,220.1,8200 Schaffhausen,2939,SH,real,True,23.07.2024,2688361,1284827
102443319,10237826,191752478,Randenstrasse,224,8200 Schaffhausen,2939,SH,real,True,15.11.2024,2688350,1284821
102443320,10237826,191752479,Randenstrasse,145.1,8200 Schaffhausen,2939,SH,real,True,23.07.2024,2688601,1284452
102443322,10237826,191752481,Randenstrasse,34.2,8200 Schaffhausen,2939,SH,real,True,23.07.2024,2689019,1284120
102443323,10179730,191752482,Spielweg,2.9,8200 Schaffhausen,2939,SH,real,True,27.11.2024,2688970,1284213
102443326,10237826,191752485,Randenstrasse,34.1,8200 Schaffhausen,2939,SH,real,True,23.07.2024,2688995,1284164
102443327,10237826,191752486,Randenstrasse,34.3,8200 Schaffhausen,2939,SH,real,True,23.07.2024,2689034,1284191
102443330,10237826,191752489,Randenstrasse,224.1,8200 Schaffhausen,2939,SH,real,True,23.07.2024,2688364,1284817
102443332,10237826,191752491,Randenstrasse,,8200 Schaffhausen,2939,SH,real,True,23.07.2024,2688611,1284535
102443334,10237826,191752493,Randenstrasse,65.3,8200 Schaffhausen,2939,SH,real,True,23.07.2024,2688852,1284127
102443335,10237826,191752494,Randenstrasse,65.2,8200 Schaffhausen,2939,SH,real,True,23.07.2024,2688845,1284180
102443336,10237826,191752495,Randenstrasse,65.1,8200 Schaffhausen,2939,SH,real,True,23.07.2024,2688830,1284142
102443338,10237826,191752497,Randenstrasse,206.1,8200 Schaffhausen,2939,SH,real,True,19.11.2024,2688442,1284853
102443342,10237826,191752500,Randenstrasse,,8200 Schaffhausen,2939,SH,real,True,23.07.2024,2688709,1284404
102443411,10087225,191752691,Steigblickstrasse,631.1,8262 Ramsen,2963,SH,real,True,19.11.2024,2702681,1284787
102443435,10237826,1611688,Randenstrasse,182b,8200 Schaffhausen,2939,SH,real,True,15.11.2024,2688563,1284818
102443436,10237826,1611688,Randenstrasse,182d,8200 Schaffhausen,2939,SH,real,True,15.11.2024,2688566,1284829
102443437,10237826,1611688,Randenstrasse,182,8200 Schaffhausen,2939,SH,real,True,15.11.2024,2688560,1284806
102443438,10237826,1611688,Randenstrasse,182a,8200 Schaffhausen,2939,SH,real,True,15.11.2024,2688561,1284812
102443439,10237826,1611688,Randenstrasse,182c,8200 Schaffhausen,2939,SH,real,True,15.11.2024,2688564,1284823
102443440,10237826,191720814,Randenstrasse,206b,8200 Schaffhausen,2939,SH,real,True,15.11.2024,2688457,1284845
102443441,10237826,191720814,Randenstrasse,206,8200 Schaffhausen,2939,SH,real,True,15.11.2024,2688455,1284833
102443442,10237826,191720814,Randenstrasse,206a,8200 Schaffhausen,2939,SH,real,True,15.11.2024,2688456,1284839
102443444,10237826,191720825,Randenstrasse,206f,8200 Schaffhausen,2939,SH,real,True,15.11.2024,2688461,1284870
102443445,10237826,191720825,Randenstrasse,206h,8200 Schaffhausen,2939,SH,real,True,15.11.2024,2688463,1284882
102443446,10237826,191720825,Randenstrasse,206g,8200 Schaffhausen,2939,SH,real,True,15.11.2024,2688461,1284876
102443449,10237826,191720819,Randenstrasse,206e,8200 Schaffhausen,2939,SH,real,True,15.11.2024,2688460,1284864
102443450,10237826,191720819,Randenstrasse,206d,8200 Schaffhausen,2939,SH,real,True,15.11.2024,2688459,1284858
102443451,10237826,191720819,Randenstrasse,206c,8200 Schaffhausen,2939,SH,real,True,15.11.2024,2688458,1284851
102443454,10237826,11527763,Randenstrasse,176c,8200 Schaffhausen,2939,SH,real,True,15.11.2024,2688598,1284679
102443457,10237826,191701377,Randenstrasse,179,8200 Schaffhausen,2939,SH,real,True,15.11.2024,2688495,1284712
102443458,10237826,2029603,Randenstrasse,59,8200 Schaffhausen,2939,SH,real,True,15.11.2024,2688967,1284077
102443460,10237826,1611406,Randenstrasse,34,8200 Schaffhausen,2939,SH,real,True,15.11.2024,2689046,1284098
102443461,10237826,1611249,Randenstrasse,63,8200 Schaffhausen,2939,SH,real,True,15.11.2024,2688951,1284112
102443462,10237826,1611250,Randenstrasse,65,8200 Schaffhausen,2939,SH,real,True,15.11.2024,2688871,1284152
102443463,10237826,1611251,Randenstrasse,67,8200 Schaffhausen,2939,SH,real,True,15.11.2024,2688856,1284174
102443465,10237826,1611279,Randenstrasse,73,8200 Schaffhausen,2939,SH,real,True,15.11.2024,2688761,1284299
102443466,10237826,191464050,Randenstrasse,185,8200 Schaffhausen,2939,SH,real,True,15.11.2024,2688488,1284774
102443468,10237826,1611686,Randenstrasse,180f,8200 Schaffhausen,2939,SH,real,True,15.11.2024,2688561,1284761
102443469,10237826,1611682,Randenstrasse,180b,8200 Schaffhausen,2939,SH,real,True,15.11.2024,2688546,1284778
102443470,10237826,1611346,Randenstrasse,147,8200 Schaffhausen,2939,SH,real,True,15.11.2024,2688605,1284477
102443472,10237826,1611680,Randenstrasse,180,8200 Schaffhausen,2939,SH,real,True,15.11.2024,2688539,1284789
102443474,10237826,1611510,Randenstrasse,181,8200 Schaffhausen,2939,SH,real,True,15.11.2024,2688502,1284738
102443479,10237826,1611434,Randenstrasse,130,8200 Schaffhausen,2939,SH,real,True,15.11.2024,2688623,1284516
102443481,10237826,1611281,Randenstrasse,77,8200 Schaffhausen,2939,SH,real,True,15.11.2024,2688742,1284317
102443483,10237826,191689866,Randenstrasse,180h,8200 Schaffhausen,2939,SH,real,True,15.11.2024,2688565,1284783
102443486,10237826,191752820,Randenstrasse,,8200 Schaffhausen,2939,SH,real,True,23.07.2024,2688315,1284791
102443489,10237826,1611693,Randenstrasse,216,8200 Schaffhausen,2939,SH,real,True,15.11.2024,2688396,1284820
102443512,10240266,191752848,Häidefore,,8222 Beringen,2932,SH,real,True,23.07.2024,2685420,1282494
102443538,10046615,2711529,Dützebüelstrasse,36a,8207 Schaffhausen,2939,SH,real,True,15.11.2024,2692060,1286657
102443571,10118352,191752954,Dorfstrasse,24,8239 Dörflingen,2915,SH,real,True,15.11.2024,2696312,1284741
102443631,10148816,191753095,Hauptstrasse,90b,8217 Wilchingen,2974,SH,real,True,15.11.2024,2677043,1280269
102443708,10237826,191753174,Randenstrasse,177,8200 Schaffhausen,2939,SH,real,True,15.11.2024,2688514,1284714
102443712,10091244,191753178,Badische Bahnhofstrasse,23.1,8212 Neuhausen am Rheinfall,2937,SH,real,True,23.07.2024,2688082,1281940
102444078,10058934,191753684,Industrieplatz,5,8212 Neuhausen am Rheinfall,2937,SH,real,True,15.11.2024,2688563,1281666
102444086,10187915,191753712,Chobewis,7,8228 Beggingen,2951,SH,real,True,15.11.2024,2681939,1291298
102444089,10017852,191753715,Bachtelstrasse,9.1,8212 Neuhausen am Rheinfall,2937,SH,real,True,23.07.2024,2687835,1282067
102444092,10017851,191753718,Alpenstrasse,3.1,8212 Neuhausen am Rheinfall,2937,SH,real,True,23.07.2024,2688482,1282175
102444094,10017851,191753732,Alpenstrasse,9.1,8212 Neuhausen am Rheinfall,2937,SH,real,True,23.07.2024,2688522,1282202
102444098,10017851,191753736,Alpenstrasse,7.1,8212 Neuhausen am Rheinfall,2937,SH,real,True,23.07.2024,2688520,1282198
102444174,10017851,191754012,Alpenstrasse,12.1,8212 Neuhausen am Rheinfall,2937,SH,real,True,23.07.2024,2688554,1282181
102444175,10017851,191754013,Alpenstrasse,18.1,8212 Neuhausen am Rheinfall,2937,SH,real,True,23.07.2024,2688575,1282236
102444244,10108015,191754093,Hauptstrasse,99,8232 Merishausen,2936,SH,real,True,15.11.2024,2687659,1291051
102444340,10237826,1611308,Randenstrasse,135,8200 Schaffhausen,2939,SH,real,True,15.11.2024,2688690,1284370
102444341,10237826,1611326,Randenstrasse,141,8200 Schaffhausen,2939,SH,real,True,15.11.2024,2688635,1284437
102444342,10237826,191632833,Randenstrasse,175a,8200 Schaffhausen,2939,SH,real,True,15.11.2024,2688489,1284671
102444345,10237826,1611328,Randenstrasse,137,8200 Schaffhausen,2939,SH,real,True,15.11.2024,2688665,1284400
102444347,10237826,1611435,Randenstrasse,132,8200 Schaffhausen,2939,SH,real,True,15.11.2024,2688612,1284558
102444349,10237826,1611325,Randenstrasse,143,8200 Schaffhausen,2939,SH,real,True,15.11.2024,2688629,1284445
102444356,10237826,1611327,Randenstrasse,139,8200 Schaffhausen,2939,SH,real,True,15.11.2024,2688641,1284429
102444358,10237826,1611694,Randenstrasse,218,8200 Schaffhausen,2939,SH,real,True,15.11.2024,2688388,1284821
102444359,10237826,191632834,Randenstrasse,175,8200 Schaffhausen,2939,SH,real,True,15.11.2024,2688525,1284667
102444363,10237826,1611687,Randenstrasse,180g,8200 Schaffhausen,2939,SH,real,True,15.11.2024,2688567,1284758
102444375,10237826,1611433,Randenstrasse,128,8200 Schaffhausen,2939,SH,real,True,15.11.2024,2688638,1284488
102444377,10237826,1611280,Randenstrasse,75,8200 Schaffhausen,2939,SH,real,True,15.11.2024,2688745,1284315
102444379,10237826,1611696,Randenstrasse,222,8200 Schaffhausen,2939,SH,real,True,15.11.2024,2688379,1284813
102444380,10237826,1611390,Randenstrasse,171,8200 Schaffhausen,2939,SH,real,True,15.11.2024,2688568,1284577
102444390,10237826,1611683,Randenstrasse,180c,8200 Schaffhausen,2939,SH,real,True,15.11.2024,2688549,1284773
102444392,10237826,1611685,Randenstrasse,180e,8200 Schaffhausen,2939,SH,real,True,15.11.2024,2688555,1284763
102444395,10237826,1611689,Randenstrasse,200a,8200 Schaffhausen,2939,SH,real,True,15.11.2024,2688515,1284857
102444396,10237826,1611689,Randenstrasse,204a,8200 Schaffhausen,2939,SH,real,True,15.11.2024,2688515,1284868
102444397,10237826,1611689,Randenstrasse,184,8200 Schaffhausen,2939,SH,real,True,15.11.2024,2688502,1284816
102444398,10237826,1611689,Randenstrasse,196,8200 Schaffhausen,2939,SH,real,True,15.11.2024,2688504,1284854
102444399,10237826,1611689,Randenstrasse,196a,8200 Schaffhausen,2939,SH,real,True,15.11.2024,2688514,1284846
102444400,10237826,1611689,Randenstrasse,204,8200 Schaffhausen,2939,SH,real,True,15.11.2024,2688504,1284875
102444401,10237826,1611689,Randenstrasse,186,8200 Schaffhausen,2939,SH,real,True,15.11.2024,2688503,1284823
102444402,10237826,1611689,Randenstrasse,202a,8200 Schaffhausen,2939,SH,real,True,15.11.2024,2688515,1284862
102444403,10237826,1611689,Randenstrasse,198a,8200 Schaffhausen,2939,SH,real,True,15.11.2024,2688514,1284851
102444404,10237826,1611689,Randenstrasse,190a,8200 Schaffhausen,2939,SH,real,True,15.11.2024,2688514,1284829
102444405,10237826,1611689,Randenstrasse,188a,8200 Schaffhausen,2939,SH,real,True,15.11.2024,2688513,1284824
102444406,10237826,1611689,Randenstrasse,198,8200 Schaffhausen,2939,SH,real,True,15.11.2024,2688504,1284860
102444407,10237826,1611689,Randenstrasse,190,8200 Schaffhausen,2939,SH,real,True,15.11.2024,2688503,1284837
102444408,10237826,1611689,Randenstrasse,194a,8200 Schaffhausen,2939,SH,real,True,15.11.2024,2688514,1284840
102444409,10237826,1611689,Randenstrasse,200,8200 Schaffhausen,2939,SH,real,True,15.11.2024,2688504,1284865
102444410,10237826,1611689,Randenstrasse,186a,8200 Schaffhausen,2939,SH,real,True,15.11.2024,2688513,1284815
102444411,10237826,1611689,Randenstrasse,194,8200 Schaffhausen,2939,SH,real,True,15.11.2024,2688504,1284849
102444412,10237826,1611689,Randenstrasse,202,8200 Schaffhausen,2939,SH,real,True,15.11.2024,2688504,1284870
102444413,10237826,1611689,Randenstrasse,192,8200 Schaffhausen,2939,SH,real,True,15.11.2024,2688503,1284842
102444414,10237826,1611689,Randenstrasse,192a,8200 Schaffhausen,2939,SH,real,True,15.11.2024,2688514,1284835
102444415,10237826,1611689,Randenstrasse,188,8200 Schaffhausen,2939,SH,real,True,15.11.2024,2688503,1284831
102444420,10237826,191632835,Randenstrasse,175b,8200 Schaffhausen,2939,SH,real,True,15.11.2024,2688506,1284697
102444423,10237826,1611681,Randenstrasse,180a,8200 Schaffhausen,2939,SH,real,True,15.11.2024,2688543,1284783
102444515,10117742,191754636,Untere Buckstrasse,10,8215 Hallau,2971,SH,real,True,15.11.2024,2677047,1283573
102444518,10128137,191754639,Kapellenstrasse,3,8215 Hallau,2971,SH,real,True,15.11.2024,2677059,1283552
102444522,10031508,191754711,Schmalzgasse,50,8215 Hallau,2971,SH,real,True,15.11.2024,2676153,1283153
102444528,10111812,191754751,Ebringerstrasse,70,8240 Thayngen,2920,SH,real,True,15.11.2024,2696183,1289287
102444529,10111812,191754751,Ebringerstrasse,72,8240 Thayngen,2920,SH,real,True,15.11.2024,2696182,1289281
102444530,10111812,191754751,Ebringerstrasse,74,8240 Thayngen,2920,SH,real,True,15.11.2024,2696182,1289274
102444748,10179730,191755332,Spielweg,,8200 Schaffhausen,2939,SH,real,True,23.07.2024,2688783,1284327
102444749,10073055,191755333,Mühlentalstrasse,,8200 Schaffhausen,2939,SH,real,True,23.07.2024,2689432,1284853
102444751,10122077,191755335,Widlenstrasse,,8203 Schaffhausen,2939,SH,real,True,23.07.2024,2692004,1283755
102444752,10179734,191755336,Weinsteig,,8200 Schaffhausen,2939,SH,real,True,23.07.2024,2689619,1284875
102444753,10179730,191755337,Spielweg,1,8200 Schaffhausen,2939,SH,real,True,15.11.2024,2688872,1284397
102444754,10073055,191755338,Mühlentalstrasse,278a,8200 Schaffhausen,2939,SH,real,True,15.11.2024,2689508,1286237
102444755,10073055,191755339,Mühlentalstrasse,,8200 Schaffhausen,2939,SH,real,True,23.07.2024,2689355,1286810
102444757,10122077,191755341,Widlenstrasse,,8203 Schaffhausen,2939,SH,real,True,23.07.2024,2691954,1284188
102444758,10122077,191755342,Widlenstrasse,,8203 Schaffhausen,2939,SH,real,True,23.07.2024,2691925,1284238
102444759,10018669,191755343,Kesselstrasse,,8200 Schaffhausen,2939,SH,real,True,23.07.2024,2691038,1283879
102444760,10179734,191755344,Weinsteig,,8200 Schaffhausen,2939,SH,real,True,19.11.2024,2689529,1284792
102444761,10122077,191755345,Widlenstrasse,,8203 Schaffhausen,2939,SH,real,True,23.07.2024,2691943,1284195
102444763,10237826,191755347,Randenstrasse,,8200 Schaffhausen,2939,SH,real,True,23.07.2024,2688385,1284924
102444765,10025700,191755349,Trüllenbuck,,8207 Schaffhausen,2939,SH,real,True,23.07.2024,2691427,1286599
102444766,10113200,191755350,Oberwiesenweg,,8207 Schaffhausen,2939,SH,real,True,23.07.2024,2691780,1287188
102444767,10018669,191755351,Kesselstrasse,,8200 Schaffhausen,2939,SH,real,True,23.07.2024,2690864,1284216
102444768,10086764,191755352,Im Storchen,,8212 Neuhausen am Rheinfall,2939,SH,real,True,23.07.2024,2688708,1283459
102444769,10073055,191755353,Mühlentalstrasse,,8200 Schaffhausen,2939,SH,real,True,23.07.2024,2689497,1285034
102444770,10073050,191755354,Kreuzgutweg,,8207 Schaffhausen,2939,SH,real,True,23.07.2024,2691562,1286632
102444772,10085734,191755356,Rittergutstrasse,,8200 Schaffhausen,2939,SH,real,True,23.07.2024,2689802,1284353
102444773,10187856,191755371,Spiegelgutstrasse,,8200 Schaffhausen,2939,SH,real,True,23.07.2024,2690494,1286001
102444775,10073055,191755373,Mühlentalstrasse,323,8200 Schaffhausen,2939,SH,real,True,15.11.2024,2689302,1286815
102444776,10025700,191755374,Trüllenbuck,,8207 Schaffhausen,2939,SH,real,True,23.07.2024,2691773,1286650
102444794,10192055,191752459,Gänzlerweg,6a,8241 Barzheim,2920,SH,planned,False,23.07.2024,2696246,1290665
102444855,10019295,191755576,Felsenaustrasse,5.1,8200 Schaffhausen,2939,SH,real,True,23.07.2024,2689517,1285316
102444859,10180886,191755580,Urwerfhalde,12.1,8200 Schaffhausen,2939,SH,real,True,23.07.2024,2688895,1283525
102444860,10178606,191755581,Etzelstrasse,19.1,8200 Schaffhausen,2939,SH,real,True,23.07.2024,2688151,1284518
102444861,10178606,191755582,Etzelstrasse,17.1,8200 Schaffhausen,2939,SH,real,True,23.07.2024,2688154,1284517
102444862,10178606,191755583,Etzelstrasse,15.2,8200 Schaffhausen,2939,SH,real,True,23.07.2024,2688157,1284516
102444863,10046620,191755584,Irchelstrasse,34.1,8200 Schaffhausen,2939,SH,real,True,23.07.2024,2688585,1284709
102444864,10046620,191755585,Irchelstrasse,32.1,8200 Schaffhausen,2939,SH,real,True,23.07.2024,2688592,1284712
102444865,10086487,191755586,Gemshalde,,8200 Schaffhausen,2939,SH,real,True,23.07.2024,2690439,1285759
102444866,10186339,473213,Gellerstrasse,8a,8222 Beringen,2932,SH,real,True,15.11.2024,2685281,1283669
102444869,10106951,191755593,Rheinhaldenstrasse,91.1,8200 Schaffhausen,2939,SH,real,True,23.07.2024,2691718,1282625
102444870,10106951,191755594,Rheinhaldenstrasse,92.1,8200 Schaffhausen,2939,SH,real,True,23.07.2024,2691722,1282623
102444871,10106951,191755595,Rheinhaldenstrasse,96.1,8200 Schaffhausen,2939,SH,real,True,23.07.2024,2691734,1282612
102444872,10106951,191755596,Rheinhaldenstrasse,97.2,8200 Schaffhausen,2939,SH,real,True,23.07.2024,2691740,1282609
102444874,10106951,191755598,Rheinhaldenstrasse,95.1,8200 Schaffhausen,2939,SH,real,True,23.07.2024,2691749,1282595
102444876,10180882,191755600,Im Stemmerli,,8200 Schaffhausen,2939,SH,real,True,23.07.2024,2691901,1282580
102444878,10180882,191755602,Im Stemmerli,21.1,8200 Schaffhausen,2939,SH,real,True,23.07.2024,2691878,1282547
102444880,10180882,191755604,Im Stemmerli,19.1,8200 Schaffhausen,2939,SH,real,True,23.07.2024,2691882,1282545
102444881,10086481,191755605,Fischerhäuserstrasse,,8200 Schaffhausen,2939,SH,real,True,23.07.2024,2690459,1283426
102444882,10180882,191755606,Im Stemmerli,17.1,8200 Schaffhausen,2939,SH,real,True,23.07.2024,2691898,1282538
102444883,10180882,191755607,Im Stemmerli,15.1,8200 Schaffhausen,2939,SH,real,True,23.07.2024,2691903,1282535
102444884,10086475,191755608,Buchthalerstrasse,53.1,8200 Schaffhausen,2939,SH,real,True,23.07.2024,2690559,1283471
102444885,10180882,191755609,Im Stemmerli,30.1,8200 Schaffhausen,2939,SH,real,True,23.07.2024,2691868,1282577
102444886,10180882,191755610,Im Stemmerli,13.1,8200 Schaffhausen,2939,SH,real,True,23.07.2024,2691941,1282555
102444887,10180882,191755611,Im Stemmerli,11.1,8200 Schaffhausen,2939,SH,real,True,23.07.2024,2691938,1282557
102444889,10180882,191755612,Im Stemmerli,9.1,8200 Schaffhausen,2939,SH,real,True,19.11.2024,2691935,1282558
102444890,10180882,191755613,Im Stemmerli,30.2,8200 Schaffhausen,2939,SH,real,True,23.07.2024,2691860,1282576
102444891,10019275,191755614,Beckengässchen,1.1,8200 Schaffhausen,2939,SH,real,True,23.07.2024,2689431,1283604
102444892,10025712,191755615,Zimmerweg,25.1,8200 Schaffhausen,2939,SH,real,True,23.07.2024,2689344,1283573
102444893,10025691,191755616,Steigstrasse,68.1,8200 Schaffhausen,2939,SH,real,True,23.07.2024,2689261,1283629
102444894,10025691,191755617,Steigstrasse,68.2,8200 Schaffhausen,2939,SH,real,True,23.07.2024,2689230,1283530
102444896,10073034,191755619,Friedbergstrasse,1.2,8200 Schaffhausen,2939,SH,real,True,23.07.2024,2689266,1283679
102444897,10073034,191755620,Friedbergstrasse,1.1,8200 Schaffhausen,2939,SH,real,True,23.07.2024,2689246,1283687
102444899,10186932,191755622,Rehgütliweg,5.1,8200 Schaffhausen,2939,SH,real,True,23.07.2024,2689014,1283606
102444901,10106950,191755624,Kometsträsschen,65.2,8200 Schaffhausen,2939,SH,real,True,23.07.2024,2689107,1283536
102444902,10106950,191755625,Kometsträsschen,65.1,8200 Schaffhausen,2939,SH,real,True,23.07.2024,2689169,1283529
102444903,10106950,191755626,Kometsträsschen,50.3,8200 Schaffhausen,2939,SH,real,True,23.07.2024,2689193,1283525
102444905,10106950,191755627,Kometsträsschen,50.6,8200 Schaffhausen,2939,SH,real,True,23.07.2024,2689236,1283512
102444906,10025691,191755628,Steigstrasse,78.1,8200 Schaffhausen,2939,SH,real,True,23.07.2024,2689295,1283745
102444907,10025712,191755629,Zimmerweg,1.1,8200 Schaffhausen,2939,SH,real,True,23.07.2024,2689376,1283540
102444909,10025691,191755630,Steigstrasse,80.1,8200 Schaffhausen,2939,SH,real,True,23.07.2024,2689305,1283716
102444910,10086485,191755631,Fäsenstaubstrasse,15.1,8200 Schaffhausen,2939,SH,real,True,23.07.2024,2689164,1283362
102444911,10085724,191755632,Mühlenstrasse,5.4,8200 Schaffhausen,2939,SH,real,True,23.07.2024,2689466,1283268
102444912,10086485,191755633,Fäsenstaubstrasse,,8200 Schaffhausen,2939,SH,real,True,23.07.2024,2689227,1283387
102444913,10025691,191755634,Steigstrasse,88.1,8200 Schaffhausen,2939,SH,real,True,23.07.2024,2689276,1283758
102444914,10025691,191755635,Steigstrasse,88.2,8200 Schaffhausen,2939,SH,real,True,23.07.2024,2689278,1283772
102444915,10018642,191755636,Grabenstrasse,5.1,8200 Schaffhausen,2939,SH,real,True,23.07.2024,2689511,1283285
102444917,10106951,191755638,Rheinhaldenstrasse,123.1,8200 Schaffhausen,2939,SH,real,True,23.07.2024,2691977,1282496
102444919,10018662,191755640,Im Freien,,8203 Schaffhausen,2939,SH,real,True,23.07.2024,2691787,1283135
102444920,10085745,191755641,Splügenstrasse,,8200 Schaffhausen,2939,SH,real,True,23.07.2024,2690911,1283795
102444921,10085745,191755642,Splügenstrasse,,8200 Schaffhausen,2939,SH,real,True,23.07.2024,2690918,1283793
102444922,10073022,191755643,Alpenstrasse,,8200 Schaffhausen,2939,SH,real,True,23.07.2024,2690923,1283861
102444923,10019271,191755644,Artilleriestrasse,,8200 Schaffhausen,2939,SH,real,True,23.07.2024,2691476,1284411
102444924,10019271,191755645,Artilleriestrasse,,8200 Schaffhausen,2939,SH,real,True,23.07.2024,2691371,1284428
102444925,10179713,191755646,Furkastieg,,8203 Schaffhausen,2939,SH,real,True,23.07.2024,2691100,1283545
102444926,10018657,191755647,Hohlenbaumstrasse,145.1,8200 Schaffhausen,2939,SH,real,True,23.07.2024,2688956,1284749
102444927,10018657,191755648,Hohlenbaumstrasse,147.1,8200 Schaffhausen,2939,SH,real,True,23.07.2024,2688954,1284747
102444928,10019779,191755649,Mühlentalsträsschen,47.7,8200 Schaffhausen,2939,SH,real,True,23.07.2024,2689353,1284201
102445427,10054974,191755754,Ömiligarten,1,8236 Büttenhardt,2914,SH,real,True,15.11.2024,2690988,1290323
102445436,10054971,191755782,Lindenhof,66,8243 Altdorf SH,2920,SH,real,True,15.11.2024,2691292,1294354
102445457,10112907,191755895,Rabenfluhstrasse,9.2,8212 Neuhausen am Rheinfall,2937,SH,real,True,23.07.2024,2688953,1282444
102445458,10112907,191755896,Rabenfluhstrasse,9.3,8212 Neuhausen am Rheinfall,2937,SH,real,True,23.07.2024,2688960,1282309
102445459,10112907,191755897,Rabenfluhstrasse,25.1,8212 Neuhausen am Rheinfall,2937,SH,real,True,23.07.2024,2689022,1282146
102447486,10085724,191756114,Mühlenstrasse,26.3,8200 Schaffhausen,2939,SH,real,True,23.07.2024,2689341,1283219
102447487,10179734,191756115,Weinsteig,8.1,8200 Schaffhausen,2939,SH,real,True,23.07.2024,2689734,1284112
102447488,10085724,191756116,Mühlenstrasse,19.1,8200 Schaffhausen,2939,SH,real,True,23.07.2024,2689508,1283220
102447489,10085724,191756117,Mühlenstrasse,56.1,8200 Schaffhausen,2939,SH,real,True,23.07.2024,2689206,1283211
102447490,10086490,191756118,Grubenstrasse,23.1,8200 Schaffhausen,2939,SH,real,True,19.11.2024,2690304,1284222
102447491,10179734,191756119,Weinsteig,1.1,8200 Schaffhausen,2939,SH,real,True,23.07.2024,2689745,1284066
102447492,10018654,191756120,Hochstrasse,5.2,8200 Schaffhausen,2939,SH,real,True,23.07.2024,2689740,1284031
102447493,10018654,191756121,Hochstrasse,5.1,8200 Schaffhausen,2939,SH,real,True,23.07.2024,2689733,1284026
102447498,10019779,191756134,Mühlentalsträsschen,53.9,8200 Schaffhausen,2939,SH,real,True,23.07.2024,2689323,1284226
102447499,10019779,191756135,Mühlentalsträsschen,47.5,8200 Schaffhausen,2939,SH,real,True,23.07.2024,2689362,1284212
102447502,10019779,191756136,Mühlentalsträsschen,53.8,8200 Schaffhausen,2939,SH,real,True,23.07.2024,2689329,1284238
102447504,10019779,191756137,Mühlentalsträsschen,53.1,8200 Schaffhausen,2939,SH,real,True,23.07.2024,2689331,1284224
102447505,10019779,191756151,Mühlentalsträsschen,47.3,8200 Schaffhausen,2939,SH,real,True,23.07.2024,2689322,1284203
102447506,10019779,191756171,Mühlentalsträsschen,19.1,8200 Schaffhausen,2939,SH,real,True,23.07.2024,2689366,1284061
102447507,10019779,191756172,Mühlentalsträsschen,17.1,8200 Schaffhausen,2939,SH,real,True,23.07.2024,2689376,1284026
102447508,10018657,191756173,Hohlenbaumstrasse,149.1,8200 Schaffhausen,2939,SH,real,True,23.07.2024,2688954,1284745
102447509,10018657,191756174,Hohlenbaumstrasse,151.1,8200 Schaffhausen,2939,SH,real,True,23.07.2024,2688953,1284742
102447510,10018657,191756175,Hohlenbaumstrasse,153.1,8200 Schaffhausen,2939,SH,real,True,23.07.2024,2688951,1284740
102447511,10018657,191756176,Hohlenbaumstrasse,155.1,8200 Schaffhausen,2939,SH,real,True,23.07.2024,2688949,1284737
102447512,10019275,191756177,Beckengässchen,29.1,8200 Schaffhausen,2939,SH,real,True,23.07.2024,2689440,1283752
102447514,10025691,191756179,Steigstrasse,94.1,8200 Schaffhausen,2939,SH,real,True,23.07.2024,2689229,1283849
102447515,10086482,191756180,Freistrasse,94.2,8200 Schaffhausen,2939,SH,real,True,23.07.2024,2689193,1283929
102447516,10019783,191756181,Nordstrasse,16.2,8200 Schaffhausen,2939,SH,real,True,23.07.2024,2689298,1283865
102447535,10019783,191756200,Nordstrasse,22.2,8200 Schaffhausen,2939,SH,real,True,23.07.2024,2689276,1284086
102447536,10019783,191756201,Nordstrasse,92.1,8200 Schaffhausen,2939,SH,real,True,23.07.2024,2689253,1284515
102447537,10019783,191756202,Nordstrasse,116b.1,8200 Schaffhausen,2939,SH,real,True,23.07.2024,2689301,1284711
102447538,10046618,191756203,Fernsichtstrasse,16.1,8200 Schaffhausen,2939,SH,real,True,23.07.2024,2688969,1284853
102447567,10046618,191756275,Fernsichtstrasse,14.1,8200 Schaffhausen,2939,SH,real,True,23.07.2024,2688969,1284849
102447574,10019295,191756283,Felsenaustrasse,3.2,8200 Schaffhausen,2939,SH,real,True,23.07.2024,2689504,1285340
102447579,10019295,191756287,Felsenaustrasse,3.1,8200 Schaffhausen,2939,SH,real,True,23.07.2024,2689501,1285349
102447583,10179734,191756292,Weinsteig,54.2,8200 Schaffhausen,2939,SH,real,True,23.07.2024,2689662,1284352
102447596,10046618,191756305,Fernsichtstrasse,15.1,8200 Schaffhausen,2939,SH,real,True,23.07.2024,2688952,1284853
102447598,10046618,191756307,Fernsichtstrasse,,8200 Schaffhausen,2939,SH,real,True,23.07.2024,2688967,1284768
102447600,10108021,191756309,Hauentalstrasse,34.1,8200 Schaffhausen,2939,SH,real,True,23.07.2024,2689095,1285086
102447615,10073022,191756471,Alpenstrasse,,8200 Schaffhausen,2939,SH,real,True,23.07.2024,2690870,1283828
102447632,10073022,191756611,Alpenstrasse,,8200 Schaffhausen,2939,SH,real,True,23.07.2024,2690844,1283860
102447633,10073022,191756631,Alpenstrasse,,8200 Schaffhausen,2939,SH,real,True,23.07.2024,2690756,1283830
102447634,10073022,191756632,Alpenstrasse,,8200 Schaffhausen,2939,SH,real,True,23.07.2024,2690929,1283851
102447635,10073022,191756633,Alpenstrasse,,8203 Schaffhausen,2939,SH,real,True,23.07.2024,2691752,1283667
102447639,10073022,191756672,Alpenstrasse,,8203 Schaffhausen,2939,SH,real,True,23.07.2024,2691605,1283642
102447640,10073022,191756673,Alpenstrasse,27.1,8200 Schaffhausen,2939,SH,real,True,23.07.2024,2688691,1284342
102447641,10073022,191756674,Alpenstrasse,,8200 Schaffhausen,2939,SH,real,True,23.07.2024,2690884,1283849
102447643,10073022,191756676,Alpenstrasse,1301.4,8200 Schaffhausen,2939,SH,real,True,03.09.2024,2690374,1283860
102447644,10073022,191756677,Alpenstrasse,1301,8200 Schaffhausen,2939,SH,real,True,03.09.2024,2690387,1283877
102447648,10073022,191756681,Alpenstrasse,49.1,8200 Schaffhausen,2939,SH,real,True,23.07.2024,2690614,1283884
102447649,10019270,191756682,Alte Gasse,,8203 Schaffhausen,2939,SH,real,True,23.07.2024,2691266,1283590
102447650,10019270,191756683,Alte Gasse,,8203 Schaffhausen,2939,SH,real,True,23.07.2024,2691269,1283588
102447651,10019270,191756684,Alte Gasse,,8203 Schaffhausen,2939,SH,real,True,23.07.2024,2691310,1283581
102447652,10019270,191756685,Alte Gasse,,8203 Schaffhausen,2939,SH,real,True,23.07.2024,2691263,1283572
102447653,10019270,191756686,Alte Gasse,,8203 Schaffhausen,2939,SH,real,True,23.07.2024,2691267,1283577
102447656,10018657,191756689,Hohlenbaumstrasse,55.1,8200 Schaffhausen,2939,SH,real,True,23.07.2024,2688492,1284631
102447657,10018657,191756690,Hohlenbaumstrasse,45.1,8200 Schaffhausen,2939,SH,real,True,23.07.2024,2688459,1284576
102447719,10087218,191756837,Betteltalstrasse,634,8262 Ramsen,2963,SH,real,True,15.11.2024,2702763,1284917
102447799,10018657,191756952,Hohlenbaumstrasse,45.2,8200 Schaffhausen,2939,SH,real,True,23.07.2024,2688415,1284620
102447800,10018657,191756953,Hohlenbaumstrasse,39.1,8200 Schaffhausen,2939,SH,real,True,23.07.2024,2688431,1284540
102447801,10073024,191756954,Bachtelstrasse,28.1,8200 Schaffhausen,2939,SH,real,True,23.07.2024,2688608,1284804
102447802,10113207,191756955,Oerlifall,57.3,8200 Schaffhausen,2939,SH,real,True,23.07.2024,2688188,1284076
102447803,10113207,191756956,Oerlifall,57.2,8200 Schaffhausen,2939,SH,real,True,23.07.2024,2688170,1284077
102447804,10085748,191756957,Stokarbergstrasse,125.1,8200 Schaffhausen,2939,SH,real,True,23.07.2024,2688625,1283470
102447805,10019287,191756958,Bühlstrasse,,8200 Schaffhausen,2939,SH,real,True,23.07.2024,2689127,1283928
102447806,10073067,191756959,Sonnenburggutstrasse,,8200 Schaffhausen,2939,SH,real,True,23.07.2024,2688670,1283715
102447807,10179718,191756960,Im Riet,,8200 Schaffhausen,2939,SH,real,True,19.11.2024,2688414,1284156
102447808,10085748,191756961,Stokarbergstrasse,62.2,8200 Schaffhausen,2939,SH,real,True,23.07.2024,2688899,1283719
102447809,10085748,191756962,Stokarbergstrasse,62.1,8200 Schaffhausen,2939,SH,real,True,23.07.2024,2688946,1283710
102447810,10085748,191756963,Stokarbergstrasse,76.1,8200 Schaffhausen,2939,SH,real,True,23.07.2024,2688811,1283688
102447811,10085748,191756964,Stokarbergstrasse,76.2,8200 Schaffhausen,2939,SH,real,True,23.07.2024,2688834,1283699
102447812,10085748,191756965,Stokarbergstrasse,,8200 Schaffhausen,2939,SH,real,True,23.07.2024,2688761,1283592
102447821,10085748,191756995,Stokarbergstrasse,65.1,8200 Schaffhausen,2939,SH,real,True,23.07.2024,2688880,1283671
102447823,10086470,191756997,Bachstrasse,56.1,8200 Schaffhausen,2939,SH,real,True,23.07.2024,2689965,1283822
102447824,10073062,191756998,Römerstieg,11.4,8200 Schaffhausen,2939,SH,real,True,23.07.2024,2690221,1283557
102447825,10106951,191756999,Rheinhaldenstrasse,,8200 Schaffhausen,2939,SH,real,True,23.07.2024,2690719,1283401
102447826,10085757,191757000,Wiesenweg,12.2,8200 Schaffhausen,2939,SH,real,True,23.07.2024,2689706,1284595
102447827,10073062,191757001,Römerstieg,11.5,8200 Schaffhausen,2939,SH,real,True,23.07.2024,2690230,1283527
102447828,10085757,191757002,Wiesenweg,12.1,8200 Schaffhausen,2939,SH,real,True,23.07.2024,2689705,1284589
102447829,10106951,191757003,Rheinhaldenstrasse,16.1,8200 Schaffhausen,2939,SH,real,True,23.07.2024,2690835,1283283
102447830,10187858,191757004,Vögelingässchen,24.1,8200 Schaffhausen,2939,SH,real,True,19.11.2024,2691666,1282795
102447831,10187858,191757005,Vögelingässchen,24.2,8200 Schaffhausen,2939,SH,real,True,23.07.2024,2691649,1282812
102447833,10106951,191757007,Rheinhaldenstrasse,72.1,8200 Schaffhausen,2939,SH,real,True,23.07.2024,2691429,1282768
102447834,10106951,191757008,Rheinhaldenstrasse,105.2,8200 Schaffhausen,2939,SH,real,True,23.07.2024,2691802,1282570
102447835,10179732,191757009,Tellstrasse,,8200 Schaffhausen,2939,SH,real,True,23.07.2024,2690323,1284101
102447836,10186931,191757010,Emmersbergstrasse,63.5,8200 Schaffhausen,2939,SH,real,True,19.11.2024,2690220,1284075
102447837,10186931,191757011,Emmersbergstrasse,63.2,8200 Schaffhausen,2939,SH,real,True,23.07.2024,2690238,1284083
102447838,10186931,191757012,Emmersbergstrasse,45.3,8200 Schaffhausen,2939,SH,real,True,23.07.2024,2690144,1284125
102447839,10179732,191757013,Tellstrasse,4.2,8200 Schaffhausen,2939,SH,real,True,23.07.2024,2690307,1283992
102447840,10046613,191757014,Bürgerstrasse,49.2,8200 Schaffhausen,2939,SH,real,True,23.07.2024,2690287,1283871
102447841,10086490,191757015,Grubenstrasse,93.1,8200 Schaffhausen,2939,SH,real,True,23.07.2024,2690805,1284307
102447843,10086490,191757017,Grubenstrasse,133.4,8200 Schaffhausen,2939,SH,real,True,23.07.2024,2691116,1284317
102447844,10086490,191757018,Grubenstrasse,133.3,8200 Schaffhausen,2939,SH,real,True,23.07.2024,2691102,1284302
102447845,10086490,191757019,Grubenstrasse,133.2,8200 Schaffhausen,2939,SH,real,True,23.07.2024,2691118,1284294
102447846,10103224,191757020,Niklausenstieg,4.1,8200 Schaffhausen,2939,SH,real,True,23.07.2024,2690643,1284374
102447847,10086490,191757021,Grubenstrasse,73.3,8200 Schaffhausen,2939,SH,real,True,23.07.2024,2690537,1284323
102447848,10086490,191757022,Grubenstrasse,71.3,8200 Schaffhausen,2939,SH,real,True,23.07.2024,2690507,1284334
102447849,10179719,191757023,Kesselgutstieg,8.2,8200 Schaffhausen,2939,SH,real,True,19.11.2024,2690973,1284292
102447850,10179719,191757024,Kesselgutstieg,8.1,8200 Schaffhausen,2939,SH,real,True,23.07.2024,2690968,1284279
102447953,10026323,191757220,Kirchstrasse,20,8214 Gächlingen,2901,SH,real,True,15.11.2024,2679749,1284112
102447954,10161022,191757221,Postweg,2,8214 Gächlingen,2901,SH,real,True,15.11.2024,2679699,1284232
102447958,10186343,191757231,Rheingoldstrasse,5,8212 Neuhausen am Rheinfall,2937,SH,real,True,15.11.2024,2688699,1281737
102447959,10186343,191757251,Rheingoldstrasse,42,8212 Neuhausen am Rheinfall,2937,SH,real,True,15.11.2024,2688906,1281909
102447966,10103227,191757277,Schlagbaumstrasse,4.1,8200 Schaffhausen,2939,SH,real,True,23.07.2024,2689880,1284016
102447967,10018654,191757278,Hochstrasse,23.1,8200 Schaffhausen,2939,SH,real,True,19.11.2024,2689783,1284253
102447970,10046630,191757281,Rothüsliweg,4.1,8200 Schaffhausen,2939,SH,real,True,23.07.2024,2689885,1284660
102447972,10073035,191757283,Fulachstrasse,80.1,8200 Schaffhausen,2939,SH,real,True,23.07.2024,2690140,1284584
102447973,10073035,191757284,Fulachstrasse,40.1,8200 Schaffhausen,2939,SH,real,True,23.07.2024,2690039,1284386
102447974,10018633,191757285,Freudental,1.1,8200 Schaffhausen,2939,SH,real,True,23.07.2024,2689964,1287857
102447977,10187856,191757288,Spiegelgutstrasse,27.1,8200 Schaffhausen,2939,SH,real,True,23.07.2024,2690575,1285938
102447978,10018654,191757289,Hochstrasse,4.2,8200 Schaffhausen,2939,SH,real,True,23.07.2024,2689930,1284771
102447980,10018654,191757291,Hochstrasse,165,8200 Schaffhausen,2939,SH,real,True,15.11.2024,2690079,1284986
102447981,10025681,191757292,Sennereistrasse,66.1,8200 Schaffhausen,2939,SH,real,True,23.07.2024,2690729,1285487
102447982,10018633,191757293,Freudental,3.5,8200 Schaffhausen,2939,SH,real,True,23.07.2024,2689960,1287787
102447983,10018633,191757294,Freudental,3.3,8200 Schaffhausen,2939,SH,real,True,23.07.2024,2689991,1287813
102447984,10018633,191757295,Freudental,3.2,8200 Schaffhausen,2939,SH,real,True,23.07.2024,2689515,1288534
102447985,10018633,191757296,Freudental,9.1,8200 Schaffhausen,2939,SH,real,True,04.12.2024,2689504,1288473
102447986,10073048,191757297,Kamorstrasse,61.1,8200 Schaffhausen,2939,SH,real,True,23.07.2024,2690606,1283629
102447987,10073035,191757298,Fulachstrasse,18.1,8200 Schaffhausen,2939,SH,real,True,23.07.2024,2690034,1284270
102447989,10108021,191757300,Hauentalstrasse,260.1,8200 Schaffhausen,2939,SH,real,True,23.07.2024,2688077,1286316
102447990,10108021,191757301,Hauentalstrasse,260.2,8200 Schaffhausen,2939,SH,real,True,23.07.2024,2688083,1286323
102447994,10193992,191757305,Rheinuferstrasse,1.1,8200 Schaffhausen,2939,SH,real,True,19.11.2024,2690040,1283317
102447995,10085734,191757306,Rittergutstrasse,17.1,8200 Schaffhausen,2939,SH,real,True,23.07.2024,2689705,1284197
102447997,10085734,191757307,Rittergutstrasse,22.1,8200 Schaffhausen,2939,SH,real,True,23.07.2024,2689755,1284191
102448000,10085734,191757309,Rittergutstrasse,20.1,8200 Schaffhausen,2939,SH,real,True,23.07.2024,2689754,1284188
102448001,10108022,191757310,Holzwiesenweg,9.1,8200 Schaffhausen,2939,SH,real,True,23.07.2024,2688879,1284716
102448004,10073048,191757313,Kamorstrasse,15.1,8200 Schaffhausen,2939,SH,real,True,23.07.2024,2690475,1283722
102448005,10019786,191757314,Parkstrasse,26.1,8200 Schaffhausen,2939,SH,real,True,23.07.2024,2689488,1283395
102448006,10019292,191757315,Eigerstrasse,17.1,8200 Schaffhausen,2939,SH,real,True,23.07.2024,2690118,1284209
102448007,10019292,191757316,Eigerstrasse,15.1,8200 Schaffhausen,2939,SH,real,True,23.07.2024,2690073,1284211
102448008,10086490,191757317,Grubenstrasse,,8200 Schaffhausen,2939,SH,real,True,19.11.2024,2690698,1284225
102448011,10019271,191757320,Artilleriestrasse,,8200 Schaffhausen,2939,SH,real,True,23.07.2024,2691254,1284514
102448012,10019270,191757321,Alte Gasse,,8203 Schaffhausen,2939,SH,real,True,23.07.2024,2691249,1283540
102448013,10019270,191757322,Alte Gasse,,8203 Schaffhausen,2939,SH,real,True,23.07.2024,2691264,1283574
102448014,10019277,191757331,Berghaldenweg,20.1,8207 Schaffhausen,2939,SH,real,True,23.07.2024,2691959,1286730
102448015,10106947,191757332,Dachsenbüelstrasse,38.1,8200 Schaffhausen,2939,SH,real,True,23.07.2024,2690299,1286645
102448016,10019277,191757333,Berghaldenweg,24.1,8207 Schaffhausen,2939,SH,real,True,23.07.2024,2691969,1286677
102448017,10179734,191757334,Weinsteig,79.1,8200 Schaffhausen,2939,SH,real,True,23.07.2024,2689598,1284427
102448018,10179734,191757335,Weinsteig,77.1,8200 Schaffhausen,2939,SH,real,True,23.07.2024,2689597,1284408
102448019,10179734,191757336,Weinsteig,75.1,8200 Schaffhausen,2939,SH,real,True,23.07.2024,2689596,1284404
102448020,10179734,191757337,Weinsteig,73.1,8200 Schaffhausen,2939,SH,real,True,23.07.2024,2689596,1284401
102448021,10179718,191757338,Im Riet,7.1,8200 Schaffhausen,2939,SH,real,True,23.07.2024,2688339,1284242
102448022,10018657,191757339,Hohlenbaumstrasse,60.1,8200 Schaffhausen,2939,SH,real,True,23.07.2024,2688506,1284545
102448023,10018657,191757340,Hohlenbaumstrasse,58.1,8200 Schaffhausen,2939,SH,real,True,23.07.2024,2688495,1284508
102448024,10018657,191757341,Hohlenbaumstrasse,56.1,8200 Schaffhausen,2939,SH,real,True,23.07.2024,2688494,1284510
102448025,10018657,191757342,Hohlenbaumstrasse,54.1,8200 Schaffhausen,2939,SH,real,True,23.07.2024,2688484,1284524
102448026,10018657,191757343,Hohlenbaumstrasse,52.1,8200 Schaffhausen,2939,SH,real,True,23.07.2024,2688482,1284526
102448027,10018657,191757344,Hohlenbaumstrasse,66.1,8200 Schaffhausen,2939,SH,real,True,23.07.2024,2688520,1284528
102448028,10018657,191757345,Hohlenbaumstrasse,64.1,8200 Schaffhausen,2939,SH,real,True,23.07.2024,2688518,1284530
102448029,10018657,191757346,Hohlenbaumstrasse,62.1,8200 Schaffhausen,2939,SH,real,True,23.07.2024,2688508,1284543
102448030,10046624,191757347,Kleinbuchbergweg,6.1,8200 Schaffhausen,2939,SH,real,True,23.07.2024,2688750,1287298
102448032,10025707,191757349,Vorderenge,3.1,8200 Schaffhausen,2939,SH,real,True,23.07.2024,2688611,1283529
102448033,10073051,191757350,Krummacker,26.1,8207 Schaffhausen,2939,SH,real,True,23.07.2024,2691709,1286805
102448034,10073051,191757351,Krummacker,26.3,8207 Schaffhausen,2939,SH,real,True,23.07.2024,2691713,1286802
102448035,10073051,191757352,Krummacker,24.1,8207 Schaffhausen,2939,SH,real,True,23.07.2024,2691699,1286810
102448036,10073051,191757353,Krummacker,22.1,8207 Schaffhausen,2939,SH,real,True,23.07.2024,2691695,1286813
102448037,10073051,191757354,Krummacker,40.1,8207 Schaffhausen,2939,SH,real,True,23.07.2024,2691751,1286814
102448038,10073051,191757355,Krummacker,30.1,8207 Schaffhausen,2939,SH,real,True,23.07.2024,2691715,1286834
102448039,10073051,191757356,Krummacker,46.1,8207 Schaffhausen,2939,SH,real,True,23.07.2024,2691737,1286856
102448040,10073051,191757357,Krummacker,44.2,8207 Schaffhausen,2939,SH,real,True,23.07.2024,2691718,1286832
102448041,10073051,191757358,Krummacker,44.1,8207 Schaffhausen,2939,SH,real,True,23.07.2024,2691733,1286857
102448042,10073051,191757359,Krummacker,42.1,8207 Schaffhausen,2939,SH,real,True,23.07.2024,2691728,1286859
102448043,10046615,191757360,Dützebüelstrasse,11.1,8207 Schaffhausen,2939,SH,real,True,23.07.2024,2692034,1286833
102448044,10073051,191757361,Krummacker,,8207 Schaffhausen,2939,SH,real,True,03.09.2024,2691635,1286738
102448045,10108024,191757362,Kirchbergstrasse,,8207 Schaffhausen,2939,SH,real,True,23.07.2024,2691727,1286524
102448046,10073043,191757363,Hohberg,25.1,8207 Schaffhausen,2939,SH,real,True,23.07.2024,2691031,1286262
102448047,10073043,191757364,Hohberg,23.1,8207 Schaffhausen,2939,SH,real,True,23.07.2024,2691028,1286262
102448048,10073043,191757365,Hohberg,21.1,8207 Schaffhausen,2939,SH,real,True,23.07.2024,2691025,1286260
102448049,10073043,191757366,Hohberg,22.2,8207 Schaffhausen,2939,SH,real,True,23.07.2024,2691038,1286263
102448050,10073043,191757367,Hohberg,22.1,8207 Schaffhausen,2939,SH,real,True,23.07.2024,2691035,1286262
102448051,10073043,191757368,Hohberg,20.1,8207 Schaffhausen,2939,SH,real,True,23.07.2024,2691022,1286258
102448052,10025692,191757369,Stettemerstrasse,97.3,8207 Schaffhausen,2939,SH,real,True,23.07.2024,2691342,1286647
102448053,10025692,191757370,Stettemerstrasse,97.2,8207 Schaffhausen,2939,SH,real,True,23.07.2024,2691350,1286659
102448059,10025692,191757375,Stettemerstrasse,,8207 Schaffhausen,2939,SH,real,True,23.07.2024,2691668,1287084
102448060,10017852,191757376,Bachtelstrasse,1.1,8212 Neuhausen am Rheinfall,2937,SH,real,True,23.07.2024,2687890,1282012
102448064,10025692,191757380,Stettemerstrasse,,8207 Schaffhausen,2939,SH,real,True,23.07.2024,2691642,1287042
102448065,10258970,191757381,Im RhyTech,15,8212 Neuhausen am Rheinfall,2937,SH,real,True,15.11.2024,2688226,1282044
102448068,10091244,191757384,Badische Bahnhofstrasse,18.1,8212 Neuhausen am Rheinfall,2937,SH,real,True,23.07.2024,2688289,1281935
102448069,10091244,191757385,Badische Bahnhofstrasse,18.2,8212 Neuhausen am Rheinfall,2937,SH,real,True,23.07.2024,2688321,1281927
102448070,10091244,191757386,Badische Bahnhofstrasse,20.1,8212 Neuhausen am Rheinfall,2937,SH,real,True,23.07.2024,2688114,1281975
102448071,10091244,191757387,Badische Bahnhofstrasse,31.1,8212 Neuhausen am Rheinfall,2937,SH,real,True,23.07.2024,2688051,1281983
102448072,10091244,191757388,Badische Bahnhofstrasse,35.1,8212 Neuhausen am Rheinfall,2937,SH,real,True,23.07.2024,2688030,1282029
102448073,10120423,191757389,Gennersbrunn,,8207 Schaffhausen,2939,SH,real,True,23.07.2024,2693775,1285409
102448075,10258970,191757390,Im RhyTech,17,8212 Neuhausen am Rheinfall,2937,SH,real,True,15.11.2024,2688254,1282033
102448078,10108024,191757393,Kirchbergstrasse,,8207 Schaffhausen,2939,SH,real,True,23.07.2024,2691555,1286381
102448079,10120423,191757394,Gennersbrunn,,8207 Schaffhausen,2939,SH,real,True,23.07.2024,2693796,1285425
102448080,10120423,191757395,Gennersbrunn,,8207 Schaffhausen,2939,SH,real,True,19.11.2024,2693787,1285424
102448081,10120423,191757396,Gennersbrunn,,8207 Schaffhausen,2939,SH,real,True,23.07.2024,2693697,1285425
102448082,10091244,191757397,Badische Bahnhofstrasse,5.3,8212 Neuhausen am Rheinfall,2937,SH,real,True,23.07.2024,2688386,1281970
102448083,10120423,191757398,Gennersbrunn,,8207 Schaffhausen,2939,SH,real,True,19.11.2024,2693776,1285449
102448084,10120423,191757399,Gennersbrunn,,8207 Schaffhausen,2939,SH,real,True,23.07.2024,2693754,1285429
102448085,10120423,191757400,Gennersbrunn,,8207 Schaffhausen,2939,SH,real,True,23.07.2024,2693742,1285444
102448086,10019283,191757401,Breitwiesenstrasse,9.1,8207 Schaffhausen,2939,SH,real,True,23.07.2024,2692444,1286362
102448087,10128757,191757402,Badstrasse,1583.1,8212 Neuhausen am Rheinfall,2937,SH,real,True,23.07.2024,2688759,1281466
102448088,10085726,191757403,Neutalstrasse,66.1,8207 Schaffhausen,2939,SH,real,True,23.07.2024,2692460,1286439
102448089,10085751,191757404,Thayngerstrasse,17.2,8207 Schaffhausen,2939,SH,real,True,23.07.2024,2691931,1287024
102448090,10085751,191757405,Thayngerstrasse,17.1,8207 Schaffhausen,2939,SH,real,True,23.07.2024,2691930,1287027
102448091,10091245,191757406,Bahnhofstrasse,4.1,8212 Neuhausen am Rheinfall,2937,SH,real,True,23.07.2024,2688807,1281971
102448093,10085751,191757408,Thayngerstrasse,62.2,8207 Schaffhausen,2939,SH,real,True,23.07.2024,2691934,1287012
102448095,10085751,191757410,Thayngerstrasse,62.1,8207 Schaffhausen,2939,SH,real,True,23.07.2024,2691933,1287015
102448096,10085751,191757411,Thayngerstrasse,60.2,8207 Schaffhausen,2939,SH,real,True,23.07.2024,2691933,1287018
102448097,10085751,191757412,Thayngerstrasse,60.1,8207 Schaffhausen,2939,SH,real,True,23.07.2024,2691932,1287021
102448099,10085751,191757414,Thayngerstrasse,58.1,8207 Schaffhausen,2939,SH,real,True,23.07.2024,2691925,1287034
102448100,10085751,191757415,Thayngerstrasse,58.2,8207 Schaffhausen,2939,SH,real,True,23.07.2024,2691927,1287032
102448102,10186345,191757417,Beckenwäldli,23.1,8207 Schaffhausen,2939,SH,real,True,23.07.2024,2692069,1287023
102448103,10108017,191757418,Bahnsteigstrasse,13.1,8212 Neuhausen am Rheinfall,2937,SH,real,True,23.07.2024,2689039,1281919
102448104,10186345,191757419,Beckenwäldli,21.1,8207 Schaffhausen,2939,SH,real,True,23.07.2024,2692071,1287021
102448105,10106948,191757420,Ernst Homberger-Strasse,7.1,8207 Schaffhausen,2939,SH,real,True,23.07.2024,2691680,1285792
102448106,10073022,191757421,Alpenstrasse,,8200 Schaffhausen,2939,SH,real,True,23.07.2024,2690834,1283807
102448107,10019270,191757422,Alte Gasse,,8203 Schaffhausen,2939,SH,real,True,23.07.2024,2691263,1283557
102448108,10019271,191757423,Artilleriestrasse,,8200 Schaffhausen,2939,SH,real,True,23.07.2024,2691341,1284440
102448109,10019271,191757424,Artilleriestrasse,,8200 Schaffhausen,2939,SH,real,True,23.07.2024,2691358,1284462
102448110,10017853,191757425,Beckenburgstrasse,9.1,8212 Neuhausen am Rheinfall,2937,SH,real,True,23.07.2024,2688388,1282123
102448118,10019271,191757430,Artilleriestrasse,,8200 Schaffhausen,2939,SH,real,True,23.07.2024,2691426,1284411
102448119,10073023,191757431,Askaniastrasse,4.2,8200 Schaffhausen,2939,SH,real,True,23.07.2024,2688296,1284474
102448120,10073023,191757432,Askaniastrasse,4.1,8200 Schaffhausen,2939,SH,real,True,23.07.2024,2688296,1284492
102448122,10019272,191757434,Auf der Platte,12.1,8200 Schaffhausen,2939,SH,real,True,23.07.2024,2689283,1285211
102448123,10019272,191757435,Auf der Platte,,8200 Schaffhausen,2939,SH,real,True,23.07.2024,2689262,1285173
102448124,10019286,191757436,Bäumlistrasse,,8200 Schaffhausen,2939,SH,real,True,23.07.2024,2690547,1283823
102448125,10186345,191757437,Beckenwäldli,15.1,8207 Schaffhausen,2939,SH,real,True,23.07.2024,2692064,1287033
102448126,10086471,191757438,Belairstrasse,9.1,8200 Schaffhausen,2939,SH,real,True,23.07.2024,2688671,1284196
102448128,10086471,191757440,Belairstrasse,11.1,8200 Schaffhausen,2939,SH,real,True,23.07.2024,2688690,1284204
102448129,10019277,191757441,Berghaldenweg,,8207 Schaffhausen,2939,SH,real,True,23.07.2024,2691952,1286851
102448130,10019277,191757442,Berghaldenweg,,8207 Schaffhausen,2939,SH,real,True,23.07.2024,2691975,1286670
102448132,10019280,191757444,Bläsihofstrasse,91.1,8200 Schaffhausen,2939,SH,real,True,23.07.2024,2690730,1285932
102448133,10086473,191757445,Bocksrietstrasse,67.1,8200 Schaffhausen,2939,SH,real,True,23.07.2024,2690749,1285634
102448135,10046632,191757447,Ebnatring,,8200 Schaffhausen,2939,SH,real,True,23.07.2024,2690896,1285134
102448136,10091246,191757448,Bergstrasse,3.1,8212 Neuhausen am Rheinfall,2937,SH,real,True,23.07.2024,2688281,1282413
102448137,10019291,191757449,Ebnatstrasse,101.1,8200 Schaffhausen,2939,SH,real,True,23.07.2024,2690677,1284926
102448138,10019293,191757450,Einfangstrasse,,8203 Schaffhausen,2939,SH,real,True,23.07.2024,2691172,1283947
102448139,10091246,191757451,Bergstrasse,5.1,8212 Neuhausen am Rheinfall,2937,SH,real,True,23.07.2024,2688355,1282444
102448142,10091246,191757454,Bergstrasse,9.1,8212 Neuhausen am Rheinfall,2937,SH,real,True,23.07.2024,2688370,1282519
102448147,10031593,191757459,Alemannenweg,655,8262 Ramsen,2963,SH,real,True,15.11.2024,2703352,1284852
102448150,10017855,191757473,Birchstrasse,10.1,8212 Neuhausen am Rheinfall,2937,SH,real,True,23.07.2024,2687056,1281565
102448151,10018160,191757473,Schützenstrasse,53.1,8212 Neuhausen am Rheinfall,2937,SH,real,True,23.07.2024,2687058,1281564
102448154,10017855,191757476,Birchstrasse,2.1,8212 Neuhausen am Rheinfall,2937,SH,real,True,23.07.2024,2687127,1281590
102448175,10017855,191757552,Birchstrasse,2.2,8212 Neuhausen am Rheinfall,2937,SH,real,True,23.07.2024,2687164,1281559
102448176,10017855,191757571,Birchstrasse,2.3,8212 Neuhausen am Rheinfall,2937,SH,real,True,23.07.2024,2687154,1281550
102448177,10017855,191757591,Birchstrasse,3.1,8212 Neuhausen am Rheinfall,2937,SH,real,True,23.07.2024,2687239,1281584
102448178,10017855,191757592,Birchstrasse,8.1,8212 Neuhausen am Rheinfall,2937,SH,real,True,23.07.2024,2687130,1281528
102448179,10178592,191757611,Bohnenbergstrasse,11.1,8212 Neuhausen am Rheinfall,2937,SH,real,True,23.07.2024,2688385,1282653
102448184,10178592,191757671,Bohnenbergstrasse,12.3,8212 Neuhausen am Rheinfall,2937,SH,real,True,23.07.2024,2688367,1282675
102448185,10178592,191757672,Bohnenbergstrasse,12.2,8212 Neuhausen am Rheinfall,2937,SH,real,True,23.07.2024,2688368,1282678
102448186,10178592,191757673,Bohnenbergstrasse,12.1,8212 Neuhausen am Rheinfall,2937,SH,real,True,23.07.2024,2688370,1282687
102448187,10178592,191757674,Bohnenbergstrasse,14a.1,8212 Neuhausen am Rheinfall,2937,SH,real,True,23.07.2024,2688353,1282653
102448188,10178592,191757675,Bohnenbergstrasse,14.1,8212 Neuhausen am Rheinfall,2937,SH,real,True,23.07.2024,2688366,1282672
102448190,10178592,191757677,Bohnenbergstrasse,33.1,8212 Neuhausen am Rheinfall,2937,SH,real,True,23.07.2024,2688398,1282883
102448191,10178592,191757678,Bohnenbergstrasse,33.2,8212 Neuhausen am Rheinfall,2937,SH,real,True,23.07.2024,2688399,1282885
102448192,10178592,191757679,Bohnenbergstrasse,23.1,8212 Neuhausen am Rheinfall,2937,SH,real,True,23.07.2024,2688360,1282824
102448193,10178592,191757680,Bohnenbergstrasse,31.1,8212 Neuhausen am Rheinfall,2937,SH,real,True,23.07.2024,2688397,1282878
102448194,10178592,191757681,Bohnenbergstrasse,33.4,8212 Neuhausen am Rheinfall,2937,SH,real,True,23.07.2024,2688401,1282891
102448195,10178592,191757682,Bohnenbergstrasse,35.1,8212 Neuhausen am Rheinfall,2937,SH,real,True,23.07.2024,2688403,1282896
102448197,10074396,191757684,Brunnenwiesenstrasse,10.1,8212 Neuhausen am Rheinfall,2937,SH,real,True,23.07.2024,2687930,1281856
102448198,10074396,191757685,Brunnenwiesenstrasse,22.1,8212 Neuhausen am Rheinfall,2937,SH,real,True,23.07.2024,2687809,1281714
102448200,10074396,191757687,Brunnenwiesenstrasse,2.1,8212 Neuhausen am Rheinfall,2937,SH,real,True,23.07.2024,2688042,1281972
102448201,10074396,191757688,Brunnenwiesenstrasse,30.1,8212 Neuhausen am Rheinfall,2937,SH,real,True,23.07.2024,2687695,1281559
102448202,10074396,191757689,Brunnenwiesenstrasse,34.2,8212 Neuhausen am Rheinfall,2937,SH,real,True,23.07.2024,2687739,1281630
102448205,10074396,191757711,Brunnenwiesenstrasse,4.1,8212 Neuhausen am Rheinfall,2937,SH,real,True,23.07.2024,2688010,1281953
102448206,10074396,191757712,Brunnenwiesenstrasse,7.1,8212 Neuhausen am Rheinfall,2937,SH,real,True,23.07.2024,2688060,1281926
102448207,10074396,191757712,Brunnenwiesenstrasse,5.1,8212 Neuhausen am Rheinfall,2937,SH,real,True,23.07.2024,2688062,1281921
102448208,10074396,191757731,Brunnenwiesenstrasse,6.1,8212 Neuhausen am Rheinfall,2937,SH,real,True,23.07.2024,2687983,1281929
102448209,10074396,191757732,Brunnenwiesenstrasse,8.1,8212 Neuhausen am Rheinfall,2937,SH,real,True,23.07.2024,2687948,1281885
102448212,10132131,191757735,Buchenstrasse,71.1,8212 Neuhausen am Rheinfall,2937,SH,real,True,23.07.2024,2688519,1283325
102448214,10132131,191757737,Buchenstrasse,11.1,8212 Neuhausen am Rheinfall,2937,SH,real,True,23.07.2024,2688348,1282920
102448216,10132131,191757739,Buchenstrasse,15.1,8212 Neuhausen am Rheinfall,2937,SH,real,True,23.07.2024,2688380,1282986
102448218,10132131,191757741,Buchenstrasse,2.1,8212 Neuhausen am Rheinfall,2937,SH,real,True,23.07.2024,2688355,1282829
102448219,10132131,191757742,Buchenstrasse,3.1,8212 Neuhausen am Rheinfall,2937,SH,real,True,23.07.2024,2688329,1282854
102448220,10132131,191757743,Buchenstrasse,5.1,8212 Neuhausen am Rheinfall,2937,SH,real,True,23.07.2024,2688329,1282857
102448221,10132131,191757744,Buchenstrasse,62.1,8212 Neuhausen am Rheinfall,2937,SH,real,True,23.07.2024,2688525,1283210
102448222,10132131,191757745,Buchenstrasse,62a.1,8212 Neuhausen am Rheinfall,2937,SH,real,True,23.07.2024,2688529,1283229
102448223,10132131,191757746,Buchenstrasse,96.1,8212 Neuhausen am Rheinfall,2937,SH,real,True,23.07.2024,2688567,1283322
102448224,10132131,191757747,Buchenstrasse,9.1,8212 Neuhausen am Rheinfall,2937,SH,real,True,23.07.2024,2688347,1282915
102448225,10123289,191757748,Buchweg,1481.1,8212 Neuhausen am Rheinfall,2937,SH,real,True,23.07.2024,2687701,1280855
102448265,10179730,191757892,Spielweg,2.7,8200 Schaffhausen,2939,SH,real,True,23.07.2024,2688833,1284332
102448266,10178604,191757893,Breitenaustrasse,110.5,8200 Schaffhausen,2939,SH,real,True,19.11.2024,2689019,1284351
102448268,10178604,191757895,Breitenaustrasse,110.4,8200 Schaffhausen,2939,SH,real,True,23.07.2024,2689039,1284287
102448270,10019807,191757897,Schweizersbildstrasse,,8200 Schaffhausen,2939,SH,real,True,23.07.2024,2689970,1286677
102448271,10019807,191757898,Schweizersbildstrasse,69.03,8200 Schaffhausen,2939,SH,real,True,15.11.2024,2689976,1286655
102448274,10120423,191757901,Gennersbrunn,,8207 Schaffhausen,2939,SH,real,True,23.07.2024,2693768,1285292
102448277,10120423,191757904,Gennersbrunn,,8207 Schaffhausen,2939,SH,real,True,23.07.2024,2693761,1285334
102448278,10086488,191757905,Gennersbrunnerstrasse,,8207 Schaffhausen,2939,SH,real,True,23.07.2024,2691991,1285953
102448279,10086488,191757906,Gennersbrunnerstrasse,,8207 Schaffhausen,2939,SH,real,True,23.07.2024,2692005,1285982
102448281,10073079,191757908,Oelbergstrasse,3.1,8200 Schaffhausen,2939,SH,real,True,23.07.2024,2688543,1283634
102448282,10085742,191757909,Sonnenstrasse,60.2,8200 Schaffhausen,2939,SH,real,True,23.07.2024,2688770,1284525
102448283,10085742,191757910,Sonnenstrasse,60.1,8200 Schaffhausen,2939,SH,real,True,23.07.2024,2688755,1284538
102448284,10019289,191757911,Dahlienstrasse,1.1,8200 Schaffhausen,2939,SH,real,True,23.07.2024,2689328,1284554
102448285,10025697,191757912,Säntisstrasse,14.1,8200 Schaffhausen,2939,SH,real,True,23.07.2024,2690388,1283619
102448286,10019285,191757913,Burggütliweg,9.1,8200 Schaffhausen,2939,SH,real,True,23.07.2024,2688460,1283688
102448288,10117545,191757914,Finsterwaldstrasse,44.1,8200 Schaffhausen,2939,SH,real,True,23.07.2024,2689831,1284662
102448289,10019806,191757915,Schlössliweg,47.1,8200 Schaffhausen,2939,SH,real,True,23.07.2024,2690610,1284389
102448290,10073044,191757916,Hohentwielstrasse,17.1,8200 Schaffhausen,2939,SH,real,True,23.07.2024,2690583,1283993
102448291,10073075,191757917,Ungarbühlstrasse,12.1,8200 Schaffhausen,2939,SH,real,True,23.07.2024,2690149,1284404
102448293,10085721,191757919,Lochstrasse,1.1,8200 Schaffhausen,2939,SH,real,True,23.07.2024,2689228,1284799
102448294,10086472,191757920,Blautraubenstrasse,9.1,8200 Schaffhausen,2939,SH,real,True,23.07.2024,2690221,1284193
102448295,10018641,191757921,Glärnischstrasse,10.1,8200 Schaffhausen,2939,SH,real,True,23.07.2024,2690676,1283579
102448296,10073053,191757922,Maienweg,2.1,8200 Schaffhausen,2939,SH,real,True,23.07.2024,2689313,1285104
102448297,10179734,191757923,Weinsteig,7.1,8200 Schaffhausen,2939,SH,real,True,23.07.2024,2689695,1284095
102448299,10108021,191757925,Hauentalstrasse,,8200 Schaffhausen,2939,SH,real,True,23.07.2024,2688870,1285319
102448300,10073052,191757926,Lahnstrasse,89.4,8200 Schaffhausen,2939,SH,real,True,23.07.2024,2687955,1284562
102448301,10073052,191757927,Lahnstrasse,89.2,8200 Schaffhausen,2939,SH,real,True,23.07.2024,2687963,1284580
102448302,10073052,191757928,Lahnstrasse,89.3,8200 Schaffhausen,2939,SH,real,True,23.07.2024,2687956,1284600
102448304,10073052,191757929,Lahnstrasse,89.1,8200 Schaffhausen,2939,SH,real,True,23.07.2024,2687991,1284590
102448305,10073075,191757930,Ungarbühlstrasse,14.1,8200 Schaffhausen,2939,SH,real,True,23.07.2024,2690148,1284358
102448306,10073049,191757931,Korallenstieg,16.1,8200 Schaffhausen,2939,SH,real,True,23.07.2024,2690444,1283735
102448307,10018650,191757932,Heerenweg,5.1,8200 Schaffhausen,2939,SH,real,True,23.07.2024,2691012,1283323
102448308,10077454,191757933,J.C. Fischer-Strasse,10.1,8200 Schaffhausen,2939,SH,real,True,23.07.2024,2689534,1284306
102448310,10086491,191757934,Haldenstrasse,16.1,8200 Schaffhausen,2939,SH,real,True,23.07.2024,2689354,1284590
102448311,10085748,191757935,Stokarbergstrasse,119.1,8200 Schaffhausen,2939,SH,real,True,23.07.2024,2688636,1283517
102448313,10025697,191757937,Säntisstrasse,12.1,8200 Schaffhausen,2939,SH,real,True,23.07.2024,2690385,1283619
102448314,10073048,191757938,Kamorstrasse,41.1,8200 Schaffhausen,2939,SH,real,True,23.07.2024,2690578,1283662
102448318,10086491,191757941,Haldenstrasse,27.1,8200 Schaffhausen,2939,SH,real,True,23.07.2024,2689330,1284688
102448321,10178604,191757943,Breitenaustrasse,,8200 Schaffhausen,2939,SH,real,True,19.11.2024,2688830,1284712
102448322,10086490,191757944,Grubenstrasse,,8200 Schaffhausen,2939,SH,real,True,23.07.2024,2691054,1284242
102448323,10086488,191757945,Gennersbrunnerstrasse,,8207 Schaffhausen,2939,SH,real,True,23.07.2024,2691916,1285900
102448326,10019278,191757947,Birchweg,,8200 Schaffhausen,2939,SH,real,True,23.07.2024,2689416,1285818
102448327,10187854,191757948,Pestalozzistrasse,15.3,8200 Schaffhausen,2939,SH,real,True,23.07.2024,2689978,1284089
102448328,10187857,191757949,Tannerberg,1.3,8200 Schaffhausen,2939,SH,real,True,23.07.2024,2689692,1284012
102448330,10180882,191757950,Im Stemmerli,66.3,8200 Schaffhausen,2939,SH,real,True,23.07.2024,2691971,1282586
102448331,10018630,191757951,Floraweg,6.3,8200 Schaffhausen,2939,SH,real,True,23.07.2024,2689299,1285177
102448333,10178604,191757953,Breitenaustrasse,110.3,8200 Schaffhausen,2939,SH,real,True,23.07.2024,2689059,1284255
102448334,10025682,191757954,Sommerwiesstrasse,19.3,8200 Schaffhausen,2939,SH,real,True,23.07.2024,2688401,1286147
102448336,10178604,191757956,Breitenaustrasse,,8200 Schaffhausen,2939,SH,real,True,19.11.2024,2688829,1284715
102448338,10106953,191757958,Schneckenackerstrasse,1.3,8200 Schaffhausen,2939,SH,real,True,23.07.2024,2690433,1286080
102448340,10178604,191757959,Breitenaustrasse,,8200 Schaffhausen,2939,SH,real,True,19.11.2024,2688801,1284715
102448341,10019291,191757960,Ebnatstrasse,141.3,8200 Schaffhausen,2939,SH,real,True,23.07.2024,2691227,1285306
102448342,10086476,191757961,Büsingerstrasse,64.3,8203 Schaffhausen,2939,SH,real,True,23.07.2024,2691992,1283673
102448343,10019801,191757962,Rütiweg,,8203 Schaffhausen,2939,SH,real,True,23.07.2024,2691353,1283801
102448344,10086475,191757963,Buchthalerstrasse,,8203 Schaffhausen,2939,SH,real,True,23.07.2024,2690952,1283416
102448345,10086490,191757964,Grubenstrasse,,8200 Schaffhausen,2939,SH,real,True,23.07.2024,2691047,1284249
102448346,10179713,191757965,Furkastieg,,8203 Schaffhausen,2939,SH,real,True,23.07.2024,2691076,1283530
102448348,10018663,191757967,Im Laternenacker,,8200 Schaffhausen,2939,SH,real,True,23.07.2024,2690820,1284217
102448349,10118147,191757968,Windeggstrasse,,8203 Schaffhausen,2939,SH,real,True,23.07.2024,2691397,1283364
102448350,10118147,191757969,Windeggstrasse,,8203 Schaffhausen,2939,SH,real,True,23.07.2024,2691388,1283341
102448351,10086476,191757970,Büsingerstrasse,,8203 Schaffhausen,2939,SH,real,True,23.07.2024,2692504,1283887
102448352,10025683,191757971,Sonnenberg,28.3,8207 Schaffhausen,2939,SH,real,True,23.07.2024,2691109,1285976
102448353,10073050,191757972,Kreuzgutweg,20.3,8207 Schaffhausen,2939,SH,real,True,23.07.2024,2691520,1286661
102448354,10085726,191757973,Neutalstrasse,,8207 Schaffhausen,2939,SH,real,True,23.07.2024,2692054,1286552
102448355,10179717,191757974,Im Bergli,,8207 Schaffhausen,2939,SH,real,True,23.07.2024,2691400,1286224
102448356,10018655,191757975,Hohenkrähenstrasse,25.2,8200 Schaffhausen,2939,SH,real,True,23.07.2024,2690636,1284022
102448357,10018659,191757976,Hornbergstrasse,9.2,8200 Schaffhausen,2939,SH,real,True,23.07.2024,2689807,1284512
102448358,10179717,191757977,Im Bergli,,8207 Schaffhausen,2939,SH,real,True,23.07.2024,2691380,1286235
102448359,10018663,191757978,Im Laternenacker,,8200 Schaffhausen,2939,SH,real,True,19.11.2024,2690788,1284203
102448360,10180882,191757979,Im Stemmerli,66.1,8200 Schaffhausen,2939,SH,real,True,19.11.2024,2691986,1282586
102448361,10180882,191757980,Im Stemmerli,8.2,8200 Schaffhausen,2939,SH,real,True,19.11.2024,2691946,1282615
102448362,10180882,191757981,Im Stemmerli,4.2,8200 Schaffhausen,2939,SH,real,True,23.07.2024,2691955,1282588
102448363,10180882,191757982,Im Stemmerli,66.2,8200 Schaffhausen,2939,SH,real,True,23.07.2024,2691966,1282589
102448364,10108024,191757983,Kirchbergstrasse,,8207 Schaffhausen,2939,SH,real,True,23.07.2024,2691411,1286224
102448365,10073024,191757984,Bachtelstrasse,24.2,8200 Schaffhausen,2939,SH,real,True,23.07.2024,2688620,1284804
102448366,10019275,191757985,Beckengässchen,3.2,8200 Schaffhausen,2939,SH,real,True,23.07.2024,2689438,1283632
102448367,10019279,191757986,Blumenaustrasse,51.1,8200 Schaffhausen,2939,SH,real,True,23.07.2024,2688567,1284536
102448369,10019279,191757988,Blumenaustrasse,44.2,8200 Schaffhausen,2939,SH,real,True,23.07.2024,2688518,1284497
102448370,10019279,191757989,Blumenaustrasse,32.2,8200 Schaffhausen,2939,SH,real,True,23.07.2024,2688517,1284453
102448371,10178604,191757990,Breitenaustrasse,,8200 Schaffhausen,2939,SH,real,True,19.11.2024,2688821,1284721
102448372,10178604,191757991,Breitenaustrasse,110.2,8200 Schaffhausen,2939,SH,real,True,23.07.2024,2689045,1284277
102448373,10178604,191757992,Breitenaustrasse,,8200 Schaffhausen,2939,SH,real,True,19.11.2024,2688798,1284715
102448396,10019783,191758053,Nordstrasse,,8200 Schaffhausen,2939,SH,real,True,23.07.2024,2689120,1284803
102448406,10178604,191758063,Breitenaustrasse,,8200 Schaffhausen,2939,SH,real,True,23.07.2024,2689090,1284798
102448490,10019783,191583433,Nordstrasse,111.18,8200 Schaffhausen,2939,SH,real,True,23.07.2024,2689097,1284735
102448505,10019783,190105190,Nordstrasse,,8200 Schaffhausen,2939,SH,real,True,23.07.2024,2688968,1284482
102448506,10019783,191756187,Nordstrasse,111.7,8200 Schaffhausen,2939,SH,real,True,23.07.2024,2689044,1284613
102448507,10019783,191756192,Nordstrasse,111.8,8200 Schaffhausen,2939,SH,real,True,23.07.2024,2688990,1284708
102448508,10019783,191756197,Nordstrasse,111.6,8200 Schaffhausen,2939,SH,real,True,23.07.2024,2689011,1284658
102448509,10019783,191750139,Nordstrasse,111.16,8200 Schaffhausen,2939,SH,real,True,23.07.2024,2689052,1284682
102448510,10019783,1611470,Nordstrasse,111,8200 Schaffhausen,2939,SH,real,True,15.11.2024,2689076,1284539
102448511,10019783,191756194,Nordstrasse,111.2,8200 Schaffhausen,2939,SH,real,True,23.07.2024,2689134,1284727
102448512,10019783,191756198,Nordstrasse,111.10,8200 Schaffhausen,2939,SH,real,True,23.07.2024,2689029,1284625
102448662,10019292,191758664,Eigerstrasse,21.1,8200 Schaffhausen,2939,SH,real,True,23.07.2024,2690163,1284199
102448666,10073034,191758668,Friedbergstrasse,62.1,8200 Schaffhausen,2939,SH,real,True,23.07.2024,2689218,1283648
102448673,10086485,191758675,Fäsenstaubstrasse,43.1,8200 Schaffhausen,2939,SH,real,True,19.11.2024,2689263,1283535
102448678,10018681,191758680,Lindliweg,15.2,8200 Schaffhausen,2939,SH,real,True,23.07.2024,2691086,1283195
102448683,10018681,191758685,Lindliweg,15.1,8200 Schaffhausen,2939,SH,real,True,23.07.2024,2691046,1283187
102448688,10186931,191758690,Emmersbergstrasse,39.1,8200 Schaffhausen,2939,SH,real,True,23.07.2024,2690111,1284131
102448693,10019797,191758695,Rheinquai,12.1,8200 Schaffhausen,2939,SH,real,True,23.07.2024,2690414,1283454
102448715,10019292,191758716,Eigerstrasse,4.1,8200 Schaffhausen,2939,SH,real,True,23.07.2024,2690097,1284168
102448716,10019279,191758717,Blumenaustrasse,44.1,8200 Schaffhausen,2939,SH,real,True,23.07.2024,2688537,1284513
102448718,10117545,191758719,Finsterwaldstrasse,46.1,8200 Schaffhausen,2939,SH,real,True,23.07.2024,2689834,1284684
102448719,10073031,191758720,Feldstrasse,18.1,8200 Schaffhausen,2939,SH,real,True,23.07.2024,2690419,1283997
102448720,10073031,191758721,Feldstrasse,18.2,8200 Schaffhausen,2939,SH,real,True,23.07.2024,2690434,1283996
102448721,10018650,191758722,Heerenweg,11.1,8200 Schaffhausen,2939,SH,real,True,23.07.2024,2691091,1283327
102448722,10178605,191758723,Churfirstenweg,2.1,8200 Schaffhausen,2939,SH,real,True,23.07.2024,2690445,1283732
102448723,10019279,191758724,Blumenaustrasse,50.1,8200 Schaffhausen,2939,SH,real,True,23.07.2024,2688573,1284510
102448724,10025691,191758725,Steigstrasse,91.1,8200 Schaffhausen,2939,SH,real,True,23.07.2024,2689225,1283812
102448725,10018681,191758726,Lindliweg,2.1,8200 Schaffhausen,2939,SH,real,True,23.07.2024,2690963,1283217
102448726,10018681,191758727,Lindliweg,2.2,8200 Schaffhausen,2939,SH,real,True,23.07.2024,2690994,1283204
102448732,10186933,191758732,Wagenstrasse,16.1,8200 Schaffhausen,2939,SH,real,True,23.07.2024,2690343,1284163
102448733,10019783,191758733,Nordstrasse,78.2,8200 Schaffhausen,2939,SH,real,True,23.07.2024,2689278,1284462
102448734,10019783,191758734,Nordstrasse,78.1,8200 Schaffhausen,2939,SH,real,True,23.07.2024,2689283,1284447
102448735,10025710,191758735,Windeggstieg,30.1,8203 Schaffhausen,2939,SH,real,True,23.07.2024,2691364,1283126
102448736,10018659,191758736,Hornbergstrasse,33.1,8200 Schaffhausen,2939,SH,real,True,23.07.2024,2689656,1284417
102448737,10085721,191758737,Lochstrasse,,8200 Schaffhausen,2939,SH,real,True,19.11.2024,2689284,1284743
102448738,10187854,191758738,Pestalozzistrasse,15.1,8200 Schaffhausen,2939,SH,real,True,23.07.2024,2690017,1284108
102448739,10187854,191758739,Pestalozzistrasse,15.2,8200 Schaffhausen,2939,SH,real,True,23.07.2024,2689996,1284053
102448740,10019279,191758740,Blumenaustrasse,2.1,8200 Schaffhausen,2939,SH,real,True,23.07.2024,2688405,1284359
102448741,10186933,191758741,Wagenstrasse,17.1,8200 Schaffhausen,2939,SH,real,True,23.07.2024,2690333,1284197
102448743,10019279,191758743,Blumenaustrasse,16.1,8200 Schaffhausen,2939,SH,real,True,23.07.2024,2688461,1284405
102448744,10085736,191758744,Schildgutstrasse,26.1,8200 Schaffhausen,2939,SH,real,True,23.07.2024,2688785,1283847
102448745,10178606,191758745,Etzelstrasse,12.1,8200 Schaffhausen,2939,SH,real,True,23.07.2024,2688077,1284527
102448746,10085742,191758746,Sonnenstrasse,44.1,8200 Schaffhausen,2939,SH,real,True,19.11.2024,2688666,1284469
102448747,10019279,191758747,Blumenaustrasse,31.1,8200 Schaffhausen,2939,SH,real,True,23.07.2024,2688483,1284481
102448748,10018681,191758748,Lindliweg,25.1,8200 Schaffhausen,2939,SH,real,True,23.07.2024,2691079,1283139
102448749,10018657,191758749,Hohlenbaumstrasse,185.1,8200 Schaffhausen,2939,SH,real,True,23.07.2024,2689019,1284901
102448750,10018657,191758750,Hohlenbaumstrasse,187.1,8200 Schaffhausen,2939,SH,real,True,23.07.2024,2689020,1284906
102448751,10018657,191758751,Hohlenbaumstrasse,189.1,8200 Schaffhausen,2939,SH,real,True,23.07.2024,2689022,1284912
102448752,10085736,191758752,Schildgutstrasse,22.1,8200 Schaffhausen,2939,SH,real,True,23.07.2024,2688838,1283790
102448753,10018654,191758753,Hochstrasse,109.1,8200 Schaffhausen,2939,SH,real,True,23.07.2024,2689943,1284721
102448754,10046630,191758754,Rothüsliweg,109.2,8200 Schaffhausen,2939,SH,real,True,23.07.2024,2689918,1284714
102448755,10019287,191758755,Bühlstrasse,33.1,8200 Schaffhausen,2939,SH,real,True,23.07.2024,2688941,1283903
102448756,10187856,191758756,Spiegelgutstrasse,89.1,8200 Schaffhausen,2939,SH,real,True,23.07.2024,2690727,1285931
102448757,10085748,191758757,Stokarbergstrasse,24.1,8200 Schaffhausen,2939,SH,real,True,23.07.2024,2689107,1283725
102448758,10025697,191758758,Säntisstrasse,50.1,8200 Schaffhausen,2939,SH,real,True,23.07.2024,2690571,1283569
102448759,10025697,191758759,Säntisstrasse,50.2,8200 Schaffhausen,2939,SH,real,True,23.07.2024,2690607,1283580
102448760,10025697,191758760,Säntisstrasse,60.1,8200 Schaffhausen,2939,SH,real,True,23.07.2024,2690612,1283580
102448762,10018648,191758762,Hanfpünt,42.1,8207 Schaffhausen,2939,SH,real,True,23.07.2024,2691568,1286762
102448763,10018648,191758763,Hanfpünt,44.1,8207 Schaffhausen,2939,SH,real,True,23.07.2024,2691560,1286763
102448764,10019807,191758764,Schweizersbildstrasse,25.1,8207 Schaffhausen,2939,SH,real,True,23.07.2024,2690591,1286162
102448765,10025692,191758765,Stettemerstrasse,117.1,8207 Schaffhausen,2939,SH,real,True,23.07.2024,2691399,1286725
102448766,10025692,191758766,Stettemerstrasse,109.1,8207 Schaffhausen,2939,SH,real,True,23.07.2024,2691380,1286695
102448767,10018648,191758767,Hanfpünt,46.1,8207 Schaffhausen,2939,SH,real,True,23.07.2024,2691566,1286758
102448768,10018648,191758768,Hanfpünt,48.1,8207 Schaffhausen,2939,SH,real,True,23.07.2024,2691564,1286759
102448769,10018648,191758769,Hanfpünt,50.1,8207 Schaffhausen,2939,SH,real,True,23.07.2024,2691562,1286761
102448782,10108024,191758782,Kirchbergstrasse,4.1,8207 Schaffhausen,2939,SH,real,True,23.07.2024,2691541,1286406
102448783,10108024,191758783,Kirchbergstrasse,6.2,8207 Schaffhausen,2939,SH,real,True,23.07.2024,2691546,1286408
102448784,10108024,191758784,Kirchbergstrasse,8.2,8207 Schaffhausen,2939,SH,real,True,23.07.2024,2691543,1286407
102448786,10085749,191758786,Surbeckstieg,8.1,8207 Schaffhausen,2939,SH,real,True,23.07.2024,2691536,1286402
102448789,10108024,191758789,Kirchbergstrasse,10.1,8207 Schaffhausen,2939,SH,real,True,23.07.2024,2691534,1286400
102448790,10108024,191758790,Kirchbergstrasse,14.1,8207 Schaffhausen,2939,SH,real,True,23.07.2024,2691532,1286399
102448791,10018665,191758791,Im Trenschen,42.1,8207 Schaffhausen,2939,SH,real,True,23.07.2024,2692084,1287063
102448792,10025692,191758792,Stettemerstrasse,6.1,8207 Schaffhausen,2939,SH,real,True,23.07.2024,2691027,1286169
102448793,10025692,191758793,Stettemerstrasse,6.2,8207 Schaffhausen,2939,SH,real,True,23.07.2024,2691019,1286145
102448794,10025692,191758794,Stettemerstrasse,4.1,8207 Schaffhausen,2939,SH,real,True,23.07.2024,2691005,1286150
102448795,10025692,191758795,Stettemerstrasse,2.2,8207 Schaffhausen,2939,SH,real,True,23.07.2024,2690986,1286111
102448798,10025692,191758798,Stettemerstrasse,2.1,8207 Schaffhausen,2939,SH,real,True,23.07.2024,2690979,1286124
102448801,10025692,191758801,Stettemerstrasse,48.1,8207 Schaffhausen,2939,SH,real,True,23.07.2024,2691329,1286491
102448802,10018648,191758802,Hanfpünt,25.1,8207 Schaffhausen,2939,SH,real,True,23.07.2024,2691573,1286671
102448803,10018648,191758803,Hanfpünt,27.1,8207 Schaffhausen,2939,SH,real,True,23.07.2024,2691570,1286671
102448806,10108024,191758806,Kirchbergstrasse,19.1,8207 Schaffhausen,2939,SH,real,True,23.07.2024,2691435,1286354
102448808,10019291,191758808,Ebnatstrasse,171.1,8207 Schaffhausen,2939,SH,real,True,23.07.2024,2691334,1285929
102448809,10025692,191758809,Stettemerstrasse,87.1,8207 Schaffhausen,2939,SH,real,True,23.07.2024,2691274,1286493
102448810,10025702,191758811,Tälistrasse,30.1,8207 Schaffhausen,2939,SH,real,True,23.07.2024,2691087,1286100
102448811,10025702,191758812,Tälistrasse,28.1,8207 Schaffhausen,2939,SH,real,True,23.07.2024,2691087,1286097
102448812,10019807,191758813,Schweizersbildstrasse,33.1,8207 Schaffhausen,2939,SH,real,True,23.07.2024,2690475,1286274
102448814,10073040,191758815,Gugerhalde,26.1,8207 Schaffhausen,2939,SH,real,True,23.07.2024,2692132,1286817
102448816,10025683,191758817,Sonnenberg,22.2,8207 Schaffhausen,2939,SH,real,True,23.07.2024,2691114,1285983
102448817,10025683,191758818,Sonnenberg,22.1,8207 Schaffhausen,2939,SH,real,True,23.07.2024,2691099,1286011
102448818,10025683,191758819,Sonnenberg,24.2,8207 Schaffhausen,2939,SH,real,True,23.07.2024,2691117,1285985
102448819,10025683,191758820,Sonnenberg,24.1,8207 Schaffhausen,2939,SH,real,True,23.07.2024,2691095,1286006
102448820,10025683,191758821,Sonnenberg,26.2,8207 Schaffhausen,2939,SH,real,True,23.07.2024,2691122,1285992
102448821,10025683,191758822,Sonnenberg,26.1,8207 Schaffhausen,2939,SH,real,True,23.07.2024,2691090,1286001
102448822,10025683,191758823,Sonnenberg,28.1,8207 Schaffhausen,2939,SH,real,True,23.07.2024,2691086,1285997
102448823,10025683,191758824,Sonnenberg,28.2,8207 Schaffhausen,2939,SH,real,True,23.07.2024,2691107,1285974
102448824,10025683,191758825,Sonnenberg,30.1,8207 Schaffhausen,2939,SH,real,True,23.07.2024,2691082,1285992
102448825,10025683,191758826,Sonnenberg,30.2,8207 Schaffhausen,2939,SH,real,True,23.07.2024,2691103,1285971
102448826,10073040,191758827,Gugerhalde,32.1,8207 Schaffhausen,2939,SH,real,True,23.07.2024,2692070,1286776
102448827,10073040,191758828,Gugerhalde,22.1,8207 Schaffhausen,2939,SH,real,True,23.07.2024,2692169,1286832
102448828,10018665,191758829,Im Trenschen,26.1,8207 Schaffhausen,2939,SH,real,True,23.07.2024,2692049,1287159
102448831,10019294,191758832,Ernst Müller-Strasse,4.1,8207 Schaffhausen,2939,SH,real,True,23.07.2024,2692388,1286083
102448832,10019294,191758833,Ernst Müller-Strasse,6.2,8207 Schaffhausen,2939,SH,real,True,23.07.2024,2692366,1286139
102448842,10018673,191758855,Kreuzgasse,5,8200 Schaffhausen,2939,SH,real,True,15.11.2024,2689006,1283176
102448883,10073024,191758917,Bachtelstrasse,5.1,8200 Schaffhausen,2939,SH,real,True,23.07.2024,2688728,1284834
102448897,10122646,191758959,Schulstrasse,11,8225 Siblingen,2953,SH,real,True,15.11.2024,2681093,1285690
102449424,10126991,191759751,Sandweg,3,8263 Buch SH,2961,SH,real,True,15.11.2024,2700451,1286066
102449550,10046637,191760033,Huberlistrasse,23,8260 Stein am Rhein,2964,SH,real,True,15.11.2024,2705926,1280521
102449559,10090056,191760051,Hohrainstrasse,30,8260 Stein am Rhein,2964,SH,real,True,15.11.2024,2705920,1280494
102449584,10031614,191760111,Bim Wisegässli,4,8260 Stein am Rhein,2964,SH,real,True,15.11.2024,2706583,1280148
102449628,10120424,191760292,Herblingerstrasse,17,8207 Schaffhausen,2939,SH,real,True,15.11.2024,2691244,1286156
102449630,10120424,191760294,Herblingerstrasse,15,8207 Schaffhausen,2939,SH,real,True,15.11.2024,2691245,1286139
102449631,10120424,191760295,Herblingerstrasse,19,8207 Schaffhausen,2939,SH,real,True,15.11.2024,2691289,1286118
102449632,10179717,191760296,Im Bergli,3,8207 Schaffhausen,2939,SH,real,True,15.11.2024,2691350,1286237
102449634,10120424,191760298,Herblingerstrasse,23,8207 Schaffhausen,2939,SH,real,True,15.11.2024,2691321,1286152
102449671,10073024,191760410,Bachtelstrasse,17.1,8200 Schaffhausen,2939,SH,real,True,23.07.2024,2688702,1284800
102449672,10073024,191760411,Bachtelstrasse,24.1,8200 Schaffhausen,2939,SH,real,True,23.07.2024,2688623,1284804
102449673,10073024,191760412,Bachtelstrasse,20.1,8200 Schaffhausen,2939,SH,real,True,23.07.2024,2688657,1284814
102449674,10073024,191760413,Bachtelstrasse,21.1,8200 Schaffhausen,2939,SH,real,True,23.07.2024,2688667,1284782
102449675,10073024,191760414,Bachtelstrasse,19.1,8200 Schaffhausen,2939,SH,real,True,23.07.2024,2688670,1284785
102449676,10073024,191760415,Bachtelstrasse,15.1,8200 Schaffhausen,2939,SH,real,True,23.07.2024,2688714,1284786
102449677,10118359,191760416,Baumschulstrasse,,8200 Schaffhausen,2939,SH,real,True,23.07.2024,2690624,1284672
102449678,10118359,191760417,Baumschulstrasse,,8200 Schaffhausen,2939,SH,real,True,23.07.2024,2690619,1284666
102449679,10118359,191760418,Baumschulstrasse,,8200 Schaffhausen,2939,SH,real,True,23.07.2024,2690622,1284670
102449680,10118359,191760419,Baumschulstrasse,,8200 Schaffhausen,2939,SH,real,True,23.07.2024,2690620,1284669
102449681,10019275,191760420,Beckengässchen,15.1,8200 Schaffhausen,2939,SH,real,True,23.07.2024,2689451,1283686
102449682,10019275,191760421,Beckengässchen,10.4,8200 Schaffhausen,2939,SH,real,True,23.07.2024,2689466,1283701
102449683,10019275,191760422,Beckengässchen,31.1,8200 Schaffhausen,2939,SH,real,True,23.07.2024,2689403,1283772
102449684,10086471,191760423,Belairstrasse,,8200 Schaffhausen,2939,SH,real,True,23.07.2024,2688710,1284151
102449685,10019278,191760424,Birchweg,47.1,8200 Schaffhausen,2939,SH,real,True,23.07.2024,2689404,1285637
102449686,10019278,191760425,Birchweg,11.1,8200 Schaffhausen,2939,SH,real,True,23.07.2024,2689461,1285514
102449687,10019278,191760426,Birchweg,26.1,8200 Schaffhausen,2939,SH,real,True,23.07.2024,2689473,1285741
102449688,10019278,191760427,Birchweg,,8200 Schaffhausen,2939,SH,real,True,23.07.2024,2689412,1285692
102449689,10019279,191760428,Blumenaustrasse,23.1,8200 Schaffhausen,2939,SH,real,True,23.07.2024,2688452,1284455
102449691,10019279,191760430,Blumenaustrasse,20.1,8200 Schaffhausen,2939,SH,real,True,23.07.2024,2688466,1284409
102449693,10019279,191760432,Blumenaustrasse,9.1,8200 Schaffhausen,2939,SH,real,True,23.07.2024,2688402,1284419
102449694,10019279,191760433,Blumenaustrasse,8.1,8200 Schaffhausen,2939,SH,real,True,23.07.2024,2688427,1284370
102449696,10019279,191760435,Blumenaustrasse,32.1,8200 Schaffhausen,2939,SH,real,True,23.07.2024,2688516,1284438
102449697,10086473,191760436,Bocksrietstrasse,80.1,8200 Schaffhausen,2939,SH,real,True,23.07.2024,2690793,1285689
102449698,10086473,191760437,Bocksrietstrasse,74.1,8200 Schaffhausen,2939,SH,real,True,23.07.2024,2690773,1285677
102449699,10086473,191760438,Bocksrietstrasse,72.1,8200 Schaffhausen,2939,SH,real,True,19.11.2024,2690761,1285618
102449700,10086473,191760439,Bocksrietstrasse,10.1,8200 Schaffhausen,2939,SH,real,True,23.07.2024,2690405,1285389
102449701,10086473,191760440,Bocksrietstrasse,55.1,8200 Schaffhausen,2939,SH,real,True,23.07.2024,2690650,1285553
102449704,10086471,191760443,Belairstrasse,4.1,8200 Schaffhausen,2939,SH,real,True,23.07.2024,2688601,1284172
102449705,10086472,191760444,Blautraubenstrasse,15.1,8200 Schaffhausen,2939,SH,real,True,23.07.2024,2690241,1284233
102449706,10019279,191760445,Blumenaustrasse,27.1,8200 Schaffhausen,2939,SH,real,True,23.07.2024,2688478,1284477
102449707,10019279,191760446,Blumenaustrasse,22.1,8200 Schaffhausen,2939,SH,real,True,23.07.2024,2688481,1284428
102449708,10086473,191760447,Bocksrietstrasse,,8200 Schaffhausen,2939,SH,real,True,23.07.2024,2690754,1285571
102449709,10086473,191760448,Bocksrietstrasse,,8200 Schaffhausen,2939,SH,real,True,23.07.2024,2690756,1285573
102449710,10086473,191760449,Bocksrietstrasse,52.1,8200 Schaffhausen,2939,SH,real,True,23.07.2024,2690637,1285505
102449711,10019282,191760450,Bocksrietweg,18.1,8200 Schaffhausen,2939,SH,real,True,27.11.2024,2690424,1285433
102449712,10019282,191760451,Bocksrietweg,10.1,8200 Schaffhausen,2939,SH,real,True,27.11.2024,2690396,1285412
102449713,10019282,191760452,Bocksrietweg,26.1,8200 Schaffhausen,2939,SH,real,True,27.11.2024,2690453,1285451
102449714,10019282,191760453,Bocksrietweg,32.1,8200 Schaffhausen,2939,SH,real,True,27.11.2024,2690474,1285460
102449715,10086473,191760454,Bocksrietstrasse,50.1,8200 Schaffhausen,2939,SH,real,True,23.07.2024,2690624,1285496
102449716,10086473,191760455,Bocksrietstrasse,61.1,8200 Schaffhausen,2939,SH,real,True,23.07.2024,2690700,1285613
102449717,10086473,191760456,Bocksrietstrasse,70.1,8200 Schaffhausen,2939,SH,real,True,23.07.2024,2690763,1285606
102449718,10086473,191760457,Bocksrietstrasse,58.1,8200 Schaffhausen,2939,SH,real,True,23.07.2024,2690698,1285547
102449719,10178604,191760458,Breitenaustrasse,161.1,8200 Schaffhausen,2939,SH,real,True,23.07.2024,2688805,1284813
102449720,10178604,191760459,Breitenaustrasse,110.1,8200 Schaffhausen,2939,SH,real,True,23.07.2024,2689006,1284367
102449721,10178604,191760460,Breitenaustrasse,,8200 Schaffhausen,2939,SH,real,True,19.11.2024,2688792,1284717
102449722,10178604,191760461,Breitenaustrasse,,8200 Schaffhausen,2939,SH,real,True,23.07.2024,2688893,1284944
102449723,10178604,191760462,Breitenaustrasse,,8200 Schaffhausen,2939,SH,real,True,19.11.2024,2688795,1284714
102449724,10178604,191760463,Breitenaustrasse,,8200 Schaffhausen,2939,SH,real,True,19.11.2024,2688810,1284718
102449725,10178604,191760464,Breitenaustrasse,150.1,8200 Schaffhausen,2939,SH,real,True,23.07.2024,2688835,1284804
102449726,10178604,191760465,Breitenaustrasse,,8200 Schaffhausen,2939,SH,real,True,19.11.2024,2688827,1284720
102449727,10178604,191760466,Breitenaustrasse,,8200 Schaffhausen,2939,SH,real,True,19.11.2024,2688807,1284718
102449728,10178604,191760467,Breitenaustrasse,130.1,8200 Schaffhausen,2939,SH,real,True,23.07.2024,2688869,1284668
102449729,10178604,191760468,Breitenaustrasse,,8200 Schaffhausen,2939,SH,real,True,23.07.2024,2688789,1284881
102449730,10178604,191760469,Breitenaustrasse,,8200 Schaffhausen,2939,SH,real,True,19.11.2024,2688823,1284719
102449731,10178604,191760470,Breitenaustrasse,,8200 Schaffhausen,2939,SH,real,True,19.11.2024,2688792,1284716
102449732,10178604,191760471,Breitenaustrasse,,8200 Schaffhausen,2939,SH,real,True,19.11.2024,2688798,1284717
102449733,10132132,191760472,Bruderhöflistrasse,,8203 Schaffhausen,2939,SH,real,True,23.07.2024,2691178,1283436
102449734,10132132,191760473,Bruderhöflistrasse,,8203 Schaffhausen,2939,SH,real,True,23.07.2024,2691159,1283387
102449735,10120421,191760474,Brünigstrasse,,8200 Schaffhausen,2939,SH,real,True,23.07.2024,2690761,1283913
102449736,10120421,191760475,Brünigstrasse,,8200 Schaffhausen,2939,SH,real,True,23.07.2024,2690710,1283902
102449737,10086475,191760476,Buchthalerstrasse,,8203 Schaffhausen,2939,SH,real,True,19.11.2024,2691210,1283525
102449738,10086475,191760477,Buchthalerstrasse,,8203 Schaffhausen,2939,SH,real,True,23.07.2024,2691190,1283492
102449739,10086475,191760478,Buchthalerstrasse,,8203 Schaffhausen,2939,SH,real,True,23.07.2024,2691186,1283488
102449741,10086475,191760480,Buchthalerstrasse,,8203 Schaffhausen,2939,SH,real,True,23.07.2024,2690963,1283379
102449742,10086475,191760481,Buchthalerstrasse,,8203 Schaffhausen,2939,SH,real,True,19.11.2024,2691205,1283520
102449743,10086475,191760482,Buchthalerstrasse,,8203 Schaffhausen,2939,SH,real,True,19.11.2024,2691211,1283524
102449744,10086475,191760483,Buchthalerstrasse,,8203 Schaffhausen,2939,SH,real,True,23.07.2024,2691200,1283508
102449745,10086475,191760484,Buchthalerstrasse,,8203 Schaffhausen,2939,SH,real,True,23.07.2024,2691117,1283539
102449746,10086475,191760485,Buchthalerstrasse,17.1,8200 Schaffhausen,2939,SH,real,True,23.07.2024,2690521,1283490
102449747,10086475,191760486,Buchthalerstrasse,,8203 Schaffhausen,2939,SH,real,True,23.07.2024,2691195,1283500
102449748,10086475,191760487,Buchthalerstrasse,,8203 Schaffhausen,2939,SH,real,True,23.07.2024,2690914,1283401
102449749,10086475,191760488,Buchthalerstrasse,,8203 Schaffhausen,2939,SH,real,True,23.07.2024,2691198,1283506
102449804,10186340,191760566,Schaffhauserstrasse,,8222 Beringen,2932,SH,real,True,23.07.2024,2686258,1283513
102449996,10086479,191760871,Engehaldenweg,31.1,8200 Schaffhausen,2939,SH,real,True,23.07.2024,2688301,1283842
102450011,10205628,191760884,Dorfstrasse,20,8455 Rüdlingen,2938,SH,real,True,15.11.2024,2685282,1270407
102450012,10206076,191760884,Hinterdorfstrasse,1,8455 Rüdlingen,2938,SH,real,True,15.11.2024,2685274,1270408
102450022,10073035,191760931,Fulachstrasse,173,8200 Schaffhausen,2939,SH,real,True,15.11.2024,2690381,1285259
102450074,10086475,191761117,Buchthalerstrasse,,8203 Schaffhausen,2939,SH,real,True,23.07.2024,2691188,1283490
102450075,10086475,191761118,Buchthalerstrasse,,8203 Schaffhausen,2939,SH,real,True,23.07.2024,2691202,1283510
102450076,10086475,191761119,Buchthalerstrasse,,8203 Schaffhausen,2939,SH,real,True,19.11.2024,2691202,1283516
102450077,10086475,191761120,Buchthalerstrasse,,8203 Schaffhausen,2939,SH,real,True,23.07.2024,2690945,1283428
102450078,10086475,191761121,Buchthalerstrasse,,8203 Schaffhausen,2939,SH,real,True,23.07.2024,2690934,1283407
102450079,10086475,191761122,Buchthalerstrasse,29.1,8200 Schaffhausen,2939,SH,real,True,23.07.2024,2690601,1283516
102450080,10086475,191761123,Buchthalerstrasse,,8203 Schaffhausen,2939,SH,real,True,23.07.2024,2691050,1283439
102450081,10086475,191761124,Buchthalerstrasse,,8203 Schaffhausen,2939,SH,real,True,23.07.2024,2691035,1283414
102450082,10086475,191761125,Buchthalerstrasse,,8200 Schaffhausen,2939,SH,real,True,23.07.2024,2690758,1283427
102450083,10086475,191761126,Buchthalerstrasse,,8200 Schaffhausen,2939,SH,real,True,23.07.2024,2690729,1283440
102450084,10086475,191761127,Buchthalerstrasse,,8200 Schaffhausen,2939,SH,real,True,23.07.2024,2690763,1283424
102450085,10086475,191761128,Buchthalerstrasse,,8200 Schaffhausen,2939,SH,real,True,23.07.2024,2690774,1283420
102450086,10086475,191761129,Buchthalerstrasse,,8200 Schaffhausen,2939,SH,real,True,23.07.2024,2690741,1283435
102450087,10086475,191761130,Buchthalerstrasse,,8200 Schaffhausen,2939,SH,real,True,23.07.2024,2690747,1283433
102450088,10086475,191761131,Buchthalerstrasse,,8200 Schaffhausen,2939,SH,real,True,23.07.2024,2690735,1283437
102450089,10086475,191761132,Buchthalerstrasse,,8203 Schaffhausen,2939,SH,real,True,23.07.2024,2691194,1283497
102450090,10086475,191761133,Buchthalerstrasse,,8203 Schaffhausen,2939,SH,real,True,23.07.2024,2691196,1283502
102450091,10086475,191761134,Buchthalerstrasse,,8203 Schaffhausen,2939,SH,real,True,23.07.2024,2691192,1283495
102450092,10019287,191761135,Bühlstrasse,5.1,8200 Schaffhausen,2939,SH,real,True,23.07.2024,2689032,1283815
102450093,10019287,191761136,Bühlstrasse,15.1,8200 Schaffhausen,2939,SH,real,True,23.07.2024,2688970,1283840
102450094,10019287,191761137,Bühlstrasse,35.1,8200 Schaffhausen,2939,SH,real,True,23.07.2024,2688913,1283916
102450095,10019792,191761138,Rammersbühlstrasse,5.1,8200 Schaffhausen,2939,SH,real,True,23.07.2024,2688848,1283939
102450096,10019287,191761139,Bühlstrasse,,8200 Schaffhausen,2939,SH,real,True,23.07.2024,2688990,1283759
102450097,10019287,191761140,Bühlstrasse,,8200 Schaffhausen,2939,SH,real,True,23.07.2024,2688984,1283823
102450098,10019287,191761141,Bühlstrasse,41.1,8200 Schaffhausen,2939,SH,real,True,23.07.2024,2688843,1283940
102450099,10019285,191761142,Burggütliweg,,8200 Schaffhausen,2939,SH,real,True,23.07.2024,2688374,1283741
102450100,10019285,191761143,Burggütliweg,,8200 Schaffhausen,2939,SH,real,True,23.07.2024,2688364,1283758
102450101,10086476,191761144,Büsingerstrasse,,8203 Schaffhausen,2939,SH,real,True,23.07.2024,2691729,1283594
102450104,10086476,191761147,Büsingerstrasse,,8203 Schaffhausen,2939,SH,real,True,23.07.2024,2692548,1283854
102450105,10086476,191761148,Büsingerstrasse,,8203 Schaffhausen,2939,SH,real,True,23.07.2024,2691731,1283512
102450106,10073029,191761149,Chrottenhalde,2.1,8200 Schaffhausen,2939,SH,real,True,23.07.2024,2690491,1285759
102450107,10086477,191761150,Dorfstrasse,,8203 Schaffhausen,2939,SH,real,True,23.07.2024,2691351,1283698
102450108,10046615,191761151,Dützebüelstrasse,,8207 Schaffhausen,2939,SH,real,True,23.07.2024,2692094,1286667
102450109,10046615,191761152,Dützebüelstrasse,,8207 Schaffhausen,2939,SH,real,True,23.07.2024,2692064,1286725
102450110,10019291,191761153,Ebnatstrasse,,8200 Schaffhausen,2939,SH,real,True,23.07.2024,2691225,1285352
102450111,10019291,191761154,Ebnatstrasse,,8200 Schaffhausen,2939,SH,real,True,23.07.2024,2691216,1285310
102450112,10019291,191761155,Ebnatstrasse,,8200 Schaffhausen,2939,SH,real,True,23.07.2024,2690172,1284580
102450113,10019291,191761156,Ebnatstrasse,48.1,8200 Schaffhausen,2939,SH,real,True,23.07.2024,2690301,1284601
102450114,10019291,191761157,Ebnatstrasse,44.1,8200 Schaffhausen,2939,SH,real,True,23.07.2024,2690299,1284598
102450115,10019291,191761158,Ebnatstrasse,29.1,8200 Schaffhausen,2939,SH,real,True,23.07.2024,2690246,1284620
102450116,10019291,191761159,Ebnatstrasse,29.2,8200 Schaffhausen,2939,SH,real,True,23.07.2024,2690212,1284627
102450117,10019291,191761160,Ebnatstrasse,3.1,8207 Schaffhausen,2939,SH,real,True,23.07.2024,2691517,1285869
102450118,10019291,191761161,Ebnatstrasse,164,8207 Schaffhausen,2939,SH,real,True,15.11.2024,2691431,1285875
102450119,10019291,191761162,Ebnatstrasse,129.1,8200 Schaffhausen,2939,SH,real,True,19.11.2024,2690993,1285198
102450120,10046616,191761163,Eichenstrasse,27.1,8200 Schaffhausen,2939,SH,real,True,23.07.2024,2691018,1284659
102450121,10046616,191761164,Eichenstrasse,40.1,8200 Schaffhausen,2939,SH,real,True,23.07.2024,2691075,1284609
102450122,10046616,191761165,Eichenstrasse,14.1,8200 Schaffhausen,2939,SH,real,True,23.07.2024,2690903,1284598
102450123,10046616,191761166,Eichenstrasse,2.2,8200 Schaffhausen,2939,SH,real,True,23.07.2024,2690836,1284573
102450124,10046616,191761167,Eichenstrasse,2.1,8200 Schaffhausen,2939,SH,real,True,23.07.2024,2690840,1284565
102450125,10046616,191761168,Eichenstrasse,44.1,8200 Schaffhausen,2939,SH,real,True,23.07.2024,2691096,1284586
102450126,10046616,191761169,Eichenstrasse,31.1,8200 Schaffhausen,2939,SH,real,True,23.07.2024,2691045,1284659
102450127,10046616,191761170,Eichenstrasse,23.1,8200 Schaffhausen,2939,SH,real,True,23.07.2024,2691002,1284659
102450128,10046616,191761171,Eichenstrasse,42.1,8200 Schaffhausen,2939,SH,real,True,23.07.2024,2691081,1284608
102450129,10046616,191761172,Eichenstrasse,35.1,8200 Schaffhausen,2939,SH,real,True,23.07.2024,2691073,1284652
102450130,10046616,191761173,Eichenstrasse,35.2,8200 Schaffhausen,2939,SH,real,True,19.11.2024,2691073,1284649
102450131,10046616,191761174,Eichenstrasse,25.1,8200 Schaffhausen,2939,SH,real,True,23.07.2024,2691015,1284659
102450132,10019292,191761175,Eigerstrasse,13.1,8200 Schaffhausen,2939,SH,real,True,23.07.2024,2690068,1284234
102450134,10019292,191761177,Eigerstrasse,9.1,8200 Schaffhausen,2939,SH,real,True,23.07.2024,2690082,1284182
102450135,10186931,191761178,Emmersbergstrasse,35.1,8200 Schaffhausen,2939,SH,real,True,19.11.2024,2690095,1284140
102450136,10086479,191761179,Engehaldenweg,37.1,8200 Schaffhausen,2939,SH,real,True,23.07.2024,2688276,1283889
102450137,10086479,191761180,Engehaldenweg,42.1,8200 Schaffhausen,2939,SH,real,True,23.07.2024,2688270,1283937
102450138,10086479,191761181,Engehaldenweg,39.1,8200 Schaffhausen,2939,SH,real,True,23.07.2024,2688268,1283906
102450139,10019294,191761182,Ernst Müller-Strasse,4.2,8207 Schaffhausen,2939,SH,real,True,23.07.2024,2692408,1286123
102450140,10178606,191761183,Etzelstrasse,27a.1,8200 Schaffhausen,2939,SH,real,True,23.07.2024,2688146,1284431
102450141,10046617,191761184,Falkenstrasse,11.1,8200 Schaffhausen,2939,SH,real,True,15.11.2024,2690807,1285772
102450142,10086485,191761185,Fäsenstaubstrasse,27.1,8200 Schaffhausen,2939,SH,real,True,23.07.2024,2689237,1283428
102450143,10073031,191761186,Feldstrasse,14.1,8200 Schaffhausen,2939,SH,real,True,23.07.2024,2690456,1283995
102450146,10186931,191761189,Emmersbergstrasse,51.1,8200 Schaffhausen,2939,SH,real,True,23.07.2024,2690160,1284116
102450147,10180880,191761191,Engemattstrasse,39.1,8200 Schaffhausen,2939,SH,real,True,23.07.2024,2688291,1283941
102450148,10073031,191761192,Feldstrasse,2.1,8200 Schaffhausen,2939,SH,real,True,23.07.2024,2690472,1283925
102450149,10073031,191761193,Feldstrasse,19.1,8200 Schaffhausen,2939,SH,real,True,23.07.2024,2690433,1284053
102450155,10073031,191761199,Feldstrasse,1.1,8200 Schaffhausen,2939,SH,real,True,23.07.2024,2690454,1284089
102450157,10073031,191761201,Feldstrasse,21.1,8200 Schaffhausen,2939,SH,real,True,23.07.2024,2690427,1284074
102450158,10073031,191761202,Feldstrasse,21.2,8200 Schaffhausen,2939,SH,real,True,23.07.2024,2690433,1284056
102450159,10019295,191761203,Felsenaustrasse,,8200 Schaffhausen,2939,SH,real,True,23.07.2024,2689553,1285294
102450160,10019295,191761204,Felsenaustrasse,11.1,8200 Schaffhausen,2939,SH,real,True,23.07.2024,2689517,1285309
102450161,10019295,191761205,Felsenaustrasse,,8200 Schaffhausen,2939,SH,real,True,19.11.2024,2689442,1285150
102450162,10018344,191761206,Felsenstieg,12.1,8200 Schaffhausen,2939,SH,real,True,23.07.2024,2689350,1284853
102450163,10018344,191761207,Felsenstieg,10.1,8200 Schaffhausen,2939,SH,real,True,23.07.2024,2689316,1284861
102450164,10018344,191761208,Felsenstieg,,8200 Schaffhausen,2939,SH,real,True,23.07.2024,2689353,1284852
102450165,10018344,191761209,Felsenstieg,,8200 Schaffhausen,2939,SH,real,True,23.07.2024,2689323,1284931
102450166,10018345,191761210,Felsgasse,46.1,8200 Schaffhausen,2939,SH,real,True,23.07.2024,2691441,1282951
102450167,10018345,191761211,Felsgasse,48.1,8200 Schaffhausen,2939,SH,real,True,23.07.2024,2691449,1282948
102450168,10018345,191761212,Felsgasse,44.1,8200 Schaffhausen,2939,SH,real,True,23.07.2024,2691444,1282951
102450169,10046618,191761213,Fernsichtstrasse,,8200 Schaffhausen,2939,SH,real,True,23.07.2024,2688969,1284923
102450170,10046618,191761214,Fernsichtstrasse,,8200 Schaffhausen,2939,SH,real,True,23.07.2024,2688933,1284867
102450171,10046618,191761215,Fernsichtstrasse,,8200 Schaffhausen,2939,SH,real,True,23.07.2024,2688932,1284825
102450172,10117545,191761216,Finsterwaldstrasse,24.1,8200 Schaffhausen,2939,SH,real,True,23.07.2024,2689772,1284560
102450173,10117545,191761217,Finsterwaldstrasse,21.1,8200 Schaffhausen,2939,SH,real,True,23.07.2024,2689728,1284592
102450174,10117545,191761218,Finsterwaldstrasse,30.1,8200 Schaffhausen,2939,SH,real,True,23.07.2024,2689819,1284587
102450175,10117545,191761219,Finsterwaldstrasse,42.1,8200 Schaffhausen,2939,SH,real,True,23.07.2024,2689831,1284635
102450176,10117545,191761220,Finsterwaldstrasse,27.1,8200 Schaffhausen,2939,SH,real,True,23.07.2024,2689796,1284612
102450177,10117545,191761221,Finsterwaldstrasse,107.1,8200 Schaffhausen,2939,SH,real,True,23.07.2024,2690007,1284896
102450178,10086481,191761222,Fischerhäuserstrasse,19.1,8200 Schaffhausen,2939,SH,real,True,19.11.2024,2690399,1283491
102450179,10018630,191761223,Floraweg,6.2,8200 Schaffhausen,2939,SH,real,True,23.07.2024,2689322,1285169
102450180,10018630,191761224,Floraweg,16.1,8200 Schaffhausen,2939,SH,real,True,23.07.2024,2689269,1285094
102450181,10018630,191761225,Floraweg,12.1,8200 Schaffhausen,2939,SH,real,True,23.07.2024,2689298,1285135
102450182,10018636,191761226,Föhrenstieg,4.1,8200 Schaffhausen,2939,SH,real,True,23.07.2024,2690759,1284400
102450183,10073036,191761227,Föhrenstrasse,4.1,8200 Schaffhausen,2939,SH,real,True,23.07.2024,2690773,1284388
102450184,10073036,191761228,Föhrenstrasse,33.1,8200 Schaffhausen,2939,SH,real,True,23.07.2024,2690779,1284492
102450185,10073036,191761229,Föhrenstrasse,6.1,8200 Schaffhausen,2939,SH,real,True,23.07.2024,2690725,1284415
102450187,10086482,191761231,Freistrasse,33.2,8200 Schaffhausen,2939,SH,real,True,23.07.2024,2689226,1284014
102450188,10073034,191761232,Friedbergstrasse,28.1,8200 Schaffhausen,2939,SH,real,True,19.11.2024,2688906,1283560
102450189,10073034,191761233,Friedbergstrasse,74.1,8200 Schaffhausen,2939,SH,real,True,23.07.2024,2689262,1283659
102450190,10086483,191761234,Frohbergstieg,22.1,8200 Schaffhausen,2939,SH,real,True,23.07.2024,2690071,1284065
102450191,10128950,191761235,Frohbergstrasse,6.1,8200 Schaffhausen,2939,SH,real,True,23.07.2024,2690148,1284069
102450192,10128950,191761236,Frohbergstrasse,16.1,8200 Schaffhausen,2939,SH,real,True,23.07.2024,2690040,1284063
102450193,10073035,191761237,Fulachstrasse,167.1,8200 Schaffhausen,2939,SH,real,True,23.07.2024,2690329,1285248
102450194,10073035,191761238,Fulachstrasse,249.1,8200 Schaffhausen,2939,SH,real,True,23.07.2024,2690893,1285589
102451482,10161512,191762199,Hohlegasse,11,8454 Buchberg,2933,SH,real,True,15.11.2024,2684470,1269560
102451490,10169254,191762207,Unterbreitenstrasse,10,8454 Buchberg,2933,SH,real,True,15.11.2024,2684684,1269697
102451501,10090058,191762221,Mühlenstrasse,5,8260 Stein am Rhein,2964,SH,real,True,15.11.2024,2706958,1279830
102451502,10107218,191762222,Hofwisenstrasse,18,8260 Stein am Rhein,2964,SH,real,True,15.11.2024,2706420,1278822
102451587,10019777,191762432,Moserstrasse,30,8200 Schaffhausen,2939,SH,real,True,15.11.2024,2690086,1283449
102451592,10031921,191762472,Fronhof,17,8260 Stein am Rhein,2964,SH,real,True,15.11.2024,2706674,1279855
102451594,10090057,191762491,Kaltenbacherstrasse,40,8260 Stein am Rhein,2964,SH,real,True,15.11.2024,2706191,1278941
102451597,10031930,191762494,Obergass,34,8260 Stein am Rhein,2964,SH,real,True,15.11.2024,2706750,1279828
102451616,10031618,191762611,Bärengass,12,8260 Stein am Rhein,2964,SH,real,True,15.11.2024,2706679,1279684
102451678,10019783,191762739,Nordstrasse,,8200 Schaffhausen,2939,SH,real,True,23.07.2024,2689216,1284528
102451800,10073075,191763192,Ungarbühlstrasse,2,8200 Schaffhausen,2939,SH,real,True,15.11.2024,2690225,1284506
102451801,10073075,191763192,Ungarbühlstrasse,2a,8200 Schaffhausen,2939,SH,real,True,15.11.2024,2690197,1284508
102451865,10237826,191763298,Randenstrasse,212.1,8200 Schaffhausen,2939,SH,real,True,23.07.2024,2688444,1284810
102451866,10018642,191763299,Grabenstrasse,11.1,8200 Schaffhausen,2939,SH,real,True,23.07.2024,2689546,1283338
102451868,10108021,191763301,Hauentalstrasse,52.1,8200 Schaffhausen,2939,SH,real,True,23.07.2024,2689052,1285190
102451869,10019806,191763302,Schlössliweg,7,8200 Schaffhausen,2939,SH,real,True,15.11.2024,2690414,1284314
102451870,10018639,191763303,Geisshaldenweg,19.1,8200 Schaffhausen,2939,SH,real,True,23.07.2024,2690015,1284981
102451874,10073055,191763307,Mühlentalstrasse,361.1,8200 Schaffhausen,2939,SH,real,True,23.07.2024,2688963,1287251
102451875,10108021,191763308,Hauentalstrasse,109.1,8200 Schaffhausen,2939,SH,real,True,23.07.2024,2688819,1285506
102451877,10086770,191763310,Langhansergässchen,22.1,8200 Schaffhausen,2939,SH,real,True,23.07.2024,2688105,1284542
102451879,10073049,191763312,Korallenstieg,11.1,8200 Schaffhausen,2939,SH,real,True,23.07.2024,2690359,1283776
102451880,10108021,191763313,Hauentalstrasse,111.1,8200 Schaffhausen,2939,SH,real,True,23.07.2024,2688804,1285527
102451881,10179734,191763314,Weinsteig,,8200 Schaffhausen,2939,SH,real,True,23.07.2024,2689541,1284791
102451882,10046630,191763315,Rothüsliweg,,8200 Schaffhausen,2939,SH,real,True,23.07.2024,2689863,1284741
102451883,10179714,191763316,Gemsgasse,,8200 Schaffhausen,2939,SH,real,True,23.07.2024,2690379,1285879
102451887,10108021,191763320,Hauentalstrasse,,8200 Schaffhausen,2939,SH,real,True,23.07.2024,2688669,1285715
102451890,10120424,191763323,Herblingerstrasse,,8207 Schaffhausen,2939,SH,real,True,23.07.2024,2691222,1285925
102451891,10019807,191763324,Schweizersbildstrasse,,8207 Schaffhausen,2939,SH,real,True,23.07.2024,2690472,1286393
102451892,10108024,191763325,Kirchbergstrasse,,8207 Schaffhausen,2939,SH,real,True,23.07.2024,2691461,1286269
102451893,10108024,191763326,Kirchbergstrasse,,8207 Schaffhausen,2939,SH,real,True,23.07.2024,2691497,1286308
102451894,10108024,191763327,Kirchbergstrasse,20.1,8207 Schaffhausen,2939,SH,real,True,23.07.2024,2691511,1286309
102451905,10179731,191763352,Steinbruchgässchen,,8200 Schaffhausen,2939,SH,real,True,23.07.2024,2689121,1283233
102451906,10025691,191763353,Steigstrasse,,8200 Schaffhausen,2939,SH,real,True,23.07.2024,2689286,1283739
102451909,10073055,191763371,Mühlentalstrasse,,8200 Schaffhausen,2939,SH,real,True,23.07.2024,2689451,1284002
102451911,10019783,191763373,Nordstrasse,,8200 Schaffhausen,2939,SH,real,True,23.07.2024,2689282,1283867
102451912,10018657,191763374,Hohlenbaumstrasse,53a.1,8200 Schaffhausen,2939,SH,real,True,23.07.2024,2688534,1284605
102451913,10019798,191763375,Riethaldenweg,,8200 Schaffhausen,2939,SH,real,True,23.07.2024,2688204,1284242
102451914,10179718,191763376,Im Riet,,8200 Schaffhausen,2939,SH,real,True,19.11.2024,2688430,1284155
102451915,10106951,191763377,Rheinhaldenstrasse,,8200 Schaffhausen,2939,SH,real,True,23.07.2024,2691663,1282674
102451916,10085724,191763378,Mühlenstrasse,,8200 Schaffhausen,2939,SH,real,True,19.11.2024,2689027,1283062
102451918,10019778,191763380,Munotstrasse,,8200 Schaffhausen,2939,SH,real,True,23.07.2024,2690237,1283687
102451919,10018654,191763381,Hochstrasse,1165.1,8200 Schaffhausen,2939,SH,real,True,03.09.2024,2690172,1285132
102451920,10073069,191763382,Steingutstrasse,,8200 Schaffhausen,2939,SH,real,True,23.07.2024,2690550,1285702
102451922,10019792,191763384,Rammersbühlstrasse,,8200 Schaffhausen,2939,SH,real,True,23.07.2024,2688887,1283887
102451924,10018633,191763386,Freudental,3.9,8200 Schaffhausen,2939,SH,real,True,04.12.2024,2689997,1287935
102451925,10018672,191763387,Krebsbachstrasse,,8200 Schaffhausen,2939,SH,real,True,19.11.2024,2689958,1284664
102451927,10108021,191763389,Hauentalstrasse,,8200 Schaffhausen,2939,SH,real,True,19.11.2024,2688883,1285332
102451929,10120422,191763391,Erlenstrasse,,8200 Schaffhausen,2939,SH,real,True,23.07.2024,2690551,1283757
102451931,10187858,191763393,Vögelingässchen,,8200 Schaffhausen,2939,SH,real,True,23.07.2024,2691675,1282792
102451932,10025684,191763394,Sonnhaldenweg,2.1,8200 Schaffhausen,2939,SH,real,True,23.07.2024,2690326,1283974
102451933,10085742,191763395,Sonnenstrasse,69.1,8200 Schaffhausen,2939,SH,real,True,23.07.2024,2688766,1284577
102451934,10046620,191763396,Irchelstrasse,16.1,8200 Schaffhausen,2939,SH,real,True,23.07.2024,2688718,1284716
102451935,10110815,191763397,Lägernstrasse,9.1,8200 Schaffhausen,2939,SH,real,True,23.07.2024,2688659,1284853
102451938,10187857,191763400,Tannerberg,1.2,8200 Schaffhausen,2939,SH,real,True,23.07.2024,2689698,1284015
102451939,10086770,191763401,Langhansergässchen,19.2,8200 Schaffhausen,2939,SH,real,True,23.07.2024,2688200,1284454
102451940,10086770,191763402,Langhansergässchen,19.1,8200 Schaffhausen,2939,SH,real,True,19.11.2024,2688193,1284431
102451941,10018657,191763403,Hohlenbaumstrasse,179.1,8200 Schaffhausen,2939,SH,real,True,23.07.2024,2689023,1284856
102451942,10103225,191763404,Plattenhalde,,8200 Schaffhausen,2939,SH,real,True,23.07.2024,2689058,1285289
102451943,10180882,191763405,Im Stemmerli,2.1,8200 Schaffhausen,2939,SH,real,True,19.11.2024,2691944,1282584
102451944,10180882,191763406,Im Stemmerli,4.1,8200 Schaffhausen,2939,SH,real,True,19.11.2024,2691940,1282584
102451945,10180882,191763407,Im Stemmerli,6.1,8200 Schaffhausen,2939,SH,real,True,23.07.2024,2691968,1282585
102451946,10180882,191763408,Im Stemmerli,8.1,8200 Schaffhausen,2939,SH,real,True,19.11.2024,2691946,1282621
102451947,10180882,191763409,Im Stemmerli,10.1,8200 Schaffhausen,2939,SH,real,True,23.07.2024,2691965,1282584
102451948,10025706,191763410,Villenstrasse,29.1,8200 Schaffhausen,2939,SH,real,True,23.07.2024,2689086,1283842
102452254,10090057,191763798,Kaltenbacherstrasse,22,8260 Stein am Rhein,2964,SH,real,True,15.11.2024,2706392,1279175
102452566,10091247,191764125,Charlottenweg,19.1,8212 Neuhausen am Rheinfall,2937,SH,real,True,23.07.2024,2688735,1282735
102452568,10091247,191764127,Charlottenweg,1a.1,8212 Neuhausen am Rheinfall,2937,SH,real,True,23.07.2024,2688833,1282593
102452569,10091247,191764128,Charlottenweg,1b.1,8212 Neuhausen am Rheinfall,2937,SH,real,True,23.07.2024,2688835,1282605
102452570,10091247,191764129,Charlottenweg,5.1,8212 Neuhausen am Rheinfall,2937,SH,real,True,23.07.2024,2688803,1282646
102452572,10091247,191764131,Charlottenweg,2.2,8212 Neuhausen am Rheinfall,2937,SH,real,True,23.07.2024,2688755,1282798
102452575,10091247,191764134,Charlottenweg,2.3,8212 Neuhausen am Rheinfall,2937,SH,real,True,23.07.2024,2688717,1282794
102452576,10180882,191764135,Im Stemmerli,12.1,8200 Schaffhausen,2939,SH,real,True,23.07.2024,2691953,1282587
102452577,10025706,191764136,Villenstrasse,29.2,8200 Schaffhausen,2939,SH,real,True,23.07.2024,2689037,1283783
102452578,10085742,191764137,Sonnenstrasse,58.1,8200 Schaffhausen,2939,SH,real,True,23.07.2024,2688752,1284536
102452579,10187858,191764138,Vögelingässchen,62.1,8200 Schaffhausen,2939,SH,real,True,23.07.2024,2691958,1282589
102452580,10179732,191764139,Tellstrasse,25.1,8200 Schaffhausen,2939,SH,real,True,23.07.2024,2690374,1284164
102452581,10179732,191764140,Tellstrasse,25.2,8200 Schaffhausen,2939,SH,real,True,23.07.2024,2690363,1284176
102452582,10091247,191764141,Charlottenweg,2.7,8212 Neuhausen am Rheinfall,2937,SH,real,True,23.07.2024,2688723,1282820
102452584,10091247,191764143,Charlottenweg,2.8,8212 Neuhausen am Rheinfall,2937,SH,real,True,23.07.2024,2688745,1282854
102452588,10019803,191764146,Sandlöchlistrasse,4,8200 Schaffhausen,2939,SH,real,True,15.11.2024,2690712,1285824
102452591,10019798,191764149,Riethaldenweg,,8200 Schaffhausen,2939,SH,real,True,23.07.2024,2688223,1284311
102452592,10055273,191764150,In Gruben,10,8200 Schaffhausen,2939,SH,real,True,15.11.2024,2690566,1284218
102452595,10046624,191764153,Kleinbuchbergweg,,8200 Schaffhausen,2939,SH,real,True,23.07.2024,2688796,1287224
102452596,10017857,191764154,Chlaffentalstrasse,200,8212 Neuhausen am Rheinfall,2937,SH,real,True,15.11.2024,2686265,1280298
102452597,10123290,191764155,Krummgasse,23,8200 Schaffhausen,2939,SH,real,True,15.11.2024,2689762,1283676
102452598,10019278,191764156,Birchweg,,8200 Schaffhausen,2939,SH,real,True,23.07.2024,2689417,1285433
102452617,10046631,191764170,St. Peterstrasse,13,8200 Schaffhausen,2939,SH,real,True,15.11.2024,2690930,1285846
102452618,10017857,191764171,Chlaffentalstrasse,1058.1,8212 Neuhausen am Rheinfall,2937,SH,real,True,23.07.2024,2686055,1280056
102452620,10017857,191764173,Chlaffentalstrasse,100.1,8212 Neuhausen am Rheinfall,2937,SH,real,True,23.07.2024,2686824,1280965
102452622,10017857,191764174,Chlaffentalstrasse,101.1,8212 Neuhausen am Rheinfall,2937,SH,real,True,23.07.2024,2686496,1280463
102452623,10017857,191764175,Chlaffentalstrasse,101.2,8212 Neuhausen am Rheinfall,2937,SH,real,True,23.07.2024,2686437,1280406
102452624,10017857,191764176,Chlaffentalstrasse,101.4,8212 Neuhausen am Rheinfall,2937,SH,real,True,23.07.2024,2686479,1280458
102452626,10017857,191764177,Chlaffentalstrasse,101.3,8212 Neuhausen am Rheinfall,2937,SH,real,True,23.07.2024,2686474,1280398
102452628,10017857,191764179,Chlaffentalstrasse,101.5,8212 Neuhausen am Rheinfall,2937,SH,real,True,23.07.2024,2686507,1280442
102452631,10017857,191764182,Chlaffentalstrasse,106.1,8212 Neuhausen am Rheinfall,2937,SH,real,True,23.07.2024,2686771,1280859
102452633,10017857,191764184,Chlaffentalstrasse,10.1,8212 Neuhausen am Rheinfall,2937,SH,real,True,23.07.2024,2687073,1281231
102452634,10017857,191764185,Chlaffentalstrasse,12.1,8212 Neuhausen am Rheinfall,2937,SH,real,True,23.07.2024,2687076,1281233
102452638,10017857,191764187,Chlaffentalstrasse,1.4,8212 Neuhausen am Rheinfall,2937,SH,real,True,19.11.2024,2687157,1281257
102452640,10046623,191764189,Kirchgasse,,8203 Schaffhausen,2939,SH,real,True,23.07.2024,2691402,1283612
102452641,10018669,191764190,Kesselstrasse,7,8200 Schaffhausen,2939,SH,real,True,29.11.2024,2690900,1284146
102452643,10190888,191764191,Winkelriedstrasse,,8200 Schaffhausen,2939,SH,real,True,23.07.2024,2691132,1284004
102452645,10018679,191764192,Lebernstrasse,,8207 Schaffhausen,2939,SH,real,True,23.07.2024,2691733,1286767
102452649,10120424,191764213,Herblingerstrasse,,8207 Schaffhausen,2939,SH,real,True,23.07.2024,2691555,1286309
102452650,10017857,191764214,Chlaffentalstrasse,1.2,8212 Neuhausen am Rheinfall,2937,SH,real,True,23.07.2024,2687050,1281147
102452651,10019807,191764215,Schweizersbildstrasse,,8207 Schaffhausen,2939,SH,real,True,23.07.2024,2690403,1286390
102452655,10017857,191764217,Chlaffentalstrasse,1.1,8212 Neuhausen am Rheinfall,2937,SH,real,True,23.07.2024,2686980,1281012
102452656,10017857,191764218,Chlaffentalstrasse,20.1,8212 Neuhausen am Rheinfall,2937,SH,real,True,23.07.2024,2687050,1281215
102452658,10017857,191764220,Chlaffentalstrasse,26.1,8212 Neuhausen am Rheinfall,2937,SH,real,True,23.07.2024,2687031,1281198
102452659,10017857,191764221,Chlaffentalstrasse,28.1,8212 Neuhausen am Rheinfall,2937,SH,real,True,23.07.2024,2687029,1281196
102452669,10017857,191764231,Chlaffentalstrasse,36.1,8212 Neuhausen am Rheinfall,2937,SH,real,True,23.07.2024,2687010,1281180
102452670,10017857,191764232,Chlaffentalstrasse,38.1,8212 Neuhausen am Rheinfall,2937,SH,real,True,23.07.2024,2687006,1281178
102452671,10017857,191764233,Chlaffentalstrasse,40.1,8212 Neuhausen am Rheinfall,2937,SH,real,True,23.07.2024,2687004,1281176
102452672,10017857,191764234,Chlaffentalstrasse,42.1,8212 Neuhausen am Rheinfall,2937,SH,real,True,23.07.2024,2686985,1281150
102452673,10017857,191764235,Chlaffentalstrasse,42.2,8212 Neuhausen am Rheinfall,2937,SH,real,True,23.07.2024,2686991,1281160
102452676,10017857,191764238,Chlaffentalstrasse,44.1,8212 Neuhausen am Rheinfall,2937,SH,real,True,23.07.2024,2686987,1281153
102452677,10017857,191764239,Chlaffentalstrasse,46.1,8212 Neuhausen am Rheinfall,2937,SH,real,True,23.07.2024,2686989,1281155
102452678,10017857,191764240,Chlaffentalstrasse,4.1,8212 Neuhausen am Rheinfall,2937,SH,real,True,23.07.2024,2687085,1281241
102452680,10017857,191764241,Chlaffentalstrasse,50.1,8212 Neuhausen am Rheinfall,2937,SH,real,True,23.07.2024,2686976,1281135
102452681,10017857,191764242,Chlaffentalstrasse,52.1,8212 Neuhausen am Rheinfall,2937,SH,real,True,23.07.2024,2686973,1281129
102452682,10017857,191764243,Chlaffentalstrasse,54.1,8212 Neuhausen am Rheinfall,2937,SH,real,True,23.07.2024,2686980,1281139
102452683,10017857,191764244,Chlaffentalstrasse,56.1,8212 Neuhausen am Rheinfall,2937,SH,real,True,23.07.2024,2686963,1281114
102452684,10017857,191764245,Chlaffentalstrasse,58.1,8212 Neuhausen am Rheinfall,2937,SH,real,True,23.07.2024,2686960,1281110
102452685,10017857,191764246,Chlaffentalstrasse,60.1,8212 Neuhausen am Rheinfall,2937,SH,real,True,23.07.2024,2686966,1281119
102452686,10017857,191764247,Chlaffentalstrasse,62.1,8212 Neuhausen am Rheinfall,2937,SH,real,True,23.07.2024,2686942,1281069
102452688,10017857,191764249,Chlaffentalstrasse,64.1,8212 Neuhausen am Rheinfall,2937,SH,real,True,23.07.2024,2686940,1281066
102452689,10017857,191764250,Chlaffentalstrasse,64.2,8212 Neuhausen am Rheinfall,2937,SH,real,True,23.07.2024,2686932,1281050
102452690,10017857,191764251,Chlaffentalstrasse,66.1,8212 Neuhausen am Rheinfall,2937,SH,real,True,23.07.2024,2686939,1281064
102452691,10017857,191764252,Chlaffentalstrasse,66.2,8212 Neuhausen am Rheinfall,2937,SH,real,True,23.07.2024,2686934,1281054
102452692,10017857,191764253,Chlaffentalstrasse,68.1,8212 Neuhausen am Rheinfall,2937,SH,real,True,23.07.2024,2686938,1281061
102452693,10017857,191764254,Chlaffentalstrasse,6.1,8212 Neuhausen am Rheinfall,2937,SH,real,True,23.07.2024,2687090,1281245
102452694,10017857,191764255,Chlaffentalstrasse,70.1,8212 Neuhausen am Rheinfall,2937,SH,real,True,23.07.2024,2686930,1281046
102452695,10017857,191764256,Chlaffentalstrasse,72.1,8212 Neuhausen am Rheinfall,2937,SH,real,True,23.07.2024,2686931,1281048
102452696,10017857,191764257,Chlaffentalstrasse,74.1,8212 Neuhausen am Rheinfall,2937,SH,real,True,23.07.2024,2686935,1281056
102452697,10017857,191764258,Chlaffentalstrasse,76.1,8212 Neuhausen am Rheinfall,2937,SH,real,True,23.07.2024,2686936,1281059
102452698,10017857,191764259,Chlaffentalstrasse,80.1,8212 Neuhausen am Rheinfall,2937,SH,real,True,23.07.2024,2686922,1281037
102452699,10017857,191764260,Chlaffentalstrasse,8.1,8212 Neuhausen am Rheinfall,2937,SH,real,True,23.07.2024,2687081,1281238
102452700,10017857,191764261,Chlaffentalstrasse,98.1,8212 Neuhausen am Rheinfall,2937,SH,real,True,23.07.2024,2686837,1281013
102452701,10143725,191764262,Chlaffentalweg,12.1,8212 Neuhausen am Rheinfall,2937,SH,real,True,23.07.2024,2686445,1280293
102452702,10017858,191764263,Echostrasse,4.1,8212 Neuhausen am Rheinfall,2937,SH,real,True,23.07.2024,2688880,1282053
102452703,10017858,191764264,Echostrasse,6.1,8212 Neuhausen am Rheinfall,2937,SH,real,True,23.07.2024,2688885,1282080
102452704,10091248,191764265,Einschlagstrasse,11.1,8212 Neuhausen am Rheinfall,2937,SH,real,True,23.07.2024,2688514,1282275
102452705,10091248,191764266,Einschlagstrasse,1.1,8212 Neuhausen am Rheinfall,2937,SH,real,True,23.07.2024,2688612,1282197
102452706,10091248,191764267,Einschlagstrasse,7.1,8212 Neuhausen am Rheinfall,2937,SH,real,True,23.07.2024,2688561,1282254
102452707,10091248,191764268,Einschlagstrasse,9.1,8212 Neuhausen am Rheinfall,2937,SH,real,True,23.07.2024,2688550,1282284
102452710,10017859,191764269,Engefluhstrasse,17.1,8212 Neuhausen am Rheinfall,2937,SH,real,True,23.07.2024,2687950,1282254
102452711,10017859,191764270,Engefluhstrasse,19.1,8212 Neuhausen am Rheinfall,2937,SH,real,True,23.07.2024,2687950,1282257
102452712,10017859,191764271,Engefluhstrasse,21.1,8212 Neuhausen am Rheinfall,2937,SH,real,True,19.11.2024,2687916,1282282
102452713,10017860,191764272,Engestrasse,10.1,8212 Neuhausen am Rheinfall,2937,SH,real,True,23.07.2024,2688394,1282305
102452715,10017860,191764274,Engestrasse,13.1,8212 Neuhausen am Rheinfall,2937,SH,real,True,23.07.2024,2688285,1282224
102452716,10017860,191764275,Engestrasse,2.1,8212 Neuhausen am Rheinfall,2937,SH,real,True,23.07.2024,2688454,1282289
102452717,10017860,191764276,Engestrasse,44.1,8212 Neuhausen am Rheinfall,2937,SH,real,True,23.07.2024,2688105,1282489
102452718,10017860,191764277,Engestrasse,6.1,8212 Neuhausen am Rheinfall,2937,SH,real,True,23.07.2024,2688413,1282270
102452719,10017860,191764278,Engestrasse,6.2,8212 Neuhausen am Rheinfall,2937,SH,real,True,23.07.2024,2688401,1282307
102452720,10178592,191764279,Bohnenbergstrasse,33.3,8212 Neuhausen am Rheinfall,2937,SH,real,True,23.07.2024,2688400,1282888
102452721,10017861,191764280,Feldeggstrasse,6.1,8212 Neuhausen am Rheinfall,2937,SH,real,True,23.07.2024,2688571,1282487
102452723,10091249,191764282,Felsstrasse,16.1,8212 Neuhausen am Rheinfall,2937,SH,real,True,23.07.2024,2688214,1282204
102452815,10091249,191764291,Felsstrasse,4.1,8212 Neuhausen am Rheinfall,2937,SH,real,True,23.07.2024,2688164,1282180
102452816,10091249,191764292,Felsstrasse,9.1,8212 Neuhausen am Rheinfall,2937,SH,real,True,23.07.2024,2688200,1282227
102452818,10178593,191764294,Flurlingerweg,14.1,8212 Neuhausen am Rheinfall,2937,SH,real,True,23.07.2024,2689136,1281764
102452820,10178593,191764311,Flurlingerweg,16.1,8212 Neuhausen am Rheinfall,2937,SH,real,True,23.07.2024,2689169,1281777
102452822,10017863,191764313,Freyastrasse,6.1,8212 Neuhausen am Rheinfall,2937,SH,real,True,23.07.2024,2688901,1282098
102452823,10017863,191764314,Freyastrasse,8.1,8212 Neuhausen am Rheinfall,2937,SH,real,True,23.07.2024,2688906,1282098
102452824,10017863,191764315,Freyastrasse,8.2,8212 Neuhausen am Rheinfall,2937,SH,real,True,23.07.2024,2688904,1282088
102452871,10026342,470527,Hauptstrasse,29,8224 Löhningen,2903,SH,real,True,15.11.2024,2683675,1284003
102452877,10019807,191764421,Schweizersbildstrasse,25,8207 Schaffhausen,2939,SH,real,True,15.11.2024,2690611,1286185
102452878,10046622,191764422,Kiefernweg,4,8200 Schaffhausen,2939,SH,real,True,15.11.2024,2690689,1284507
102452879,10120425,191764423,Im Hägli,,8207 Schaffhausen,2939,SH,real,True,23.07.2024,2691625,1286385
102452880,10025710,191764424,Windeggstieg,32.2,8203 Schaffhausen,2939,SH,real,True,19.11.2024,2691372,1283085
102452881,10025710,191764425,Windeggstieg,32.1,8203 Schaffhausen,2939,SH,real,True,23.07.2024,2691383,1283111
102452882,10180882,191764426,Im Stemmerli,66.1,8200 Schaffhausen,2939,SH,real,True,19.11.2024,2691989,1282587
102452883,10187858,191764427,Vögelingässchen,64.1,8200 Schaffhausen,2939,SH,real,True,19.11.2024,2691986,1282583
102452884,10187858,191764428,Vögelingässchen,60.1,8200 Schaffhausen,2939,SH,real,True,19.11.2024,2691982,1282625
102452885,10025697,191764429,Säntisstrasse,51.2,8200 Schaffhausen,2939,SH,real,True,23.07.2024,2690566,1283606
102452886,10187857,191764430,Tannerberg,32.2,8200 Schaffhausen,2939,SH,real,True,23.07.2024,2689577,1284180
102452887,10187857,191764431,Tannerberg,32.1,8200 Schaffhausen,2939,SH,real,True,23.07.2024,2689591,1284176
102452888,10025706,191764432,Villenstrasse,10.1,8200 Schaffhausen,2939,SH,real,True,23.07.2024,2689186,1283820
102452889,10108021,191764433,Hauentalstrasse,54.1,8200 Schaffhausen,2939,SH,real,True,23.07.2024,2689051,1285194
102452890,10073066,191764434,Sommerau,3.1,8200 Schaffhausen,2939,SH,real,True,23.07.2024,2690469,1285617
102452891,10025693,191764435,Stimmerstrasse,9.1,8200 Schaffhausen,2939,SH,real,True,23.07.2024,2690644,1284360
102452892,10179734,191764436,Weinsteig,10.1,8200 Schaffhausen,2939,SH,real,True,23.07.2024,2689680,1284177
102452893,10025691,191764437,Steigstrasse,85.1,8200 Schaffhausen,2939,SH,real,True,23.07.2024,2689205,1283764
102452894,10085721,191764438,Lochstrasse,20.1,8200 Schaffhausen,2939,SH,real,True,23.07.2024,2689289,1284861
102452895,10019783,191764439,Nordstrasse,64.1,8200 Schaffhausen,2939,SH,real,True,23.07.2024,2689249,1284398
102452896,10019783,191764440,Nordstrasse,62.1,8200 Schaffhausen,2939,SH,real,True,23.07.2024,2689249,1284395
102452897,10019783,191764441,Nordstrasse,70.1,8200 Schaffhausen,2939,SH,real,True,23.07.2024,2689268,1284415
102452898,10187858,191764442,Vögelingässchen,58.1,8200 Schaffhausen,2939,SH,real,True,19.11.2024,2691987,1282627
102452899,10019792,191764443,Rammersbühlstrasse,16.1,8200 Schaffhausen,2939,SH,real,True,23.07.2024,2688871,1283873
102452900,10019792,191764444,Rammersbühlstrasse,16.2,8200 Schaffhausen,2939,SH,real,True,23.07.2024,2688864,1283875
102452901,10019783,191764445,Nordstrasse,34.1,8200 Schaffhausen,2939,SH,real,True,23.07.2024,2689256,1284174
102452902,10179734,191764446,Weinsteig,194.2,8200 Schaffhausen,2939,SH,real,True,23.07.2024,2689647,1285025
102452903,10179734,191764447,Weinsteig,194.1,8200 Schaffhausen,2939,SH,real,True,23.07.2024,2689634,1285015
102452904,10073055,191764448,Mühlentalstrasse,335.1,8200 Schaffhausen,2939,SH,real,True,23.07.2024,2689275,1286905
102452905,10073055,191764449,Mühlentalstrasse,335.2,8200 Schaffhausen,2939,SH,real,True,23.07.2024,2689275,1286899
102452906,10187858,191764450,Vögelingässchen,56.1,8200 Schaffhausen,2939,SH,real,True,19.11.2024,2691990,1282628
102452907,10086766,191764451,Klausweg,7.1,8200 Schaffhausen,2939,SH,real,True,23.07.2024,2690322,1284541
102452908,10025681,191764452,Sennereistrasse,50.1,8200 Schaffhausen,2939,SH,real,True,23.07.2024,2690594,1285363
102452909,10073035,191764453,Fulachstrasse,225.1,8200 Schaffhausen,2939,SH,real,True,23.07.2024,2690712,1285436
102452910,10018657,191764454,Hohlenbaumstrasse,106.1,8200 Schaffhausen,2939,SH,real,True,23.07.2024,2688708,1284614
102452911,10073052,191764455,Lahnstrasse,40.1,8200 Schaffhausen,2939,SH,real,True,23.07.2024,2688256,1284717
102452912,10018641,191764456,Glärnischstrasse,8.1,8200 Schaffhausen,2939,SH,real,True,23.07.2024,2690672,1283580
102452913,10019787,191764457,Pilgerweg,1.1,8200 Schaffhausen,2939,SH,real,True,23.07.2024,2689868,1284825
102452914,10019804,191764458,Schildstrasse,22.1,8200 Schaffhausen,2939,SH,real,True,23.07.2024,2690641,1283838
102452915,10179734,191764459,Weinsteig,52.2,8200 Schaffhausen,2939,SH,real,True,23.07.2024,2689667,1284292
102452916,10179734,191764460,Weinsteig,52.1,8200 Schaffhausen,2939,SH,real,True,23.07.2024,2689650,1284313
102452917,10018660,191764461,Höhenweg,21.1,8200 Schaffhausen,2939,SH,real,True,23.07.2024,2690395,1284063
102452918,10018654,191764462,Hochstrasse,347.1,8200 Schaffhausen,2939,SH,real,True,23.07.2024,2690838,1285912
102452919,10019787,191764463,Pilgerweg,13.1,8200 Schaffhausen,2939,SH,real,True,23.07.2024,2689895,1284882
102452920,10019787,191764464,Pilgerweg,17.1,8200 Schaffhausen,2939,SH,real,True,23.07.2024,2689917,1284950
102452921,10086492,191764465,Hegaustrasse,23.1,8200 Schaffhausen,2939,SH,real,True,23.07.2024,2690530,1284052
102452922,10179720,191764466,Lahnhalde,1.1,8200 Schaffhausen,2939,SH,real,True,23.07.2024,2688199,1284518
102452923,10085757,191764467,Wiesenweg,18.1,8200 Schaffhausen,2939,SH,real,True,23.07.2024,2689734,1284605
102452924,10019798,191764468,Riethaldenweg,14.1,8200 Schaffhausen,2939,SH,real,True,23.07.2024,2688228,1284337
102452925,10025706,191764469,Villenstrasse,25.1,8200 Schaffhausen,2939,SH,real,True,23.07.2024,2689015,1283734
102452926,10025706,191764470,Villenstrasse,25.2,8200 Schaffhausen,2939,SH,real,True,23.07.2024,2689032,1283777
102452929,10086766,191764473,Klausweg,2.1,8200 Schaffhausen,2939,SH,real,True,23.07.2024,2690295,1284500
102452930,10085731,191764474,Querstrasse,6.2,8200 Schaffhausen,2939,SH,real,True,23.07.2024,2689290,1284816
102452931,10085731,191764475,Querstrasse,6.1,8200 Schaffhausen,2939,SH,real,True,23.07.2024,2689274,1284819
102452932,10073055,191764476,Mühlentalstrasse,255.1,8200 Schaffhausen,2939,SH,real,True,23.07.2024,2689464,1285429
102452933,10025703,191764477,Tödistrasse,20.2,8200 Schaffhausen,2939,SH,real,True,23.07.2024,2690640,1283783
102452934,10025703,191764478,Tödistrasse,20.1,8200 Schaffhausen,2939,SH,real,True,23.07.2024,2690657,1283781
102452935,10085736,191764479,Schildgutstrasse,78.1,8200 Schaffhausen,2939,SH,real,True,23.07.2024,2688755,1283657
102452936,10086494,191764480,Hohenstoffelstrasse,20.1,8200 Schaffhausen,2939,SH,real,True,23.07.2024,2690340,1284447
102452937,10085743,191764481,Speerstrasse,37.2,8200 Schaffhausen,2939,SH,real,True,23.07.2024,2690682,1283724
102452938,10025691,191764482,Steigstrasse,63.1,8200 Schaffhausen,2939,SH,real,True,23.07.2024,2689272,1283676
102452945,10073035,191764489,Fulachstrasse,233.1,8200 Schaffhausen,2939,SH,real,True,23.07.2024,2690779,1285478
102452946,10073035,191764490,Fulachstrasse,247.1,8200 Schaffhausen,2939,SH,real,True,23.07.2024,2690887,1285584
102452947,10073035,191764491,Fulachstrasse,,8200 Schaffhausen,2939,SH,real,True,23.07.2024,2690326,1285247
102452948,10073035,191764492,Fulachstrasse,,8200 Schaffhausen,2939,SH,real,True,23.07.2024,2690315,1285242
102452949,10073035,191764493,Fulachstrasse,163.1,8200 Schaffhausen,2939,SH,real,True,23.07.2024,2690298,1285224
102452951,10073035,191764495,Fulachstrasse,241.2,8200 Schaffhausen,2939,SH,real,True,23.07.2024,2690845,1285538
102452952,10073035,191764496,Fulachstrasse,46.1,8200 Schaffhausen,2939,SH,real,True,23.07.2024,2690079,1284440
102452953,10113222,191764497,Dorfstrasse,92,8218 Osterfingen,2974,SH,real,True,15.11.2024,2679243,1279669
102452954,10073035,191764498,Fulachstrasse,46.2,8200 Schaffhausen,2939,SH,real,True,23.07.2024,2690047,1284444
102452955,10073034,191764499,Friedbergstrasse,43.1,8200 Schaffhausen,2939,SH,real,True,23.07.2024,2689106,1283565
102452956,10073035,191764500,Fulachstrasse,84.1,8200 Schaffhausen,2939,SH,real,True,23.07.2024,2690135,1284604
102452957,10073035,191764501,Fulachstrasse,213.1,8200 Schaffhausen,2939,SH,real,True,23.07.2024,2690650,1285385
102452958,10073035,191764502,Fulachstrasse,34.1,8200 Schaffhausen,2939,SH,real,True,23.07.2024,2690032,1284352
102452959,10018635,191764503,Furkastrasse,,8203 Schaffhausen,2939,SH,real,True,23.07.2024,2691045,1283480
102452960,10179713,191764504,Furkastieg,,8203 Schaffhausen,2939,SH,real,True,23.07.2024,2691082,1283521
102452961,10018635,191764505,Furkastrasse,,8203 Schaffhausen,2939,SH,real,True,23.07.2024,2691006,1283526
102452962,10018635,191764506,Furkastrasse,,8203 Schaffhausen,2939,SH,real,True,23.07.2024,2691039,1283501
102452963,10085757,191764507,Wiesenweg,27.1,8200 Schaffhausen,2939,SH,real,True,23.07.2024,2689769,1284676
102452964,10086486,191764508,Geissbergstrasse,27.1,8200 Schaffhausen,2939,SH,real,True,23.07.2024,2689728,1284880
102452965,10019806,191764509,Schlössliweg,49.1,8200 Schaffhausen,2939,SH,real,True,23.07.2024,2690636,1284380
102452966,10085736,191764510,Schildgutstrasse,8.2,8200 Schaffhausen,2939,SH,real,True,23.07.2024,2688737,1283725
102452967,10025699,191764511,Trottenweg,4.1,8200 Schaffhausen,2939,SH,real,True,23.07.2024,2690036,1284939
102452968,10046628,191764512,Ringstrasse,16.2,8200 Schaffhausen,2939,SH,real,True,23.07.2024,2690457,1283816
102452969,10073075,191764513,Ungarbühlstrasse,30.1,8200 Schaffhausen,2939,SH,real,True,23.07.2024,2690176,1284210
102452970,10046628,191764514,Ringstrasse,16.1,8200 Schaffhausen,2939,SH,real,True,23.07.2024,2690475,1283805
102452971,10110815,191764515,Lägernstrasse,20.1,8200 Schaffhausen,2939,SH,real,True,23.07.2024,2688657,1284869
102452972,10019776,191764516,Morgenstrasse,2.1,8200 Schaffhausen,2939,SH,real,True,23.07.2024,2690505,1283785
102452973,10073055,191764517,Mühlentalstrasse,,8200 Schaffhausen,2939,SH,real,True,23.07.2024,2688885,1287319
102452974,10025681,191764518,Sennereistrasse,65.1,8200 Schaffhausen,2939,SH,real,True,23.07.2024,2690678,1285519
102452975,10019788,191764519,Plattenweg,30.1,8200 Schaffhausen,2939,SH,real,True,23.07.2024,2689238,1285129
102452976,10025681,191764520,Sennereistrasse,65.2,8200 Schaffhausen,2939,SH,real,True,23.07.2024,2690687,1285493
102453011,10017864,191764561,Gartenstrasse,16.1,8212 Neuhausen am Rheinfall,2937,SH,real,True,23.07.2024,2688996,1282001
102453012,10017864,191764562,Gartenstrasse,4.1,8212 Neuhausen am Rheinfall,2937,SH,real,True,23.07.2024,2688993,1281898
102453013,10017864,191764563,Gartenstrasse,6.1,8212 Neuhausen am Rheinfall,2937,SH,real,True,23.07.2024,2688973,1281912
102453014,10018160,191764564,Schützenstrasse,16.1,8212 Neuhausen am Rheinfall,2937,SH,real,True,23.07.2024,2687653,1281858
102453015,10018160,191764565,Schützenstrasse,18.2,8212 Neuhausen am Rheinfall,2937,SH,real,True,23.07.2024,2687516,1281781
102453016,10018160,191764566,Schützenstrasse,18.1,8212 Neuhausen am Rheinfall,2937,SH,real,True,23.07.2024,2687527,1281784
102453020,10154375,191764570,Gemeindewiesenstrasse,2.1,8212 Neuhausen am Rheinfall,2937,SH,real,True,23.07.2024,2687526,1281727
102453021,10091251,191764571,Glärnischstrasse,10.1,8212 Neuhausen am Rheinfall,2937,SH,real,True,23.07.2024,2687763,1281997
102453022,10091251,191764572,Glärnischstrasse,6.1,8212 Neuhausen am Rheinfall,2937,SH,real,True,23.07.2024,2687801,1281950
102453023,10091251,191764573,Glärnischstrasse,8.1,8212 Neuhausen am Rheinfall,2937,SH,real,True,23.07.2024,2687776,1281980
102453024,10017865,191764574,Goldbergstrasse,10a.1,8212 Neuhausen am Rheinfall,2937,SH,real,True,23.07.2024,2688415,1282939
102453026,10017865,191764575,Goldbergstrasse,10b.1,8212 Neuhausen am Rheinfall,2937,SH,real,True,23.07.2024,2688410,1282937
102453028,10017865,191764577,Goldbergstrasse,6.1,8212 Neuhausen am Rheinfall,2937,SH,real,True,23.07.2024,2688459,1282958
102453031,10074400,191764579,Hardstrasse,1.5,8212 Neuhausen am Rheinfall,2937,SH,real,True,23.07.2024,2687924,1282170
102453033,10074400,191764581,Hardstrasse,1.3,8212 Neuhausen am Rheinfall,2937,SH,real,True,23.07.2024,2687930,1282163
102453034,10074400,191764582,Hardstrasse,1.4,8212 Neuhausen am Rheinfall,2937,SH,real,True,23.07.2024,2687928,1282165
102453035,10074400,191764583,Hardstrasse,1.1,8212 Neuhausen am Rheinfall,2937,SH,real,True,23.07.2024,2687937,1282155
102453036,10074400,191764584,Hardstrasse,35.1,8212 Neuhausen am Rheinfall,2937,SH,real,True,23.07.2024,2687815,1282020
102453037,10074400,191764585,Hardstrasse,1.2,8212 Neuhausen am Rheinfall,2937,SH,real,True,23.07.2024,2687932,1282161
102453053,10025710,191764635,Windeggstieg,10.1,8203 Schaffhausen,2939,SH,real,True,23.07.2024,2691132,1283314
102453054,10073063,191764634,Sandweg,5.1,8200 Schaffhausen,2939,SH,real,True,23.07.2024,2690514,1284070
102453055,10085743,191764636,Speerstrasse,19.1,8200 Schaffhausen,2939,SH,real,True,23.07.2024,2690568,1283757
102453056,10085731,191764637,Querstrasse,10.1,8200 Schaffhausen,2939,SH,real,True,23.07.2024,2689294,1284815
102453058,10018654,191764638,Hochstrasse,319.2,8200 Schaffhausen,2939,SH,real,True,23.07.2024,2690677,1285768
102453059,10018654,191764639,Hochstrasse,319.1,8200 Schaffhausen,2939,SH,real,True,23.07.2024,2690697,1285763
102453060,10018640,191764640,Geissmattstrasse,11.1,8200 Schaffhausen,2939,SH,real,True,23.07.2024,2689977,1285054
102453061,10179726,191764641,Rietstrasse,84.1,8200 Schaffhausen,2939,SH,real,True,23.07.2024,2688630,1284193
102453062,10179726,191764642,Rietstrasse,82.1,8200 Schaffhausen,2939,SH,real,True,23.07.2024,2688632,1284156
102453063,10025706,191764643,Villenstrasse,3.1,8200 Schaffhausen,2939,SH,real,True,23.07.2024,2689212,1283720
102453064,10019803,191764644,Sandlöchlistrasse,1.1,8200 Schaffhausen,2939,SH,real,True,23.07.2024,2690704,1285787
102453065,10019803,191764645,Sandlöchlistrasse,1.2,8200 Schaffhausen,2939,SH,real,True,23.07.2024,2690701,1285774
102453066,10085743,191764646,Speerstrasse,32.1,8200 Schaffhausen,2939,SH,real,True,23.07.2024,2690660,1283706
102453071,10018654,191764650,Hochstrasse,325.1,8200 Schaffhausen,2939,SH,real,True,23.07.2024,2690716,1285799
102453073,10046625,191764652,Quellenstrasse,15.1,8200 Schaffhausen,2939,SH,real,True,23.07.2024,2688497,1284046
102453074,10106952,191764653,Sandackerstrasse,4.1,8200 Schaffhausen,2939,SH,real,True,23.07.2024,2688479,1284087
102453075,10106952,191764654,Sandackerstrasse,14.1,8200 Schaffhausen,2939,SH,real,True,23.07.2024,2688485,1284126
102453076,10106952,191764655,Sandackerstrasse,24.1,8200 Schaffhausen,2939,SH,real,True,23.07.2024,2688485,1284166
102453077,10046625,191764656,Quellenstrasse,17.1,8200 Schaffhausen,2939,SH,real,True,23.07.2024,2688486,1284094
102453078,10046625,191764657,Quellenstrasse,19.1,8200 Schaffhausen,2939,SH,real,True,23.07.2024,2688497,1284126
102453083,10046625,191764662,Quellenstrasse,21.1,8200 Schaffhausen,2939,SH,real,True,23.07.2024,2688490,1284141
102453084,10046625,191764663,Quellenstrasse,31.1,8200 Schaffhausen,2939,SH,real,True,23.07.2024,2688473,1284195
102453085,10085742,191764664,Sonnenstrasse,15.1,8200 Schaffhausen,2939,SH,real,True,23.07.2024,2688536,1284397
102453086,10085742,191764665,Sonnenstrasse,3.1,8200 Schaffhausen,2939,SH,real,True,23.07.2024,2688464,1284336
102453087,10018657,191764666,Hohlenbaumstrasse,104.1,8200 Schaffhausen,2939,SH,real,True,23.07.2024,2688703,1284597
102453088,10018677,191764667,Lahnstieg,4.1,8200 Schaffhausen,2939,SH,real,True,23.07.2024,2688401,1284526
102453089,10025707,191764668,Vorderenge,15.1,8200 Schaffhausen,2939,SH,real,True,23.07.2024,2688519,1283401
102453090,10086494,191764669,Hohenstoffelstrasse,27.1,8200 Schaffhausen,2939,SH,real,True,23.07.2024,2690429,1284497
102453091,10073068,191764670,Spitzwiesenweg,7.1,8200 Schaffhausen,2939,SH,real,True,23.07.2024,2690735,1285472
102453093,10025693,191764672,Stimmerstrasse,31.1,8200 Schaffhausen,2939,SH,real,True,23.07.2024,2690819,1284350
102453094,10019785,191764673,Oerlifallstieg,65.1,8200 Schaffhausen,2939,SH,real,True,23.07.2024,2688178,1284144
102453095,10179726,191764674,Rietstrasse,153.1,8200 Schaffhausen,2939,SH,real,True,23.07.2024,2688465,1284234
102453100,10179734,191764679,Weinsteig,58.1,8200 Schaffhausen,2939,SH,real,True,23.07.2024,2689663,1284377
102453108,10019804,191764686,Schildstrasse,2.1,8200 Schaffhausen,2939,SH,real,True,19.11.2024,2690605,1283747
102453109,10085743,191764687,Speerstrasse,18.1,8200 Schaffhausen,2939,SH,real,True,23.07.2024,2690558,1283721
102453110,10113201,191764688,Reiatstrasse,10.2,8200 Schaffhausen,2939,SH,real,True,23.07.2024,2690564,1283914
102453111,10113201,191764689,Reiatstrasse,10.1,8200 Schaffhausen,2939,SH,real,True,23.07.2024,2690576,1283923
102453112,10085757,191764690,Wiesenweg,33.1,8200 Schaffhausen,2939,SH,real,True,23.07.2024,2689790,1284679
102453113,10085721,191764691,Lochstrasse,89.1,8200 Schaffhausen,2939,SH,real,True,23.07.2024,2689311,1285220
102453114,10086766,191764692,Klausweg,24.1,8200 Schaffhausen,2939,SH,real,True,23.07.2024,2690432,1284516
102453115,10018639,191764693,Geisshaldenweg,5.1,8200 Schaffhausen,2939,SH,real,True,23.07.2024,2689974,1284925
102453116,10086766,191764694,Klausweg,28.1,8200 Schaffhausen,2939,SH,real,True,23.07.2024,2690462,1284515
102453117,10085742,191764695,Sonnenstrasse,30.1,8200 Schaffhausen,2939,SH,real,True,23.07.2024,2688606,1284425
102453118,10018659,191764696,Hornbergstrasse,11.1,8200 Schaffhausen,2939,SH,real,True,23.07.2024,2689808,1284499
102453119,10018659,191764697,Hornbergstrasse,15.1,8200 Schaffhausen,2939,SH,real,True,23.07.2024,2689768,1284480
102453120,10086494,191764698,Hohenstoffelstrasse,34.1,8200 Schaffhausen,2939,SH,real,True,23.07.2024,2690412,1284471
102453121,10113205,191764699,Tobelweg,8.2,8200 Schaffhausen,2939,SH,real,True,23.07.2024,2690311,1284274
102453122,10113205,191764700,Tobelweg,8.1,8200 Schaffhausen,2939,SH,real,True,23.07.2024,2690283,1284260
102453123,10085742,191764701,Sonnenstrasse,10.1,8200 Schaffhausen,2939,SH,real,True,23.07.2024,2688519,1284342
102453128,10086486,191764706,Geissbergstrasse,,8200 Schaffhausen,2939,SH,real,True,23.07.2024,2689827,1284943
102453130,10086486,191764708,Geissbergstrasse,,8200 Schaffhausen,2939,SH,real,True,23.07.2024,2689802,1284911
102453131,10086486,191764709,Geissbergstrasse,,8200 Schaffhausen,2939,SH,real,True,23.07.2024,2689852,1284974
102453132,10086486,191764710,Geissbergstrasse,,8200 Schaffhausen,2939,SH,real,True,23.07.2024,2689620,1284779
102453133,10073037,191764711,Geisshofstieg,,8200 Schaffhausen,2939,SH,real,True,23.07.2024,2689569,1284927
102453134,10018640,191764712,Geissmattstrasse,7.1,8200 Schaffhausen,2939,SH,real,True,23.07.2024,2689940,1285020
102453135,10018640,191764713,Geissmattstrasse,12.1,8200 Schaffhausen,2939,SH,real,True,23.07.2024,2690009,1285037
102453136,10073075,191764714,Ungarbühlstrasse,20.1,8200 Schaffhausen,2939,SH,real,True,23.07.2024,2690116,1284271
102453137,10113201,191764715,Reiatstrasse,18.1,8200 Schaffhausen,2939,SH,real,True,23.07.2024,2690560,1283963
102453138,10113201,191764716,Reiatstrasse,20.1,8200 Schaffhausen,2939,SH,real,True,23.07.2024,2690559,1283990
102453139,10086760,191764717,Holzbrunnenstrasse,5.1,8200 Schaffhausen,2939,SH,real,True,23.07.2024,2688500,1284290
102453140,10179726,191764718,Rietstrasse,32.1,8200 Schaffhausen,2939,SH,real,True,23.07.2024,2688926,1284032
102453141,10113201,191764719,Reiatstrasse,26.1,8200 Schaffhausen,2939,SH,real,True,23.07.2024,2690559,1284025
102453142,10018659,191764720,Hornbergstrasse,7.1,8200 Schaffhausen,2939,SH,real,True,23.07.2024,2689803,1284533
102453143,10018659,191764721,Hornbergstrasse,9.1,8200 Schaffhausen,2939,SH,real,True,23.07.2024,2689804,1284530
102453145,10085736,191764723,Schildgutstrasse,10.2,8200 Schaffhausen,2939,SH,real,True,23.07.2024,2688767,1283738
102453146,10179726,191764724,Rietstrasse,36.2,8200 Schaffhausen,2939,SH,real,True,23.07.2024,2688885,1284077
102453147,10073072,191764725,Tannenstrasse,6.1,8200 Schaffhausen,2939,SH,real,True,23.07.2024,2690971,1284356
102453148,10085721,191764726,Lochstrasse,79.2,8200 Schaffhausen,2939,SH,real,True,23.07.2024,2689331,1285200
102453149,10018654,191764727,Hochstrasse,273.2,8200 Schaffhausen,2939,SH,real,True,23.07.2024,2690489,1285578
102453150,10019783,191764728,Nordstrasse,38.2,8200 Schaffhausen,2939,SH,real,True,23.07.2024,2689255,1284179
102453151,10025681,191764729,Sennereistrasse,87.2,8200 Schaffhausen,2939,SH,real,True,23.07.2024,2690837,1285610
102453152,10073055,191764730,Mühlentalstrasse,284.2,8200 Schaffhausen,2939,SH,real,True,23.07.2024,2689436,1286781
102453153,10025682,191764731,Sommerwiesstrasse,1.2,8200 Schaffhausen,2939,SH,real,True,23.07.2024,2688552,1286025
102453154,10019788,191764732,Plattenweg,52.2,8200 Schaffhausen,2939,SH,real,True,23.07.2024,2689125,1285338
102453155,10073069,191764733,Steingutstrasse,49.2,8200 Schaffhausen,2939,SH,real,True,23.07.2024,2690550,1285750
102453156,10108021,191764734,Hauentalstrasse,231.2,8200 Schaffhausen,2939,SH,real,True,23.07.2024,2688426,1286213
102453157,10108021,191764735,Hauentalstrasse,233.2,8200 Schaffhausen,2939,SH,real,True,23.07.2024,2688375,1286228
102453158,10025682,191764736,Sommerwiesstrasse,30.2,8200 Schaffhausen,2939,SH,real,True,23.07.2024,2688360,1286212
102453159,10025682,191764737,Sommerwiesstrasse,36.2,8200 Schaffhausen,2939,SH,real,True,23.07.2024,2688295,1286233
102453160,10025682,191764738,Sommerwiesstrasse,17.2,8200 Schaffhausen,2939,SH,real,True,23.07.2024,2688404,1286145
102453161,10025682,191764739,Sommerwiesstrasse,19.2,8200 Schaffhausen,2939,SH,real,True,23.07.2024,2688381,1286106
102453162,10025682,191764740,Sommerwiesstrasse,21.2,8200 Schaffhausen,2939,SH,real,True,23.07.2024,2688376,1286162
102453163,10025682,191764741,Sommerwiesstrasse,27.2,8200 Schaffhausen,2939,SH,real,True,23.07.2024,2688309,1286148
102453164,10073072,191764742,Tannenstrasse,30.1,8200 Schaffhausen,2939,SH,real,True,19.11.2024,2691203,1284425
102453167,10179734,191764745,Weinsteig,,8200 Schaffhausen,2939,SH,real,True,23.07.2024,2689581,1284875
102453168,10118144,191764746,Hintersteig,,8200 Schaffhausen,2939,SH,real,True,23.07.2024,2689351,1283764
102453169,10179734,191764747,Weinsteig,,8200 Schaffhausen,2939,SH,real,True,23.07.2024,2689548,1284686
102453170,10118144,191764748,Hintersteig,,8200 Schaffhausen,2939,SH,real,True,23.07.2024,2689357,1283776
102453171,10186933,191764749,Wagenstrasse,,8200 Schaffhausen,2939,SH,real,True,23.07.2024,2689850,1284938
102453172,10086488,191764750,Gennersbrunnerstrasse,,8207 Schaffhausen,2939,SH,real,True,23.07.2024,2692113,1285454
102453173,10212463,191764751,Schleipfgässchen,,8212 Neuhausen am Rheinfall,2939,SH,real,True,23.07.2024,2688760,1283368
102453175,10108021,191764753,Hauentalstrasse,,8200 Schaffhausen,2939,SH,real,True,23.07.2024,2688341,1286237
102453176,10179714,191764754,Gemsgasse,,8200 Schaffhausen,2939,SH,real,True,23.07.2024,2690265,1285566
102453177,10110815,191764755,Lägernstrasse,15.2,8200 Schaffhausen,2939,SH,real,True,23.07.2024,2688594,1284867
102453178,10106953,191764756,Schneckenackerstrasse,1.2,8200 Schaffhausen,2939,SH,real,True,23.07.2024,2690456,1286107
102453179,10085722,191764757,Meisenweg,18.2,8200 Schaffhausen,2939,SH,real,True,23.07.2024,2689485,1284023
102453182,10025709,191764759,Windegghof,,8203 Schaffhausen,2939,SH,real,True,23.07.2024,2691407,1283167
102453183,10190888,191764760,Winkelriedstrasse,,8203 Schaffhausen,2939,SH,real,True,23.07.2024,2691344,1283974
102453184,10118147,191764761,Windeggstrasse,,8203 Schaffhausen,2939,SH,real,True,23.07.2024,2691396,1283349
102453185,10124087,191764762,Kohlfirststrasse,,8203 Schaffhausen,2939,SH,real,True,23.07.2024,2691234,1283430
102453186,10085727,191764763,Nägelseestrasse,,8203 Schaffhausen,2939,SH,real,True,23.07.2024,2692221,1283554
102453187,10187855,191764764,Rigistrasse,,8203 Schaffhausen,2939,SH,real,True,23.07.2024,2691082,1283655
102453188,10118147,191764765,Windeggstrasse,,8203 Schaffhausen,2939,SH,real,True,23.07.2024,2691408,1283471
102453189,10019801,191764766,Rütiweg,,8203 Schaffhausen,2939,SH,real,True,23.07.2024,2691335,1283801
102453192,10118147,191764767,Windeggstrasse,,8203 Schaffhausen,2939,SH,real,True,23.07.2024,2691390,1283344
102453193,10118147,191764768,Windeggstrasse,,8203 Schaffhausen,2939,SH,real,True,23.07.2024,2691403,1283364
102453194,10118147,191764769,Windeggstrasse,,8203 Schaffhausen,2939,SH,real,True,23.07.2024,2691392,1283347
102453195,10118147,191764770,Windeggstrasse,,8203 Schaffhausen,2939,SH,real,True,23.07.2024,2691402,1283357
102453196,10118147,191764771,Windeggstrasse,,8203 Schaffhausen,2939,SH,real,True,23.07.2024,2691401,1283360
102453197,10118147,191764772,Windeggstrasse,,8203 Schaffhausen,2939,SH,real,True,23.07.2024,2691338,1283301
102453238,10018640,191764816,Geissmattstrasse,5.1,8200 Schaffhausen,2939,SH,real,True,23.07.2024,2689937,1285017
102453239,10179714,191764817,Gemsgasse,,8200 Schaffhausen,2939,SH,real,True,23.07.2024,2690304,1285549
102453241,10120423,191764819,Gennersbrunn,,8207 Schaffhausen,2939,SH,real,True,23.07.2024,2693830,1285382
102453242,10120423,191764820,Gennersbrunn,,8207 Schaffhausen,2939,SH,real,True,23.07.2024,2693679,1285478
102453244,10120423,191764822,Gennersbrunn,1.1,8207 Schaffhausen,2939,SH,real,True,06.12.2024,2693766,1285393
102453245,10120423,191764823,Gennersbrunn,1.2,8207 Schaffhausen,2939,SH,real,True,06.12.2024,2693771,1285387
102453246,10120423,191764824,Gennersbrunn,,8207 Schaffhausen,2939,SH,real,True,23.07.2024,2693728,1285411
102453248,10086488,191764826,Gennersbrunnerstrasse,,8207 Schaffhausen,2939,SH,real,True,23.07.2024,2691939,1286014
102453249,10086488,191764827,Gennersbrunnerstrasse,,8207 Schaffhausen,2939,SH,real,True,23.07.2024,2691855,1286315
102453250,10086488,191764828,Gennersbrunnerstrasse,,8207 Schaffhausen,2939,SH,real,True,23.07.2024,2691832,1286314
102453258,10019291,191764836,Ebnatstrasse,,8200 Schaffhausen,2939,SH,real,True,23.07.2024,2690512,1284806
102453260,10086481,191764838,Fischerhäuserstrasse,,8200 Schaffhausen,2939,SH,real,True,23.07.2024,2690290,1283503
102453261,10073055,191764839,Mühlentalstrasse,,8200 Schaffhausen,2939,SH,real,True,23.07.2024,2688899,1287280
102453263,10073055,191764841,Mühlentalstrasse,365,8200 Schaffhausen,2939,SH,real,True,15.11.2024,2688905,1287216
102453265,10019291,191764843,Ebnatstrasse,,8200 Schaffhausen,2939,SH,real,True,23.07.2024,2690155,1284605
102453266,10019787,191764844,Pilgerweg,20.1,8200 Schaffhausen,2939,SH,real,True,23.07.2024,2689903,1285007
102453267,10086494,191764845,Hohenstoffelstrasse,17.1,8200 Schaffhausen,2939,SH,real,True,23.07.2024,2690333,1284495
102453269,10085736,191764847,Schildgutstrasse,10.1,8200 Schaffhausen,2939,SH,real,True,23.07.2024,2688753,1283733
102453270,10018630,191764848,Floraweg,,8200 Schaffhausen,2939,SH,real,True,23.07.2024,2689310,1285153
102453272,10113201,191764850,Reiatstrasse,5.1,8200 Schaffhausen,2939,SH,real,True,23.07.2024,2690540,1283897
102453273,10018657,191764851,Hohlenbaumstrasse,131.1,8200 Schaffhausen,2939,SH,real,True,23.07.2024,2688909,1284681
102453274,10085721,191764852,Lochstrasse,22.1,8200 Schaffhausen,2939,SH,real,True,23.07.2024,2689291,1284884
102453295,10085748,191764872,Stokarbergstrasse,25.1,8200 Schaffhausen,2939,SH,real,True,23.07.2024,2689014,1283728
102453296,10103225,191764873,Plattenhalde,,8200 Schaffhausen,2939,SH,real,True,23.07.2024,2689081,1285277
102453297,10237826,191764874,Randenstrasse,69,8200 Schaffhausen,2939,SH,real,True,15.11.2024,2688784,1284240
102453298,10025710,191764875,Windeggstieg,,8203 Schaffhausen,2939,SH,real,True,23.07.2024,2691182,1283251
102453299,10085754,191764876,Urwerf,,8200 Schaffhausen,2939,SH,real,True,23.07.2024,2689021,1283354
102453300,10118144,191764877,Hintersteig,,8200 Schaffhausen,2939,SH,real,True,23.07.2024,2689493,1283718
102453301,10019783,191764878,Nordstrasse,20.1,8200 Schaffhausen,2939,SH,real,True,23.07.2024,2689299,1283959
102453304,10086494,191764881,Hohenstoffelstrasse,25.1,8200 Schaffhausen,2939,SH,real,True,23.07.2024,2690426,1284497
102453305,10073075,191764882,Ungarbühlstrasse,85.1,8200 Schaffhausen,2939,SH,real,True,23.07.2024,2690365,1284394
102453306,10086766,191764883,Klausweg,20.1,8200 Schaffhausen,2939,SH,real,True,23.07.2024,2690408,1284529
102453307,10086766,191764884,Klausweg,18.1,8200 Schaffhausen,2939,SH,real,True,23.07.2024,2690388,1284527
102453308,10018655,191764885,Hohenkrähenstrasse,7.1,8200 Schaffhausen,2939,SH,real,True,23.07.2024,2690647,1283931
102453309,10019803,191764886,Sandlöchlistrasse,9.1,8200 Schaffhausen,2939,SH,real,True,23.07.2024,2690692,1285851
102453310,10025681,191764887,Sennereistrasse,57.1,8200 Schaffhausen,2939,SH,real,True,23.07.2024,2690652,1285456
102453312,10179726,191764889,Rietstrasse,36.1,8200 Schaffhausen,2939,SH,real,True,23.07.2024,2688870,1284048
102453313,10018654,191764890,Hochstrasse,183.1,8200 Schaffhausen,2939,SH,real,True,23.07.2024,2690117,1285087
102453315,10073055,191764892,Mühlentalstrasse,34.1,8200 Schaffhausen,2939,SH,real,True,23.07.2024,2689421,1284097
102453316,10018647,191764893,Gütliweg,17.1,8200 Schaffhausen,2939,SH,real,True,23.07.2024,2690104,1285085
102453317,10073044,191764894,Hohentwielstrasse,5.1,8200 Schaffhausen,2939,SH,real,True,23.07.2024,2690587,1283920
102453318,10025708,191764895,Weinbergstrasse,20.1,8200 Schaffhausen,2939,SH,real,True,23.07.2024,2689760,1284365
102453321,10018655,191764898,Hohenkrähenstrasse,,8200 Schaffhausen,2939,SH,real,True,23.07.2024,2690647,1283935
102453322,10086492,191764899,Hegaustrasse,30.1,8200 Schaffhausen,2939,SH,real,True,23.07.2024,2690573,1284044
102453323,10086492,191764900,Hegaustrasse,31.1,8200 Schaffhausen,2939,SH,real,True,23.07.2024,2690602,1284100
102453324,10073075,191764901,Ungarbühlstrasse,97.1,8200 Schaffhausen,2939,SH,real,True,23.07.2024,2690400,1284395
102453325,10073075,191764902,Ungarbühlstrasse,57.1,8200 Schaffhausen,2939,SH,real,True,23.07.2024,2690223,1284335
102453327,10073075,191764904,Ungarbühlstrasse,95.1,8200 Schaffhausen,2939,SH,real,True,23.07.2024,2690380,1284397
102453328,10073044,191764905,Hohentwielstrasse,10.1,8200 Schaffhausen,2939,SH,real,True,23.07.2024,2690616,1283948
102453329,10085736,191764906,Schildgutstrasse,14.1,8200 Schaffhausen,2939,SH,real,True,23.07.2024,2688877,1283825
102453330,10073044,191764907,Hohentwielstrasse,4.1,8200 Schaffhausen,2939,SH,real,True,23.07.2024,2690630,1283889
102453331,10179726,191764908,Rietstrasse,60.1,8200 Schaffhausen,2939,SH,real,True,23.07.2024,2688715,1284147
102453332,10073044,191764909,Hohentwielstrasse,7.1,8200 Schaffhausen,2939,SH,real,True,23.07.2024,2690587,1283924
102453333,10086494,191764910,Hohenstoffelstrasse,23.1,8200 Schaffhausen,2939,SH,real,True,23.07.2024,2690407,1284507
102453334,10025691,191764911,Steigstrasse,43.1,8200 Schaffhausen,2939,SH,real,True,23.07.2024,2689341,1283483
102453336,10179726,191764913,Rietstrasse,163.1,8200 Schaffhausen,2939,SH,real,True,23.07.2024,2688402,1284311
102453337,10073075,191764914,Ungarbühlstrasse,26.1,8200 Schaffhausen,2939,SH,real,True,23.07.2024,2690156,1284235
102453338,10025693,191764915,Stimmerstrasse,46.1,8200 Schaffhausen,2939,SH,real,True,23.07.2024,2690970,1284408
102453339,10073044,191764916,Hohentwielstrasse,24.1,8200 Schaffhausen,2939,SH,real,True,23.07.2024,2690625,1284023
102453340,10018655,191764917,Hohenkrähenstrasse,25.1,8200 Schaffhausen,2939,SH,real,True,23.07.2024,2690658,1284033
102453341,10018655,191764918,Hohenkrähenstrasse,27.1,8200 Schaffhausen,2939,SH,real,True,23.07.2024,2690656,1284043
102453342,10086492,191764919,Hegaustrasse,36.1,8200 Schaffhausen,2939,SH,real,True,23.07.2024,2690653,1284043
102453343,10085721,191764920,Lochstrasse,79.1,8200 Schaffhausen,2939,SH,real,True,23.07.2024,2689327,1285208
102453346,10025697,191764923,Säntisstrasse,10.1,8200 Schaffhausen,2939,SH,real,True,23.07.2024,2690346,1283627
102453347,10025708,191764924,Weinbergstrasse,8.1,8200 Schaffhausen,2939,SH,real,True,23.07.2024,2689685,1284241
102453348,10018654,191764925,Hochstrasse,190.1,8200 Schaffhausen,2939,SH,real,True,23.07.2024,2690250,1285261
102453349,10018657,191764926,Hohlenbaumstrasse,116.1,8200 Schaffhausen,2939,SH,real,True,23.07.2024,2688771,1284609
102453350,10118144,191764927,Hintersteig,11.1,8200 Schaffhausen,2939,SH,real,True,23.07.2024,2689485,1283796
102453351,10073072,191764928,Tannenstrasse,10.1,8200 Schaffhausen,2939,SH,real,True,23.07.2024,2690989,1284373
102453352,10018654,191764929,Hochstrasse,273.1,8200 Schaffhausen,2939,SH,real,True,23.07.2024,2690484,1285592
102453353,10085721,191764930,Lochstrasse,53.1,8200 Schaffhausen,2939,SH,real,True,23.07.2024,2689329,1285055
102453355,10073044,191764932,Hohentwielstrasse,16.1,8200 Schaffhausen,2939,SH,real,True,23.07.2024,2690622,1283982
102453356,10018655,191764933,Hohenkrähenstrasse,15.1,8200 Schaffhausen,2939,SH,real,True,23.07.2024,2690652,1283972
102453357,10018655,191764934,Hohenkrähenstrasse,17.1,8200 Schaffhausen,2939,SH,real,True,23.07.2024,2690651,1283975
102453358,10018655,191764935,Hohenkrähenstrasse,23.1,8200 Schaffhausen,2939,SH,real,True,23.07.2024,2690654,1284013
102453360,10018655,191764937,Hohenkrähenstrasse,21.1,8200 Schaffhausen,2939,SH,real,True,23.07.2024,2690654,1284009
102453370,10018655,191764946,Hohenkrähenstrasse,19.1,8200 Schaffhausen,2939,SH,real,True,23.07.2024,2690652,1283997
102453371,10073053,191764947,Maienweg,9.1,8200 Schaffhausen,2939,SH,real,True,23.07.2024,2689297,1285080
102453372,10085742,191764948,Sonnenstrasse,52.1,8200 Schaffhausen,2939,SH,real,True,23.07.2024,2688720,1284509
102453379,10073072,191764955,Tannenstrasse,8.1,8200 Schaffhausen,2939,SH,real,True,23.07.2024,2690975,1284356
102453380,10073072,191764956,Tannenstrasse,5.1,8200 Schaffhausen,2939,SH,real,True,23.07.2024,2690990,1284405
102453381,10073072,191764957,Tannenstrasse,9.1,8200 Schaffhausen,2939,SH,real,True,23.07.2024,2691007,1284416
102453382,10073072,191764958,Tannenstrasse,12.1,8200 Schaffhausen,2939,SH,real,True,23.07.2024,2691010,1284381
102453385,10085750,191764960,Tannegg,3.1,8200 Schaffhausen,2939,SH,real,True,23.07.2024,2691062,1284450
102453386,10073072,191764961,Tannenstrasse,3.1,8200 Schaffhausen,2939,SH,real,True,23.07.2024,2690975,1284399
102453387,10025693,191764962,Stimmerstrasse,50.1,8200 Schaffhausen,2939,SH,real,True,23.07.2024,2691002,1284431
102453388,10025693,191764963,Stimmerstrasse,52.1,8200 Schaffhausen,2939,SH,real,True,23.07.2024,2691004,1284431
102453389,10019783,191764964,Nordstrasse,38.1,8200 Schaffhausen,2939,SH,real,True,19.11.2024,2689254,1284176
102453390,10025703,191764965,Tödistrasse,9.1,8200 Schaffhausen,2939,SH,real,True,23.07.2024,2690692,1283767
102453391,10019788,191764966,Plattenweg,57.1,8200 Schaffhausen,2939,SH,real,True,23.07.2024,2689152,1285257
102453392,10025681,191764967,Sennereistrasse,87.1,8200 Schaffhausen,2939,SH,real,True,23.07.2024,2690799,1285610
102453393,10073055,191764968,Mühlentalstrasse,284.1,8200 Schaffhausen,2939,SH,real,True,23.07.2024,2689496,1286743
102453394,10073075,191764969,Ungarbühlstrasse,23.1,8200 Schaffhausen,2939,SH,real,True,23.07.2024,2690240,1284436
102453395,10018656,191764970,Hohlenbaumstieg,20.1,8200 Schaffhausen,2939,SH,real,True,23.07.2024,2688732,1284806
102453396,10108021,191764971,Hauentalstrasse,,8200 Schaffhausen,2939,SH,real,True,23.07.2024,2688457,1286017
102453397,10108021,191764972,Hauentalstrasse,225.1,8200 Schaffhausen,2939,SH,real,True,23.07.2024,2688474,1286185
102453398,10085734,191764973,Rittergutstrasse,,8200 Schaffhausen,2939,SH,real,True,23.07.2024,2689736,1284266
102453400,10025682,191764975,Sommerwiesstrasse,2.1,8200 Schaffhausen,2939,SH,real,True,23.07.2024,2688533,1286098
102453401,10025682,191764976,Sommerwiesstrasse,4.1,8200 Schaffhausen,2939,SH,real,True,23.07.2024,2688514,1286093
102453404,10025682,191764979,Sommerwiesstrasse,1.1,8200 Schaffhausen,2939,SH,real,True,23.07.2024,2688547,1286009
102453405,10025682,191764980,Sommerwiesstrasse,11.1,8200 Schaffhausen,2939,SH,real,True,23.07.2024,2688431,1286090
102453406,10179719,191764981,Kesselgutstieg,4.1,8200 Schaffhausen,2939,SH,real,True,23.07.2024,2690928,1284310
102453407,10025682,191764982,Sommerwiesstrasse,3.1,8200 Schaffhausen,2939,SH,real,True,23.07.2024,2688516,1286029
102453408,10073069,191764983,Steingutstrasse,51.1,8200 Schaffhausen,2939,SH,real,True,23.07.2024,2690569,1285744
102453409,10073069,191764984,Steingutstrasse,53.1,8200 Schaffhausen,2939,SH,real,True,23.07.2024,2690579,1285752
102453410,10073069,191764985,Steingutstrasse,55.1,8200 Schaffhausen,2939,SH,real,True,23.07.2024,2690581,1285753
102453411,10073069,191764986,Steingutstrasse,57.1,8200 Schaffhausen,2939,SH,real,True,23.07.2024,2690591,1285762
102453413,10085753,191764988,Ulmenstrasse,24.1,8200 Schaffhausen,2939,SH,real,True,23.07.2024,2690527,1284637
102453421,10019781,191764995,Neherstieg,39.1,8200 Schaffhausen,2939,SH,real,True,23.07.2024,2688350,1283962
102453422,10018654,191764996,Hochstrasse,240.1,8200 Schaffhausen,2939,SH,real,True,23.07.2024,2690339,1285411
102453423,10086770,191764997,Langhansergässchen,27.1,8200 Schaffhausen,2939,SH,real,True,23.07.2024,2688175,1284476
102453424,10086760,191764998,Holzbrunnenstrasse,21.1,8200 Schaffhausen,2939,SH,real,True,23.07.2024,2688603,1284376
102453425,10086760,191764999,Holzbrunnenstrasse,13.1,8200 Schaffhausen,2939,SH,real,True,23.07.2024,2688567,1284345
102453426,10019788,191765000,Plattenweg,52.1,8200 Schaffhausen,2939,SH,real,True,23.07.2024,2689145,1285341
102453427,10073069,191765001,Steingutstrasse,47.1,8200 Schaffhausen,2939,SH,real,True,23.07.2024,2690547,1285726
102453428,10108021,191765002,Hauentalstrasse,227.1,8200 Schaffhausen,2939,SH,real,True,23.07.2024,2688471,1286187
102453429,10108021,191765003,Hauentalstrasse,231.1,8200 Schaffhausen,2939,SH,real,True,23.07.2024,2688417,1286211
102453430,10025682,191765004,Sommerwiesstrasse,12.1,8200 Schaffhausen,2939,SH,real,True,23.07.2024,2688449,1286172
102453431,10073069,191765005,Steingutstrasse,49.1,8200 Schaffhausen,2939,SH,real,True,23.07.2024,2690549,1285727
102453432,10108021,191765006,Hauentalstrasse,233.1,8200 Schaffhausen,2939,SH,real,True,23.07.2024,2688386,1286226
102453440,10025682,191765014,Sommerwiesstrasse,14.1,8200 Schaffhausen,2939,SH,real,True,23.07.2024,2688439,1286179
102453441,10025682,191765015,Sommerwiesstrasse,30.1,8200 Schaffhausen,2939,SH,real,True,23.07.2024,2688364,1286229
102453442,10025682,191765016,Sommerwiesstrasse,32.1,8200 Schaffhausen,2939,SH,real,True,23.07.2024,2688330,1286221
102453444,10025682,191765018,Sommerwiesstrasse,34.1,8200 Schaffhausen,2939,SH,real,True,23.07.2024,2688319,1286229
102453445,10025682,191765019,Sommerwiesstrasse,36.1,8200 Schaffhausen,2939,SH,real,True,23.07.2024,2688287,1286237
102453446,10025682,191765020,Sommerwiesstrasse,17.1,8200 Schaffhausen,2939,SH,real,True,23.07.2024,2688385,1286104
102453447,10025682,191765021,Sommerwiesstrasse,21.1,8200 Schaffhausen,2939,SH,real,True,23.07.2024,2688367,1286143
102453462,10018642,191765051,Grabenstrasse,,8200 Schaffhausen,2939,SH,real,True,23.07.2024,2689499,1283304
102453463,10086490,191765052,Grubenstrasse,123.5,8200 Schaffhausen,2939,SH,real,True,23.07.2024,2691027,1284352
102453464,10086490,191765053,Grubenstrasse,115.3,8200 Schaffhausen,2939,SH,real,True,23.07.2024,2690966,1284307
102453466,10025682,191765055,Sommerwiesstrasse,31.1,8200 Schaffhausen,2939,SH,real,True,23.07.2024,2688275,1286199
102453467,10018682,191765056,Lunastrasse,10.1,8200 Schaffhausen,2939,SH,real,True,23.07.2024,2688669,1284582
102453468,10018682,191765057,Lunastrasse,8.1,8200 Schaffhausen,2939,SH,real,True,23.07.2024,2688672,1284582
102453469,10018682,191765058,Lunastrasse,6.1,8200 Schaffhausen,2939,SH,real,True,23.07.2024,2688725,1284585
102453470,10018682,191765059,Lunastrasse,4.1,8200 Schaffhausen,2939,SH,real,True,23.07.2024,2688728,1284585
102453471,10085753,191765060,Ulmenstrasse,8.1,8200 Schaffhausen,2939,SH,real,True,23.07.2024,2690399,1284558
102453472,10073052,191765061,Lahnstrasse,36.1,8200 Schaffhausen,2939,SH,real,True,23.07.2024,2688338,1284765
102453473,10103226,191765062,Rheinbühlstrasse,11.1,8200 Schaffhausen,2939,SH,real,True,23.07.2024,2691395,1282865
102453474,10103226,191765063,Rheinbühlstrasse,15.1,8200 Schaffhausen,2939,SH,real,True,23.07.2024,2691397,1282862
102453476,10073062,191765065,Römerstieg,20.1,8200 Schaffhausen,2939,SH,real,True,23.07.2024,2690278,1283587
102453477,10106953,191765066,Schneckenackerstrasse,,8200 Schaffhausen,2939,SH,real,True,23.07.2024,2690329,1286185
102453478,10106953,191765067,Schneckenackerstrasse,72.1,8200 Schaffhausen,2939,SH,real,True,23.07.2024,2690366,1286175
102453479,10106953,191765068,Schneckenackerstrasse,,8200 Schaffhausen,2939,SH,real,True,23.07.2024,2690369,1286172
102453481,10106953,191765070,Schneckenackerstrasse,37.1,8200 Schaffhausen,2939,SH,real,True,23.07.2024,2690367,1286169
102453482,10106953,191765071,Schneckenackerstrasse,35.1,8200 Schaffhausen,2939,SH,real,True,23.07.2024,2690369,1286166
102453483,10106953,191765072,Schneckenackerstrasse,31.1,8200 Schaffhausen,2939,SH,real,True,23.07.2024,2690370,1286163
102453484,10019787,191765073,Pilgerweg,11.1,8200 Schaffhausen,2939,SH,real,True,23.07.2024,2689891,1284869
102453486,10073052,191765075,Lahnstrasse,35.1,8200 Schaffhausen,2939,SH,real,True,23.07.2024,2688294,1284678
102453487,10085736,191765076,Schildgutstrasse,23.1,8200 Schaffhausen,2939,SH,real,True,23.07.2024,2688764,1283833
102453488,10018647,191765077,Gütliweg,4.1,8200 Schaffhausen,2939,SH,real,True,23.07.2024,2690086,1285030
102453489,10073065,191765078,Sennenwieshalde,8.1,8200 Schaffhausen,2939,SH,real,True,23.07.2024,2690877,1285697
102453490,10073072,191765079,Tannenstrasse,26.1,8200 Schaffhausen,2939,SH,real,True,23.07.2024,2691155,1284454
102453491,10110815,191765080,Lägernstrasse,28.1,8200 Schaffhausen,2939,SH,real,True,23.07.2024,2688555,1284876
102453494,10073069,191765083,Steingutstrasse,56.1,8200 Schaffhausen,2939,SH,real,True,23.07.2024,2690580,1285694
102453495,10073072,191765084,Tannenstrasse,28.1,8200 Schaffhausen,2939,SH,real,True,23.07.2024,2691158,1284454
102453496,10108021,191765085,Hauentalstrasse,43.1,8200 Schaffhausen,2939,SH,real,True,23.07.2024,2688986,1285250
102453497,10073075,191765086,Ungarbühlstrasse,61.1,8200 Schaffhausen,2939,SH,real,True,23.07.2024,2690276,1284375
102453498,10187857,191765087,Tannerberg,11.1,8200 Schaffhausen,2939,SH,real,True,23.07.2024,2689632,1284123
102453499,10086760,191765088,Holzbrunnenstrasse,26.,8200 Schaffhausen,2939,SH,real,True,23.07.2024,2688667,1284349
102453506,10180885,191765094,Spiegelguthalde,4.1,8200 Schaffhausen,2939,SH,real,True,23.07.2024,2690779,1285936
102453507,10086760,191765095,Holzbrunnenstrasse,24.1,8200 Schaffhausen,2939,SH,real,True,23.07.2024,2688639,1284324
102453510,10018654,191765098,Hochstrasse,335.1,8200 Schaffhausen,2939,SH,real,True,19.11.2024,2690809,1285877
102453511,10018656,191765099,Hohlenbaumstieg,11.1,8200 Schaffhausen,2939,SH,real,True,23.07.2024,2688731,1284809
102453512,10179720,191765100,Lahnhalde,27.1,8200 Schaffhausen,2939,SH,real,True,23.07.2024,2688360,1284640
102453513,10019798,191765101,Riethaldenweg,6.1,8200 Schaffhausen,2939,SH,real,True,23.07.2024,2688221,1284405
102453514,10110815,191765102,Lägernstrasse,,8200 Schaffhausen,2939,SH,real,True,23.07.2024,2688590,1284867
102453641,10106950,191765421,Kometsträsschen,40.1,8200 Schaffhausen,2939,SH,real,True,23.07.2024,2689176,1283476
102453642,10085736,191765422,Schildgutstrasse,30.1,8200 Schaffhausen,2939,SH,real,True,23.07.2024,2688811,1283906
102453646,10086770,191765425,Langhansergässchen,17.1,8200 Schaffhausen,2939,SH,real,True,23.07.2024,2688193,1284428
102453648,10118360,191765427,Jägerstrasse,13.1,8200 Schaffhausen,2939,SH,real,True,23.07.2024,2690425,1285846
102453649,10018654,191765428,Hochstrasse,341.1,8200 Schaffhausen,2939,SH,real,True,23.07.2024,2690816,1285881
102453650,10073052,191765429,Lahnstrasse,11.1,8200 Schaffhausen,2939,SH,real,True,23.07.2024,2688401,1284760
102453651,10085736,191765430,Schildgutstrasse,7.1,8200 Schaffhausen,2939,SH,real,True,23.07.2024,2688705,1283704
102453652,10187858,191765431,Vögelingässchen,32.1,8200 Schaffhausen,2939,SH,real,True,23.07.2024,2691707,1282770
102453654,10103225,191765433,Plattenhalde,26.1,8200 Schaffhausen,2939,SH,real,True,23.07.2024,2689097,1285256
102453655,10025706,191765434,Villenstrasse,6.1,8200 Schaffhausen,2939,SH,real,True,23.07.2024,2689142,1283783
102453658,10018666,191765437,J.J. Wepfer-Strasse,,8200 Schaffhausen,2939,SH,real,True,19.11.2024,2690205,1285739
102453659,10118146,191765438,Reithallenweg,7.1,8200 Schaffhausen,2939,SH,real,True,23.07.2024,2689652,1284993
102453660,10180883,191765439,Lindenweg,5.1,8200 Schaffhausen,2939,SH,real,True,23.07.2024,2690717,1284558
102453661,10186932,191765440,Rehgütliweg,15.1,8200 Schaffhausen,2939,SH,real,True,23.07.2024,2688917,1283592
102453662,10120426,191765441,Klingenstrasse,9.1,8200 Schaffhausen,2939,SH,real,True,23.07.2024,2689636,1284929
102453663,10179720,191765442,Lahnhalde,23.1,8200 Schaffhausen,2939,SH,real,True,23.07.2024,2688353,1284632
102453664,10086764,191765443,Im Storchen,3.1,8212 Neuhausen am Rheinfall,2939,SH,real,True,23.07.2024,2688716,1283405
102453665,10085748,191765444,Stokarbergstrasse,105.1,8200 Schaffhausen,2939,SH,real,True,23.07.2024,2688713,1283520
102453666,10180886,191765445,Urwerfhalde,8.1,8200 Schaffhausen,2939,SH,real,True,23.07.2024,2688944,1283494
102453669,10187856,191765446,Spiegelgutstrasse,31.1,8200 Schaffhausen,2939,SH,real,True,23.07.2024,2690534,1285942
102453676,10018661,191765454,Im Eschengut,,8200 Schaffhausen,2939,SH,real,True,23.07.2024,2690802,1284758
102453677,10018661,191765455,Im Eschengut,,8200 Schaffhausen,2939,SH,real,True,23.07.2024,2690827,1284718
102453678,10018661,191765456,Im Eschengut,,8200 Schaffhausen,2939,SH,real,True,23.07.2024,2690871,1284686
102453679,10086765,191765457,Kegelgässchen,,8200 Schaffhausen,2939,SH,real,True,23.07.2024,2690674,1283527
102453681,10118144,191765459,Hintersteig,,8200 Schaffhausen,2939,SH,real,True,23.07.2024,2689358,1283779
102453682,10118144,191765460,Hintersteig,,8200 Schaffhausen,2939,SH,real,True,23.07.2024,2689347,1283763
102453683,10118144,191765461,Hintersteig,,8200 Schaffhausen,2939,SH,real,True,23.07.2024,2689344,1283757
102453684,10118144,191765471,Hintersteig,,8200 Schaffhausen,2939,SH,real,True,23.07.2024,2689346,1283760
102453685,10118144,191765472,Hintersteig,,8200 Schaffhausen,2939,SH,real,True,23.07.2024,2689364,1283783
102453686,10118144,191765473,Hintersteig,,8200 Schaffhausen,2939,SH,real,True,23.07.2024,2689378,1283805
102453687,10118144,191765474,Hintersteig,,8200 Schaffhausen,2939,SH,real,True,23.07.2024,2689341,1283753
102453688,10118144,191765475,Hintersteig,,8200 Schaffhausen,2939,SH,real,True,23.07.2024,2689342,1283755
102453689,10118144,191765476,Hintersteig,,8200 Schaffhausen,2939,SH,real,True,23.07.2024,2689346,1283738
102453690,10179734,191765477,Weinsteig,161.1,8200 Schaffhausen,2939,SH,real,True,23.07.2024,2689512,1284733
102453691,10019788,191765478,Plattenweg,,8200 Schaffhausen,2939,SH,real,True,23.07.2024,2689270,1285025
102453692,10110816,191765479,Stahlwerkstrasse,,8200 Schaffhausen,2939,SH,real,True,23.07.2024,2689275,1285026
102453693,10019788,191765480,Plattenweg,,8200 Schaffhausen,2939,SH,real,True,23.07.2024,2689277,1285023
102453694,10179734,191765481,Weinsteig,,8200 Schaffhausen,2939,SH,real,True,23.07.2024,2689566,1284833
102453695,10019786,191765482,Parkstrasse,,8200 Schaffhausen,2939,SH,real,True,23.07.2024,2689323,1283315
102453696,10018657,191765483,Hohlenbaumstrasse,,8200 Schaffhausen,2939,SH,real,True,23.07.2024,2688899,1284664
102453697,10108021,191765484,Hauentalstrasse,,8200 Schaffhausen,2939,SH,real,True,23.07.2024,2689026,1285241
102453698,10108021,191765485,Hauentalstrasse,,8200 Schaffhausen,2939,SH,real,True,23.07.2024,2689027,1285238
102453699,10108021,191765486,Hauentalstrasse,,8200 Schaffhausen,2939,SH,real,True,23.07.2024,2689028,1285235
102453700,10108021,191765487,Hauentalstrasse,,8200 Schaffhausen,2939,SH,real,True,19.11.2024,2689025,1285244
102453701,10085754,191765488,Urwerf,,8200 Schaffhausen,2939,SH,real,True,19.11.2024,2688919,1283316
102453703,10085754,191765490,Urwerf,,8200 Schaffhausen,2939,SH,real,True,23.07.2024,2688913,1283311
102453704,10118144,191765491,Hintersteig,,8200 Schaffhausen,2939,SH,real,True,23.07.2024,2689373,1283802
102453705,10118144,191765492,Hintersteig,,8200 Schaffhausen,2939,SH,real,True,23.07.2024,2689370,1283796
102453706,10118144,191765493,Hintersteig,,8200 Schaffhausen,2939,SH,real,True,23.07.2024,2689372,1283799
102453707,10118144,191765494,Hintersteig,,8200 Schaffhausen,2939,SH,real,True,23.07.2024,2689376,1283803
102453708,10118144,191765495,Hintersteig,,8200 Schaffhausen,2939,SH,real,True,23.07.2024,2689360,1283782
102453709,10179729,191765496,Sommerhalde,,8200 Schaffhausen,2939,SH,real,True,23.07.2024,2688461,1286260
102453710,10086490,191765497,Grubenstrasse,,8200 Schaffhausen,2939,SH,real,True,23.07.2024,2690885,1284261
102453711,10018653,191765498,Hirschwiesenweg,,8200 Schaffhausen,2939,SH,real,True,23.07.2024,2690613,1286031
102453712,10085728,191765499,Otterngutstrasse,,8200 Schaffhausen,2939,SH,real,True,23.07.2024,2690424,1285351
102453713,10073077,191765500,Waldstrasse,,8200 Schaffhausen,2939,SH,real,True,23.07.2024,2689875,1284969
102453714,10179734,191765501,Weinsteig,,8200 Schaffhausen,2939,SH,real,True,19.11.2024,2689627,1284194
102453715,10085736,191765502,Schildgutstrasse,,8200 Schaffhausen,2939,SH,real,True,23.07.2024,2688707,1283654
102453716,10180886,191765503,Urwerfhalde,,8200 Schaffhausen,2939,SH,real,True,23.07.2024,2688892,1283526
102453717,10110815,191765504,Lägernstrasse,,8200 Schaffhausen,2939,SH,real,True,23.07.2024,2688560,1284876
102453719,10103226,191765506,Rheinbühlstrasse,,8200 Schaffhausen,2939,SH,real,True,23.07.2024,2691372,1282933
102453720,10073077,191765507,Waldstrasse,16.1,8200 Schaffhausen,2939,SH,real,True,23.07.2024,2689898,1284931
102453721,10019807,191765508,Schweizersbildstrasse,57.1,8200 Schaffhausen,2939,SH,real,True,23.07.2024,2690180,1286542
102453723,10025697,191765510,Säntisstrasse,,8200 Schaffhausen,2939,SH,real,True,23.07.2024,2690352,1283577
102453724,10025681,191765511,Sennereistrasse,,8200 Schaffhausen,2939,SH,real,True,23.07.2024,2690688,1285522
102453725,10085754,191765512,Urwerf,20.1,8200 Schaffhausen,2939,SH,real,True,23.07.2024,2688991,1283397
102453726,10025681,191765513,Sennereistrasse,,8200 Schaffhausen,2939,SH,real,True,23.07.2024,2690793,1285572
102453727,10019807,191765514,Schweizersbildstrasse,51.1,8200 Schaffhausen,2939,SH,real,True,23.07.2024,2690248,1286461
102453728,10179718,191765515,Im Riet,2.1,8200 Schaffhausen,2939,SH,real,True,23.07.2024,2688420,1284259
102453729,10110815,191765516,Lägernstrasse,15.1,8200 Schaffhausen,2939,SH,real,True,23.07.2024,2688586,1284867
102453730,10110815,191765517,Lägernstrasse,19.1,8200 Schaffhausen,2939,SH,real,True,23.07.2024,2688570,1284876
102453731,10110815,191765518,Lägernstrasse,21.1,8200 Schaffhausen,2939,SH,real,True,23.07.2024,2688565,1284876
102453732,10085758,191765519,Zweigstrasse,,8200 Schaffhausen,2939,SH,real,True,23.07.2024,2690415,1284195
102453733,10018657,191765520,Hohlenbaumstrasse,19.1,8200 Schaffhausen,2939,SH,real,True,23.07.2024,2688327,1284480
102453734,10103225,191765521,Plattenhalde,,8200 Schaffhausen,2939,SH,real,True,23.07.2024,2689071,1285192
102453735,10187856,191765522,Spiegelgutstrasse,,8200 Schaffhausen,2939,SH,real,True,23.07.2024,2690374,1286025
102453736,10187856,191765523,Spiegelgutstrasse,,8200 Schaffhausen,2939,SH,real,True,23.07.2024,2690446,1286031
102453737,10212463,191765524,Schleipfgässchen,,8212 Neuhausen am Rheinfall,2939,SH,real,True,23.07.2024,2688749,1283372
102453789,10121171,191765583,Hegaustrasse,53.1,8212 Neuhausen am Rheinfall,2937,SH,real,True,23.07.2024,2688482,1282937
102453793,10121171,191765594,Hegaustrasse,10.1,8212 Neuhausen am Rheinfall,2937,SH,real,True,23.07.2024,2688445,1282673
102453794,10121171,191765595,Hegaustrasse,11.1,8212 Neuhausen am Rheinfall,2937,SH,real,True,23.07.2024,2688423,1282676
102453797,10121171,191765598,Hegaustrasse,12.1,8212 Neuhausen am Rheinfall,2937,SH,real,True,23.07.2024,2688449,1282695
102453799,10121171,191765600,Hegaustrasse,15.1,8212 Neuhausen am Rheinfall,2937,SH,real,True,23.07.2024,2688424,1282694
102453800,10121171,191765601,Hegaustrasse,16.1,8212 Neuhausen am Rheinfall,2937,SH,real,True,23.07.2024,2688452,1282720
102453817,10121171,191765632,Hegaustrasse,17.1,8212 Neuhausen am Rheinfall,2937,SH,real,True,23.07.2024,2688425,1282697
102453819,10121171,191765634,Hegaustrasse,18.1,8212 Neuhausen am Rheinfall,2937,SH,real,True,23.07.2024,2688453,1282723
102453820,10121171,191765635,Hegaustrasse,19.1,8212 Neuhausen am Rheinfall,2937,SH,real,True,23.07.2024,2688428,1282716
102453822,10121171,191765637,Hegaustrasse,1.1,8212 Neuhausen am Rheinfall,2937,SH,real,True,23.07.2024,2688415,1282630
102453823,10121171,191765638,Hegaustrasse,21.1,8212 Neuhausen am Rheinfall,2937,SH,real,True,23.07.2024,2688429,1282719
102453824,10121171,191765639,Hegaustrasse,2.1,8212 Neuhausen am Rheinfall,2937,SH,real,True,23.07.2024,2688456,1282627
102453825,10121171,191765640,Hegaustrasse,3.1,8212 Neuhausen am Rheinfall,2937,SH,real,True,23.07.2024,2688416,1282633
102453827,10121171,191765642,Hegaustrasse,45.1,8212 Neuhausen am Rheinfall,2937,SH,real,True,23.07.2024,2688461,1282880
102453828,10121171,191765643,Hegaustrasse,49.1,8212 Neuhausen am Rheinfall,2937,SH,real,True,23.07.2024,2688470,1282904
102453839,10121171,191765654,Hegaustrasse,4.1,8212 Neuhausen am Rheinfall,2937,SH,real,True,23.07.2024,2688440,1282645
102453840,10121171,191765655,Hegaustrasse,5.1,8212 Neuhausen am Rheinfall,2937,SH,real,True,23.07.2024,2688419,1282652
102453841,10121171,191765656,Hegaustrasse,7.1,8212 Neuhausen am Rheinfall,2937,SH,real,True,23.07.2024,2688419,1282655
102453842,10121171,191765657,Hegaustrasse,9.1,8212 Neuhausen am Rheinfall,2937,SH,real,True,23.07.2024,2688422,1282673
102453843,10118142,191765658,Heimstrasse,8.1,8212 Neuhausen am Rheinfall,2937,SH,real,True,23.07.2024,2688971,1281653
102453844,10017867,191765659,Hofstettenstrasse,21.1,8212 Neuhausen am Rheinfall,2937,SH,real,True,23.07.2024,2687385,1281669
102453846,10017867,191765660,Hofstettenstrasse,20.1,8212 Neuhausen am Rheinfall,2937,SH,real,True,23.07.2024,2687490,1281774
102453980,10130701,191765803,Barzingergasse,15,8240 Thayngen,2920,SH,real,True,15.11.2024,2695327,1289778
102454006,10086471,191765835,Belairstrasse,,8200 Schaffhausen,2939,SH,real,True,23.07.2024,2688743,1284216
102454007,10085721,191765836,Lochstrasse,,8200 Schaffhausen,2939,SH,real,True,23.07.2024,2689388,1285326
102454008,10085734,191765837,Rittergutstrasse,,8200 Schaffhausen,2939,SH,real,True,23.07.2024,2689750,1284259
102454009,10179726,191765838,Rietstrasse,,8200 Schaffhausen,2939,SH,real,True,23.07.2024,2688480,1284232
102454010,10086764,191765839,Im Storchen,,8200 Schaffhausen,2939,SH,real,True,23.07.2024,2688739,1283464
102454011,10108021,191765840,Hauentalstrasse,,8200 Schaffhausen,2939,SH,real,True,23.07.2024,2688487,1285997
102454012,10018654,191765841,Hochstrasse,,8200 Schaffhausen,2939,SH,real,True,23.07.2024,2690700,1285702
102454013,10019788,191765842,Plattenweg,,8200 Schaffhausen,2939,SH,real,True,23.07.2024,2689121,1285341
102454014,10108021,191765843,Hauentalstrasse,,8200 Schaffhausen,2939,SH,real,True,23.07.2024,2688431,1286212
102454813,10108021,191766134,Hauentalstrasse,,8200 Schaffhausen,2939,SH,real,True,23.07.2024,2688360,1286234
102454814,10179720,191766135,Lahnhalde,,8200 Schaffhausen,2939,SH,real,True,23.07.2024,2688356,1284635
102454815,10118146,191766136,Reithallenweg,,8200 Schaffhausen,2939,SH,real,True,23.07.2024,2689718,1284940
102454816,10212463,191766137,Schleipfgässchen,,8212 Neuhausen am Rheinfall,2939,SH,real,True,23.07.2024,2688762,1283368
102454817,10085722,191766138,Meisenweg,18.1,8200 Schaffhausen,2939,SH,real,True,23.07.2024,2689482,1284024
102454820,10018652,191766152,Hintergasse,,8203 Schaffhausen,2939,SH,real,True,23.07.2024,2691484,1283666
102454821,10018652,191766153,Hintergasse,,8203 Schaffhausen,2939,SH,real,True,23.07.2024,2691409,1283646
102454822,10018652,191766154,Hintergasse,,8203 Schaffhausen,2939,SH,real,True,23.07.2024,2691423,1283660
102454823,10046623,191766155,Kirchgasse,,8203 Schaffhausen,2939,SH,real,True,23.07.2024,2691438,1283648
102454825,10046623,191766157,Kirchgasse,,8203 Schaffhausen,2939,SH,real,True,23.07.2024,2691470,1283653
102454827,10107217,191766159,Zollerweg,,8203 Schaffhausen,2939,SH,real,True,23.07.2024,2691835,1283294
102454828,10073070,191766160,Stuckengässchen,,8203 Schaffhausen,2939,SH,real,True,23.07.2024,2691627,1283163
102454829,10025709,191766161,Windegghof,,8203 Schaffhausen,2939,SH,real,True,19.11.2024,2691373,1283174
102454830,10118147,191766162,Windeggstrasse,,8203 Schaffhausen,2939,SH,real,True,23.07.2024,2691470,1283567
102454831,10118147,191766163,Windeggstrasse,,8203 Schaffhausen,2939,SH,real,True,23.07.2024,2691467,1283553
102454832,10179725,191766164,Rebweg,,8203 Schaffhausen,2939,SH,real,True,23.07.2024,2691457,1283559
102454834,10179725,191766166,Rebweg,,8203 Schaffhausen,2939,SH,real,True,23.07.2024,2691407,1283586
102454836,10019799,191766168,Rosenbergstrasse,,8200 Schaffhausen,2939,SH,real,True,23.07.2024,2690765,1283648
102454837,10019795,191766169,Rheingoldstrasse,,8200 Schaffhausen,2939,SH,real,True,23.07.2024,2690825,1283578
102454838,10019799,191766170,Rosenbergstrasse,,8200 Schaffhausen,2939,SH,real,True,23.07.2024,2690794,1283647
102454840,10019799,191766172,Rosenbergstrasse,,8200 Schaffhausen,2939,SH,real,True,23.07.2024,2690798,1283647
102454841,10073074,191766173,Tulpenstrasse,,8200 Schaffhausen,2939,SH,real,True,23.07.2024,2690662,1283880
102454842,10025686,191766174,Spendtrottengut,,8203 Schaffhausen,2939,SH,real,True,23.07.2024,2691105,1283579
102454843,10019799,191766175,Rosenbergstrasse,,8200 Schaffhausen,2939,SH,real,True,23.07.2024,2690877,1283660
102454844,10019799,191766176,Rosenbergstrasse,,8200 Schaffhausen,2939,SH,real,True,23.07.2024,2690895,1283611
102454845,10124087,191766177,Kohlfirststrasse,,8203 Schaffhausen,2939,SH,real,True,23.07.2024,2691259,1283429
102454846,10124087,191766178,Kohlfirststrasse,,8203 Schaffhausen,2939,SH,real,True,23.07.2024,2691238,1283427
102454847,10019799,191766179,Rosenbergstrasse,,8200 Schaffhausen,2939,SH,real,True,23.07.2024,2691003,1283644
102454848,10019799,191766180,Rosenbergstrasse,,8200 Schaffhausen,2939,SH,real,True,23.07.2024,2690990,1283642
102454849,10019799,191766181,Rosenbergstrasse,,8200 Schaffhausen,2939,SH,real,True,23.07.2024,2690912,1283654
102454850,10019799,191766182,Rosenbergstrasse,,8200 Schaffhausen,2939,SH,real,True,23.07.2024,2690915,1283655
102454941,10018664,1613091,Im Schweizersbild,1,8200 Schaffhausen,2939,SH,real,True,23.07.2024,2690081,1286696
102454948,10118147,191766321,Windeggstrasse,,8203 Schaffhausen,2939,SH,real,True,23.07.2024,2691466,1283486
102454949,10046635,191766322,Zündelweg,,8203 Schaffhausen,2939,SH,real,True,23.07.2024,2691014,1283637
102454950,10019801,191766323,Rütiweg,,8203 Schaffhausen,2939,SH,real,True,23.07.2024,2691327,1283800
102454951,10179725,191766324,Rebweg,,8203 Schaffhausen,2939,SH,real,True,23.07.2024,2691414,1283495
102454956,10019799,191766328,Rosenbergstrasse,,8200 Schaffhausen,2939,SH,real,True,23.07.2024,2690948,1283593
102454957,10018662,191766329,Im Freien,,8203 Schaffhausen,2939,SH,real,True,23.07.2024,2691731,1283135
102454958,10179725,191766330,Rebweg,,8203 Schaffhausen,2939,SH,real,True,23.07.2024,2691379,1283445
102454959,10019795,191766331,Rheingoldstrasse,,8200 Schaffhausen,2939,SH,real,True,23.07.2024,2690765,1283607
102454963,10187855,191766332,Rigistrasse,,8203 Schaffhausen,2939,SH,real,True,23.07.2024,2691066,1283631
102454964,10025696,191766333,Sustenweg,,8200 Schaffhausen,2939,SH,real,True,23.07.2024,2690755,1283785
102454965,10073070,191766334,Stuckengässchen,,8203 Schaffhausen,2939,SH,real,True,23.07.2024,2691677,1283151
102454966,10086490,191766335,Grubenstrasse,,8200 Schaffhausen,2939,SH,real,True,19.11.2024,2690997,1284231
102454986,10025686,191766346,Spendtrottengut,,8203 Schaffhausen,2939,SH,real,True,23.07.2024,2691215,1283654
102454987,10025686,191766347,Spendtrottengut,,8203 Schaffhausen,2939,SH,real,True,23.07.2024,2691221,1283658
102454989,10046635,191766349,Zündelweg,,8203 Schaffhausen,2939,SH,real,True,23.07.2024,2691189,1283655
102454991,10025698,191766351,Talstrasse,,8200 Schaffhausen,2939,SH,real,True,23.07.2024,2691022,1284151
102454994,10025685,191766353,Sonnmattstrasse,,8200 Schaffhausen,2939,SH,real,True,23.07.2024,2690751,1283733
102454995,10025685,191766354,Sonnmattstrasse,,8200 Schaffhausen,2939,SH,real,True,23.07.2024,2690780,1283748
102455007,10085745,191766363,Splügenstrasse,,8200 Schaffhausen,2939,SH,real,True,23.07.2024,2690920,1283793
102455008,10019799,191766364,Rosenbergstrasse,,8200 Schaffhausen,2939,SH,real,True,23.07.2024,2690818,1283586
102455009,10190888,191766365,Winkelriedstrasse,,8203 Schaffhausen,2939,SH,real,True,23.07.2024,2691323,1283929
102455011,10124087,191766366,Kohlfirststrasse,,8203 Schaffhausen,2939,SH,real,True,23.07.2024,2691359,1283562
102455012,10085727,191766367,Nägelseestrasse,,8203 Schaffhausen,2939,SH,real,True,23.07.2024,2691832,1283595
102455013,10085740,191766368,Seewadelstrasse,,8203 Schaffhausen,2939,SH,real,True,23.07.2024,2691342,1283893
102455014,10085740,191766369,Seewadelstrasse,,8203 Schaffhausen,2939,SH,real,True,23.07.2024,2691336,1283893
102455015,10085740,191766370,Seewadelstrasse,,8203 Schaffhausen,2939,SH,real,True,23.07.2024,2691339,1283893
102455052,10031597,191766432,Buttelestrasse,,8262 Ramsen,2963,SH,real,True,19.11.2024,2702938,1285151
102455248,10018642,1610322,Grabenstrasse,16,8200 Schaffhausen,2939,SH,real,True,15.11.2024,2689578,1283315
102455280,10124087,191766676,Kohlfirststrasse,,8203 Schaffhausen,2939,SH,real,True,23.07.2024,2691200,1283306
102455281,10025710,191766677,Windeggstieg,,8203 Schaffhausen,2939,SH,real,True,23.07.2024,2691181,1283409
102455284,10179721,191766680,Lohnstrasse,,8200 Schaffhausen,2939,SH,real,True,23.07.2024,2690896,1283871
102455286,10018663,191766682,Im Laternenacker,,8200 Schaffhausen,2939,SH,real,True,23.07.2024,2690795,1284234
102455288,10124087,191766684,Kohlfirststrasse,,8203 Schaffhausen,2939,SH,real,True,23.07.2024,2691226,1283393
102455382,10024939,191766799,Oberdorf,1a,8236 Büttenhardt,2914,SH,real,True,15.11.2024,2691038,1290316
102455418,10071691,191766911,Hauptstrasse,544,8262 Ramsen,2963,SH,real,True,15.11.2024,2702984,1284994
102455419,10087219,191766931,Fortenbach,610,8262 Ramsen,2963,SH,real,True,15.11.2024,2702877,1285191
102455580,10192483,190828112,Bleicheplatz,4,8200 Schaffhausen,2939,SH,real,True,15.11.2024,2689522,1283839
102455644,10124087,191767256,Kohlfirststrasse,,8203 Schaffhausen,2939,SH,real,True,23.07.2024,2691302,1283519
102455646,10025686,191767258,Spendtrottengut,,8203 Schaffhausen,2939,SH,real,True,23.07.2024,2691167,1283614
102455647,10046635,191767259,Zündelweg,,8203 Schaffhausen,2939,SH,real,True,23.07.2024,2691132,1283593
102455649,10025686,191767261,Spendtrottengut,,8203 Schaffhausen,2939,SH,real,True,23.07.2024,2691129,1283592
102455650,10025686,191767262,Spendtrottengut,,8203 Schaffhausen,2939,SH,real,True,23.07.2024,2691164,1283612
102455652,10025693,191767271,Stimmerstrasse,,8200 Schaffhausen,2939,SH,real,True,23.07.2024,2691300,1284618
102455653,10018658,191767272,Holunderweg,,8200 Schaffhausen,2939,SH,real,True,23.07.2024,2691403,1284627
102455654,10018658,191767273,Holunderweg,,8200 Schaffhausen,2939,SH,real,True,23.07.2024,2691410,1284631
102455655,10018658,191767274,Holunderweg,,8200 Schaffhausen,2939,SH,real,True,23.07.2024,2691433,1284645
102455656,10018658,191767275,Holunderweg,,8200 Schaffhausen,2939,SH,real,True,23.07.2024,2691455,1284660
102455657,10018658,191767276,Holunderweg,,8200 Schaffhausen,2939,SH,real,True,23.07.2024,2691463,1284665
102455658,10025693,191767277,Stimmerstrasse,,8200 Schaffhausen,2939,SH,real,True,23.07.2024,2691404,1284684
102455659,10025693,191767278,Stimmerstrasse,,8200 Schaffhausen,2939,SH,real,True,23.07.2024,2691428,1284700
102455660,10025693,191767279,Stimmerstrasse,,8200 Schaffhausen,2939,SH,real,True,23.07.2024,2691436,1284705
102455661,10124087,191767280,Kohlfirststrasse,,8203 Schaffhausen,2939,SH,real,True,23.07.2024,2691267,1283327
102455662,10179725,191767281,Rebweg,,8203 Schaffhausen,2939,SH,real,True,23.07.2024,2691304,1283347
102455663,10179725,191767282,Rebweg,,8203 Schaffhausen,2939,SH,real,True,23.07.2024,2691355,1283352
102455664,10190888,191767283,Winkelriedstrasse,,8200 Schaffhausen,2939,SH,real,True,23.07.2024,2691097,1284100
102455665,10018662,191767284,Im Freien,,8203 Schaffhausen,2939,SH,real,True,23.07.2024,2691756,1283064
102455666,10085745,191767285,Splügenstrasse,,8200 Schaffhausen,2939,SH,real,True,23.07.2024,2690845,1283798
102455668,10085746,191767287,Stauffacherstrasse,,8200 Schaffhausen,2939,SH,real,True,23.07.2024,2690863,1283954
102455670,10124087,191767289,Kohlfirststrasse,,8203 Schaffhausen,2939,SH,real,True,23.07.2024,2691381,1283505
102455671,10124087,191767290,Kohlfirststrasse,,8203 Schaffhausen,2939,SH,real,True,23.07.2024,2691231,1283405
102455672,10179735,191767291,Zündelgutstrasse,,8203 Schaffhausen,2939,SH,real,True,23.07.2024,2691073,1283663
102455673,10179735,191767292,Zündelgutstrasse,,8203 Schaffhausen,2939,SH,real,True,23.07.2024,2691093,1283671
102455720,10210280,191767393,Nörstenweg,1,8214 Gächlingen,2901,SH,real,True,15.11.2024,2679746,1284444
102455728,10090057,1615948,Kaltenbacherstrasse,22b,8260 Stein am Rhein,2964,SH,real,True,15.11.2024,2706369,1279205
102455729,10090057,1615948,Kaltenbacherstrasse,22c,8260 Stein am Rhein,2964,SH,real,True,15.11.2024,2706353,1279216
102455921,10087053,191767813,Im Oberhof,20a,8240 Thayngen,2920,SH,real,True,15.11.2024,2695540,1289415
102468771,10019291,2029505,Ebnatstrasse,131,8200 Schaffhausen,2939,SH,real,True,15.11.2024,2691088,1285193
102468772,10019291,2029505,Ebnatstrasse,129,8200 Schaffhausen,2939,SH,real,True,15.11.2024,2691041,1285202
102468848,10019291,191667415,Ebnatstrasse,170,8207 Schaffhausen,2939,SH,real,True,15.11.2024,2691474,1285943
102468849,10108024,1613359,Kirchbergstrasse,72,8207 Schaffhausen,2939,SH,real,True,15.11.2024,2691776,1286581
102468851,10073055,191749555,Mühlentalstrasse,4,8200 Schaffhausen,2939,SH,real,True,15.11.2024,2689569,1283923
102468879,10113206,1610097,Vorstadt,41,8200 Schaffhausen,2939,SH,real,True,15.11.2024,2689771,1283809
102468889,10086470,191769111,Bachstrasse,25,8200 Schaffhausen,2939,SH,real,True,15.11.2024,2690014,1283570
102469194,10031605,191769500,Roseneggstrasse,457.1,8262 Ramsen,2963,SH,real,True,23.07.2024,2703600,1285189
102469279,10180862,191769656,Schinderwies,3,8233 Bargen SH,2931,SH,real,True,15.11.2024,2688028,1294136
102469496,10103226,191770537,Rheinbühlstrasse,,8200 Schaffhausen,2939,SH,real,True,23.07.2024,2691393,1282869
102469508,10073027,191770559,Brauereistrasse,,8200 Schaffhausen,2939,SH,real,True,23.07.2024,2690630,1285233
102469513,10073027,191770562,Brauereistrasse,,8200 Schaffhausen,2939,SH,real,True,23.07.2024,2690652,1285246
102469515,10073027,191770564,Brauereistrasse,,8200 Schaffhausen,2939,SH,real,True,23.07.2024,2690701,1285277
102469516,10073027,191770565,Brauereistrasse,,8200 Schaffhausen,2939,SH,real,True,23.07.2024,2690788,1285288
102469518,10073027,191770567,Brauereistrasse,,8200 Schaffhausen,2939,SH,real,True,23.07.2024,2690671,1285213
102469519,10073027,191770568,Brauereistrasse,,8200 Schaffhausen,2939,SH,real,True,23.07.2024,2690632,1285187
102469520,10073027,191770569,Brauereistrasse,,8200 Schaffhausen,2939,SH,real,True,19.11.2024,2690598,1285226
102469521,10073027,191770570,Brauereistrasse,,8200 Schaffhausen,2939,SH,real,True,23.07.2024,2690677,1285244
102469523,10073027,191770572,Brauereistrasse,,8200 Schaffhausen,2939,SH,real,True,23.07.2024,2690454,1285125
102469528,10073027,191770593,Brauereistrasse,,8200 Schaffhausen,2939,SH,real,True,19.11.2024,2690631,1285213
102469529,10073027,191770594,Brauereistrasse,,8200 Schaffhausen,2939,SH,real,True,23.07.2024,2690729,1285186
102469530,10073027,191770595,Brauereistrasse,,8200 Schaffhausen,2939,SH,real,True,23.07.2024,2690479,1285129
102469568,10167071,191770711,Schlatterstrasse,8,8241 Barzheim,2920,SH,real,True,15.11.2024,2696108,1290803
102469573,10207259,191770754,Fischerhölzlistrasse,1.1,8212 Neuhausen am Rheinfall,2937,SH,real,True,23.07.2024,2687679,1281256
102469574,10026381,191770755,Bahnweg,9,8240 Thayngen,2920,SH,real,True,15.11.2024,2695591,1289138
102469575,10017867,191770756,Hofstettenstrasse,28.1,8212 Neuhausen am Rheinfall,2937,SH,real,True,23.07.2024,2687371,1281795
102469580,10017867,191770773,Hofstettenstrasse,32.1,8212 Neuhausen am Rheinfall,2937,SH,real,True,23.07.2024,2687306,1281751
102469582,10017867,191770775,Hofstettenstrasse,34.1,8212 Neuhausen am Rheinfall,2937,SH,real,True,23.07.2024,2687282,1281698
102469585,10017867,191770778,Hofstettenstrasse,5.1,8212 Neuhausen am Rheinfall,2937,SH,real,True,23.07.2024,2687369,1281731
102469586,10017867,191770779,Hofstettenstrasse,8.1,8212 Neuhausen am Rheinfall,2937,SH,real,True,23.07.2024,2687386,1281677
102469593,10074401,191770786,Höhenweg,11.1,8212 Neuhausen am Rheinfall,2937,SH,real,True,23.07.2024,2688554,1282154
102469595,10074401,191770788,Höhenweg,13.1,8212 Neuhausen am Rheinfall,2937,SH,real,True,23.07.2024,2688568,1282188
102469596,10074401,191770789,Höhenweg,13.2,8212 Neuhausen am Rheinfall,2937,SH,real,True,23.07.2024,2688562,1282175
102469597,10074401,191770790,Höhenweg,9.1,8212 Neuhausen am Rheinfall,2937,SH,real,True,23.07.2024,2688526,1282125
102469599,10128949,191770792,Hohfluhstrasse,15.1,8212 Neuhausen am Rheinfall,2937,SH,real,True,23.07.2024,2688339,1282774
102469600,10128949,191770793,Hohfluhstrasse,1.1,8212 Neuhausen am Rheinfall,2937,SH,real,True,23.07.2024,2688488,1282764
102469602,10128949,191770795,Hohfluhstrasse,20.1,8212 Neuhausen am Rheinfall,2937,SH,real,True,23.07.2024,2688316,1282855
102469603,10128949,191770796,Hohfluhstrasse,24.1,8212 Neuhausen am Rheinfall,2937,SH,real,True,23.07.2024,2688254,1282869
102469604,10018162,191770797,Tannenstrasse,13.1,8212 Neuhausen am Rheinfall,2937,SH,real,True,23.07.2024,2688322,1282973
102469631,10128949,191770847,Hohfluhstrasse,3.1,8212 Neuhausen am Rheinfall,2937,SH,real,True,23.07.2024,2688477,1282787
102469633,10058934,191770849,Industrieplatz,1h.2,8212 Neuhausen am Rheinfall,2937,SH,real,True,23.07.2024,2688472,1281576
102469639,10058934,191770871,Industrieplatz,1i,8212 Neuhausen am Rheinfall,2937,SH,real,True,23.07.2024,2688446,1281564
102469640,10058934,191770872,Industrieplatz,1h.4,8212 Neuhausen am Rheinfall,2937,SH,real,True,23.07.2024,2688491,1281567
102469642,10058934,191770874,Industrieplatz,1h.3,8212 Neuhausen am Rheinfall,2937,SH,real,True,23.07.2024,2688492,1281584
102469643,10058934,191770875,Industrieplatz,1.1521,8212 Neuhausen am Rheinfall,2937,SH,real,True,23.07.2024,2688524,1281460
102469644,10017870,191770876,Laufengasse,18.3,8212 Neuhausen am Rheinfall,2937,SH,real,True,23.07.2024,2688434,1281645
102469645,10017870,191770877,Laufengasse,18.2,8212 Neuhausen am Rheinfall,2937,SH,real,True,23.07.2024,2688457,1281663
102469646,10091252,191770878,Industriestrasse,38.1,8212 Neuhausen am Rheinfall,2937,SH,real,True,23.07.2024,2688568,1281779
102469649,10073052,191770911,Lahnstrasse,34,8200 Schaffhausen,2939,SH,real,True,15.11.2024,2688366,1284762
102469650,10073052,191770912,Lahnstrasse,32,8200 Schaffhausen,2939,SH,real,True,15.11.2024,2688376,1284766
102469651,10073052,191770913,Lahnstrasse,30,8200 Schaffhausen,2939,SH,real,True,15.11.2024,2688389,1284772
102469660,10120420,191770922,Amsler-Laffon-Strasse,,8200 Schaffhausen,2939,SH,real,True,23.07.2024,2690307,1284697
102469661,10120420,191770923,Amsler-Laffon-Strasse,,8200 Schaffhausen,2939,SH,real,True,23.07.2024,2690267,1284684
102469662,10120420,191770924,Amsler-Laffon-Strasse,,8200 Schaffhausen,2939,SH,real,True,23.07.2024,2690243,1284676
102469664,10120420,191770926,Amsler-Laffon-Strasse,,8200 Schaffhausen,2939,SH,real,True,23.07.2024,2690228,1284779
102469666,10018644,191770928,Grenzstrasse,,8200 Schaffhausen,2939,SH,real,True,23.07.2024,2690703,1283793
102469667,10110814,191770929,Hirschweg,,8200 Schaffhausen,2939,SH,real,True,23.07.2024,2690277,1283629
102469668,10085748,191770930,Stokarbergstrasse,,8200 Schaffhausen,2939,SH,real,True,23.07.2024,2689216,1283721
102469670,10103226,191770932,Rheinbühlstrasse,,8200 Schaffhausen,2939,SH,real,True,23.07.2024,2691398,1282859
102469671,10073062,191770933,Römerstieg,,8200 Schaffhausen,2939,SH,real,True,23.07.2024,2690233,1283635
102469672,10073062,191770934,Römerstieg,,8200 Schaffhausen,2939,SH,real,True,23.07.2024,2690232,1283632
102469673,10086488,191770935,Gennersbrunnerstrasse,,8207 Schaffhausen,2939,SH,real,True,23.07.2024,2692226,1285402
102469813,10073055,191771075,Mühlentalstrasse,,8200 Schaffhausen,2939,SH,real,True,19.11.2024,2689523,1284612
102469814,10073055,191771076,Mühlentalstrasse,,8200 Schaffhausen,2939,SH,real,True,23.07.2024,2689384,1284197
102469815,10073055,191771077,Mühlentalstrasse,,8200 Schaffhausen,2939,SH,real,True,23.07.2024,2689420,1284855
102469816,10073055,191771078,Mühlentalstrasse,,8200 Schaffhausen,2939,SH,real,True,23.07.2024,2689390,1284711
102469817,10073055,191771079,Mühlentalstrasse,,8200 Schaffhausen,2939,SH,real,True,23.07.2024,2689395,1284697
102469861,10019559,191771151,Erlistrasse,58,8454 Buchberg,2933,SH,real,True,15.11.2024,2684073,1269916
102469917,10073055,191771411,Mühlentalstrasse,,8200 Schaffhausen,2939,SH,real,True,23.07.2024,2689573,1285629
102469919,10046625,191771413,Quellenstrasse,,8200 Schaffhausen,2939,SH,real,True,23.07.2024,2688541,1284121
102469920,10019285,191771414,Burggütliweg,,8200 Schaffhausen,2939,SH,real,True,23.07.2024,2688443,1283704
102469921,10106953,191771415,Schneckenackerstrasse,,8200 Schaffhausen,2939,SH,real,True,23.07.2024,2690398,1286125
102469924,10108021,191771418,Hauentalstrasse,,8200 Schaffhausen,2939,SH,real,True,23.07.2024,2689030,1285040
102469925,10108021,191771419,Hauentalstrasse,,8200 Schaffhausen,2939,SH,real,True,23.07.2024,2689168,1284999
102469927,10018631,191771421,Forstweg,,8200 Schaffhausen,2939,SH,real,True,23.07.2024,2689773,1284847
102469928,10073055,191771422,Mühlentalstrasse,,8200 Schaffhausen,2939,SH,real,True,23.07.2024,2689578,1285156
102469929,10179734,191771423,Weinsteig,,8200 Schaffhausen,2939,SH,real,True,23.07.2024,2689570,1284897
102469931,10113193,191771425,Birkenstrasse,,8200 Schaffhausen,2939,SH,real,True,23.07.2024,2690930,1284434
102469932,10073035,191771426,Fulachstrasse,,8200 Schaffhausen,2939,SH,real,True,23.07.2024,2690704,1285408
102469933,10018644,191771427,Grenzstrasse,,8200 Schaffhausen,2939,SH,real,True,23.07.2024,2690752,1283838
102469934,10018654,191771428,Hochstrasse,,8200 Schaffhausen,2939,SH,real,True,23.07.2024,2690029,1285227
102469935,10018654,191771429,Hochstrasse,,8200 Schaffhausen,2939,SH,real,True,23.07.2024,2690342,1285442
102469936,10073035,191771430,Fulachstrasse,,8200 Schaffhausen,2939,SH,real,True,23.07.2024,2690930,1285587
102469938,10120426,191771432,Klingenstrasse,,8200 Schaffhausen,2939,SH,real,True,23.07.2024,2689708,1284848
102469939,10108021,191771433,Hauentalstrasse,,8200 Schaffhausen,2939,SH,real,True,23.07.2024,2688994,1285290
102469940,10073022,191771434,Alpenstrasse,,8200 Schaffhausen,2939,SH,real,True,23.07.2024,2691012,1283839
102469941,10025692,191771435,Stettemerstrasse,,8207 Schaffhausen,2939,SH,real,True,23.07.2024,2691491,1286774
102469942,10073035,191771436,Fulachstrasse,,8200 Schaffhausen,2939,SH,real,True,23.07.2024,2690284,1285200
102469943,10025695,191771437,Stüdliackerstrasse,10.2,8207 Schaffhausen,2939,SH,real,True,26.10.2024,2691992,1286318
102469944,10019291,191771438,Ebnatstrasse,,8200 Schaffhausen,2939,SH,real,True,23.07.2024,2691314,1285363
102469945,10019291,191771439,Ebnatstrasse,,8200 Schaffhausen,2939,SH,real,True,23.07.2024,2690898,1285045
102469946,10018654,191771440,Hochstrasse,,8200 Schaffhausen,2939,SH,real,True,23.07.2024,2690500,1285566
102469947,10120424,191771441,Herblingerstrasse,,8207 Schaffhausen,2939,SH,real,True,19.11.2024,2691353,1286169
102469948,10193992,191771442,Rheinuferstrasse,,8200 Schaffhausen,2939,SH,real,True,19.11.2024,2689590,1283212
102469949,10179726,191771443,Rietstrasse,,8200 Schaffhausen,2939,SH,real,True,23.07.2024,2688328,1284442
102469950,10108021,191771451,Hauentalstrasse,,8200 Schaffhausen,2939,SH,real,True,23.07.2024,2688553,1285961
102469951,10120424,191771452,Herblingerstrasse,,8207 Schaffhausen,2939,SH,real,True,23.07.2024,2691602,1286304
102469952,10018669,191771453,Kesselstrasse,,8200 Schaffhausen,2939,SH,real,True,23.07.2024,2690998,1283974
102469953,10018654,191771454,Hochstrasse,329.1,8200 Schaffhausen,2939,SH,real,True,03.09.2024,2690773,1285833
102469954,10018657,191771455,Hohlenbaumstrasse,,8200 Schaffhausen,2939,SH,real,True,23.07.2024,2688839,1284643
102469955,10086475,191771456,Buchthalerstrasse,,8203 Schaffhausen,2939,SH,real,True,23.07.2024,2691062,1283461
102469956,10019291,191771457,Ebnatstrasse,,8200 Schaffhausen,2939,SH,real,True,23.07.2024,2690337,1284665
102469959,10026329,470254,Bettackerweg,2,8223 Guntmadingen,2932,SH,real,True,15.11.2024,2684079,1282170
102469963,10085726,191771494,Neutalstrasse,,8207 Schaffhausen,2939,SH,real,True,19.11.2024,2692078,1286511
102469964,10086475,191771495,Buchthalerstrasse,,8203 Schaffhausen,2939,SH,real,True,23.07.2024,2691477,1283717
102469965,10187856,191771496,Spiegelgutstrasse,,8200 Schaffhausen,2939,SH,real,True,19.11.2024,2690325,1285947
102469966,10025693,191771497,Stimmerstrasse,,8200 Schaffhausen,2939,SH,real,True,23.07.2024,2690605,1284340
102469971,10073035,191771515,Fulachstrasse,,8200 Schaffhausen,2939,SH,real,True,23.07.2024,2690246,1284920
102469976,10025692,191771520,Stettemerstrasse,,8207 Schaffhausen,2939,SH,real,True,23.07.2024,2691652,1286943
102469982,10025692,191771531,Stettemerstrasse,,8207 Schaffhausen,2939,SH,real,True,23.07.2024,2691339,1286582
102469983,10086490,191771532,Grubenstrasse,,8200 Schaffhausen,2939,SH,real,True,23.07.2024,2690889,1284204
102469984,10108021,191771533,Hauentalstrasse,,8200 Schaffhausen,2939,SH,real,True,23.07.2024,2688707,1285702
102469985,10086766,191771534,Klausweg,,8200 Schaffhausen,2939,SH,real,True,23.07.2024,2690506,1284544
102469986,10046625,191771535,Quellenstrasse,,8200 Schaffhausen,2939,SH,real,True,23.07.2024,2688540,1284013
102469987,10085754,191771536,Urwerf,,8200 Schaffhausen,2939,SH,real,True,19.11.2024,2688894,1283302
102469988,10085754,191771537,Urwerf,,8200 Schaffhausen,2939,SH,real,True,23.07.2024,2688896,1283282
102469989,10019287,191771538,Bühlstrasse,,8200 Schaffhausen,2939,SH,real,True,23.07.2024,2688982,1283861
102470070,10019295,191771874,Felsenaustrasse,,8200 Schaffhausen,2939,SH,real,True,23.07.2024,2689537,1285303
102470071,10179729,191771875,Sommerhalde,,8200 Schaffhausen,2939,SH,real,True,23.07.2024,2688479,1286252
102470083,10237826,1611692,Randenstrasse,212,8200 Schaffhausen,2939,SH,real,True,15.11.2024,2688417,1284814
102470086,10237826,1611695,Randenstrasse,220,8200 Schaffhausen,2939,SH,real,True,15.11.2024,2688368,1284831
102470113,10237826,1611345,Randenstrasse,149,8200 Schaffhausen,2939,SH,real,True,15.11.2024,2688598,1284485
102470114,10237826,1611728,Randenstrasse,178,8200 Schaffhausen,2939,SH,real,True,15.11.2024,2688549,1284724
102470115,10237826,1611727,Randenstrasse,176,8200 Schaffhausen,2939,SH,real,True,15.11.2024,2688542,1284690
102470117,10237826,1611347,Randenstrasse,145,8200 Schaffhausen,2939,SH,real,True,15.11.2024,2688615,1284464
102470119,10073040,191772032,Gugerhalde,18,8207 Schaffhausen,2939,SH,real,True,15.11.2024,2692163,1286891
102470211,10085722,191772411,Meisenweg,,8200 Schaffhausen,2939,SH,real,True,23.07.2024,2689503,1284026
102470212,10120420,191772412,Amsler-Laffon-Strasse,,8200 Schaffhausen,2939,SH,real,True,19.11.2024,2690329,1284886
102470213,10073025,191772413,Bergstrasse,,8200 Schaffhausen,2939,SH,real,True,23.07.2024,2689550,1284084
102470214,10073025,191772414,Bergstrasse,,8200 Schaffhausen,2939,SH,real,True,23.07.2024,2689541,1284081
102470216,10106951,191772416,Rheinhaldenstrasse,,8200 Schaffhausen,2939,SH,real,True,23.07.2024,2691330,1282845
102470217,10073029,191772417,Chrottenhalde,,8200 Schaffhausen,2939,SH,real,True,23.07.2024,2690484,1285753
102470218,10073029,191772418,Chrottenhalde,,8200 Schaffhausen,2939,SH,real,True,23.07.2024,2690486,1285755
102470219,10073029,191772419,Chrottenhalde,,8200 Schaffhausen,2939,SH,real,True,23.07.2024,2690488,1285757
102470221,10085728,191772421,Otterngutstrasse,,8200 Schaffhausen,2939,SH,real,True,23.07.2024,2690364,1285326
102470222,10187856,191772422,Spiegelgutstrasse,,8200 Schaffhausen,2939,SH,real,True,23.07.2024,2690376,1285997
102470223,10187856,191772423,Spiegelgutstrasse,,8200 Schaffhausen,2939,SH,real,True,23.07.2024,2690367,1286043
102470224,10187856,191772424,Spiegelgutstrasse,,8200 Schaffhausen,2939,SH,real,True,23.07.2024,2690416,1285999
102470225,10187856,191772425,Spiegelgutstrasse,,8200 Schaffhausen,2939,SH,real,True,23.07.2024,2690449,1286018
102470226,10046625,191772426,Quellenstrasse,,8200 Schaffhausen,2939,SH,real,True,23.07.2024,2688473,1284033
102470227,10187856,191772427,Spiegelgutstrasse,,8200 Schaffhausen,2939,SH,real,True,23.07.2024,2690371,1285950
102470228,10179726,191772428,Rietstrasse,,8200 Schaffhausen,2939,SH,real,True,23.07.2024,2688273,1284360
102470229,10178604,191772429,Breitenaustrasse,,8200 Schaffhausen,2939,SH,real,True,23.07.2024,2688880,1284430
102470238,10178604,191772431,Breitenaustrasse,,8200 Schaffhausen,2939,SH,real,True,23.07.2024,2688873,1284439
102470239,10178604,191772432,Breitenaustrasse,,8200 Schaffhausen,2939,SH,real,True,23.07.2024,2688873,1284453
102470240,10178604,191772433,Breitenaustrasse,,8200 Schaffhausen,2939,SH,real,True,23.07.2024,2688786,1284516
102470241,10178604,191772434,Breitenaustrasse,,8200 Schaffhausen,2939,SH,real,True,23.07.2024,2688835,1284486
102470242,10108021,191772435,Hauentalstrasse,,8200 Schaffhausen,2939,SH,real,True,23.07.2024,2688675,1285735
102470244,10108021,191772437,Hauentalstrasse,,8200 Schaffhausen,2939,SH,real,True,23.07.2024,2688634,1285781
102470245,10118359,191772438,Baumschulstrasse,,8200 Schaffhausen,2939,SH,real,True,23.07.2024,2690638,1284625
102470249,10178606,191772454,Etzelstrasse,,8200 Schaffhausen,2939,SH,real,True,23.07.2024,2688123,1284373
102470253,10178606,191772458,Etzelstrasse,,8200 Schaffhausen,2939,SH,real,True,23.07.2024,2688123,1284370
102470254,10178606,191772459,Etzelstrasse,,8200 Schaffhausen,2939,SH,real,True,23.07.2024,2688124,1284367
102470255,10106951,191772460,Rheinhaldenstrasse,,8200 Schaffhausen,2939,SH,real,True,23.07.2024,2690777,1283318
102470256,10019278,191772461,Birchweg,,8200 Schaffhausen,2939,SH,real,True,23.07.2024,2689468,1285596
102470257,10086486,191772462,Geissbergstrasse,,8200 Schaffhausen,2939,SH,real,True,23.07.2024,2690045,1285150
102470523,10108022,191773154,Holzwiesenweg,,8200 Schaffhausen,2939,SH,real,True,23.07.2024,2688909,1284717
102470524,10086490,191773155,Grubenstrasse,,8200 Schaffhausen,2939,SH,real,True,23.07.2024,2691063,1284331
102470525,10025681,191773156,Sennereistrasse,,8200 Schaffhausen,2939,SH,real,True,23.07.2024,2690787,1285566
102470526,10025681,191773157,Sennereistrasse,,8200 Schaffhausen,2939,SH,real,True,23.07.2024,2690789,1285568
102470527,10025681,191773158,Sennereistrasse,,8200 Schaffhausen,2939,SH,real,True,23.07.2024,2690791,1285570
102470528,10108021,191773159,Hauentalstrasse,,8200 Schaffhausen,2939,SH,real,True,23.07.2024,2689075,1285160
102470531,10086489,191773161,Grafenbuckstrasse,,8200 Schaffhausen,2939,SH,real,True,23.07.2024,2690167,1285518
102470533,10086489,191773163,Grafenbuckstrasse,,8200 Schaffhausen,2939,SH,real,True,23.07.2024,2690180,1285512
102470534,10086489,191773164,Grafenbuckstrasse,,8200 Schaffhausen,2939,SH,real,True,23.07.2024,2690165,1285496
102470535,10118360,191773165,Jägerstrasse,,8200 Schaffhausen,2939,SH,real,True,23.07.2024,2690560,1285880
102470536,10025706,191773166,Villenstrasse,,8200 Schaffhausen,2939,SH,real,True,23.07.2024,2688149,1284404
102470537,10019783,191773167,Nordstrasse,,8200 Schaffhausen,2939,SH,real,True,23.07.2024,2689219,1284398
102470538,10085721,191773168,Lochstrasse,,8200 Schaffhausen,2939,SH,real,True,23.07.2024,2689318,1284764
102470539,10120420,191773169,Amsler-Laffon-Strasse,,8200 Schaffhausen,2939,SH,real,True,23.07.2024,2690205,1284716
102470540,10110816,191773170,Stahlwerkstrasse,,8200 Schaffhausen,2939,SH,real,True,19.11.2024,2689162,1284907
102470541,10018654,191773171,Hochstrasse,,8200 Schaffhausen,2939,SH,real,True,23.07.2024,2690426,1285561
102470542,10188473,191773172,Ebnatweg,,8200 Schaffhausen,2939,SH,real,True,23.07.2024,2690183,1284556
102470543,10179720,191773173,Lahnhalde,,8200 Schaffhausen,2939,SH,real,True,23.07.2024,2688375,1284693
102470544,10163390,191773174,Wieslibachstrasse,,8200 Schaffhausen,2939,SH,real,True,23.07.2024,2688398,1284139
102470545,10019783,191773175,Nordstrasse,,8200 Schaffhausen,2939,SH,real,True,23.07.2024,2689219,1284679
102470547,10086490,191773177,Grubenstrasse,,8200 Schaffhausen,2939,SH,real,True,23.07.2024,2691041,1284284
102470873,10073042,191774192,Herrenacker,,8200 Schaffhausen,2939,SH,real,True,23.07.2024,2689632,1283366
102470875,10086476,191774231,Büsingerstrasse,60.3,8203 Schaffhausen,2939,SH,real,True,23.07.2024,2691954,1283651
102470877,10086476,191774232,Büsingerstrasse,,8203 Schaffhausen,2939,SH,real,True,23.07.2024,2691737,1283562
102470878,10086476,191774233,Büsingerstrasse,,8203 Schaffhausen,2939,SH,real,True,23.07.2024,2691724,1283560
102470879,10179725,191774234,Rebweg,,8203 Schaffhausen,2939,SH,real,True,23.07.2024,2691401,1283567
102470880,10085740,191774235,Seewadelstrasse,,8203 Schaffhausen,2939,SH,real,True,23.07.2024,2691553,1283832
102470881,10122077,191774236,Widlenstrasse,,8203 Schaffhausen,2939,SH,real,True,23.07.2024,2691936,1283718
102470882,10073022,191774237,Alpenstrasse,,8203 Schaffhausen,2939,SH,real,True,23.07.2024,2691190,1283884
102470884,10118147,191774238,Windeggstrasse,,8203 Schaffhausen,2939,SH,real,True,23.07.2024,2691565,1283426
102470885,10124087,191774239,Kohlfirststrasse,,8203 Schaffhausen,2939,SH,real,True,23.07.2024,2691211,1283286
102470887,10190888,191774241,Winkelriedstrasse,,8200 Schaffhausen,2939,SH,real,True,23.07.2024,2691016,1284070
102470888,10190888,191774242,Winkelriedstrasse,,8200 Schaffhausen,2939,SH,real,True,23.07.2024,2691081,1284115
102470889,10190888,191774243,Winkelriedstrasse,,8200 Schaffhausen,2939,SH,real,True,23.07.2024,2691070,1283974
102470890,10086475,191774244,Buchthalerstrasse,,8203 Schaffhausen,2939,SH,real,True,23.07.2024,2691170,1283535
102470891,10018635,191774245,Furkastrasse,,8203 Schaffhausen,2939,SH,real,True,23.07.2024,2690975,1283498
102470900,10124087,191774311,Kohlfirststrasse,,8203 Schaffhausen,2939,SH,real,True,23.07.2024,2691327,1283528
102470901,10085746,191774312,Stauffacherstrasse,,8200 Schaffhausen,2939,SH,real,True,23.07.2024,2690874,1283975
102471099,10103865,191774597,Bergstrasse,7,8214 Gächlingen,2901,SH,real,True,15.11.2024,2679831,1284509
102475597,10018635,191775052,Furkastrasse,,8203 Schaffhausen,2939,SH,real,True,23.07.2024,2690888,1283452
102475598,10179725,191775053,Rebweg,,8203 Schaffhausen,2939,SH,real,True,23.07.2024,2691389,1283509
102475599,10179725,191775054,Rebweg,,8203 Schaffhausen,2939,SH,real,True,23.07.2024,2691388,1283507
102475600,10179725,191775055,Rebweg,,8203 Schaffhausen,2939,SH,real,True,23.07.2024,2691386,1283505
102475601,10018669,191775056,Kesselstrasse,,8200 Schaffhausen,2939,SH,real,True,23.07.2024,2690992,1284022
102475602,10107217,191775057,Zollerweg,,8203 Schaffhausen,2939,SH,real,True,23.07.2024,2691776,1283612
102475604,10187855,191775059,Rigistrasse,,8203 Schaffhausen,2939,SH,real,True,23.07.2024,2691089,1283650
102475605,10018641,191775060,Glärnischstrasse,,8200 Schaffhausen,2939,SH,real,True,23.07.2024,2690744,1283553
102475606,10018655,191775061,Hohenkrähenstrasse,,8200 Schaffhausen,2939,SH,real,True,23.07.2024,2690669,1283933
102475607,10018655,191775062,Hohenkrähenstrasse,,8200 Schaffhausen,2939,SH,real,True,23.07.2024,2690670,1283936
102475608,10018655,191775063,Hohenkrähenstrasse,,8200 Schaffhausen,2939,SH,real,True,23.07.2024,2690672,1283961
102475609,10085746,191775064,Stauffacherstrasse,,8200 Schaffhausen,2939,SH,real,True,23.07.2024,2690724,1283959
102475610,10107217,191775065,Zollerweg,,8203 Schaffhausen,2939,SH,real,True,23.07.2024,2691666,1283187
102475611,10085730,191775066,Pilatusstrasse,,8203 Schaffhausen,2939,SH,real,True,23.07.2024,2691740,1283923
102475612,10085730,191775067,Pilatusstrasse,,8203 Schaffhausen,2939,SH,real,True,23.07.2024,2691714,1283886
102475613,10085730,191775068,Pilatusstrasse,,8203 Schaffhausen,2939,SH,real,True,23.07.2024,2691734,1283877
102475614,10085730,191775069,Pilatusstrasse,,8203 Schaffhausen,2939,SH,real,True,23.07.2024,2691719,1283802
102475615,10085730,191775070,Pilatusstrasse,,8203 Schaffhausen,2939,SH,real,True,23.07.2024,2691682,1283877
102475616,10085730,191775071,Pilatusstrasse,,8203 Schaffhausen,2939,SH,real,True,23.07.2024,2691684,1283875
102475617,10085730,191775072,Pilatusstrasse,,8203 Schaffhausen,2939,SH,real,True,23.07.2024,2691673,1283780
102475618,10086493,191775073,Hofackerstrasse,,8203 Schaffhausen,2939,SH,real,True,23.07.2024,2691547,1283686
102475619,10073022,191775074,Alpenstrasse,,8203 Schaffhausen,2939,SH,real,True,23.07.2024,2691712,1283714
102475620,10073022,191775075,Alpenstrasse,,8200 Schaffhausen,2939,SH,real,True,23.07.2024,2690804,1283874
102475621,10073070,191775076,Stuckengässchen,,8203 Schaffhausen,2939,SH,real,True,23.07.2024,2691498,1283269
102475622,10073070,191775077,Stuckengässchen,,8203 Schaffhausen,2939,SH,real,True,23.07.2024,2691527,1283251
102475623,10086475,191775078,Buchthalerstrasse,,8203 Schaffhausen,2939,SH,real,True,19.11.2024,2691207,1283518
102475624,10086475,191775079,Buchthalerstrasse,,8203 Schaffhausen,2939,SH,real,True,23.07.2024,2691204,1283515
102475625,10086475,191775080,Buchthalerstrasse,,8203 Schaffhausen,2939,SH,real,True,23.07.2024,2691216,1283532
102475626,10190888,191775081,Winkelriedstrasse,,8203 Schaffhausen,2939,SH,real,True,23.07.2024,2691625,1283850
102475627,10086475,191775082,Buchthalerstrasse,,8203 Schaffhausen,2939,SH,real,True,23.07.2024,2691196,1283570
102475628,10190888,191775083,Winkelriedstrasse,,8203 Schaffhausen,2939,SH,real,True,23.07.2024,2691620,1283935
102475629,10190888,191775084,Winkelriedstrasse,,8203 Schaffhausen,2939,SH,real,True,23.07.2024,2691622,1283938
102475630,10085730,191775085,Pilatusstrasse,,8203 Schaffhausen,2939,SH,real,True,23.07.2024,2691634,1283941
102475631,10085730,191775086,Pilatusstrasse,,8203 Schaffhausen,2939,SH,real,True,23.07.2024,2691635,1283921
102475632,10085730,191775087,Pilatusstrasse,,8203 Schaffhausen,2939,SH,real,True,23.07.2024,2691636,1283908
102475633,10085730,191775088,Pilatusstrasse,,8203 Schaffhausen,2939,SH,real,True,23.07.2024,2691635,1283912
102475635,10085730,191775090,Pilatusstrasse,,8203 Schaffhausen,2939,SH,real,True,23.07.2024,2691636,1283902
102475636,10085730,191775091,Pilatusstrasse,,8203 Schaffhausen,2939,SH,real,True,23.07.2024,2691633,1283935
102475637,10085730,191775092,Pilatusstrasse,,8203 Schaffhausen,2939,SH,real,True,23.07.2024,2691634,1283945
102475645,10073070,191775132,Stuckengässchen,,8203 Schaffhausen,2939,SH,real,True,23.07.2024,2691464,1283308
102475646,10085745,191775133,Splügenstrasse,,8200 Schaffhausen,2939,SH,real,True,23.07.2024,2690931,1283747
102475647,10085737,191775134,Schlossstrasse,,8207 Schaffhausen,2939,SH,real,True,23.07.2024,2691790,1286565
102475648,10085737,191775135,Schlossstrasse,,8207 Schaffhausen,2939,SH,real,True,19.11.2024,2691856,1286710
102477685,10019271,191775952,Artilleriestrasse,20.1,8200 Schaffhausen,2939,SH,real,True,23.07.2024,2691342,1284362
102477687,10019277,191775971,Berghaldenweg,,8207 Schaffhausen,2939,SH,real,True,23.07.2024,2691993,1286714
102477688,10153539,191775972,Bergliweg,,8207 Schaffhausen,2939,SH,real,True,23.07.2024,2691223,1286333
102477689,10106947,191775973,Dachsenbüelstrasse,,8200 Schaffhausen,2939,SH,real,True,23.07.2024,2690408,1286562
102477690,10073030,191775974,Dreispitz,,8207 Schaffhausen,2939,SH,real,True,23.07.2024,2691533,1286149
102477691,10086488,191775991,Gennersbrunnerstrasse,,8207 Schaffhausen,2939,SH,real,True,23.07.2024,2692096,1286048
102477693,10086488,191776012,Gennersbrunnerstrasse,,8207 Schaffhausen,2939,SH,real,True,23.07.2024,2691817,1286120
102477695,10073041,191776014,Haldenwiesli,,8207 Schaffhausen,2939,SH,real,True,23.07.2024,2692010,1286626
102477697,10073041,191776016,Haldenwiesli,,8207 Schaffhausen,2939,SH,real,True,23.07.2024,2692067,1286592
102477698,10073041,191776017,Haldenwiesli,,8207 Schaffhausen,2939,SH,real,True,23.07.2024,2692057,1286601
102477699,10018648,191776018,Hanfpünt,,8207 Schaffhausen,2939,SH,real,True,23.07.2024,2691568,1286756
102477701,10018648,191776020,Hanfpünt,,8207 Schaffhausen,2939,SH,real,True,23.07.2024,2691571,1286755
102477702,10120424,191776031,Herblingerstrasse,,8207 Schaffhausen,2939,SH,real,True,23.07.2024,2691213,1285917
102477703,10120424,191776032,Herblingerstrasse,,8207 Schaffhausen,2939,SH,real,True,23.07.2024,2691403,1286221
102477704,10120424,191776033,Herblingerstrasse,,8207 Schaffhausen,2939,SH,real,True,23.07.2024,2691234,1285957
102477705,10120424,191776034,Herblingerstrasse,,8207 Schaffhausen,2939,SH,real,True,23.07.2024,2691133,1285906
102477706,10120424,191776051,Herblingerstrasse,,8207 Schaffhausen,2939,SH,real,True,23.07.2024,2691353,1286120
102477707,10120424,191776071,Herblingerstrasse,,8207 Schaffhausen,2939,SH,real,True,23.07.2024,2691230,1285938
102477708,10120424,191776072,Herblingerstrasse,,8207 Schaffhausen,2939,SH,real,True,23.07.2024,2691219,1285942
102477709,10120424,191776073,Herblingerstrasse,,8207 Schaffhausen,2939,SH,real,True,23.07.2024,2691294,1286062
102477710,10120424,191776091,Herblingerstrasse,,8207 Schaffhausen,2939,SH,real,True,23.07.2024,2691360,1286105
102477711,10120424,191776092,Herblingerstrasse,,8207 Schaffhausen,2939,SH,real,True,23.07.2024,2691225,1285994
102477712,10120424,191776093,Herblingerstrasse,,8207 Schaffhausen,2939,SH,real,True,23.07.2024,2691735,1286441
102477713,10018654,191776094,Hochstrasse,363.1,8200 Schaffhausen,2939,SH,real,True,03.09.2024,2691050,1285874
102477714,10018654,191776095,Hochstrasse,361.1,8200 Schaffhausen,2939,SH,real,True,03.09.2024,2691008,1285895
102477715,10018654,191776096,Hochstrasse,,8200 Schaffhausen,2939,SH,real,True,23.07.2024,2690987,1285848
102477716,10073043,191776097,Hohberg,,8207 Schaffhausen,2939,SH,real,True,23.07.2024,2690974,1286317
102477717,10073043,191776098,Hohberg,,8207 Schaffhausen,2939,SH,real,True,23.07.2024,2690952,1286277
102477718,10073043,191776111,Hohberg,,8207 Schaffhausen,2939,SH,real,True,23.07.2024,2691073,1286304
102477719,10073043,191776112,Hohberg,,8207 Schaffhausen,2939,SH,real,True,23.07.2024,2690971,1286316
102477720,10113197,191776113,Hohbergstrasse,,8207 Schaffhausen,2939,SH,real,True,23.07.2024,2690983,1286233
102477721,10018657,191776131,Hohlenbaumstrasse,9.1,8200 Schaffhausen,2939,SH,real,True,23.07.2024,2688776,1284669
102477722,10018657,191776132,Hohlenbaumstrasse,52.1,8200 Schaffhausen,2939,SH,real,True,23.07.2024,2688514,1284540
102477723,10179717,191776133,Im Bergli,,8207 Schaffhausen,2939,SH,real,True,23.07.2024,2691324,1286305
102477724,10086761,191776134,Im Brüel,,8207 Schaffhausen,2939,SH,real,True,23.07.2024,2691902,1286331
102477725,10086761,191776151,Im Brüel,,8207 Schaffhausen,2939,SH,real,True,23.07.2024,2691886,1286393
102478711,10025700,191777438,Trüllenbuck,,8207 Schaffhausen,2939,SH,real,True,23.07.2024,2691797,1286697
102478712,10025700,191777439,Trüllenbuck,,8207 Schaffhausen,2939,SH,real,True,23.07.2024,2691826,1286708
102478713,10025700,191777440,Trüllenbuck,,8207 Schaffhausen,2939,SH,real,True,23.07.2024,2691802,1286719
102478714,10018679,191777441,Lebernstrasse,,8207 Schaffhausen,2939,SH,real,True,23.07.2024,2691667,1286776
102478715,10018679,191777442,Lebernstrasse,,8207 Schaffhausen,2939,SH,real,True,23.07.2024,2691656,1286750
102478716,10018679,191777443,Lebernstrasse,,8207 Schaffhausen,2939,SH,real,True,23.07.2024,2691704,1286764
102478717,10018679,191777444,Lebernstrasse,,8207 Schaffhausen,2939,SH,real,True,23.07.2024,2691718,1286761
102478718,10018679,191777445,Lebernstrasse,,8207 Schaffhausen,2939,SH,real,True,23.07.2024,2691750,1286764
102478720,10085737,191777447,Schlossstrasse,,8207 Schaffhausen,2939,SH,real,True,23.07.2024,2691784,1286849
102478721,10085737,191777448,Schlossstrasse,,8207 Schaffhausen,2939,SH,real,True,23.07.2024,2691800,1286853
102478722,10085737,191777449,Schlossstrasse,,8207 Schaffhausen,2939,SH,real,True,23.07.2024,2691822,1286930
102478723,10085737,191777450,Schlossstrasse,,8207 Schaffhausen,2939,SH,real,True,23.07.2024,2691841,1286811
102478724,10085751,191777451,Thayngerstrasse,,8207 Schaffhausen,2939,SH,real,True,23.07.2024,2691913,1286773
102478725,10085737,191777452,Schlossstrasse,,8207 Schaffhausen,2939,SH,real,True,23.07.2024,2691869,1286735
102478726,10073045,191777453,Im Chloster,,8207 Schaffhausen,2939,SH,real,True,23.07.2024,2691909,1286710
102478727,10073050,191777454,Kreuzgutweg,20.2,8207 Schaffhausen,2939,SH,real,True,23.07.2024,2691569,1286670
102478728,10073050,191777455,Kreuzgutweg,20.1,8207 Schaffhausen,2939,SH,real,True,23.07.2024,2691546,1286686
102478729,10085751,191777456,Thayngerstrasse,,8207 Schaffhausen,2939,SH,real,True,23.07.2024,2691851,1286446
102478730,10085751,191777457,Thayngerstrasse,,8207 Schaffhausen,2939,SH,real,True,23.07.2024,2691866,1286456
102478731,10085726,191777458,Neutalstrasse,,8207 Schaffhausen,2939,SH,real,True,23.07.2024,2691990,1286493
102478732,10113200,191777459,Oberwiesenweg,,8207 Schaffhausen,2939,SH,real,True,23.07.2024,2691807,1286945
102478733,10108024,191777460,Kirchbergstrasse,,8207 Schaffhausen,2939,SH,real,True,23.07.2024,2691407,1286222
102478734,10073050,191777461,Kreuzgutweg,,8207 Schaffhausen,2939,SH,real,True,23.07.2024,2691513,1286642
102478735,10085726,191777462,Neutalstrasse,,8207 Schaffhausen,2939,SH,real,True,23.07.2024,2692030,1286544
102478736,10019782,191777463,Neutrottenstrasse,,8207 Schaffhausen,2939,SH,real,True,23.07.2024,2691336,1286363
102478738,10019782,191777465,Neutrottenstrasse,,8207 Schaffhausen,2939,SH,real,True,23.07.2024,2691331,1286371
102478740,10019782,191777467,Neutrottenstrasse,,8207 Schaffhausen,2939,SH,real,True,23.07.2024,2691259,1286369
102481632,10019581,191779233,Durachstrasse,15,8232 Merishausen,2936,SH,real,True,15.11.2024,2687978,1290329
102481639,10074393,191779254,Kirchgasse,3,8232 Merishausen,2936,SH,real,True,15.11.2024,2687707,1290736
102481868,10025698,191779635,Talstrasse,20,8200 Schaffhausen,2939,SH,real,True,15.11.2024,2690693,1284147
102481918,10025702,191779751,Tälistrasse,,8207 Schaffhausen,2939,SH,real,True,23.07.2024,2690942,1285970
102481919,10025702,191779752,Tälistrasse,,8207 Schaffhausen,2939,SH,real,True,23.07.2024,2690945,1285979
102481922,10025702,191779755,Tälistrasse,,8207 Schaffhausen,2939,SH,real,True,23.07.2024,2690986,1286004
102481923,10025683,191779756,Sonnenberg,,8207 Schaffhausen,2939,SH,real,True,23.07.2024,2691079,1285958
102481924,10025702,191779757,Tälistrasse,,8207 Schaffhausen,2939,SH,real,True,23.07.2024,2691019,1285979
102481927,10117546,191779771,Industriestrasse,,8207 Schaffhausen,2939,SH,real,True,19.11.2024,2691574,1286751
102481928,10108024,191779772,Kirchbergstrasse,,8207 Schaffhausen,2939,SH,real,True,23.07.2024,2691456,1286285
102481929,10108024,191779773,Kirchbergstrasse,,8207 Schaffhausen,2939,SH,real,True,23.07.2024,2691616,1286479
102481930,10073051,191779774,Krummacker,,8207 Schaffhausen,2939,SH,real,True,23.07.2024,2691611,1286752
102481933,10018679,191779777,Lebernstrasse,,8207 Schaffhausen,2939,SH,real,True,23.07.2024,2691644,1286791
102481934,10019782,191779778,Neutrottenstrasse,,8207 Schaffhausen,2939,SH,real,True,23.07.2024,2691341,1286352
102481935,10019782,191779779,Neutrottenstrasse,,8207 Schaffhausen,2939,SH,real,True,23.07.2024,2691127,1286221
102481936,10085741,191779780,Solenbergstrasse,35.1,8207 Schaffhausen,2939,SH,real,True,19.11.2024,2692545,1286241
102481937,10085752,191779781,Trüllenbuckstieg,,8207 Schaffhausen,2939,SH,real,True,23.07.2024,2691738,1286574
102481938,10025700,191779782,Trüllenbuck,,8207 Schaffhausen,2939,SH,real,True,23.07.2024,2691601,1286526
102481939,10085751,191779783,Thayngerstrasse,50.1,8207 Schaffhausen,2939,SH,real,True,23.07.2024,2691935,1286997
102481940,10085751,191779784,Thayngerstrasse,52.1,8207 Schaffhausen,2939,SH,real,True,23.07.2024,2691934,1287000
102481941,10025702,191779785,Tälistrasse,,8207 Schaffhausen,2939,SH,real,True,23.07.2024,2690998,1286027
102481942,10025692,191779786,Stettemerstrasse,1.1,8207 Schaffhausen,2939,SH,real,True,23.07.2024,2690937,1286104
102481943,10025683,191779787,Sonnenberg,,8207 Schaffhausen,2939,SH,real,True,23.07.2024,2691166,1285976
102481944,10025683,191779788,Sonnenberg,,8207 Schaffhausen,2939,SH,real,True,23.07.2024,2691171,1285983
102481945,10019782,191779789,Neutrottenstrasse,,8207 Schaffhausen,2939,SH,real,True,23.07.2024,2691299,1286345
102481946,10120427,191779790,Mutzentäli,,8207 Schaffhausen,2939,SH,real,True,23.07.2024,2690990,1285945
102481947,10073054,191779791,Muracker,,8207 Schaffhausen,2939,SH,real,True,23.07.2024,2691310,1286036
102481948,10108024,191779792,Kirchbergstrasse,,8207 Schaffhausen,2939,SH,real,True,23.07.2024,2691619,1286470
102481949,10086762,191779793,Im Gräfler,,8207 Schaffhausen,2939,SH,real,True,23.07.2024,2690777,1286077
102481958,10108024,191779815,Kirchbergstrasse,,8207 Schaffhausen,2939,SH,real,True,23.07.2024,2691480,1286357
102481960,10117546,191779817,Industriestrasse,,8207 Schaffhausen,2939,SH,real,True,23.07.2024,2692344,1286277
102481961,10086761,191779818,Im Brüel,,8207 Schaffhausen,2939,SH,real,True,23.07.2024,2691912,1286390
102481968,10018664,191779833,Im Schweizersbild,,8207 Schaffhausen,2939,SH,real,True,23.07.2024,2690547,1286608
102481969,10085737,191779834,Schlossstrasse,,8207 Schaffhausen,2939,SH,real,True,23.07.2024,2691732,1287351
102481970,10019782,191779835,Neutrottenstrasse,,8207 Schaffhausen,2939,SH,real,True,23.07.2024,2691299,1286423
102481971,10018665,191779836,Im Trenschen,,8207 Schaffhausen,2939,SH,real,True,23.07.2024,2691975,1286990
102481972,10019807,191779837,Schweizersbildstrasse,,8200 Schaffhausen,2939,SH,real,True,23.07.2024,2690349,1286478
102481973,10108024,191779838,Kirchbergstrasse,,8207 Schaffhausen,2939,SH,real,True,23.07.2024,2691672,1286513
102481974,10025700,191779851,Trüllenbuck,,8207 Schaffhausen,2939,SH,real,True,19.11.2024,2691797,1286751
102481975,10018665,191779852,Im Trenschen,,8207 Schaffhausen,2939,SH,real,True,23.07.2024,2692025,1287218
102481976,10085749,191779853,Surbeckstieg,,8207 Schaffhausen,2939,SH,real,True,23.07.2024,2691507,1286464
102481977,10108024,191779854,Kirchbergstrasse,,8207 Schaffhausen,2939,SH,real,True,23.07.2024,2691530,1286397
102481978,10086763,191779855,Im Majorenacker,,8207 Schaffhausen,2939,SH,real,True,23.07.2024,2691636,1285863
102481979,10085741,191779856,Solenbergstrasse,,8207 Schaffhausen,2939,SH,real,True,23.07.2024,2692106,1285628
102481980,10085751,191779857,Thayngerstrasse,,8207 Schaffhausen,2939,SH,real,True,23.07.2024,2691926,1287037
102481981,10025692,191779858,Stettemerstrasse,62.1,8207 Schaffhausen,2939,SH,real,True,23.07.2024,2691567,1286813
102481982,10018679,191779859,Lebernstrasse,,8207 Schaffhausen,2939,SH,real,True,23.07.2024,2691700,1286808
102481983,10025683,191779860,Sonnenberg,,8207 Schaffhausen,2939,SH,real,True,23.07.2024,2691120,1285999
102481984,10073050,191779861,Kreuzgutweg,,8207 Schaffhausen,2939,SH,real,True,23.07.2024,2691553,1286688
102481985,10073050,191779862,Kreuzgutweg,,8207 Schaffhausen,2939,SH,real,True,23.07.2024,2691549,1286692
102481986,10073050,191779863,Kreuzgutweg,,8207 Schaffhausen,2939,SH,real,True,23.07.2024,2691544,1286696
102481987,10108024,191779864,Kirchbergstrasse,,8207 Schaffhausen,2939,SH,real,True,23.07.2024,2691574,1286434
102481988,10179734,191779865,Weinsteig,,8200 Schaffhausen,2939,SH,real,True,19.11.2024,2689596,1284406
102481989,10019782,191779866,Neutrottenstrasse,,8207 Schaffhausen,2939,SH,real,True,23.07.2024,2691287,1286431
102481990,10046627,191779867,Rietmattstrasse,28.1,8200 Schaffhausen,2939,SH,real,True,23.07.2024,2688271,1284054
102481991,10046627,191779868,Rietmattstrasse,20.1,8200 Schaffhausen,2939,SH,real,True,23.07.2024,2688269,1284102
102481992,10046627,191779869,Rietmattstrasse,20.2,8200 Schaffhausen,2939,SH,real,True,23.07.2024,2688270,1284099
102481993,10025692,191779870,Stettemerstrasse,,8207 Schaffhausen,2939,SH,real,True,19.11.2024,2691250,1286501
102481995,10025700,191779872,Trüllenbuck,,8207 Schaffhausen,2939,SH,real,True,19.11.2024,2691708,1286640
102481996,10046631,191779873,St. Peterstrasse,5.1,8200 Schaffhausen,2939,SH,real,True,23.07.2024,2690831,1285826
102481997,10046627,191779874,Rietmattstrasse,32.2,8200 Schaffhausen,2939,SH,real,True,23.07.2024,2688272,1284027
102481998,10046627,191779875,Rietmattstrasse,32.1,8200 Schaffhausen,2939,SH,real,True,23.07.2024,2688272,1284030
102481999,10046627,191779891,Rietmattstrasse,28.2,8200 Schaffhausen,2939,SH,real,True,23.07.2024,2688272,1284051
102482000,10108024,191779892,Kirchbergstrasse,,8207 Schaffhausen,2939,SH,real,True,23.07.2024,2691561,1286423
102482001,10108024,191779893,Kirchbergstrasse,,8207 Schaffhausen,2939,SH,real,True,23.07.2024,2691563,1286426
102482002,10108024,191779911,Kirchbergstrasse,,8207 Schaffhausen,2939,SH,real,True,23.07.2024,2691577,1286436
102482003,10073050,191779912,Kreuzgutweg,,8207 Schaffhausen,2939,SH,real,True,23.07.2024,2691546,1286694
102482004,10073050,191779913,Kreuzgutweg,,8207 Schaffhausen,2939,SH,real,True,23.07.2024,2691555,1286686
102482005,10025702,191779914,Tälistrasse,,8207 Schaffhausen,2939,SH,real,True,23.07.2024,2691088,1286094
102482006,10025692,191779915,Stettemerstrasse,,8207 Schaffhausen,2939,SH,real,True,23.07.2024,2691220,1286454
102482007,10018665,191779916,Im Trenschen,,8207 Schaffhausen,2939,SH,real,True,23.07.2024,2691986,1286917
102482008,10085737,191779917,Schlossstrasse,,8207 Schaffhausen,2939,SH,real,True,23.07.2024,2691671,1287152
102482009,10046627,191779918,Rietmattstrasse,24.2,8200 Schaffhausen,2939,SH,real,True,23.07.2024,2688270,1284075
102482010,10073050,191779919,Kreuzgutweg,,8207 Schaffhausen,2939,SH,real,True,23.07.2024,2691551,1286690
102482011,10046627,191779920,Rietmattstrasse,24.1,8200 Schaffhausen,2939,SH,real,True,23.07.2024,2688270,1284078
102482276,10237824,191780734,Im Höfli,,8207 Schaffhausen,2939,SH,real,True,23.07.2024,2691859,1286787
102482278,10237824,191780736,Im Höfli,,8207 Schaffhausen,2939,SH,real,True,23.07.2024,2691886,1286778
102482628,10073040,191781592,Gugerhalde,18a,8207 Schaffhausen,2939,SH,real,True,15.11.2024,2692162,1286882
102482630,10073040,191781594,Gugerhalde,18b,8207 Schaffhausen,2939,SH,real,True,15.11.2024,2692158,1286879
102483108,10242291,191783732,Freudental,148,8232 Merishausen,2936,SH,real,True,15.11.2024,2689378,1288775
102483306,10024948,191784011,Landenbergerstrasse,183,8239 Dörflingen,2915,SH,real,True,15.11.2024,2696901,1284919
102484173,10032565,191784331,Hallauerstrasse,817.1,8226 Schleitheim,2952,SH,real,True,23.07.2024,2677906,1288537
102484217,10072976,191784691,Im Schützerhus,5,8239 Dörflingen,2915,SH,real,True,15.11.2024,2696458,1285075
102485096,10247212,191786879,Stägwise,2,8233 Bargen SH,2931,SH,real,True,15.11.2024,2688054,1293961
102485987,10024931,191788452,Im Dorf,7a,8241 Barzheim,2920,SH,real,True,15.11.2024,2696149,1290710
102486013,10108019,191788531,Löwenstein,23.4,8212 Neuhausen am Rheinfall,2937,SH,real,True,23.07.2024,2688668,1283017
102486475,10124089,191789791,Auffahrtstrasse,26.1,8215 Hallau,2971,SH,real,True,23.07.2024,2676316,1283625
102487382,10158883,191791137,Bergstrasse,,8216 Oberhallau,2972,SH,real,True,23.07.2024,2677796,1285755
102487383,10158883,191791138,Bergstrasse,,8216 Oberhallau,2972,SH,planned,False,23.07.2024,2677438,1285799
102487694,10091171,191791673,Rössligasse,11a,8224 Löhningen,2903,SH,real,True,15.11.2024,2683625,1284056
102487750,10091392,483874,Schöneckstrasse,3,8215 Hallau,2971,SH,real,True,15.11.2024,2676608,1283466
102489002,10136951,191792752,Industriestrasse,656,8262 Ramsen,2963,SH,real,True,15.11.2024,2703927,1284870
102489005,10031605,191792755,Roseneggstrasse,378.2,8262 Ramsen,2963,SH,real,True,23.07.2024,2703610,1285063
102501700,10243313,191795652,Lindenstiig,2,8226 Schleitheim,2952,SH,real,True,15.11.2024,2678090,1289172
102501715,10243313,191795666,Lindenstiig,4,8226 Schleitheim,2952,SH,real,True,15.11.2024,2678083,1289171
102501716,10243313,191795667,Lindenstiig,6,8226 Schleitheim,2952,SH,real,True,15.11.2024,2678081,1289158
102501717,10243313,191795668,Lindenstiig,8,8226 Schleitheim,2952,SH,real,True,15.11.2024,2678103,1289166
102501730,10032578,191795691,Schwarzwaldstrasse,53,8226 Schleitheim,2952,SH,real,True,15.11.2024,2677002,1288910
102501912,10171868,191796211,Schmörletblick,8a,8224 Löhningen,2903,SH,real,True,15.11.2024,2683357,1284055
102502738,10018459,191798053,Höhenackerweg,7,8222 Beringen,2932,SH,real,True,15.11.2024,2685042,1284029
102502927,10087217,191798659,Ankerstrasse,659,8262 Ramsen,2963,SH,real,True,15.11.2024,2703107,1285159
102502940,10087217,191798675,Ankerstrasse,660,8262 Ramsen,2963,SH,real,True,15.11.2024,2703129,1285162
102506841,10091404,191800694,Blumenweg,9,8217 Wilchingen,2974,SH,real,True,15.11.2024,2677174,1280570
102506880,10072974,191800915,Gärtlistrasse,18,8239 Dörflingen,2915,SH,real,True,15.11.2024,2696596,1284532
102506881,10024945,191800934,Hinterdorf,23,8239 Dörflingen,2915,SH,real,True,15.11.2024,2696576,1284513
102506908,10086759,191801032,Schenenbühlstrasse,2,8235 Lohn SH,2917,SH,real,True,15.11.2024,2692316,1290054
102507328,10104921,191802337,Staanackerstrasse,25,8234 Stetten SH,2919,SH,real,True,15.11.2024,2691518,1288142
102507336,10104921,191802341,Staanackerstrasse,31,8234 Stetten SH,2919,SH,real,True,15.11.2024,2691494,1288107
102507432,10172071,191802594,Schützenstrasse,5,8234 Stetten SH,2919,SH,real,True,15.11.2024,2692066,1288559
102507434,10172071,191802596,Schützenstrasse,1,8234 Stetten SH,2919,SH,real,True,15.11.2024,2692042,1288554
102507435,10172071,191802597,Schützenstrasse,7,8234 Stetten SH,2919,SH,real,True,15.11.2024,2692066,1288541
102507437,10172071,191802615,Schützenstrasse,3,8234 Stetten SH,2919,SH,real,True,15.11.2024,2692044,1288531
102507439,10149156,191802617,Fuchslochstrasse,5,8234 Stetten SH,2919,SH,real,True,15.11.2024,2692065,1288523
102507440,10149156,191802618,Fuchslochstrasse,1,8234 Stetten SH,2919,SH,real,True,15.11.2024,2692042,1288513
102507441,10149156,191802619,Fuchslochstrasse,3,8234 Stetten SH,2919,SH,real,True,15.11.2024,2692063,1288506
102507452,10087038,191802714,Brämlenstrasse,1,8234 Stetten SH,2919,SH,real,True,15.11.2024,2691540,1288279
102507461,10087043,191802794,Tubackackerstrasse,1b,8234 Stetten SH,2919,SH,real,True,15.11.2024,2691747,1288132
102507503,10017853,191803116,Beckenburgstrasse,2,8212 Neuhausen am Rheinfall,2937,SH,real,True,15.11.2024,2688331,1282057
102512110,10072981,191803754,Kerzenstübliweg,12,8235 Lohn SH,2917,SH,real,True,15.11.2024,2692771,1290299
102512829,10091230,191805826,Hauptstrasse,89,8231 Hemmental,2939,SH,real,True,15.11.2024,2686408,1287258
102512830,10091230,191805827,Hauptstrasse,87,8231 Hemmental,2939,SH,real,True,15.11.2024,2686403,1287265
102512931,10178594,191806054,Irchelstrasse,26.1,8212 Neuhausen am Rheinfall,2937,SH,real,True,23.07.2024,2687506,1281565
102512932,10178594,191806055,Irchelstrasse,30.1,8212 Neuhausen am Rheinfall,2937,SH,real,True,23.07.2024,2687485,1281555
102512933,10178594,191806056,Irchelstrasse,36.1,8212 Neuhausen am Rheinfall,2937,SH,real,True,23.07.2024,2687447,1281536
102512935,10106945,191806058,Rosenbergstrasse,115.1,8212 Neuhausen am Rheinfall,2937,SH,real,True,23.07.2024,2688551,1283032
102512936,10017868,191806059,Klettgauerstrasse,51.1,8212 Neuhausen am Rheinfall,2937,SH,real,True,23.07.2024,2688045,1282200
102512938,10017868,191806061,Klettgauerstrasse,61.1,8212 Neuhausen am Rheinfall,2937,SH,real,True,23.07.2024,2688075,1282242
102512939,10017868,191806062,Klettgauerstrasse,61.2,8212 Neuhausen am Rheinfall,2937,SH,real,True,23.07.2024,2688062,1282260
102512940,10017868,191806063,Klettgauerstrasse,68.1,8212 Neuhausen am Rheinfall,2937,SH,real,True,23.07.2024,2688061,1282356
102512942,10017868,191806064,Klettgauerstrasse,70.1,8212 Neuhausen am Rheinfall,2937,SH,real,True,23.07.2024,2688074,1282389
102512947,10091253,191806069,Krummstrasse,3.1,8212 Neuhausen am Rheinfall,2937,SH,real,True,23.07.2024,2688088,1282362
102512948,10106945,191806070,Rosenbergstrasse,129.1,8212 Neuhausen am Rheinfall,2937,SH,real,True,23.07.2024,2688562,1283083
102512949,10091253,191806071,Krummstrasse,4.1,8212 Neuhausen am Rheinfall,2937,SH,real,True,23.07.2024,2688119,1282365
102512950,10017869,191806072,Langrietstrasse,101.1,8212 Neuhausen am Rheinfall,2937,SH,real,True,23.07.2024,2686551,1280915
102512951,10017869,191806073,Langrietstrasse,101.2,8212 Neuhausen am Rheinfall,2937,SH,real,True,23.07.2024,2686494,1280960
102512958,10017869,191806114,Langrietstrasse,101.3,8212 Neuhausen am Rheinfall,2937,SH,real,True,23.07.2024,2686670,1280961
102512959,10017869,191806115,Langrietstrasse,101.4,8212 Neuhausen am Rheinfall,2937,SH,real,True,23.07.2024,2686515,1280931
102512960,10017869,191806116,Langrietstrasse,110.4,8212 Neuhausen am Rheinfall,2937,SH,real,True,23.07.2024,2686169,1280824
102512962,10017869,191806117,Langrietstrasse,110.5,8212 Neuhausen am Rheinfall,2937,SH,real,True,23.07.2024,2686190,1280786
102512963,10017869,191806118,Langrietstrasse,110.7,8212 Neuhausen am Rheinfall,2937,SH,real,True,23.07.2024,2686151,1280817
102512965,10017869,191806120,Langrietstrasse,110.8,8212 Neuhausen am Rheinfall,2937,SH,real,True,23.07.2024,2686147,1280772
102512966,10017869,191806121,Langrietstrasse,110.9,8212 Neuhausen am Rheinfall,2937,SH,real,True,23.07.2024,2686194,1280821
102512967,10017869,191806122,Langrietstrasse,112.1,8212 Neuhausen am Rheinfall,2937,SH,real,True,23.07.2024,2686074,1280776
102512968,10017869,191806123,Langrietstrasse,112.2,8212 Neuhausen am Rheinfall,2937,SH,real,True,23.07.2024,2686091,1280816
102512969,10017869,191806124,Langrietstrasse,112.6,8212 Neuhausen am Rheinfall,2937,SH,real,True,23.07.2024,2686055,1280773
102512971,10017869,191806126,Langrietstrasse,112.9,8212 Neuhausen am Rheinfall,2937,SH,real,True,23.07.2024,2686060,1280730
102512972,10017869,191806127,Langrietstrasse,1289.3,8212 Neuhausen am Rheinfall,2937,SH,real,True,23.07.2024,2686268,1281232
102512975,10017869,191806130,Langrietstrasse,26.1,8212 Neuhausen am Rheinfall,2937,SH,real,True,23.07.2024,2687112,1281398
102512976,10017869,191806131,Langrietstrasse,26.2,8212 Neuhausen am Rheinfall,2937,SH,real,True,23.07.2024,2687111,1281377
102512977,10017869,191806132,Langrietstrasse,2.1,8212 Neuhausen am Rheinfall,2937,SH,real,True,23.07.2024,2687308,1281563
102512978,10017869,191806133,Langrietstrasse,33.1,8212 Neuhausen am Rheinfall,2937,SH,real,True,23.07.2024,2687102,1281308
102512980,10017869,191806135,Langrietstrasse,97.1,8212 Neuhausen am Rheinfall,2937,SH,real,True,19.11.2024,2686629,1281052
102512982,10017870,191806137,Laufengasse,18.1,8212 Neuhausen am Rheinfall,2937,SH,real,True,23.07.2024,2688438,1281606
102512984,10017870,191806139,Laufengasse,28.1,8212 Neuhausen am Rheinfall,2937,SH,real,True,23.07.2024,2688347,1281693
102512985,10017870,191806140,Laufengasse,1188a.1,8212 Neuhausen am Rheinfall,2937,SH,real,True,23.07.2024,2688430,1281566
102512996,10017871,191806163,Löwensteinstrasse,1.1,8212 Neuhausen am Rheinfall,2937,SH,real,True,23.07.2024,2688745,1283259
102512998,10091255,191806165,Mattenstrasse,12.1,8212 Neuhausen am Rheinfall,2937,SH,real,True,23.07.2024,2688772,1282114
102512999,10017873,191806166,Mittelstrasse,8.1,8212 Neuhausen am Rheinfall,2937,SH,real,True,23.07.2024,2688563,1282573
102513000,10178595,191806167,Nelkenstrasse,2.1,8212 Neuhausen am Rheinfall,2937,SH,real,True,23.07.2024,2688567,1282615
102513001,10017874,191806168,Neubergstrasse,32.1,8212 Neuhausen am Rheinfall,2937,SH,real,True,23.07.2024,2687763,1281915
102513002,10017874,191806169,Neubergstrasse,2.1,8212 Neuhausen am Rheinfall,2937,SH,real,True,23.07.2024,2687948,1282143
102513003,10017874,191806170,Neubergstrasse,30.1,8212 Neuhausen am Rheinfall,2937,SH,real,True,23.07.2024,2687770,1281915
102513004,10017874,191806171,Neubergstrasse,30.2,8212 Neuhausen am Rheinfall,2937,SH,real,True,23.07.2024,2687754,1281923
102513006,10017874,191806173,Neubergstrasse,32.2,8212 Neuhausen am Rheinfall,2937,SH,real,True,23.07.2024,2687774,1281918
102513007,10017874,191806174,Neubergstrasse,34.1,8212 Neuhausen am Rheinfall,2937,SH,real,True,23.07.2024,2687766,1281916
102513008,10017874,191806175,Neubergstrasse,36.1,8212 Neuhausen am Rheinfall,2937,SH,real,True,23.07.2024,2687760,1281913
102513009,10017874,191806176,Neubergstrasse,40.1,8212 Neuhausen am Rheinfall,2937,SH,real,True,23.07.2024,2687711,1281870
102513010,10017874,191806177,Neubergstrasse,40.2,8212 Neuhausen am Rheinfall,2937,SH,real,True,23.07.2024,2687713,1281872
102513011,10017874,191806178,Neubergstrasse,40.3,8212 Neuhausen am Rheinfall,2937,SH,real,True,23.07.2024,2687715,1281874
102513013,10017874,191806180,Neubergstrasse,4a.1,8212 Neuhausen am Rheinfall,2937,SH,real,True,23.07.2024,2687943,1282148
102513014,10017874,191806181,Neubergstrasse,5.1,8212 Neuhausen am Rheinfall,2937,SH,real,True,23.07.2024,2687972,1282095
102513015,10017874,191806182,Neubergstrasse,6a.1,8212 Neuhausen am Rheinfall,2937,SH,real,True,23.07.2024,2687911,1282114
102513016,10110813,191806183,Neusatzstrasse,11.1,8212 Neuhausen am Rheinfall,2937,SH,real,True,23.07.2024,2688715,1282165
102513020,10110813,191806187,Neusatzstrasse,3.1,8212 Neuhausen am Rheinfall,2937,SH,real,True,23.07.2024,2688698,1282097
102513021,10212525,191806188,Nohlstrasse,29.1,8212 Neuhausen am Rheinfall,2937,SH,real,True,23.07.2024,2687944,1281490
102513022,10212525,191806189,Nohlstrasse,640.1,8212 Neuhausen am Rheinfall,2937,SH,real,True,23.07.2024,2687875,1280950
102513023,10212525,191806190,Nohlstrasse,2365.1,8212 Neuhausen am Rheinfall,2937,SH,real,True,23.07.2024,2687925,1281525
102513024,10106944,191806191,Oberbergweg,8.1,8212 Neuhausen am Rheinfall,2937,SH,real,True,23.07.2024,2688398,1281896
102513025,10091256,191806192,Pestalozzistrasse,26.1,8212 Neuhausen am Rheinfall,2937,SH,real,True,23.07.2024,2688910,1281864
102513026,10091256,191806193,Pestalozzistrasse,32.1,8212 Neuhausen am Rheinfall,2937,SH,real,True,23.07.2024,2688992,1281829
102513029,10106944,191806194,Oberbergweg,3.1,8212 Neuhausen am Rheinfall,2937,SH,real,True,23.07.2024,2688348,1281800
102513030,10017875,191806195,Poststrasse,41.1,8212 Neuhausen am Rheinfall,2937,SH,real,True,23.07.2024,2688607,1281904
102513031,10190887,191806196,Quellenstrasse,2.3,8212 Neuhausen am Rheinfall,2937,SH,real,True,23.07.2024,2688469,1282646
102513032,10190887,191806197,Quellenstrasse,2.2,8212 Neuhausen am Rheinfall,2937,SH,real,True,23.07.2024,2688474,1282632
102513033,10120418,191806198,Rheinfallquai,2090.3,8212 Neuhausen am Rheinfall,2937,SH,real,True,23.07.2024,2688010,1281465
102513034,10120418,191806199,Rheinfallquai,2090.1,8212 Neuhausen am Rheinfall,2937,SH,real,True,23.07.2024,2688013,1281470
102513035,10120418,191806200,Rheinfallquai,619.2,8212 Neuhausen am Rheinfall,2937,SH,real,True,23.07.2024,2688173,1281697
102513037,10120418,191806202,Rheinfallquai,626.3,8212 Neuhausen am Rheinfall,2937,SH,real,True,23.07.2024,2688037,1281473
102513039,10046606,191806204,Rheinfallstrasse,26.1,8212 Neuhausen am Rheinfall,2937,SH,real,True,23.07.2024,2688274,1281888
102513044,10186343,191806208,Rheingoldstrasse,14.3,8212 Neuhausen am Rheinfall,2937,SH,real,True,23.07.2024,2688792,1281704
102513045,10186343,191806209,Rheingoldstrasse,13.1,8212 Neuhausen am Rheinfall,2937,SH,real,True,23.07.2024,2688806,1281819
102513048,10046611,191806211,Wüscherstrasse,31.1,8212 Neuhausen am Rheinfall,2937,SH,real,True,23.07.2024,2688865,1281790
102513049,10186343,191806212,Rheingoldstrasse,37.1,8212 Neuhausen am Rheinfall,2937,SH,real,True,23.07.2024,2688863,1281875
102513050,10186343,191806213,Rheingoldstrasse,41.1,8212 Neuhausen am Rheinfall,2937,SH,real,True,23.07.2024,2688819,1281905
102513051,10186343,191806214,Rheingoldstrasse,47.1,8212 Neuhausen am Rheinfall,2937,SH,real,True,23.07.2024,2688876,1281940
102513052,10186343,191806215,Rheingoldstrasse,47.2,8212 Neuhausen am Rheinfall,2937,SH,real,True,23.07.2024,2688878,1281963
102513055,10017877,191806217,Rheinstrasse,15.1,8212 Neuhausen am Rheinfall,2937,SH,real,True,23.07.2024,2688727,1281695
102513060,10017877,191806222,Rheinstrasse,35.1,8212 Neuhausen am Rheinfall,2937,SH,real,True,23.07.2024,2688838,1281659
102513061,10017877,191806223,Rheinstrasse,55.1,8212 Neuhausen am Rheinfall,2937,SH,real,True,23.07.2024,2688905,1281737
102513062,10017877,191806224,Rheinstrasse,55.2,8212 Neuhausen am Rheinfall,2937,SH,real,True,23.07.2024,2688911,1281750
102513063,10017877,191806225,Rheinstrasse,66.1,8212 Neuhausen am Rheinfall,2937,SH,real,True,23.07.2024,2688974,1281727
102513064,10017877,191806226,Rheinstrasse,72.1,8212 Neuhausen am Rheinfall,2937,SH,real,True,23.07.2024,2689019,1281761
102513073,10017869,191806255,Langrietstrasse,112.8,8212 Neuhausen am Rheinfall,2937,SH,real,True,23.07.2024,2686089,1280717
102513165,10017877,191806534,Rheinstrasse,75.1,8212 Neuhausen am Rheinfall,2937,SH,real,True,23.07.2024,2688975,1281794
102513167,10017877,191806554,Rheinstrasse,77.1,8212 Neuhausen am Rheinfall,2937,SH,real,True,23.07.2024,2688990,1281799
102513169,10017877,191806556,Rheinstrasse,78.1,8212 Neuhausen am Rheinfall,2937,SH,real,True,23.07.2024,2689027,1281794
102513171,10017877,191806558,Rheinstrasse,82.1,8212 Neuhausen am Rheinfall,2937,SH,real,True,23.07.2024,2689064,1281793
102513176,10046607,191806576,Rheinweg,21.1,8200 Schaffhausen,2937,SH,real,True,23.07.2024,2688902,1282902
102513179,10046607,191806579,Rheinweg,29.1,8200 Schaffhausen,2937,SH,real,True,23.07.2024,2688928,1282860
102513180,10046607,191806580,Rheinweg,31.1,8200 Schaffhausen,2937,SH,real,True,23.07.2024,2688919,1282849
102513181,10046607,191806581,Rheinweg,33.1,8200 Schaffhausen,2937,SH,real,True,23.07.2024,2688927,1282829
102513183,10106945,191806595,Rosenbergstrasse,29.1,8212 Neuhausen am Rheinfall,2937,SH,real,True,23.07.2024,2688423,1282237
102513184,10106945,191806596,Rosenbergstrasse,47.1,8212 Neuhausen am Rheinfall,2937,SH,real,True,23.07.2024,2688510,1282474
102513186,10106945,191806614,Rosenbergstrasse,52.1,8212 Neuhausen am Rheinfall,2937,SH,real,True,23.07.2024,2688513,1282558
102513187,10046610,191806615,Säntisweg,11.1,8212 Neuhausen am Rheinfall,2937,SH,real,True,23.07.2024,2687765,1281999
102513190,10046610,191806618,Säntisweg,6.1,8212 Neuhausen am Rheinfall,2937,SH,real,True,23.07.2024,2687836,1281974
102513203,10046610,191806644,Säntisweg,8.1,8212 Neuhausen am Rheinfall,2937,SH,real,True,23.07.2024,2687832,1281979
102513204,10091258,191806654,Schaffhauserstrasse,37.1,8212 Neuhausen am Rheinfall,2937,SH,real,True,23.07.2024,2688793,1282469
102513205,10091258,191806655,Schaffhauserstrasse,37.2,8212 Neuhausen am Rheinfall,2937,SH,real,True,23.07.2024,2688798,1282482
102513207,10017880,191806657,Schleipfgässchen,15.1,8212 Neuhausen am Rheinfall,2937,SH,real,True,23.07.2024,2688671,1283375
102513208,10018160,191806658,Schützenstrasse,61.1,8212 Neuhausen am Rheinfall,2937,SH,real,True,23.07.2024,2686977,1281738
102513209,10154375,191806659,Gemeindewiesenstrasse,1193b.1,8212 Neuhausen am Rheinfall,2937,SH,real,True,23.07.2024,2687551,1282015
102513210,10018160,191806660,Schützenstrasse,53.1,8212 Neuhausen am Rheinfall,2937,SH,real,True,23.07.2024,2686977,1281616
102513211,10018160,191806661,Schützenstrasse,57.1,8212 Neuhausen am Rheinfall,2937,SH,real,True,23.07.2024,2686903,1281611
102513213,10046608,191806663,Schwanenfelsstrasse,10.1,8212 Neuhausen am Rheinfall,2937,SH,real,True,23.07.2024,2688645,1282584
102513216,10018159,191806675,Schöneggstrasse,23.1,8212 Neuhausen am Rheinfall,2937,SH,real,True,23.07.2024,2688401,1282574
102513217,10046608,191806676,Schwanenfelsstrasse,10a.1,8212 Neuhausen am Rheinfall,2937,SH,real,True,23.07.2024,2688655,1282564
102513219,10046608,191806679,Schwanenfelsstrasse,12.1,8212 Neuhausen am Rheinfall,2937,SH,real,True,23.07.2024,2688672,1282602
102513222,10046608,191806682,Schwanenfelsstrasse,15.1,8212 Neuhausen am Rheinfall,2937,SH,real,True,23.07.2024,2688605,1282612
102513223,10046608,191806683,Schwanenfelsstrasse,1.1,8212 Neuhausen am Rheinfall,2937,SH,real,True,23.07.2024,2688586,1282543
102513224,10046608,191806684,Schwanenfelsstrasse,3.1,8212 Neuhausen am Rheinfall,2937,SH,real,True,23.07.2024,2688594,1282553
102513225,10046609,191806685,Sonnenbergstrasse,25.1,8212 Neuhausen am Rheinfall,2937,SH,real,True,23.07.2024,2688132,1282598
102513228,10046609,191806688,Sonnenbergstrasse,27.1,8212 Neuhausen am Rheinfall,2937,SH,real,True,23.07.2024,2688133,1282595
102513229,10046609,191806689,Sonnenbergstrasse,28.1,8212 Neuhausen am Rheinfall,2937,SH,real,True,23.07.2024,2688166,1282573
102513230,10046609,191806694,Sonnenbergstrasse,29.1,8212 Neuhausen am Rheinfall,2937,SH,real,True,23.07.2024,2688134,1282592
102513231,10046609,191806695,Sonnenbergstrasse,41.1,8212 Neuhausen am Rheinfall,2937,SH,real,True,23.07.2024,2688123,1282621
102513232,10074404,191806714,Speerblick,10.1,8212 Neuhausen am Rheinfall,2937,SH,real,True,23.07.2024,2687833,1282065
102513242,10074404,191806724,Speerblick,7.1,8212 Neuhausen am Rheinfall,2937,SH,real,True,23.07.2024,2687819,1282025
102513249,10018161,191806775,Strassackerstrasse,4.1,8212 Neuhausen am Rheinfall,2937,SH,real,True,23.07.2024,2688157,1282280
102513251,10178597,191806777,Tobeläckerstrasse,11.1,8212 Neuhausen am Rheinfall,2937,SH,real,True,23.07.2024,2687579,1281289
102513252,10120419,191806778,Töbeliweg,3.1,8212 Neuhausen am Rheinfall,2937,SH,real,True,23.07.2024,2687434,1281516
102513253,10120419,191806779,Töbeliweg,5.1,8212 Neuhausen am Rheinfall,2937,SH,real,True,23.07.2024,2687411,1281514
102513254,10120419,191806780,Töbeliweg,5.2,8212 Neuhausen am Rheinfall,2937,SH,real,True,23.07.2024,2687431,1281518
102513255,10018163,191806781,Tödistrasse,7.1,8212 Neuhausen am Rheinfall,2937,SH,real,True,23.07.2024,2687735,1281866
102513257,10018163,191806783,Tödistrasse,4.1,8212 Neuhausen am Rheinfall,2937,SH,real,True,23.07.2024,2687811,1281839
102513258,10018163,191806784,Tödistrasse,4.2,8212 Neuhausen am Rheinfall,2937,SH,real,True,23.07.2024,2687795,1281859
102513259,10106946,191806785,Trubegüetlistrasse,11.1,8212 Neuhausen am Rheinfall,2937,SH,real,True,23.07.2024,2688653,1283221
102513260,10106946,191806786,Trubegüetlistrasse,8.1,8212 Neuhausen am Rheinfall,2937,SH,real,True,23.07.2024,2688672,1283202
102513261,10186930,191806787,Victor-von-Bruns-Strasse,28.2,8212 Neuhausen am Rheinfall,2937,SH,real,True,23.07.2024,2688920,1281426
102513262,10186930,191806788,Victor-von-Bruns-Strasse,28.57,8212 Neuhausen am Rheinfall,2937,SH,real,True,23.07.2024,2689013,1281457
102513263,10186930,191806789,Victor-von-Bruns-Strasse,28.77,8212 Neuhausen am Rheinfall,2937,SH,real,True,23.07.2024,2689044,1281496
102513266,10186930,191806792,Victor-von-Bruns-Strasse,28.72,8212 Neuhausen am Rheinfall,2937,SH,real,True,23.07.2024,2688999,1281470
102513267,10186930,191806793,Victor-von-Bruns-Strasse,28.64,8212 Neuhausen am Rheinfall,2937,SH,real,True,23.07.2024,2689029,1281444
102513268,10186930,191806794,Victor-von-Bruns-Strasse,28.33,8212 Neuhausen am Rheinfall,2937,SH,real,True,23.07.2024,2688912,1281418
102513272,10186930,191806795,Victor-von-Bruns-Strasse,28,8212 Neuhausen am Rheinfall,2937,SH,real,True,15.11.2024,2689071,1281511
102513274,10186930,191806797,Victor-von-Bruns-Strasse,28.32,8212 Neuhausen am Rheinfall,2937,SH,real,True,23.07.2024,2688900,1281408
102513275,10186930,191806798,Victor-von-Bruns-Strasse,28.63,8212 Neuhausen am Rheinfall,2937,SH,real,True,23.07.2024,2689025,1281426
102513276,10186930,191806799,Victor-von-Bruns-Strasse,28.66,8212 Neuhausen am Rheinfall,2937,SH,real,True,23.07.2024,2689063,1281441
102513277,10186930,191806800,Victor-von-Bruns-Strasse,28.53,8212 Neuhausen am Rheinfall,2937,SH,real,True,23.07.2024,2688974,1281447
102513278,10186930,191806801,Victor-von-Bruns-Strasse,28.62,8212 Neuhausen am Rheinfall,2937,SH,real,True,23.07.2024,2689009,1281413
102513279,10186930,191806802,Victor-von-Bruns-Strasse,28.65,8212 Neuhausen am Rheinfall,2937,SH,real,True,23.07.2024,2689042,1281434
102513280,10186930,191806803,Victor-von-Bruns-Strasse,28.48,8212 Neuhausen am Rheinfall,2937,SH,real,True,23.07.2024,2689007,1281378
102513281,10186930,191806804,Victor-von-Bruns-Strasse,28.81,8212 Neuhausen am Rheinfall,2937,SH,real,True,23.07.2024,2689064,1281474
102513282,10186930,191806805,Victor-von-Bruns-Strasse,28.31,8212 Neuhausen am Rheinfall,2937,SH,real,True,23.07.2024,2688869,1281389
102513285,10186930,191806808,Victor-von-Bruns-Strasse,28.1,8212 Neuhausen am Rheinfall,2937,SH,real,True,23.07.2024,2688845,1281371
102513286,10186930,191806809,Victor-von-Bruns-Strasse,28.47,8212 Neuhausen am Rheinfall,2937,SH,real,True,23.07.2024,2688989,1281390
102513287,10186930,191806810,Victor-von-Bruns-Strasse,28.74,8212 Neuhausen am Rheinfall,2937,SH,real,True,23.07.2024,2689017,1281492
102513288,10186930,191806811,Victor-von-Bruns-Strasse,28.35,8212 Neuhausen am Rheinfall,2937,SH,real,True,23.07.2024,2688931,1281435
102513289,10186930,191806812,Victor-von-Bruns-Strasse,28.51,8212 Neuhausen am Rheinfall,2937,SH,real,True,23.07.2024,2688939,1281444
102513290,10186930,191806813,Victor-von-Bruns-Strasse,28.91,8212 Neuhausen am Rheinfall,2937,SH,real,True,23.07.2024,2689048,1281559
102513291,10186930,191806814,Victor-von-Bruns-Strasse,12.1,8212 Neuhausen am Rheinfall,2937,SH,real,True,23.07.2024,2689059,1281702
102513292,10186930,191806815,Victor-von-Bruns-Strasse,28.56,8212 Neuhausen am Rheinfall,2937,SH,real,True,23.07.2024,2688972,1281483
102513649,10186930,191806839,Victor-von-Bruns-Strasse,28.20,8212 Neuhausen am Rheinfall,2937,SH,real,False,23.07.2024,2688924,1281360
102513662,10117544,191806857,Waldparkstrasse,45.1,8212 Neuhausen am Rheinfall,2937,SH,real,True,23.07.2024,2687200,1281704
102513663,10117544,191806858,Waldparkstrasse,48.1,8212 Neuhausen am Rheinfall,2937,SH,real,True,23.07.2024,2687165,1281644
102513664,10091262,191806859,Wiesengrundstrasse,10.1,8212 Neuhausen am Rheinfall,2937,SH,real,True,23.07.2024,2688930,1281768
102513665,10091262,191806860,Wiesengrundstrasse,5.1,8212 Neuhausen am Rheinfall,2937,SH,real,True,23.07.2024,2688915,1281847
102513667,10091262,191806862,Wiesengrundstrasse,5.2,8212 Neuhausen am Rheinfall,2937,SH,real,True,23.07.2024,2688915,1281823
102513669,10046611,191806864,Wüscherstrasse,12.1,8212 Neuhausen am Rheinfall,2937,SH,real,True,23.07.2024,2688837,1281693
102513670,10046611,191806865,Wüscherstrasse,28.1,8212 Neuhausen am Rheinfall,2937,SH,real,True,23.07.2024,2688899,1281767
102513672,10122554,191806875,Zelgstrasse,11.1,8212 Neuhausen am Rheinfall,2937,SH,real,True,23.07.2024,2688431,1282058
102513673,10122554,191806876,Zelgstrasse,11.2,8212 Neuhausen am Rheinfall,2937,SH,real,True,23.07.2024,2688435,1282062
102513674,10122554,191806877,Zelgstrasse,5.1,8212 Neuhausen am Rheinfall,2937,SH,real,True,23.07.2024,2688449,1282014
102513675,10018166,191806878,Zentralstrasse,38.3,8212 Neuhausen am Rheinfall,2937,SH,real,True,23.07.2024,2688709,1281854
102513676,10018166,191806879,Zentralstrasse,38.1,8212 Neuhausen am Rheinfall,2937,SH,real,True,23.07.2024,2688684,1281879
102513678,10018166,191806880,Zentralstrasse,68.1,8212 Neuhausen am Rheinfall,2937,SH,real,True,23.07.2024,2688787,1281958
102513679,10018166,191806881,Zentralstrasse,120.1,8212 Neuhausen am Rheinfall,2937,SH,real,True,23.07.2024,2688884,1282299
102513680,10018166,191806882,Zentralstrasse,104.1,8212 Neuhausen am Rheinfall,2937,SH,real,True,23.07.2024,2688876,1282166
102513681,10046612,191806883,Zollstrasse,198.1,8212 Neuhausen am Rheinfall,2937,SH,real,True,25.07.2024,2686909,1280523
102513686,10017860,191806888,Engestrasse,62.1,8212 Neuhausen am Rheinfall,2937,SH,real,True,23.07.2024,2688121,1282531
102513688,10017860,191806890,Engestrasse,62b.1,8212 Neuhausen am Rheinfall,2937,SH,real,True,23.07.2024,2688122,1282528
102513689,10091258,191806891,Schaffhauserstrasse,35.1,8212 Neuhausen am Rheinfall,2937,SH,real,True,23.07.2024,2688785,1282454
102513691,10046612,191806893,Zollstrasse,196.1,8212 Neuhausen am Rheinfall,2937,SH,real,True,23.07.2024,2686890,1280566
102513692,10046612,191806894,Zollstrasse,200.2,8212 Neuhausen am Rheinfall,2937,SH,real,True,23.07.2024,2686887,1280558
102513693,10046612,191806895,Zollstrasse,200.1,8212 Neuhausen am Rheinfall,2937,SH,real,True,23.07.2024,2686862,1280544
102513695,10046612,191806897,Zollstrasse,58.1,8212 Neuhausen am Rheinfall,2937,SH,real,True,23.07.2024,2687625,1281644
102513696,10046612,191806898,Zollstrasse,70.1,8212 Neuhausen am Rheinfall,2937,SH,real,True,23.07.2024,2687510,1281543
102513697,10046612,191806899,Zollstrasse,87.1,8212 Neuhausen am Rheinfall,2937,SH,real,True,23.07.2024,2687517,1281487
102513698,10046612,191806900,Zollstrasse,87.2,8212 Neuhausen am Rheinfall,2937,SH,real,True,23.07.2024,2687535,1281508
102513699,10108020,191806901,Zubastrasse,17.1,8212 Neuhausen am Rheinfall,2937,SH,real,True,23.07.2024,2688735,1282463
102513700,10108020,191806902,Zubastrasse,14.4,8212 Neuhausen am Rheinfall,2937,SH,real,True,23.07.2024,2688648,1282441
102513703,10108020,191806905,Zubastrasse,14.3,8212 Neuhausen am Rheinfall,2937,SH,real,True,23.07.2024,2688659,1282434
102513706,10108020,191806908,Zubastrasse,14.5,8212 Neuhausen am Rheinfall,2937,SH,real,True,23.07.2024,2688665,1282479
102513707,10108020,191806909,Zubastrasse,14.6,8212 Neuhausen am Rheinfall,2937,SH,real,True,23.07.2024,2688610,1282455
102513708,10108020,191806910,Zubastrasse,14.2,8212 Neuhausen am Rheinfall,2937,SH,real,True,23.07.2024,2688706,1282407
102513709,10108020,191806911,Zubastrasse,1.1,8212 Neuhausen am Rheinfall,2937,SH,real,True,23.07.2024,2688521,1282545
102513710,10108020,191806912,Zubastrasse,2.1,8212 Neuhausen am Rheinfall,2937,SH,real,True,23.07.2024,2688527,1282521
102513712,10106946,191806914,Trubegüetlistrasse,9.1,8212 Neuhausen am Rheinfall,2937,SH,real,True,23.07.2024,2688651,1283218
102513713,10108020,191806915,Zubastrasse,27.1,8212 Neuhausen am Rheinfall,2937,SH,real,True,23.07.2024,2688722,1282542
102513715,10108020,191806917,Zubastrasse,28.1,8212 Neuhausen am Rheinfall,2937,SH,real,True,23.07.2024,2688741,1282354
102513717,10108020,191806919,Zubastrasse,31.1,8212 Neuhausen am Rheinfall,2937,SH,real,True,23.07.2024,2688698,1282509
102513719,10108020,191806921,Zubastrasse,33.1,8212 Neuhausen am Rheinfall,2937,SH,real,True,23.07.2024,2688648,1282541
102513721,10108020,191806923,Zubastrasse,3.1,8212 Neuhausen am Rheinfall,2937,SH,real,True,23.07.2024,2688540,1282541
102513722,10108020,191806924,Zubastrasse,48.1,8212 Neuhausen am Rheinfall,2937,SH,real,True,23.07.2024,2688740,1282562
102513723,10108020,191806925,Zubastrasse,5.1,8212 Neuhausen am Rheinfall,2937,SH,real,True,23.07.2024,2688561,1282538
102513724,10108020,191806926,Zubastrasse,7.1,8212 Neuhausen am Rheinfall,2937,SH,real,True,23.07.2024,2688585,1282540
102513727,10091252,191806929,Industriestrasse,51.1,8212 Neuhausen am Rheinfall,2937,SH,real,True,23.07.2024,2688486,1281754
102513783,10128757,191807115,Badstrasse,40.4,8212 Neuhausen am Rheinfall,2937,SH,real,True,19.11.2024,2688752,1281266
102513784,10128757,191807116,Badstrasse,40.6,8212 Neuhausen am Rheinfall,2937,SH,real,True,23.07.2024,2688644,1281311
102513785,10128757,191807117,Badstrasse,40.5,8212 Neuhausen am Rheinfall,2937,SH,real,True,19.11.2024,2688707,1281266
102513786,10128757,191807134,Badstrasse,40.8,8212 Neuhausen am Rheinfall,2937,SH,real,True,19.11.2024,2688622,1281314
102513787,10128757,191807135,Badstrasse,40.2,8212 Neuhausen am Rheinfall,2937,SH,real,True,23.07.2024,2688688,1281313
102513788,10128757,191807136,Badstrasse,40.9,8212 Neuhausen am Rheinfall,2937,SH,real,True,23.07.2024,2688614,1281283
102513789,10128757,191807137,Badstrasse,40.7,8212 Neuhausen am Rheinfall,2937,SH,real,True,19.11.2024,2688643,1281278
102513790,10128757,191807138,Badstrasse,40.3,8212 Neuhausen am Rheinfall,2937,SH,real,True,23.07.2024,2688771,1281269
102513799,10017853,191807147,Beckenburgstrasse,13.1,8212 Neuhausen am Rheinfall,2937,SH,real,True,23.07.2024,2688420,1282135
102513810,10178592,191807194,Bohnenbergstrasse,12d.1,8212 Neuhausen am Rheinfall,2937,SH,real,True,23.07.2024,2688370,1282681
102513818,10074396,191807234,Brunnenwiesenstrasse,24.1,8212 Neuhausen am Rheinfall,2937,SH,real,True,23.07.2024,2687807,1281712
102513819,10132131,191807254,Buchenstrasse,43.1,8212 Neuhausen am Rheinfall,2937,SH,real,True,23.07.2024,2688511,1283264
102513831,10091247,191807285,Charlottenweg,2.4,8212 Neuhausen am Rheinfall,2937,SH,real,True,23.07.2024,2688712,1282774
102513860,10017858,191807316,Echostrasse,7.1,8212 Neuhausen am Rheinfall,2937,SH,real,True,23.07.2024,2688856,1282074
102513866,10017860,191807321,Engestrasse,25.1,8212 Neuhausen am Rheinfall,2937,SH,real,True,23.07.2024,2688202,1282302
102513868,10017860,191807323,Engestrasse,42.1,8212 Neuhausen am Rheinfall,2937,SH,real,True,23.07.2024,2688139,1282485
102513869,10017860,191807324,Engestrasse,64.1,8212 Neuhausen am Rheinfall,2937,SH,real,True,23.07.2024,2688108,1282543
102513870,10017860,191807325,Engestrasse,68.1,8212 Neuhausen am Rheinfall,2937,SH,real,True,23.07.2024,2688102,1282556
102513871,10017860,191807326,Engestrasse,72.1,8212 Neuhausen am Rheinfall,2937,SH,real,True,23.07.2024,2688090,1282572
102513872,10017860,191807327,Engestrasse,84.1,8212 Neuhausen am Rheinfall,2937,SH,real,True,23.07.2024,2688071,1282587
102513887,10058934,191807356,Industrieplatz,2.4,8212 Neuhausen am Rheinfall,2937,SH,real,True,23.07.2024,2688773,1281343
102513888,10058934,191807357,Industrieplatz,2.1,8212 Neuhausen am Rheinfall,2937,SH,real,True,23.07.2024,2688657,1281571
102513889,10058934,191807358,Industrieplatz,2.2,8212 Neuhausen am Rheinfall,2937,SH,real,True,23.07.2024,2688620,1281472
102513890,10058934,191807359,Industrieplatz,2.5,8212 Neuhausen am Rheinfall,2937,SH,real,True,23.07.2024,2688690,1281358
102513892,10058934,191807361,Industrieplatz,2.6,8212 Neuhausen am Rheinfall,2937,SH,real,True,23.07.2024,2688772,1281397
102513909,10108019,191807474,Löwenstein,23.10,8212 Neuhausen am Rheinfall,2937,SH,real,True,23.07.2024,2688677,1282977
102513910,10108019,191807475,Löwenstein,23.11,8212 Neuhausen am Rheinfall,2937,SH,real,True,23.07.2024,2688706,1282973
102513913,10091256,191807478,Pestalozzistrasse,6.1,8212 Neuhausen am Rheinfall,2937,SH,real,True,23.07.2024,2688800,1281925
102513914,10017876,191807479,Rheinhofgässchen,2.1,8212 Neuhausen am Rheinfall,2937,SH,real,True,23.07.2024,2688566,1281943
102513919,10106945,191807484,Rosenbergstrasse,15a,8212 Neuhausen am Rheinfall,2937,SH,real,True,15.11.2024,2688283,1282173
102513920,10106945,191807485,Rosenbergstrasse,18.1,8212 Neuhausen am Rheinfall,2937,SH,real,True,23.07.2024,2688311,1282136
102513921,10106945,191807486,Rosenbergstrasse,23.1,8212 Neuhausen am Rheinfall,2937,SH,real,True,23.07.2024,2688373,1282219
102513922,10106945,191807487,Rosenbergstrasse,25.1,8212 Neuhausen am Rheinfall,2937,SH,real,True,23.07.2024,2688379,1282225
102513923,10106945,191807488,Rosenbergstrasse,45.1,8212 Neuhausen am Rheinfall,2937,SH,real,True,23.07.2024,2688508,1282465
102513926,10106945,191807491,Rosenbergstrasse,55.2,8212 Neuhausen am Rheinfall,2937,SH,real,True,23.07.2024,2688492,1282538
102513927,10106945,191807492,Rosenbergstrasse,55.1,8212 Neuhausen am Rheinfall,2937,SH,real,True,23.07.2024,2688482,1282535
102513929,10106945,191807494,Rosenbergstrasse,57.2,8212 Neuhausen am Rheinfall,2937,SH,real,True,23.07.2024,2688471,1282585
102513930,10106945,191807495,Rosenbergstrasse,57.1,8212 Neuhausen am Rheinfall,2937,SH,real,True,23.07.2024,2688487,1282586
102513932,10106945,191807497,Rosenbergstrasse,58.1,8212 Neuhausen am Rheinfall,2937,SH,real,True,23.07.2024,2688511,1282581
102513933,10106945,191807498,Rosenbergstrasse,101.1,8212 Neuhausen am Rheinfall,2937,SH,real,True,23.07.2024,2688527,1282840
102513935,10106945,191807500,Rosenbergstrasse,103.1,8212 Neuhausen am Rheinfall,2937,SH,real,True,23.07.2024,2688528,1282843
102513937,10106945,191807502,Rosenbergstrasse,104.1,8212 Neuhausen am Rheinfall,2937,SH,real,True,23.07.2024,2688613,1283282
102513938,10106945,191807503,Rosenbergstrasse,115.4,8212 Neuhausen am Rheinfall,2937,SH,real,True,23.07.2024,2688541,1282998
102513939,10106945,191807504,Rosenbergstrasse,125.1,8212 Neuhausen am Rheinfall,2937,SH,real,True,23.07.2024,2688561,1283076
102513941,10106945,191807506,Rosenbergstrasse,133.1,8212 Neuhausen am Rheinfall,2937,SH,real,True,23.07.2024,2688576,1283160
102513942,10106945,191807507,Rosenbergstrasse,147.1,8212 Neuhausen am Rheinfall,2937,SH,real,True,23.07.2024,2688577,1283231
102513948,10091258,191807513,Schaffhauserstrasse,3.1,8212 Neuhausen am Rheinfall,2937,SH,real,True,23.07.2024,2688634,1282133
102513949,10091258,191807514,Schaffhauserstrasse,7.1,8212 Neuhausen am Rheinfall,2937,SH,real,True,23.07.2024,2688681,1282186
102513953,10091258,191807556,Schaffhauserstrasse,15.1,8212 Neuhausen am Rheinfall,2937,SH,real,True,23.07.2024,2688740,1282304
102513955,10091258,191807558,Schaffhauserstrasse,34.1,8212 Neuhausen am Rheinfall,2937,SH,real,True,23.07.2024,2688737,1282239
102513956,10091258,191807559,Schaffhauserstrasse,39.1,8212 Neuhausen am Rheinfall,2937,SH,real,True,23.07.2024,2688804,1282496
102513958,10091258,191807561,Schaffhauserstrasse,50.1,8212 Neuhausen am Rheinfall,2937,SH,real,True,23.07.2024,2688857,1282490
102513964,10122645,191807567,Schalchengässli,11.1,8212 Neuhausen am Rheinfall,2937,SH,real,True,23.07.2024,2689022,1281929
102513967,10018159,191807570,Schöneggstrasse,10.1,8212 Neuhausen am Rheinfall,2937,SH,real,True,23.07.2024,2688403,1282358
102513969,10018159,191807572,Schöneggstrasse,11.1,8212 Neuhausen am Rheinfall,2937,SH,real,True,23.07.2024,2688369,1282365
102513970,10018159,191807573,Schöneggstrasse,13.1,8212 Neuhausen am Rheinfall,2937,SH,real,True,23.07.2024,2688404,1282389
102513972,10018159,191807575,Schöneggstrasse,18.1,8212 Neuhausen am Rheinfall,2937,SH,real,True,23.07.2024,2688471,1282440
102513974,10018160,191807577,Schützenstrasse,51.1,8212 Neuhausen am Rheinfall,2937,SH,real,True,23.07.2024,2687041,1281587
102513975,10018160,191807578,Schützenstrasse,78.1,8212 Neuhausen am Rheinfall,2937,SH,real,True,23.07.2024,2687201,1281630
102513976,10046609,191807579,Sonnenbergstrasse,17.1,8212 Neuhausen am Rheinfall,2937,SH,real,True,23.07.2024,2688153,1282510
102513977,10046609,191807580,Sonnenbergstrasse,16.1,8212 Neuhausen am Rheinfall,2937,SH,real,True,23.07.2024,2688202,1282515
102513978,10046609,191807581,Sonnenbergstrasse,20.1,8212 Neuhausen am Rheinfall,2937,SH,real,True,23.07.2024,2688186,1282530
102513979,10018162,191807594,Tannenstrasse,19.1,8212 Neuhausen am Rheinfall,2937,SH,real,True,23.07.2024,2688397,1283052
102514127,10212537,191808296,Rheinquai,979.1,8212 Neuhausen am Rheinfall,2937,SH,real,True,23.07.2024,2689182,1281671
102514129,10212537,191808298,Rheinquai,601.1,8212 Neuhausen am Rheinfall,2937,SH,real,True,23.07.2024,2689146,1281972
102514143,10106946,191808341,Trubegüetlistrasse,29.6,8212 Neuhausen am Rheinfall,2937,SH,real,True,23.07.2024,2688704,1283325
102514144,10106946,191808342,Trubegüetlistrasse,29.2,8212 Neuhausen am Rheinfall,2937,SH,real,True,23.07.2024,2688705,1283327
102514145,10106946,191808343,Trubegüetlistrasse,29.3,8212 Neuhausen am Rheinfall,2937,SH,real,True,23.07.2024,2688702,1283322
102514147,10106946,191808345,Trubegüetlistrasse,29.4,8212 Neuhausen am Rheinfall,2937,SH,real,True,23.07.2024,2688701,1283319
102514148,10106946,191808346,Trubegüetlistrasse,33.1,8212 Neuhausen am Rheinfall,2937,SH,real,True,23.07.2024,2688715,1283358
102514150,10106946,191808348,Trubegüetlistrasse,28.1,8212 Neuhausen am Rheinfall,2937,SH,real,True,23.07.2024,2688724,1283310
102514154,10018166,191808352,Zentralstrasse,142.1,8212 Neuhausen am Rheinfall,2937,SH,real,True,23.07.2024,2688901,1282482
102514157,10018166,191808355,Zentralstrasse,135.1,8212 Neuhausen am Rheinfall,2937,SH,real,True,23.07.2024,2688860,1282460
102514159,10018166,191808357,Zentralstrasse,80.1,8212 Neuhausen am Rheinfall,2937,SH,real,True,23.07.2024,2688825,1282081
102514160,10018166,191808358,Zentralstrasse,102.1,8212 Neuhausen am Rheinfall,2937,SH,real,True,23.07.2024,2688871,1282168
102514175,10018166,191808373,Zentralstrasse,56.1,8212 Neuhausen am Rheinfall,2937,SH,real,True,23.07.2024,2688753,1281923
102514177,10018166,191808375,Zentralstrasse,132.1,8212 Neuhausen am Rheinfall,2937,SH,real,True,23.07.2024,2688945,1282434
102514178,10018166,191808376,Zentralstrasse,132.2,8212 Neuhausen am Rheinfall,2937,SH,real,True,23.07.2024,2688911,1282409
102514179,10108020,191808377,Zubastrasse,106.1,8212 Neuhausen am Rheinfall,2937,SH,real,True,23.07.2024,2688874,1282187
102514180,10018166,191808378,Zentralstrasse,73.1,8212 Neuhausen am Rheinfall,2937,SH,real,True,23.07.2024,2688744,1282037
102514182,10018166,191808380,Zentralstrasse,76.1,8212 Neuhausen am Rheinfall,2937,SH,real,True,23.07.2024,2688810,1282021
102514185,10018166,191808382,Zentralstrasse,81.1,8212 Neuhausen am Rheinfall,2937,SH,real,True,23.07.2024,2688765,1282068
102514186,10018166,191808383,Zentralstrasse,96.1,8212 Neuhausen am Rheinfall,2937,SH,real,True,23.07.2024,2688838,1282085
102514193,10046612,191808390,Zollstrasse,83.1,8212 Neuhausen am Rheinfall,2937,SH,real,True,23.07.2024,2687575,1281537
102514196,10046612,191808393,Zollstrasse,83.2,8212 Neuhausen am Rheinfall,2937,SH,real,True,23.07.2024,2687616,1281526
102514199,10122554,191808396,Zelgstrasse,9.1,8212 Neuhausen am Rheinfall,2937,SH,real,True,23.07.2024,2688431,1282016
102514213,10018163,191808434,Tödistrasse,3a.1,8212 Neuhausen am Rheinfall,2937,SH,real,True,23.07.2024,2687759,1281855
102514216,10122554,191808437,Zelgstrasse,21.1,8212 Neuhausen am Rheinfall,2937,SH,real,True,23.07.2024,2688432,1282152
102514217,10122554,191808438,Zelgstrasse,34.1,8212 Neuhausen am Rheinfall,2937,SH,real,True,23.07.2024,2688517,1282273
102514218,10018163,191808439,Tödistrasse,8.1,8212 Neuhausen am Rheinfall,2937,SH,real,True,23.07.2024,2687770,1281879
102514219,10018163,191808440,Tödistrasse,12.1,8212 Neuhausen am Rheinfall,2937,SH,real,True,23.07.2024,2687757,1281910
102514220,10018163,191808441,Tödistrasse,3.1,8212 Neuhausen am Rheinfall,2937,SH,real,True,23.07.2024,2687776,1281843
102514221,10018163,191808442,Tödistrasse,13.1,8212 Neuhausen am Rheinfall,2937,SH,real,True,23.07.2024,2687699,1281906
102514222,10091247,191808443,Charlottenweg,15.1,8212 Neuhausen am Rheinfall,2937,SH,real,True,23.07.2024,2688795,1282699
102514223,10178594,191808444,Irchelstrasse,28.1,8212 Neuhausen am Rheinfall,2937,SH,real,True,23.07.2024,2687488,1281556
102514224,10017855,191808445,Birchstrasse,26.1,8212 Neuhausen am Rheinfall,2937,SH,real,True,23.07.2024,2687066,1281478
102514230,10018160,191808495,Schützenstrasse,50.2,8212 Neuhausen am Rheinfall,2937,SH,real,True,23.07.2024,2686950,1281466
102514234,10018160,191808514,Schützenstrasse,50.6,8212 Neuhausen am Rheinfall,2937,SH,real,True,23.07.2024,2686972,1281536
102514235,10018160,191808515,Schützenstrasse,50.1,8212 Neuhausen am Rheinfall,2937,SH,real,True,23.07.2024,2686921,1281518
102514238,10018160,191808518,Schützenstrasse,52.3,8212 Neuhausen am Rheinfall,2937,SH,real,True,23.07.2024,2686994,1281500
102514239,10018160,191808519,Schützenstrasse,52.2,8212 Neuhausen am Rheinfall,2937,SH,real,True,23.07.2024,2686989,1281554
102515036,10237816,191810956,Im Kloster,10,8240 Thayngen,2920,SH,real,True,15.11.2024,2695012,1289426
102515497,10019807,191630373,Schweizersbildstrasse,15,8207 Schaffhausen,2939,SH,real,True,15.11.2024,2690749,1286099
102515557,10166494,191811799,Chirchegass,3a,8241 Barzheim,2920,SH,real,True,21.11.2024,2696188,1290793
102515744,10113212,191812254,Grabenstrasse,4a,8225 Siblingen,2953,SH,real,True,15.11.2024,2681145,1285450
102515747,10080408,191812257,Hauptstrasse,34a,8225 Siblingen,2953,SH,real,True,15.11.2024,2681349,1285364
102515899,10073033,190105932,Frauengasse,18,8200 Schaffhausen,2939,SH,real,True,23.07.2024,2689712,1283354
102515996,10185491,191812575,Mühleweg,6,8222 Beringen,2932,SH,real,True,15.11.2024,2685138,1283862
102516063,10180888,191812756,Randenstrasse,44,8226 Schleitheim,2952,SH,real,True,15.11.2024,2678975,1289560
102516071,10055273,190198582,In Gruben,,8200 Schaffhausen,2939,SH,real,True,23.07.2024,2690663,1284153
102516354,10136520,191813334,Höörackerstrasse,4,8215 Hallau,2971,SH,real,True,15.11.2024,2676567,1283790
102516382,10206079,191813379,Steinenkreuzstrasse,112.1,8455 Rüdlingen,2938,SH,real,True,23.07.2024,2684550,1270850
102516418,10031605,191813439,Roseneggstrasse,378.3,8262 Ramsen,2963,SH,real,True,19.11.2024,2703609,1285076
102517923,10091181,191815387,Schaffhauserstrasse,7,8213 Neunkirch,2904,SH,real,True,15.11.2024,2679833,1282745
102518311,10027513,190154937,Schützenmauer,12a,8213 Neunkirch,2904,SH,real,True,15.11.2024,2679767,1282431
102519061,10024937,191817480,Dorfstrasse,23,8236 Büttenhardt,2914,SH,real,False,19.11.2024,2691124,1290396
102519062,10244260,191817481,Schuelwägli,1,8236 Büttenhardt,2914,SH,planned,False,23.07.2024,2691134,1290410
102519063,10244260,191817482,Schuelwägli,3,8236 Büttenhardt,2914,SH,planned,False,23.07.2024,2691120,1290415
102523142,10087047,191818476,Bröckliweg,15,8240 Thayngen,2920,SH,real,True,15.11.2024,2695181,1289943
102523229,10237827,191818520,Zur Stahlgiesserei,11,8200 Schaffhausen,2939,SH,real,True,15.11.2024,2689486,1284565
102523230,10237827,191818521,Zur Stahlgiesserei,10,8200 Schaffhausen,2939,SH,real,True,15.11.2024,2689511,1284575
102523231,10237827,191818522,Zur Stahlgiesserei,9,8200 Schaffhausen,2939,SH,real,True,15.11.2024,2689513,1284550
102523380,10106941,191818981,Oberwiesstrasse,10,8213 Neunkirch,2904,SH,real,False,15.11.2024,2679549,1282320
102523507,10073022,191747574,Alpenstrasse,176,8203 Schaffhausen,2939,SH,real,True,15.11.2024,2691630,1283679
102523509,10019291,191748049,Ebnatstrasse,160,8207 Schaffhausen,2939,SH,real,True,15.11.2024,2691470,1285770
102523511,10073055,2028974,Mühlentalstrasse,65a,8200 Schaffhausen,2939,SH,real,True,15.11.2024,2689357,1284343
102523521,10019797,191819216,Rheinquai,12.2,8200 Schaffhausen,2939,SH,real,True,23.07.2024,2690429,1283453
102523566,10110819,191819294,Espiweg,37,8260 Stein am Rhein,2964,SH,real,True,15.11.2024,2706321,1279622
102531202,10133047,191819896,Ackerstrasse,,8215 Hallau,2971,SH,real,True,23.07.2024,2677130,1283375
102531211,10091258,191819936,Schaffhauserstrasse,11,8212 Neuhausen am Rheinfall,2937,SH,real,True,15.11.2024,2688694,1282228
102531490,10031599,191820656,Hofenacker,67g,8262 Ramsen,2963,SH,real,True,23.07.2024,2702749,1287487
102531710,10206076,191821657,Hinterdorfstrasse,39,8455 Rüdlingen,2938,SH,real,True,15.11.2024,2685229,1270048
102531783,10104507,191822034,Randenstrasse,32,8228 Beggingen,2951,SH,real,True,15.11.2024,2682495,1290955
102532239,10018657,191824294,Hohlenbaumstrasse,190,8200 Schaffhausen,2939,SH,real,True,15.11.2024,2689081,1284868
102532247,10147321,191824336,Ifangweg,2,8219 Trasadingen,2973,SH,real,True,15.11.2024,2674198,1280264
102532426,10031507,191825535,Obere Buckstrasse,4,8215 Hallau,2971,SH,real,True,15.11.2024,2676888,1283657
102532427,10033111,191825554,Gartenstrasse,14,8215 Hallau,2971,SH,real,True,15.11.2024,2676892,1283621
102532432,10091109,191825577,Blumengartenstrasse,10a,8215 Hallau,2971,SH,real,True,15.11.2024,2676252,1283053
102532472,10104505,502000117,Radweg,3.4,8228 Beggingen,2951,SH,real,False,23.07.2024,2681794,1291057
102532473,10138975,502000001,Aagewis,14.1,8228 Beggingen,2951,SH,real,False,23.07.2024,2682760,1290943
102532474,10058935,502000065,Dorfstrasse,46.3,8228 Beggingen,2951,SH,real,False,23.07.2024,2682001,1291185
102532475,10026000,502000232,Zollstrasse,46.4,8228 Beggingen,2951,SH,real,False,23.07.2024,2682705,1292872
102532476,10138975,502000002,Aagewis,14.2,8228 Beggingen,2951,SH,real,False,23.07.2024,2682724,1290817
102532477,10058935,502000066,Dorfstrasse,48.1,8228 Beggingen,2951,SH,real,False,23.07.2024,2682002,1291155
102532478,10026000,502000233,Zollstrasse,47.1,8228 Beggingen,2951,SH,real,False,23.07.2024,2682626,1292884
102532479,10104505,502000118,Radweg,6.1,8228 Beggingen,2951,SH,real,False,23.07.2024,2681651,1291006
102532480,10138975,502000003,Aagewis,14.3,8228 Beggingen,2951,SH,real,False,23.07.2024,2682705,1290784
102532481,10058935,502000067,Dorfstrasse,48.2,8228 Beggingen,2951,SH,real,False,23.07.2024,2681997,1291152
102532482,10104505,502000119,Radweg,8.1,8228 Beggingen,2951,SH,real,False,23.07.2024,2681578,1290990
102532483,10026000,502000234,Zollstrasse,47.2,8228 Beggingen,2951,SH,real,False,23.07.2024,2682658,1292873
102532484,10138975,502000004,Aagewis,20.1,8228 Beggingen,2951,SH,real,False,23.07.2024,2682778,1290913
102532485,10058935,502000068,Dorfstrasse,5.1,8228 Beggingen,2951,SH,real,False,23.07.2024,2682292,1291180
102532487,10104505,502000120,Radweg,8.2,8228 Beggingen,2951,SH,real,False,23.07.2024,2681578,1291001
102532488,10138975,502000005,Aagewis,24.1,8228 Beggingen,2951,SH,real,False,23.07.2024,2682918,1290798
102532489,10058935,502000069,Dorfstrasse,5.2,8228 Beggingen,2951,SH,real,False,23.07.2024,2682329,1291183
102532490,10025728,502000173,Schmalzgasse,9.4,8228 Beggingen,2951,SH,real,False,23.07.2024,2682601,1291523
102532492,10138975,502000006,Aagewis,24.10,8228 Beggingen,2951,SH,real,False,23.07.2024,2683488,1289323
102532493,10058935,502000070,Dorfstrasse,5.3,8228 Beggingen,2951,SH,real,False,23.07.2024,2682308,1291163
102532494,10025728,502000174,Schmalzgasse,9.5,8228 Beggingen,2951,SH,real,False,23.07.2024,2682945,1291526
102532495,10104507,502000122,Randenstrasse,13.1,8228 Beggingen,2951,SH,real,False,23.07.2024,2682430,1291193
102532496,10138975,502000007,Aagewis,24.11,8228 Beggingen,2951,SH,real,False,23.07.2024,2684816,1290646
102532497,10058935,502000071,Dorfstrasse,5.4,8228 Beggingen,2951,SH,real,False,23.07.2024,2682299,1291162
102532498,10025728,502000175,Schmalzgasse,9.6,8228 Beggingen,2951,SH,real,False,23.07.2024,2682959,1291510
102532499,10104507,502000123,Randenstrasse,16.1,8228 Beggingen,2951,SH,real,False,23.07.2024,2682353,1291137
102532500,10138975,502000008,Aagewis,24.2,8228 Beggingen,2951,SH,real,False,23.07.2024,2682914,1290786
102532501,10058935,502000072,Dorfstrasse,5.5,8228 Beggingen,2951,SH,real,False,23.07.2024,2682293,1291163
102532502,10025728,502000176,Schmalzgasse,9.7,8228 Beggingen,2951,SH,real,False,23.07.2024,2682715,1291840
102532504,10138975,502000009,Aagewis,24.3,8228 Beggingen,2951,SH,real,False,23.07.2024,2682964,1290310
102532505,10058935,502000073,Dorfstrasse,53.1,8228 Beggingen,2951,SH,real,False,23.07.2024,2682015,1291121
102532506,10085763,502000177,Stockerweg,1.1,8228 Beggingen,2951,SH,real,False,23.07.2024,2681941,1290951
102532507,10104507,502000125,Randenstrasse,17.1,8228 Beggingen,2951,SH,real,False,23.07.2024,2682459,1291167
102532508,10138975,502000010,Aagewis,24.4,8228 Beggingen,2951,SH,real,False,23.07.2024,2683230,1290244
102532509,10058935,502000074,Dorfstrasse,53.2,8228 Beggingen,2951,SH,real,False,23.07.2024,2682024,1291111
102532510,10104506,502000178,Waldhof,221.1,8228 Beggingen,2951,SH,real,False,23.07.2024,2683454,1292592
102532511,10104507,502000126,Randenstrasse,17.2,8228 Beggingen,2951,SH,real,False,23.07.2024,2682470,1291158
102532512,10138975,502000011,Aagewis,24.5,8228 Beggingen,2951,SH,real,False,23.07.2024,2683395,1290194
102532513,10058935,502000075,Dorfstrasse,58.1,8228 Beggingen,2951,SH,real,False,23.07.2024,2681921,1291159
102532514,10104506,502000179,Waldhof,221.2,8228 Beggingen,2951,SH,real,False,23.07.2024,2683467,1292614
102532515,10104507,502000127,Randenstrasse,22.1,8228 Beggingen,2951,SH,real,False,23.07.2024,2682398,1291103
102532516,10138975,502000012,Aagewis,24.6,8228 Beggingen,2951,SH,real,False,23.07.2024,2683409,1290192
102532517,10058935,502000076,Dorfstrasse,62.1,8228 Beggingen,2951,SH,real,False,23.07.2024,2681897,1291172
102532518,10104506,502000180,Waldhof,221.3,8228 Beggingen,2951,SH,real,False,23.07.2024,2683444,1292595
102532519,10104507,502000128,Randenstrasse,22.2,8228 Beggingen,2951,SH,real,False,23.07.2024,2682386,1291096
102532520,10138975,502000013,Aagewis,24.7,8228 Beggingen,2951,SH,real,False,23.07.2024,2683800,1290870
102532521,10058935,502000077,Dorfstrasse,65.1,8228 Beggingen,2951,SH,real,False,23.07.2024,2681823,1291109
102532522,10104506,502000181,Waldhof,221.4,8228 Beggingen,2951,SH,real,False,23.07.2024,2683443,1292598
102532523,10104507,502000129,Randenstrasse,26.1,8228 Beggingen,2951,SH,real,False,23.07.2024,2682430,1291090
102532524,10138975,502000014,Aagewis,24.8,8228 Beggingen,2951,SH,real,False,23.07.2024,2683723,1290170
102532525,10058935,502000078,Dorfstrasse,65.2,8228 Beggingen,2951,SH,real,False,23.07.2024,2681838,1291102
102532526,10025731,502000182,Wannenhof,281.1,8228 Beggingen,2951,SH,real,False,23.07.2024,2683471,1292355
102532527,10138975,502000015,Aagewis,24.9,8228 Beggingen,2951,SH,real,False,23.07.2024,2684469,1290726
102532528,10104507,502000130,Randenstrasse,28.1,8228 Beggingen,2951,SH,real,False,23.07.2024,2682487,1291077
102532529,10058935,502000079,Dorfstrasse,67.1,8228 Beggingen,2951,SH,real,False,23.07.2024,2681805,1291113
102532530,10058935,502000080,Dorfstrasse,68.1,8228 Beggingen,2951,SH,real,False,23.07.2024,2681869,1291164
102532531,10025731,502000183,Wannenhof,281.2,8228 Beggingen,2951,SH,real,False,23.07.2024,2683493,1292359
102532532,10025731,502000188,Wannenhof,281.7,8228 Beggingen,2951,SH,real,False,23.07.2024,2683767,1291609
102532533,10104507,502000131,Randenstrasse,32.1,8228 Beggingen,2951,SH,real,False,23.07.2024,2682487,1290982
102532534,10025731,502000184,Wannenhof,281.3,8228 Beggingen,2951,SH,real,False,23.07.2024,2683256,1292438
102532535,10104507,502000132,Randenstrasse,32.2,8228 Beggingen,2951,SH,real,False,23.07.2024,2682475,1290989
102532536,10053246,502000189,Wiesental,1.1,8228 Beggingen,2951,SH,real,False,23.07.2024,2682021,1291040
102532537,10058935,502000081,Dorfstrasse,7.1,8228 Beggingen,2951,SH,real,False,23.07.2024,2682273,1291211
102532538,10025731,502000185,Wannenhof,281.4,8228 Beggingen,2951,SH,real,False,23.07.2024,2683198,1292380
102532539,10104507,502000133,Randenstrasse,33.1,8228 Beggingen,2951,SH,real,False,23.07.2024,2682580,1290944
102532540,10053246,502000190,Wiesental,1.2,8228 Beggingen,2951,SH,real,False,23.07.2024,2682028,1291022
102532541,10058935,502000082,Dorfstrasse,70.1,8228 Beggingen,2951,SH,real,False,23.07.2024,2681809,1291169
102532542,10025731,502000186,Wannenhof,281.5,8228 Beggingen,2951,SH,real,False,23.07.2024,2683478,1291723
102532543,10104507,502000134,Randenstrasse,33.2,8228 Beggingen,2951,SH,real,False,23.07.2024,2682551,1290981
102532544,10058935,502000083,Dorfstrasse,72.1,8228 Beggingen,2951,SH,real,False,23.07.2024,2681748,1291108
102532545,10138975,502000019,Aagewis,9.1,8228 Beggingen,2951,SH,real,False,23.07.2024,2682721,1291016
102532546,10025731,502000187,Wannenhof,281.6,8228 Beggingen,2951,SH,real,False,23.07.2024,2683450,1291683
102532547,10104507,502000135,Randenstrasse,33.3,8228 Beggingen,2951,SH,real,False,23.07.2024,2682596,1290942
102532548,10138975,502000020,Aagewis,9.2,8228 Beggingen,2951,SH,real,False,23.07.2024,2682752,1291029
102532549,10058935,502000084,Dorfstrasse,75.1,8228 Beggingen,2951,SH,real,False,23.07.2024,2681672,1291091
102532550,10138975,502000016,Aagewis,3.1,8228 Beggingen,2951,SH,real,False,23.07.2024,2682629,1291069
102532551,10104507,502000136,Randenstrasse,33.4,8228 Beggingen,2951,SH,real,False,19.11.2024,2682598,1290947
102532552,10179736,502000021,Bohlgass,12.1,8228 Beggingen,2951,SH,real,False,23.07.2024,2682142,1291355
102532553,10058935,502000085,Dorfstrasse,78.1,8228 Beggingen,2951,SH,real,False,23.07.2024,2681619,1291149
102532554,10138975,502000017,Aagewis,4.1,8228 Beggingen,2951,SH,real,False,23.07.2024,2682647,1291017
102532555,10104507,502000137,Randenstrasse,33.5,8228 Beggingen,2951,SH,real,False,23.07.2024,2682592,1290974
102532556,10179736,502000022,Bohlgass,15.1,8228 Beggingen,2951,SH,real,False,23.07.2024,2682128,1291370
102532557,10138975,502000018,Aagewis,7.1,8228 Beggingen,2951,SH,real,False,23.07.2024,2682692,1291030
102532558,10058935,502000086,Dorfstrasse,6,8228 Beggingen,2951,SH,real,True,23.07.2024,2682276,1291286
102532559,10104507,502000138,Randenstrasse,4.1,8228 Beggingen,2951,SH,real,False,23.07.2024,2682346,1291192
102532560,10179736,502000023,Bohlgass,15.2,8228 Beggingen,2951,SH,real,False,23.07.2024,2682093,1291369
102532561,10058935,502000087,Dorfstrasse,80.1,8228 Beggingen,2951,SH,real,False,23.07.2024,2681576,1291132
102532562,10053246,502000191,Wiesental,1.3,8228 Beggingen,2951,SH,real,False,23.07.2024,2682058,1291028
102532563,10104507,502000139,Randenstrasse,40.1,8228 Beggingen,2951,SH,real,False,19.11.2024,2682570,1290927
102532564,10179736,502000024,Bohlgass,2.1,8228 Beggingen,2951,SH,real,False,23.07.2024,2682217,1291301
102532565,10058935,502000088,Dorfstrasse,81.1,8228 Beggingen,2951,SH,real,False,23.07.2024,2681577,1291062
102532566,10053246,502000192,Wiesental,10.1,8228 Beggingen,2951,SH,real,False,23.07.2024,2682030,1290954
102532567,10104507,502000140,Randenstrasse,40.2,8228 Beggingen,2951,SH,real,False,19.11.2024,2682578,1290924
102532568,10179736,502000025,Bohlgass,2.2,8228 Beggingen,2951,SH,real,False,23.07.2024,2682219,1291315
102532570,10053246,502000193,Wiesental,10.2,8228 Beggingen,2951,SH,real,False,23.07.2024,2682029,1290934
102532571,10104507,502000141,Randenstrasse,40.3,8228 Beggingen,2951,SH,real,False,23.07.2024,2682598,1290908
102532572,10179736,502000026,Bohlgass,20.1,8228 Beggingen,2951,SH,real,False,23.07.2024,2682231,1291330
102532573,10058935,502000090,Dorfstrasse,81.3,8228 Beggingen,2951,SH,real,False,23.07.2024,2681613,1291082
102532574,10053246,502000194,Wiesental,10.3,8228 Beggingen,2951,SH,real,False,23.07.2024,2682001,1290932
102532575,10104507,502000142,Randenstrasse,7.1,8228 Beggingen,2951,SH,real,False,23.07.2024,2682367,1291190
102532576,10179736,502000027,Bohlgass,20.2,8228 Beggingen,2951,SH,real,False,23.07.2024,2682187,1291478
102532577,10179736,502000028,Bohlgass,4.1,8228 Beggingen,2951,SH,real,False,23.07.2024,2682197,1291309
102532578,10053246,502000195,Wiesental,2.1,8228 Beggingen,2951,SH,real,False,23.07.2024,2682001,1291055
102532579,10104507,502000143,Randenstrasse,9.1,8228 Beggingen,2951,SH,real,False,23.07.2024,2682386,1291206
102532580,10058935,502000091,Dorfstrasse,81.4,8228 Beggingen,2951,SH,real,False,23.07.2024,2681646,1291065
102532581,10179736,502000029,Bohlgass,6.1,8228 Beggingen,2951,SH,real,False,23.07.2024,2682183,1291315
102532582,10053246,502000196,Wiesental,2.2,8228 Beggingen,2951,SH,real,False,23.07.2024,2681973,1291037
102532583,10104507,502000144,Randenstrasse,9.2,8228 Beggingen,2951,SH,real,False,23.07.2024,2682395,1291205
102532584,10058935,502000092,Dorfstrasse,9.1,8228 Beggingen,2951,SH,real,False,23.07.2024,2682231,1291234
102532585,10179736,502000030,Bohlgass,7.1,8228 Beggingen,2951,SH,real,False,23.07.2024,2682105,1291295
102532586,10053246,502000197,Wiesental,20.1,8228 Beggingen,2951,SH,real,False,23.07.2024,2682024,1290558
102532587,10085762,502000145,Rebhalde,11.1,8228 Beggingen,2951,SH,real,False,23.07.2024,2681553,1291312
102532588,10058935,502000093,Dorfstrasse,9.2,8228 Beggingen,2951,SH,real,False,23.07.2024,2682260,1291212
102532589,10085759,502000031,Burkhalde,250.1,8228 Beggingen,2951,SH,real,False,23.07.2024,2683289,1289177
102532590,10053246,502000198,Wiesental,20.2,8228 Beggingen,2951,SH,real,False,23.07.2024,2682010,1290583
102532591,10085762,502000146,Rebhalde,11.2,8228 Beggingen,2951,SH,real,False,23.07.2024,2681253,1291101
102532592,10025716,502000236,Fohrenhof,61.1,8226 Schleitheim,2951,SH,real,False,23.07.2024,2680289,1290876
102532593,10025714,502000032,Bückli,15.1,8228 Beggingen,2951,SH,real,False,23.07.2024,2682548,1291254
102532594,10053246,502000199,Wiesental,20.3,8228 Beggingen,2951,SH,real,False,23.07.2024,2682049,1290548
102532595,10085762,502000147,Rebhalde,4.1,8228 Beggingen,2951,SH,real,False,23.07.2024,2681708,1291202
102532596,10025716,502000237,Fohrenhof,61.2,8226 Schleitheim,2951,SH,real,False,23.07.2024,2680356,1290857
102532597,10053246,502000200,Wiesental,3.1,8228 Beggingen,2951,SH,real,False,23.07.2024,2682106,1291004
102532598,10025714,502000033,Bückli,15.2,8228 Beggingen,2951,SH,real,False,23.07.2024,2682526,1291244
102532599,10053242,502000148,Rüedistalhof,192.1,8228 Beggingen,2951,SH,real,False,23.07.2024,2681054,1290313
102532600,10025714,502000034,Bückli,16.1,8228 Beggingen,2951,SH,real,False,23.07.2024,2682539,1291196
102532601,10053246,502000201,Wiesental,5.1,8228 Beggingen,2951,SH,real,False,23.07.2024,2682076,1290953
102532602,10053242,502000149,Rüedistalhof,192.10,8228 Beggingen,2951,SH,real,False,23.07.2024,2680539,1290470
102532603,10025716,502000238,Fohrenhof,61.3,8226 Schleitheim,2951,SH,real,False,23.07.2024,2680313,1290892
102532604,10025714,502000035,Bückli,4.1,8228 Beggingen,2951,SH,real,False,23.07.2024,2682414,1291221
102532605,10053246,502000202,Wiesental,7.1,8228 Beggingen,2951,SH,real,False,23.07.2024,2682136,1290977
102532606,10053242,502000150,Rüedistalhof,192.11,8228 Beggingen,2951,SH,real,False,23.07.2024,2680872,1290864
102532607,10025716,502000239,Fohrenhof,61.4,8226 Schleitheim,2951,SH,real,False,23.07.2024,2680360,1290859
102532608,10053246,502000203,Wiesental,7.2,8228 Beggingen,2951,SH,real,False,23.07.2024,2682156,1290976
102532609,10025714,502000036,Bückli,7.1,8228 Beggingen,2951,SH,real,False,23.07.2024,2682387,1291260
102532610,10053242,502000151,Rüedistalhof,192.12,8228 Beggingen,2951,SH,real,False,23.07.2024,2680843,1290936
102532611,10025716,502000240,Fohrenhof,61.5,8226 Schleitheim,2951,SH,real,False,23.07.2024,2680357,1290824
102532612,10025714,502000037,Bückli,8.1,8228 Beggingen,2951,SH,real,False,23.07.2024,2682434,1291214
102532613,10053246,502000204,Wiesental,7.3,8228 Beggingen,2951,SH,real,False,23.07.2024,2682185,1290978
102532614,10025716,502000241,Fohrenhof,61.6,8226 Schleitheim,2951,SH,real,False,23.07.2024,2680363,1290860
102532615,10053242,502000152,Rüedistalhof,192.13,8228 Beggingen,2951,SH,real,False,23.07.2024,2680656,1290973
102532616,10025714,502000038,Bückli,9.1,8228 Beggingen,2951,SH,real,False,23.07.2024,2682469,1291269
102532617,10053246,502000205,Wiesental,8.1,8228 Beggingen,2951,SH,real,False,23.07.2024,2682034,1290996
102532618,10025716,502000242,Fohrenhof,61.7,8226 Schleitheim,2951,SH,real,False,23.07.2024,2680359,1290882
102532619,10053242,502000153,Rüedistalhof,192.14,8228 Beggingen,2951,SH,real,False,23.07.2024,2680499,1291146
102532620,10121174,502000039,Bühlhof,247.1,8228 Beggingen,2951,SH,real,False,23.07.2024,2682901,1292762
102532621,10053246,502000206,Wiesental,9.1,8228 Beggingen,2951,SH,real,False,23.07.2024,2682055,1290956
102532622,10053242,502000154,Rüedistalhof,192.2,8228 Beggingen,2951,SH,real,False,23.07.2024,2681040,1290283
102532623,10025716,502000243,Fohrenhof,61.8,8226 Schleitheim,2951,SH,real,False,23.07.2024,2680407,1290891
102532624,10121174,502000040,Bühlhof,247.2,8228 Beggingen,2951,SH,real,False,23.07.2024,2682940,1292688
102532625,10026000,502000207,Zollstrasse,10.1,8228 Beggingen,2951,SH,real,False,23.07.2024,2682262,1291381
102532626,10053242,502000155,Rüedistalhof,192.3,8228 Beggingen,2951,SH,real,False,23.07.2024,2681020,1290328
102532627,10085760,502000094,Gässli,2.1,8228 Beggingen,2951,SH,real,False,23.07.2024,2682535,1291124
102532628,10121174,502000041,Bühlhof,247.3,8228 Beggingen,2951,SH,real,False,23.07.2024,2682969,1292681
102532629,10026000,502000208,Zollstrasse,10.2,8228 Beggingen,2951,SH,real,False,23.07.2024,2682245,1291393
102532630,10053242,502000156,Rüedistalhof,192.4,8228 Beggingen,2951,SH,real,False,23.07.2024,2681036,1290343
102532631,10085760,502000095,Gässli,2.2,8228 Beggingen,2951,SH,real,False,23.07.2024,2682510,1291118
102532632,10026000,502000209,Zollstrasse,10.3,8228 Beggingen,2951,SH,real,False,23.07.2024,2682244,1291351
102532633,10121174,502000042,Bühlhof,247.4,8228 Beggingen,2951,SH,real,False,23.07.2024,2682711,1292138
102532634,10053242,502000157,Rüedistalhof,192.5,8228 Beggingen,2951,SH,real,False,23.07.2024,2681076,1290279
102532635,10085760,502000096,Gässli,5.1,8228 Beggingen,2951,SH,real,False,23.07.2024,2682583,1291083
102532636,10026000,502000210,Zollstrasse,10.4,8228 Beggingen,2951,SH,real,False,23.07.2024,2682266,1291345
102532637,10187915,502000043,Chobewis,10.1,8228 Beggingen,2951,SH,real,False,23.07.2024,2681630,1291588
102532638,10053242,502000158,Rüedistalhof,192.6,8228 Beggingen,2951,SH,real,False,23.07.2024,2681048,1290265
102532639,10085760,502000097,Gässli,5.2,8228 Beggingen,2951,SH,real,False,23.07.2024,2682588,1291066
102532640,10026000,502000211,Zollstrasse,16.1,8228 Beggingen,2951,SH,real,False,23.07.2024,2682226,1291636
102532641,10187915,502000044,Chobewis,2.1,8228 Beggingen,2951,SH,real,False,23.07.2024,2682034,1291346
102532642,10053242,502000159,Rüedistalhof,192.7,8228 Beggingen,2951,SH,real,False,23.07.2024,2681061,1290242
102532643,10026000,502000212,Zollstrasse,16.2,8228 Beggingen,2951,SH,real,False,23.07.2024,2682171,1291622
102532644,10025721,502000098,Hoolicher,14.1,8228 Beggingen,2951,SH,real,False,23.07.2024,2683019,1291191
102532645,10187915,502000045,Chobewis,2.2,8228 Beggingen,2951,SH,real,False,23.07.2024,2681998,1291366
102532646,10053242,502000160,Rüedistalhof,192.8,8228 Beggingen,2951,SH,real,False,23.07.2024,2681083,1290250
102532647,10026000,502000213,Zollstrasse,16.3,8228 Beggingen,2951,SH,real,False,23.07.2024,2682167,1291579
102532648,10187915,502000046,Chobewis,3.1,8228 Beggingen,2951,SH,real,False,23.07.2024,2682007,1291286
102532649,10025721,502000099,Hoolicher,6.1,8228 Beggingen,2951,SH,real,False,23.07.2024,2682621,1291128
102532650,10053242,502000161,Rüedistalhof,192.9,8228 Beggingen,2951,SH,real,False,23.07.2024,2680962,1290343
102532651,10026000,502000214,Zollstrasse,16.4,8228 Beggingen,2951,SH,real,False,23.07.2024,2682164,1291542
102532652,10187915,502000047,Chobewis,4.1,8228 Beggingen,2951,SH,real,False,23.07.2024,2681987,1291357
102532653,10085764,502000100,Löbere,6.1,8228 Beggingen,2951,SH,real,False,23.07.2024,2682034,1291094
102532654,10025728,502000162,Schmalzgasse,1.1,8228 Beggingen,2951,SH,real,False,23.07.2024,2682349,1291359
102532655,10085764,502000102,Löbere,7.2,8228 Beggingen,2951,SH,real,False,23.07.2024,2682123,1291137
102532656,10058935,502000048,Dorfstrasse,10.1,8228 Beggingen,2951,SH,real,False,23.07.2024,2682242,1291307
102532657,10025728,502000163,Schmalzgasse,1.2,8228 Beggingen,2951,SH,real,False,23.07.2024,2682323,1291371
102532658,10085764,502000101,Löbere,7.1,8228 Beggingen,2951,SH,real,False,23.07.2024,2682091,1291126
102532659,10085764,502000103,Löbere,7.3,8228 Beggingen,2951,SH,real,False,23.07.2024,2682123,1291126
102532660,10058935,502000049,Dorfstrasse,14.1,8228 Beggingen,2951,SH,real,False,23.07.2024,2682227,1291294
102532661,10026000,502000215,Zollstrasse,16.5,8228 Beggingen,2951,SH,real,False,23.07.2024,2682318,1291528
102532662,10085764,502000104,Löbere,7.4,8228 Beggingen,2951,SH,real,False,23.07.2024,2682066,1291115
102532663,10025728,502000164,Schmalzgasse,2.1,8228 Beggingen,2951,SH,real,False,23.07.2024,2682373,1291347
102532664,10058935,502000050,Dorfstrasse,15.1,8228 Beggingen,2951,SH,real,False,23.07.2024,2682203,1291233
102532665,10026000,502000216,Zollstrasse,29.1,8228 Beggingen,2951,SH,real,False,23.07.2024,2682163,1291744
102532666,10085761,502000105,Neuwis,167.1,8228 Beggingen,2951,SH,real,False,23.07.2024,2683282,1293010
102532667,10025728,502000165,Schmalzgasse,6.1,8228 Beggingen,2951,SH,real,False,23.07.2024,2682409,1291360
102532668,10026000,502000217,Zollstrasse,29.2,8228 Beggingen,2951,SH,real,False,23.07.2024,2682143,1291752
102532669,10058935,502000051,Dorfstrasse,16.1,8228 Beggingen,2951,SH,real,False,23.07.2024,2682172,1291246
102532670,10085761,502000106,Neuwis,167.2,8228 Beggingen,2951,SH,real,False,23.07.2024,2683295,1293012
102532671,10025728,502000166,Schmalzgasse,6.2,8228 Beggingen,2951,SH,real,False,23.07.2024,2682416,1291337
102532672,10026000,502000218,Zollstrasse,29.3,8228 Beggingen,2951,SH,real,False,23.07.2024,2682102,1291714
102532673,10058935,502000052,Dorfstrasse,19.1,8228 Beggingen,2951,SH,real,False,23.07.2024,2682152,1291182
102532674,10085761,502000107,Neuwis,167.3,8228 Beggingen,2951,SH,real,False,23.07.2024,2683247,1292783
102532675,10025728,502000167,Schmalzgasse,6.3,8228 Beggingen,2951,SH,real,False,23.07.2024,2682398,1291360
102532676,10058935,502000053,Dorfstrasse,19.2,8228 Beggingen,2951,SH,real,False,23.07.2024,2682111,1291189
102532677,10026000,502000219,Zollstrasse,29a.1,8228 Beggingen,2951,SH,real,False,23.07.2024,2682237,1291741
102532678,10025728,502000168,Schmalzgasse,7.1,8228 Beggingen,2951,SH,real,False,23.07.2024,2682485,1291405
102532679,10073080,502000108,Oberdorf,17.1,8228 Beggingen,2951,SH,real,False,23.07.2024,2682584,1291277
102532680,10058935,502000054,Dorfstrasse,24.1,8228 Beggingen,2951,SH,real,False,23.07.2024,2682115,1291226
102532681,10026000,502000220,Zollstrasse,29a.2,8228 Beggingen,2951,SH,real,False,23.07.2024,2682198,1291802
102532682,10025728,502000169,Schmalzgasse,7.2,8228 Beggingen,2951,SH,real,False,23.07.2024,2682498,1291414
102532683,10073080,502000109,Oberdorf,17.2,8228 Beggingen,2951,SH,real,False,23.07.2024,2682608,1291301
102532684,10058935,502000055,Dorfstrasse,24.2,8228 Beggingen,2951,SH,real,False,23.07.2024,2682102,1291256
102532685,10026000,502000221,Zollstrasse,29a.3,8228 Beggingen,2951,SH,real,False,23.07.2024,2682338,1291953
102532686,10025728,502000170,Schmalzgasse,9.1,8228 Beggingen,2951,SH,real,False,23.07.2024,2682570,1291474
102532687,10073080,502000110,Oberdorf,17.3,8228 Beggingen,2951,SH,real,False,23.07.2024,2682636,1291290
102532688,10058935,502000056,Dorfstrasse,24.3,8228 Beggingen,2951,SH,real,False,23.07.2024,2682097,1291254
102532689,10026000,502000222,Zollstrasse,29a.4,8228 Beggingen,2951,SH,real,False,23.07.2024,2682225,1292145
102532690,10025728,502000171,Schmalzgasse,9.2,8228 Beggingen,2951,SH,real,False,23.07.2024,2682563,1291485
102532691,10073080,502000111,Oberdorf,17.4,8228 Beggingen,2951,SH,real,False,23.07.2024,2682640,1291284
102532692,10026000,502000227,Zollstrasse,43.1,8228 Beggingen,2951,SH,real,False,23.07.2024,2682502,1292807
102532693,10026000,502000223,Zollstrasse,4.1,8228 Beggingen,2951,SH,real,False,23.07.2024,2682376,1291302
102532694,10025728,502000172,Schmalzgasse,9.3,8228 Beggingen,2951,SH,real,False,23.07.2024,2682549,1291471
102532695,10073080,502000113,Oberdorf,9.1,8228 Beggingen,2951,SH,real,False,23.07.2024,2682493,1291182
102532696,10026000,502000228,Zollstrasse,43.2,8228 Beggingen,2951,SH,real,False,23.07.2024,2682488,1292799
102532697,10026000,502000224,Zollstrasse,41.1,8228 Beggingen,2951,SH,real,False,23.07.2024,2682498,1292404
102532698,10058935,502000061,Dorfstrasse,34.2,8228 Beggingen,2951,SH,real,False,23.07.2024,2682015,1291239
102532699,10104505,502000114,Radweg,3.1,8228 Beggingen,2951,SH,real,False,23.07.2024,2681784,1291037
102532700,10026000,502000229,Zollstrasse,46.1,8228 Beggingen,2951,SH,real,False,23.07.2024,2682673,1292825
102532701,10026000,502000225,Zollstrasse,41.2,8228 Beggingen,2951,SH,real,False,23.07.2024,2682346,1292379
102532702,10058935,502000062,Dorfstrasse,34.3,8228 Beggingen,2951,SH,real,False,23.07.2024,2682059,1291198
102532703,10104505,502000115,Radweg,3.2,8228 Beggingen,2951,SH,real,False,19.11.2024,2681767,1291012
102532704,10026000,502000230,Zollstrasse,46.2,8228 Beggingen,2951,SH,real,False,23.07.2024,2682689,1292823
102532705,10026000,502000226,Zollstrasse,41.3,8228 Beggingen,2951,SH,real,False,23.07.2024,2681917,1292501
102532706,10058935,502000063,Dorfstrasse,46.1,8228 Beggingen,2951,SH,real,False,23.07.2024,2682025,1291161
102532707,10104505,502000116,Radweg,3.3,8228 Beggingen,2951,SH,real,False,23.07.2024,2681786,1291021
102532708,10026000,502000231,Zollstrasse,46.3,8228 Beggingen,2951,SH,real,False,23.07.2024,2682708,1292834
102532709,10058935,502000057,Dorfstrasse,24.4,8228 Beggingen,2951,SH,real,False,23.07.2024,2682098,1291269
102532710,10058935,502000064,Dorfstrasse,46.2,8228 Beggingen,2951,SH,real,False,23.07.2024,2682036,1291139
102532711,10058935,502000058,Dorfstrasse,24.5,8228 Beggingen,2951,SH,real,False,23.07.2024,2682091,1291267
102532712,10058935,502000059,Dorfstrasse,32.1,8228 Beggingen,2951,SH,real,False,23.07.2024,2682080,1291238
102532713,10058935,502000060,Dorfstrasse,34.1,8228 Beggingen,2951,SH,real,False,23.07.2024,2682052,1291272
102532714,10073080,502000112,Oberdorf,17.5,8228 Beggingen,2951,SH,real,False,23.07.2024,2682643,1291285
102532737,10113222,191825915,Dorfstrasse,90,8218 Osterfingen,2974,SH,real,True,15.11.2024,2679227,1279673
102533327,10087043,191828516,Tubackackerstrasse,1a,8234 Stetten SH,2919,SH,real,True,15.11.2024,2691757,1288146
102533819,10185477,191828902,Neudörflingerstrasse,23,8239 Dörflingen,2915,SH,real,True,15.11.2024,2696303,1285159
102534052,10108021,191830598,Hauentalstrasse,7,8200 Schaffhausen,2939,SH,real,True,15.11.2024,2689093,1284934
102534340,10031593,191831300,Alemannenweg,628.1,8262 Ramsen,2963,SH,real,True,23.07.2024,2703257,1284901
102534357,10024937,502000682,Dorfstrasse,8.1,8236 Büttenhardt,2914,SH,real,False,23.07.2024,2691014,1289985
102534358,10024939,502000705,Oberdorf,2.1,8236 Büttenhardt,2914,SH,real,False,23.07.2024,2691012,1290382
102534359,10024937,502000659,Dorfstrasse,1.2,8236 Büttenhardt,2914,SH,real,False,23.07.2024,2690973,1289944
102534360,10024935,502000636,Braatihof,119.1,8236 Büttenhardt,2914,SH,real,False,23.07.2024,2690689,1290124
102534361,10024939,502000706,Oberdorf,4.1,8236 Büttenhardt,2914,SH,real,False,23.07.2024,2690995,1290395
102534362,10117914,502000683,Ferienheim,47.1,8236 Büttenhardt,2914,SH,real,False,23.07.2024,2690094,1291078
102534363,10024937,502000660,Dorfstrasse,10.1,8236 Büttenhardt,2914,SH,real,False,23.07.2024,2691042,1289996
102534364,10024935,502000637,Braatihof,119.2,8236 Büttenhardt,2914,SH,real,False,23.07.2024,2690661,1290153
102534365,10024939,502000707,Oberdorf,4.2,8236 Büttenhardt,2914,SH,real,False,23.07.2024,2691002,1290392
102534366,10117914,502000684,Ferienheim,47.2,8236 Büttenhardt,2914,SH,real,False,23.07.2024,2690129,1291013
102534367,10024937,502000661,Dorfstrasse,10.2,8236 Büttenhardt,2914,SH,real,False,23.07.2024,2691049,1289983
102534368,10024935,502000638,Braatihof,119.3,8236 Büttenhardt,2914,SH,real,False,23.07.2024,2690722,1290155
102534369,10024939,502000708,Oberdorf,7.1,8236 Büttenhardt,2914,SH,real,False,23.07.2024,2690922,1290508
102534370,10117914,502000685,Ferienheim,47.3,8236 Büttenhardt,2914,SH,real,False,23.07.2024,2690149,1291037
102534371,10024937,502000662,Dorfstrasse,11.1,8236 Büttenhardt,2914,SH,real,False,23.07.2024,2691040,1290220
102534372,10024935,502000639,Braatihof,119.4,8236 Büttenhardt,2914,SH,real,False,23.07.2024,2690776,1290155
102534373,10186335,502000709,Reibäckerli,10.1,8236 Büttenhardt,2914,SH,real,False,23.07.2024,2691236,1290363
102534374,10117914,502000686,Ferienheim,47.4,8236 Büttenhardt,2914,SH,real,False,23.07.2024,2690135,1291090
102534375,10024935,502000640,Braatihof,119.5,8236 Büttenhardt,2914,SH,real,False,23.07.2024,2690418,1290470
102534376,10024937,502000663,Dorfstrasse,11.2,8236 Büttenhardt,2914,SH,real,False,23.07.2024,2691033,1290212
102534377,10186335,502000710,Reibäckerli,23.1,8236 Büttenhardt,2914,SH,real,False,23.07.2024,2691202,1290381
102534378,10117914,502000687,Ferienheim,47.5,8236 Büttenhardt,2914,SH,real,False,23.07.2024,2690081,1290992
102534379,10024937,502000664,Dorfstrasse,20a,8236 Büttenhardt,2914,SH,real,False,23.07.2024,2691077,1290193
102534380,10024935,502000641,Braatihof,119.6,8236 Büttenhardt,2914,SH,real,False,23.07.2024,2690405,1290471
102534381,10186335,502000711,Reibäckerli,25.1,8236 Büttenhardt,2914,SH,real,False,23.07.2024,2691218,1290396
102534382,10117914,502000688,Ferienheim,47.6,8236 Büttenhardt,2914,SH,real,False,23.07.2024,2690095,1290986
102534383,10024937,502000665,Dorfstrasse,11.4,8236 Büttenhardt,2914,SH,real,False,23.07.2024,2691026,1290229
102534384,10186335,502000712,Reibäckerli,6.1,8236 Büttenhardt,2914,SH,real,False,23.07.2024,2691232,1290325
102534385,10024935,502000642,Braatihof,119.7,8236 Büttenhardt,2914,SH,real,False,23.07.2024,2689846,1289578
102534386,10117914,502000689,Ferienheim,47.7,8236 Büttenhardt,2914,SH,real,False,23.07.2024,2690237,1291115
102534387,10024937,502000666,Dorfstrasse,20b,8236 Büttenhardt,2914,SH,real,False,23.07.2024,2691086,1290207
102534388,10186335,502000713,Reibäckerli,8.1,8236 Büttenhardt,2914,SH,real,False,23.07.2024,2691226,1290340
102534389,10024935,502000643,Braatihof,119.8,8236 Büttenhardt,2914,SH,real,False,23.07.2024,2689849,1289018
102534390,10117914,502000690,Ferienheim,47.8,8236 Büttenhardt,2914,SH,real,False,23.07.2024,2690381,1290930
102534391,10024937,502000667,Dorfstrasse,18.1,8236 Büttenhardt,2914,SH,real,False,23.07.2024,2691056,1290105
102534392,10186335,502000714,Reibäckerli,8.2,8236 Büttenhardt,2914,SH,real,False,23.07.2024,2691241,1290352
102534393,10111807,502000644,Braatistrasse,4.1,8236 Büttenhardt,2914,SH,real,False,23.07.2024,2690982,1290187
102534394,10072971,502000691,Huebstrasse,1.1,8236 Büttenhardt,2914,SH,real,False,23.07.2024,2691024,1290349
102534395,10024937,502000668,Dorfstrasse,18.2,8236 Büttenhardt,2914,SH,real,False,23.07.2024,2691072,1290084
102534396,10024940,502000715,Verenahof,101.1,8236 Büttenhardt,2914,SH,real,False,23.07.2024,2690947,1290331
102534397,10111807,502000645,Braatistrasse,7.1,8236 Büttenhardt,2914,SH,real,False,23.07.2024,2690962,1290140
102534398,10072971,502000692,Huebstrasse,1.2,8236 Büttenhardt,2914,SH,real,False,23.07.2024,2691017,1290363
102534399,10024937,502000669,Dorfstrasse,18.3,8236 Büttenhardt,2914,SH,real,False,23.07.2024,2691106,1290058
102534400,10024940,502000716,Verenahof,102.1,8236 Büttenhardt,2914,SH,real,False,23.07.2024,2690912,1290368
102534401,10111807,502000646,Braatistrasse,7.2,8236 Büttenhardt,2914,SH,real,False,23.07.2024,2690936,1290163
102534402,10024937,502000670,Dorfstrasse,19.1,8236 Büttenhardt,2914,SH,real,False,23.07.2024,2691079,1290337
102534403,10072971,502000693,Huebstrasse,2.1,8236 Büttenhardt,2914,SH,real,False,23.07.2024,2691063,1290329
102534404,10024940,502000717,Verenahof,102.2,8236 Büttenhardt,2914,SH,real,False,23.07.2024,2690928,1290386
102534405,10111807,502000647,Braatistrasse,9.1,8236 Büttenhardt,2914,SH,real,False,23.07.2024,2690965,1290139
102534406,10206796,502000694,Langärgete,10.1,8236 Büttenhardt,2914,SH,real,False,23.07.2024,2690988,1289846
102534407,10024937,502000671,Dorfstrasse,25.1,8236 Büttenhardt,2914,SH,real,False,23.07.2024,2691137,1290423
102534408,10086748,502000718,Wilerstrasse,2.1,8236 Büttenhardt,2914,SH,real,False,23.07.2024,2691061,1290138
102534409,10024936,502000648,Buckstrasse,5.1,8236 Büttenhardt,2914,SH,real,False,23.07.2024,2690906,1290447
102534410,10206796,502000695,Langärgete,10.2,8236 Büttenhardt,2914,SH,real,False,23.07.2024,2690981,1289839
102534411,10024937,502000672,Dorfstrasse,25.2,8236 Büttenhardt,2914,SH,real,False,23.07.2024,2691105,1290449
102534412,10086748,502000719,Wilerstrasse,2.2,8236 Büttenhardt,2914,SH,real,False,23.07.2024,2691088,1290146
102534413,10054973,502000649,Büelacker,2.1,8236 Büttenhardt,2914,SH,real,False,23.07.2024,2690952,1289948
102534414,10206796,502000696,Langärgete,2.1,8236 Büttenhardt,2914,SH,real,False,23.07.2024,2691013,1289939
102534415,10024937,502000673,Dorfstrasse,26.1,8236 Büttenhardt,2914,SH,real,False,23.07.2024,2691088,1290296
102534416,10086748,502000720,Wilerstrasse,4.1,8236 Büttenhardt,2914,SH,real,False,23.07.2024,2691170,1290120
102534417,10054973,502000650,Büelacker,7.1,8236 Büttenhardt,2914,SH,real,False,23.07.2024,2689950,1289032
102534418,10206796,502000697,Langärgete,3.1,8236 Büttenhardt,2914,SH,real,False,23.07.2024,2691017,1289876
102534419,10024937,502000674,Dorfstrasse,3.1,8236 Büttenhardt,2914,SH,real,False,23.07.2024,2690979,1290096
102534420,10185475,502000721,Zelgliweg,1.1,8236 Büttenhardt,2914,SH,real,False,23.07.2024,2690977,1289996
102534421,10072970,502000651,Cholrüti,12.1,8236 Büttenhardt,2914,SH,real,False,23.07.2024,2691130,1289875
102534422,10206796,502000698,Langärgete,4.1,8236 Büttenhardt,2914,SH,real,False,23.07.2024,2691003,1289909
102534423,10024937,502000675,Dorfstrasse,30.1,8236 Büttenhardt,2914,SH,real,False,23.07.2024,2691077,1290324
102534424,10185475,502000722,Zelgliweg,3.1,8236 Büttenhardt,2914,SH,real,False,23.07.2024,2690973,1289995
102534425,10072970,502000652,Cholrüti,2.1,8236 Büttenhardt,2914,SH,real,False,23.07.2024,2690940,1289561
102534426,10118138,502000699,Neuwis,2.1,8236 Büttenhardt,2914,SH,real,False,23.07.2024,2690958,1290129
102534427,10024937,502000676,Dorfstrasse,30.2,8236 Büttenhardt,2914,SH,real,False,23.07.2024,2691073,1290318
102534430,10118138,502000700,Neuwis,2.2,8236 Büttenhardt,2914,SH,real,False,23.07.2024,2690979,1290110
102534431,10024937,502000677,Dorfstrasse,36.1,8236 Büttenhardt,2914,SH,real,False,23.07.2024,2691161,1290418
102534432,10072970,502000654,Cholrüti,2.3,8236 Büttenhardt,2914,SH,real,False,23.07.2024,2690991,1289266
102534433,10185475,502000724,Zelgliweg,8.1,8236 Büttenhardt,2914,SH,real,False,23.07.2024,2690892,1289996
102534434,10118138,502000701,Neuwis,4.1,8236 Büttenhardt,2914,SH,real,False,23.07.2024,2690921,1290165
102534435,10024937,502000678,Dorfstrasse,48.1,8236 Büttenhardt,2914,SH,real,False,23.07.2024,2691178,1290527
102534436,10072970,502000655,Cholrüti,2.4,8236 Büttenhardt,2914,SH,real,False,23.07.2024,2690460,1289151
102534437,10024939,502000702,Oberdorf,12.1,8236 Büttenhardt,2914,SH,real,False,23.07.2024,2690953,1290505
102534438,10054974,502000725,Ömiligarten,2.1,8236 Büttenhardt,2914,SH,real,False,23.07.2024,2690877,1290362
102534439,10024937,502000679,Dorfstrasse,48.2,8236 Büttenhardt,2914,SH,real,False,23.07.2024,2691192,1290527
102534440,10072970,502000656,Cholrüti,2.5,8236 Büttenhardt,2914,SH,real,False,23.07.2024,2689788,1288744
102534441,10024939,502000703,Oberdorf,16.1,8236 Büttenhardt,2914,SH,real,False,23.07.2024,2690971,1290528
102534442,10120401,502000726,Freudental,48.1,8200 Schaffhausen,2914,SH,real,False,23.07.2024,2689449,1289183
102534443,10024937,502000680,Dorfstrasse,5.1,8236 Büttenhardt,2914,SH,real,False,23.07.2024,2691014,1290116
102534444,10072970,502000657,Cholrüti,4.1,8236 Büttenhardt,2914,SH,real,False,23.07.2024,2691085,1289760
102534445,10024939,502000704,Oberdorf,16.2,8236 Büttenhardt,2914,SH,real,False,23.07.2024,2690831,1291060
102534446,10120401,502000727,Freudental,48.2,8200 Schaffhausen,2914,SH,real,False,23.07.2024,2689415,1289117
102534447,10024937,502000681,Dorfstrasse,7.1,8236 Büttenhardt,2914,SH,real,False,23.07.2024,2691031,1290190
102534448,10024937,502000658,Dorfstrasse,1.1,8236 Büttenhardt,2914,SH,real,False,23.07.2024,2690966,1289959
102534449,10120401,502000728,Freudental,48.3,8200 Schaffhausen,2914,SH,real,False,23.07.2024,2689429,1289197
102534563,10019806,191831819,Schlössliweg,18,8200 Schaffhausen,2939,SH,real,True,15.11.2024,2690570,1284371
102534564,10019806,191831819,Schlössliweg,16,8200 Schaffhausen,2939,SH,real,True,15.11.2024,2690549,1284363
102534565,10019806,191831834,Schlössliweg,20,8200 Schaffhausen,2939,SH,real,True,15.11.2024,2690605,1284368
102534657,10091180,470576,Oberhofgasse,2a,8213 Neunkirch,2904,SH,real,True,23.07.2024,2679734,1282743
102534754,10073034,191606419,Friedbergstrasse,17a,8200 Schaffhausen,2939,SH,real,True,15.11.2024,2688796,1283573
102534755,10073034,191606420,Friedbergstrasse,19a,8200 Schaffhausen,2939,SH,real,True,15.11.2024,2688811,1283583
102534756,10073034,191606415,Friedbergstrasse,21a,8200 Schaffhausen,2939,SH,real,True,15.11.2024,2688821,1283588
102534757,10073034,191606416,Friedbergstrasse,23a,8200 Schaffhausen,2939,SH,real,True,15.11.2024,2688847,1283596
102535087,10024969,471747,Püntstrasse,16,8236 Opfertshofen SH,2920,SH,real,True,15.11.2024,2691659,1292641
102535091,10120534,191832814,Goldschmiedstrasse,2,8200 Schaffhausen,2939,SH,real,True,15.11.2024,2690540,1284161
102535127,10025708,1612339,Weinbergstrasse,34,8200 Schaffhausen,2939,SH,real,True,15.11.2024,2689799,1284451
102535128,10025708,1612339,Weinbergstrasse,32,8200 Schaffhausen,2939,SH,real,True,15.11.2024,2689802,1284449
102535129,10025708,1612339,Weinbergstrasse,36,8200 Schaffhausen,2939,SH,real,True,15.11.2024,2689795,1284454
102535130,10025708,1612339,Weinbergstrasse,30,8200 Schaffhausen,2939,SH,real,True,15.11.2024,2689806,1284447
102535337,10086481,191833163,Fischerhäuserstrasse,67,8200 Schaffhausen,2939,SH,real,True,15.11.2024,2690601,1283397
102535338,10086481,191833163,Fischerhäuserstrasse,69,8200 Schaffhausen,2939,SH,real,True,15.11.2024,2690620,1283388
102535339,10085741,191833164,Solenbergstrasse,21,8207 Schaffhausen,2939,SH,real,True,15.11.2024,2692193,1285772
102535342,10018630,191833167,Floraweg,28,8200 Schaffhausen,2939,SH,real,True,15.11.2024,2689119,1285026
102535343,10018630,191833168,Floraweg,26,8200 Schaffhausen,2939,SH,real,True,15.11.2024,2689167,1285037
102535344,10085738,191833169,Schwarzadlerstrasse,33,8200 Schaffhausen,2939,SH,real,True,15.11.2024,2689182,1285079
102535415,10087229,191833279,Blaurockstrasse,36b,8260 Stein am Rhein,2964,SH,real,True,15.11.2024,2706471,1280273
102535419,10087229,191833283,Blaurockstrasse,36c,8260 Stein am Rhein,2964,SH,real,True,15.11.2024,2706462,1280281
102536099,10073643,191834323,Obere Schönebueche,564.1,8222 Beringen,2932,SH,real,True,23.07.2024,2685579,1284139
102536938,10086757,191835675,Im Rietacker,6b,8235 Lohn SH,2917,SH,real,True,15.11.2024,2692284,1289926
102536969,10024946,471454,Hintergasse,1,8239 Dörflingen,2915,SH,real,True,15.11.2024,2696502,1284651
102536973,10073114,191835734,Gartenweg,17,8217 Wilchingen,2974,SH,real,True,15.11.2024,2677179,1280307
102540961,10127143,191836900,Im Neuhuus,1.3,8239 Dörflingen,2915,SH,real,True,23.07.2024,2696364,1285109
102540976,10206078,502001100,Im Rhyblick,1.1,8455 Rüdlingen,2938,SH,real,False,23.07.2024,2684898,1271340
102540977,10178598,502001147,Eichacker,1.3,8455 Rüdlingen,2938,SH,real,False,23.07.2024,2683434,1271099
102540978,10206068,502001103,Im Hinterhöfli,8.1,8455 Rüdlingen,2938,SH,real,False,23.07.2024,2685282,1270125
102540979,10018172,502001126,Hauffeld,3.2,8455 Rüdlingen,2938,SH,real,False,23.07.2024,2685299,1270513
102540980,10206078,502001099,Im Rhyblick,1.2,8455 Rüdlingen,2938,SH,real,False,23.07.2024,2684897,1271354
102540981,10178598,502001082,Eichacker,1.4,8455 Rüdlingen,2938,SH,real,False,23.07.2024,2683393,1271251
102540982,10206068,502001102,Im Hinterhöfli,8.2,8455 Rüdlingen,2938,SH,real,False,23.07.2024,2685319,1270095
102540983,10018172,502001125,Hauffeld,6.1,8455 Rüdlingen,2938,SH,real,False,23.07.2024,2685356,1270520
102540984,10091265,502001098,Im Vogelsand,3.1,8455 Rüdlingen,2938,SH,real,False,23.07.2024,2684865,1270646
102540985,10178599,502001146,Grabenstrasse,5.1,8455 Rüdlingen,2938,SH,real,False,23.07.2024,2684674,1270650
102540986,10206068,502001101,Im Hinterhöfli,8.3,8455 Rüdlingen,2938,SH,real,False,23.07.2024,2685331,1270096
102540987,10018172,502001124,Hauffeld,9.1,8455 Rüdlingen,2938,SH,real,False,23.07.2024,2685325,1270562
102540988,10018174,502001097,Im hinderen Chapf,1.1,8455 Rüdlingen,2938,SH,real,False,23.07.2024,2685010,1270206
102540989,10178599,502001145,Grabenstrasse,6.1,8455 Rüdlingen,2938,SH,real,False,23.07.2024,2684657,1270607
102540990,10018167,502001189,Berghof,1.1,8455 Rüdlingen,2938,SH,real,False,23.07.2024,2684624,1271723
102540991,10018172,502001123,Hauffeld,9.2,8455 Rüdlingen,2938,SH,real,False,23.07.2024,2685318,1270573
102540992,10178599,502001144,Grabenstrasse,8.1,8455 Rüdlingen,2938,SH,real,False,23.07.2024,2684684,1270595
102540993,10018174,502001096,Im hinderen Chapf,6.1,8455 Rüdlingen,2938,SH,real,False,23.07.2024,2684965,1270209
102540994,10018167,502001188,Berghof,1.2,8455 Rüdlingen,2938,SH,real,False,23.07.2024,2684570,1271663
102540995,10206076,502001122,Hinterdorfstrasse,15.1,8455 Rüdlingen,2938,SH,real,False,23.07.2024,2685298,1270312
102540996,10178599,502001143,Grabenstrasse,9.1,8455 Rüdlingen,2938,SH,real,False,23.07.2024,2684707,1270628
102540997,10018175,502001095,Im oberen Chapf,1.1,8455 Rüdlingen,2938,SH,real,False,23.07.2024,2684409,1271184
102540998,10018167,502001187,Berghof,1.3,8455 Rüdlingen,2938,SH,real,False,23.07.2024,2684450,1271987
102540999,10206076,502001121,Hinterdorfstrasse,17.1,8455 Rüdlingen,2938,SH,real,False,23.07.2024,2685280,1270268
102541000,10206082,502001142,Grütstrasse,14.1,8455 Rüdlingen,2938,SH,real,False,23.07.2024,2684864,1270685
102541001,10018175,502001094,Im oberen Chapf,1.2,8455 Rüdlingen,2938,SH,real,False,23.07.2024,2684373,1271188
102541002,10206065,502001186,Buchbergerstrasse,2.1,8455 Rüdlingen,2938,SH,real,False,23.07.2024,2684572,1270694
102541003,10206076,502001120,Hinterdorfstrasse,17.2,8455 Rüdlingen,2938,SH,real,False,23.07.2024,2685280,1270260
102541004,10206067,502001141,Grütweg,1.1,8455 Rüdlingen,2938,SH,real,False,23.07.2024,2684743,1270603
102541005,10018175,502001093,Im oberen Chapf,6.1,8455 Rüdlingen,2938,SH,real,False,23.07.2024,2684964,1270170
102541006,10206065,502001181,Buchbergerstrasse,2.2,8455 Rüdlingen,2938,SH,real,False,23.07.2024,2684486,1270734
102541007,10206076,502001119,Hinterdorfstrasse,18.1,8455 Rüdlingen,2938,SH,real,False,23.07.2024,2685223,1270214
102541008,10206067,502001140,Grütweg,1.2,8455 Rüdlingen,2938,SH,real,False,23.07.2024,2684735,1270626
102541009,10018175,502001092,Im oberen Chapf,6.2,8455 Rüdlingen,2938,SH,real,False,23.07.2024,2684932,1270126
102541010,10206065,502001185,Buchbergerstrasse,3.1,8455 Rüdlingen,2938,SH,real,False,23.07.2024,2684528,1270644
102541011,10206076,502001118,Hinterdorfstrasse,18.2,8455 Rüdlingen,2938,SH,real,False,23.07.2024,2685202,1270211
102541012,10206067,502001139,Grütweg,11.1,8455 Rüdlingen,2938,SH,real,False,23.07.2024,2684759,1270695
102541013,10018175,502001091,Im oberen Chapf,6.3,8455 Rüdlingen,2938,SH,real,False,23.07.2024,2684891,1269981
102541014,10206065,502001184,Buchbergerstrasse,7.1,8455 Rüdlingen,2938,SH,real,False,23.07.2024,2684457,1270655
102541015,10206076,502001117,Hinterdorfstrasse,20.1,8455 Rüdlingen,2938,SH,real,False,23.07.2024,2685225,1270202
102541016,10206067,502001138,Grütweg,5.1,8455 Rüdlingen,2938,SH,real,False,23.07.2024,2684766,1270657
102541017,10186344,502001090,Im underen Chapf,12.1,8455 Rüdlingen,2938,SH,real,False,23.07.2024,2685017,1270231
102541019,10206076,502001116,Hinterdorfstrasse,24.1,8455 Rüdlingen,2938,SH,real,False,23.07.2024,2685227,1270145
102541020,10086464,502001048,Schuelgässli,8.1,8455 Rüdlingen,2938,SH,real,False,23.07.2024,2685227,1270295
102541021,10186344,502001089,Im underen Chapf,2.1,8455 Rüdlingen,2938,SH,real,False,23.07.2024,2684956,1270279
102541022,10206076,502001115,Hinterdorfstrasse,24.2,8455 Rüdlingen,2938,SH,real,False,23.07.2024,2685216,1270175
102541023,10206065,502001182,Buchbergerstrasse,7.3,8455 Rüdlingen,2938,SH,real,False,23.07.2024,2684431,1270685
102541024,10086464,502001047,Schuelgässli,8.2,8455 Rüdlingen,2938,SH,real,False,23.07.2024,2685210,1270287
102541025,10212453,502001088,Chilchenweg,,8455 Rüdlingen,2938,SH,real,False,23.07.2024,2684886,1270188
102541026,10206076,502001114,Hinterdorfstrasse,27.1,8455 Rüdlingen,2938,SH,real,False,23.07.2024,2685250,1270159
102541027,10206073,502001180,Bungertstrasse,4.1,8455 Rüdlingen,2938,SH,real,False,23.07.2024,2685290,1270627
102541028,10136939,502001046,Schuelwegli,137.2,8455 Rüdlingen,2938,SH,real,False,23.07.2024,2685160,1270257
102541029,10118358,502001087,Im vorderen Chapf,11.1,8455 Rüdlingen,2938,SH,real,False,23.07.2024,2684807,1270289
102541030,10206076,502001113,Hinterdorfstrasse,35.1,8455 Rüdlingen,2938,SH,real,False,23.07.2024,2685224,1270083
102541031,10212460,502001135,Gyrengrüebli,1.2,8455 Rüdlingen,2938,SH,real,False,23.07.2024,2685489,1270711
102541032,10054992,502001045,Schöne Rai,1.1,8455 Rüdlingen,2938,SH,real,False,23.07.2024,2684995,1272222
102541033,10118358,502001086,Im vorderen Chapf,16.1,8455 Rüdlingen,2938,SH,real,False,23.07.2024,2684780,1270435
102541034,10019265,502001193,Tiefenweg,1.6,8455 Rüdlingen,2938,SH,real,False,23.07.2024,2685510,1271582
102541035,10212460,502001134,Gyrengrüebli,1.3,8455 Rüdlingen,2938,SH,real,False,23.07.2024,2685404,1270837
102541036,10178601,502001044,Sondergehr,1.1,8455 Rüdlingen,2938,SH,real,False,23.07.2024,2685629,1271984
102541037,10118358,502001085,Im vorderen Chapf,7.1,8455 Rüdlingen,2938,SH,real,False,23.07.2024,2684868,1270257
102541038,10019265,502001192,Tiefenweg,1.7,8455 Rüdlingen,2938,SH,real,False,23.07.2024,2685514,1271684
102541039,10073014,502001133,Haselgass,19.1,8455 Rüdlingen,2938,SH,real,False,23.07.2024,2685375,1270476
102541040,10206079,502001043,Steinenkreuzstrasse,8.1,8455 Rüdlingen,2938,SH,real,False,23.07.2024,2684604,1270717
102541041,10118358,502001084,Im vorderen Chapf,7.2,8455 Rüdlingen,2938,SH,real,False,23.07.2024,2684844,1270241
102541042,10018169,502001156,Egg,1.1,8455 Rüdlingen,2938,SH,real,False,23.07.2024,2686250,1272368
102541043,10073014,502001132,Haselgass,21.1,8455 Rüdlingen,2938,SH,real,False,23.07.2024,2685374,1270469
102541044,10206079,502001042,Steinenkreuzstrasse,8,8455 Rüdlingen,2938,SH,real,False,23.07.2024,2684624,1270714
102541045,10206077,502001083,In jungen Eichen,1.1,8455 Rüdlingen,2938,SH,real,False,23.07.2024,2684577,1271269
102541046,10018169,502001155,Egg,1.2,8455 Rüdlingen,2938,SH,real,False,23.07.2024,2685803,1271974
102541047,10073014,502001131,Haselgass,3.1,8455 Rüdlingen,2938,SH,real,False,23.07.2024,2685320,1270476
102541048,10206079,502001041,Steinenkreuzstrasse,112.2,8455 Rüdlingen,2938,SH,real,False,23.07.2024,2684561,1270860
102541049,10073016,502001081,Mühlehalde,1.1,8455 Rüdlingen,2938,SH,real,False,23.07.2024,2685051,1269737
102541050,10018170,502001154,Egghof,1.1,8455 Rüdlingen,2938,SH,real,False,23.07.2024,2686308,1272757
102541051,10118143,502001174,Chapfstrasse,32.1,8455 Rüdlingen,2938,SH,real,False,23.07.2024,2684997,1270267
102541052,10206079,502001040,Steinenkreuzstrasse,15.1,8455 Rüdlingen,2938,SH,real,False,23.07.2024,2684551,1270877
102541053,10073016,502001080,Mühlehalde,1.2,8455 Rüdlingen,2938,SH,real,False,23.07.2024,2685111,1269754
102541054,10206084,502001173,Sustenstrasse,2.2,8455 Rüdlingen,2938,SH,real,False,23.07.2024,2685090,1270214
102541055,10018170,502001153,Egghof,99.2,8455 Rüdlingen,2938,SH,real,False,23.07.2024,2686336,1272781
102541056,10206079,502001039,Steinenkreuzstrasse,2.1,8455 Rüdlingen,2938,SH,real,False,23.07.2024,2684594,1270666
102541057,10073016,502001079,Mühlehalde,1.3,8455 Rüdlingen,2938,SH,real,False,23.07.2024,2685131,1269776
102541058,10054991,502001172,Chatzensteig,1.1,8455 Rüdlingen,2938,SH,real,False,23.07.2024,2685093,1270529
102541059,10018170,502001152,Egghof,99.3,8455 Rüdlingen,2938,SH,real,False,23.07.2024,2686491,1272876
102541060,10206079,502001038,Steinenkreuzstrasse,3.1,8455 Rüdlingen,2938,SH,real,False,23.07.2024,2684558,1270743
102541061,10178598,502001148,Eichacker,1.2,8455 Rüdlingen,2938,SH,real,False,23.07.2024,2683460,1271070
102541062,10206066,502001171,Chratzerenstrasse,6.1,8455 Rüdlingen,2938,SH,real,False,23.07.2024,2685369,1270219
102541063,10018170,502001151,Egghof,99.4,8455 Rüdlingen,2938,SH,real,False,23.07.2024,2686665,1272926
102541064,10206079,502001037,Steinenkreuzstrasse,3.2,8455 Rüdlingen,2938,SH,real,False,23.07.2024,2684656,1270722
102541065,10205631,502001059,Sandgrubenstrasse,2.1,8455 Rüdlingen,2938,SH,real,False,23.07.2024,2684850,1271377
102541066,10206066,502001170,Chratzerenstrasse,6.2,8455 Rüdlingen,2938,SH,real,False,23.07.2024,2685379,1270199
102541067,10206079,502001036,Steinenkreuzstrasse,4.1,8455 Rüdlingen,2938,SH,real,False,23.07.2024,2684622,1270676
102541068,10018170,502001150,Egghof,99.5,8455 Rüdlingen,2938,SH,real,False,23.07.2024,2686842,1273194
102541069,10205631,502001058,Sandgrubenstrasse,20.1,8455 Rüdlingen,2938,SH,real,False,23.07.2024,2684850,1271314
102541070,10206066,502001169,Chratzerenstrasse,6.3,8455 Rüdlingen,2938,SH,real,False,23.07.2024,2685386,1270197
102541071,10206079,502001035,Steinenkreuzstrasse,5.1,8455 Rüdlingen,2938,SH,real,False,23.07.2024,2684571,1270796
102541072,10178598,502001149,Eichacker,1.1,8455 Rüdlingen,2938,SH,real,False,23.07.2024,2683654,1271069
102541073,10205631,502001057,Sandgrubenstrasse,4.1,8455 Rüdlingen,2938,SH,real,False,23.07.2024,2684859,1271403
102541074,10206079,502001034,Steinenkreuzstrasse,7.1,8455 Rüdlingen,2938,SH,real,False,23.07.2024,2684554,1270801
102541075,10205628,502001168,Dorfstrasse,1.1,8455 Rüdlingen,2938,SH,real,False,23.07.2024,2685136,1270793
102541076,10073016,502001078,Mühlehalde,2.1,8455 Rüdlingen,2938,SH,real,False,23.07.2024,2685053,1269626
102541077,10205631,502001056,Sandgrubenstrasse,56.1,8455 Rüdlingen,2938,SH,real,False,23.07.2024,2684861,1271163
102541078,10206071,502001033,Steinenkreuzweg,1.1,8455 Rüdlingen,2938,SH,real,False,23.07.2024,2684576,1270605
102541079,10205628,502001167,Dorfstrasse,4,8455 Rüdlingen,2938,SH,real,False,23.07.2024,2685169,1270686
102541080,10018180,502001055,Schmittengass,3.1,8455 Rüdlingen,2938,SH,real,False,23.07.2024,2685288,1270164
102541081,10091266,502001077,Nackerstrasse,1.1,8455 Rüdlingen,2938,SH,real,False,23.07.2024,2684967,1271948
102541082,10205628,502001166,Dorfstrasse,14.1,8455 Rüdlingen,2938,SH,real,False,23.07.2024,2685232,1270541
102541083,10206071,502001032,Steinenkreuzweg,1.2,8455 Rüdlingen,2938,SH,real,False,23.07.2024,2684562,1270608
102541084,10091266,502001076,Nackerstrasse,1.2,8455 Rüdlingen,2938,SH,real,False,23.07.2024,2684935,1271954
102541085,10018180,502001054,Schmittengass,3.2,8455 Rüdlingen,2938,SH,real,False,23.07.2024,2685273,1270140
102541086,10205628,502001165,Dorfstrasse,18b,8455 Rüdlingen,2938,SH,real,True,25.07.2024,2685259,1270423
102541087,10206071,502001031,Steinenkreuzweg,5.1,8455 Rüdlingen,2938,SH,real,False,23.07.2024,2684537,1270597
102541088,10091266,502001075,Nackerstrasse,3.1,8455 Rüdlingen,2938,SH,real,False,23.07.2024,2684994,1272021
102541089,10018180,502001053,Schmittengass,5.1,8455 Rüdlingen,2938,SH,real,False,23.07.2024,2685297,1270160
102541090,10206071,502001030,Steinenkreuzweg,5.2,8455 Rüdlingen,2938,SH,real,False,23.07.2024,2684500,1270631
102541091,10205628,502001164,Dorfstrasse,21.1,8455 Rüdlingen,2938,SH,real,False,23.07.2024,2685272,1270526
102541092,10018180,502001052,Schmittengass,7.1,8455 Rüdlingen,2938,SH,real,False,23.07.2024,2685291,1270156
102541093,10091266,502001074,Nackerstrasse,5.1,8455 Rüdlingen,2938,SH,real,False,23.07.2024,2684953,1272081
102541094,10206084,502001029,Sustenstrasse,2.1,8455 Rüdlingen,2938,SH,real,False,23.07.2024,2685091,1270243
102541095,10205628,502001163,Dorfstrasse,27.1,8455 Rüdlingen,2938,SH,real,False,23.07.2024,2685302,1270415
102541096,10205630,502001073,Oberdorfweg,2.1,8455 Rüdlingen,2938,SH,real,False,23.07.2024,2685238,1270414
102541097,10086464,502001051,Schuelgässli,5.1,8455 Rüdlingen,2938,SH,real,False,23.07.2024,2685255,1270279
102541098,10019265,502001028,Tiefenweg,1.1,8455 Rüdlingen,2938,SH,real,False,23.07.2024,2685007,1271291
102541099,10205628,502001162,Dorfstrasse,29.1,8455 Rüdlingen,2938,SH,real,False,23.07.2024,2685309,1270402
102541100,10205630,502001072,Oberdorfweg,2.2,8455 Rüdlingen,2938,SH,real,False,23.07.2024,2685227,1270418
102541101,10086464,502001050,Schuelgässli,5.2,8455 Rüdlingen,2938,SH,real,False,23.07.2024,2685260,1270253
102541102,10019265,502001027,Tiefenweg,1.2,8455 Rüdlingen,2938,SH,real,False,23.07.2024,2685207,1271081
102541103,10205628,502001161,Dorfstrasse,29.2,8455 Rüdlingen,2938,SH,real,False,23.07.2024,2685312,1270384
102541104,10205630,502001071,Oberdorfweg,4.1,8455 Rüdlingen,2938,SH,real,False,23.07.2024,2685175,1270405
102541105,10086464,502001049,Schuelgässli,5.3,8455 Rüdlingen,2938,SH,real,False,23.07.2024,2685255,1270246
102541106,10019265,502001026,Tiefenweg,1.3,8455 Rüdlingen,2938,SH,real,False,23.07.2024,2685342,1271404
102541107,10205628,502001160,Dorfstrasse,3.1,8455 Rüdlingen,2938,SH,real,False,23.07.2024,2685126,1270762
102541108,10206083,502001070,Obere Rebbergstrasse,1.1,8455 Rüdlingen,2938,SH,real,False,23.07.2024,2685082,1270401
102541109,10206067,502001137,Grütweg,9.1,8455 Rüdlingen,2938,SH,real,False,23.07.2024,2684760,1270700
102541110,10019265,502001025,Tiefenweg,1.4,8455 Rüdlingen,2938,SH,real,False,23.07.2024,2685403,1271406
102541111,10205628,502001159,Dorfstrasse,33.1,8455 Rüdlingen,2938,SH,real,False,23.07.2024,2685414,1270492
102541112,10206083,502001069,Obere Rebbergstrasse,1.2,8455 Rüdlingen,2938,SH,real,False,23.07.2024,2685115,1270454
102541113,10212460,502001136,Gyrengrüebli,1.1,8455 Rüdlingen,2938,SH,real,False,23.07.2024,2685502,1270735
102541114,10019265,502001194,Tiefenweg,1.5,8455 Rüdlingen,2938,SH,real,False,23.07.2024,2685151,1271629
102541115,10205628,502001158,Dorfstrasse,6.1,8455 Rüdlingen,2938,SH,real,False,23.07.2024,2685175,1270673
102541116,10206073,502001179,Bungertstrasse,4.2,8455 Rüdlingen,2938,SH,real,False,23.07.2024,2685301,1270615
102541117,10018178,502001068,Rafzerstrasse,1.1,8455 Rüdlingen,2938,SH,real,False,23.07.2024,2684968,1271369
102541118,10206076,502001112,Hinterdorfstrasse,4.1,8455 Rüdlingen,2938,SH,real,False,23.07.2024,2685261,1270417
102541119,10205628,502001157,Dorfstrasse,8.1,8455 Rüdlingen,2938,SH,real,False,23.07.2024,2685194,1270630
102541120,10206076,502001111,Hinterdorfstrasse,4.2,8455 Rüdlingen,2938,SH,real,False,23.07.2024,2685225,1270443
102541121,10206074,502001178,Bungertweg,4.1,8455 Rüdlingen,2938,SH,real,False,23.07.2024,2685249,1270679
102541122,10018178,502001067,Rafzerstrasse,2.2,8455 Rüdlingen,2938,SH,real,False,23.07.2024,2684944,1271450
102541123,10073020,502001024,Underem Förlibuck,16.1,8455 Rüdlingen,2938,SH,real,False,23.07.2024,2684808,1270259
102541124,10206076,502001110,Hinterdorfstrasse,43.1,8455 Rüdlingen,2938,SH,real,False,23.07.2024,2685214,1270056
102541125,10206074,502001177,Bungertweg,6.1,8455 Rüdlingen,2938,SH,real,False,23.07.2024,2685321,1270660
102541126,10206070,502001066,Sandgrubenhalde,1.1,8455 Rüdlingen,2938,SH,real,False,23.07.2024,2684874,1271424
102541127,10206076,502001108,Hinterdorfstrasse,45.1,8455 Rüdlingen,2938,SH,real,False,23.07.2024,2685215,1270012
102541128,10118143,502001176,Chapfstrasse,24.1,8455 Rüdlingen,2938,SH,real,False,23.07.2024,2684891,1270297
102541129,10206076,502001109,Hinterdorfstrasse,43.2,8455 Rüdlingen,2938,SH,real,False,23.07.2024,2685216,1270059
102541130,10206070,502001065,Sandgrubenhalde,10.1,8455 Rüdlingen,2938,SH,real,False,23.07.2024,2684866,1271501
102541131,10206076,502001107,Hinterdorfstrasse,45.2,8455 Rüdlingen,2938,SH,real,False,23.07.2024,2685162,1269946
102541132,10206064,502001023,Untere Rebbergstrasse,3.1,8455 Rüdlingen,2938,SH,real,False,23.07.2024,2685168,1270387
102541133,10118143,502001175,Chapfstrasse,28.1,8455 Rüdlingen,2938,SH,real,False,23.07.2024,2684951,1270294
102541134,10206070,502001064,Sandgrubenhalde,11.1,8455 Rüdlingen,2938,SH,real,False,23.07.2024,2684855,1271477
102541135,10206076,502001106,Hinterdorfstrasse,45.3,8455 Rüdlingen,2938,SH,real,False,23.07.2024,2685162,1269937
102541136,10206064,502001022,Untere Rebbergstrasse,3.2,8455 Rüdlingen,2938,SH,real,False,23.07.2024,2685176,1270388
102541138,10206070,502001063,Sandgrubenhalde,15.1,8455 Rüdlingen,2938,SH,real,False,23.07.2024,2684855,1271495
102541139,10205629,502001105,Hinterdorfweg,1.1,8455 Rüdlingen,2938,SH,real,False,23.07.2024,2685293,1270184
102541140,10206064,502001021,Untere Rebbergstrasse,3.3,8455 Rüdlingen,2938,SH,real,False,23.07.2024,2685136,1270399
102541141,10206070,502001062,Sandgrubenhalde,2.1,8455 Rüdlingen,2938,SH,real,False,23.07.2024,2684865,1271445
102541142,10018172,502001129,Hauffeld,2.1,8455 Rüdlingen,2938,SH,real,False,23.07.2024,2685328,1270516
102541144,10206070,502001061,Sandgrubenhalde,3.1,8455 Rüdlingen,2938,SH,real,False,23.07.2024,2684839,1271428
102541145,10206072,502001020,Vogelsandweg,4.1,8455 Rüdlingen,2938,SH,real,False,23.07.2024,2684897,1270577
102541146,10018172,502001128,Hauffeld,2.2,8455 Rüdlingen,2938,SH,real,False,23.07.2024,2685345,1270518
102541147,10206081,502001190,Ausserdorfstrasse,6.1,8455 Rüdlingen,2938,SH,real,False,23.07.2024,2685236,1270693
102541148,10073015,502001019,Woog,2.1,8455 Rüdlingen,2938,SH,real,False,23.07.2024,2685642,1270528
102541149,10205631,502001060,Sandgrubenstrasse,15.1,8455 Rüdlingen,2938,SH,real,False,23.07.2024,2684924,1271202
102541150,10018172,502001127,Hauffeld,3.1,8455 Rüdlingen,2938,SH,real,False,23.07.2024,2685286,1270510
102541151,10073015,502001018,Woog,2.2,8455 Rüdlingen,2938,SH,real,False,23.07.2024,2685757,1270497
102541152,10206068,502001104,Im Hinterhöfli,10.1,8455 Rüdlingen,2938,SH,real,False,23.07.2024,2685285,1270134
102541153,10073015,502001017,Woog,2.3,8455 Rüdlingen,2938,SH,real,False,23.07.2024,2685807,1270372
102541154,10073015,502001016,Woog,6.1,8455 Rüdlingen,2938,SH,real,False,23.07.2024,2685560,1270663
102541272,10019291,190628761,Ebnatstrasse,150,8207 Schaffhausen,2939,SH,real,True,15.11.2024,2691526,1285570
102541600,10143282,191838177,Sonnenburgweg,8,8215 Hallau,2971,SH,real,True,15.11.2024,2676583,1282968
102541871,10091244,191838676,Badische Bahnhofstrasse,18.6,8212 Neuhausen am Rheinfall,2937,SH,real,True,23.07.2024,2688223,1281943
102541876,10212537,191838734,Rheinquai,2329,8212 Neuhausen am Rheinfall,2937,SH,real,True,23.07.2024,2688829,1281301
102541881,10128757,191838757,Badstrasse,1.1,8212 Neuhausen am Rheinfall,2937,SH,real,True,23.07.2024,2688697,1281652
102541882,10128757,191838758,Badstrasse,1.2,8212 Neuhausen am Rheinfall,2937,SH,real,True,23.07.2024,2688697,1281641
102542140,10073080,191839361,Oberdorf,17.5,8228 Beggingen,2951,SH,real,False,23.07.2024,2682585,1291308
102542158,10018156,191839434,Wippelstrasse,10,8240 Thayngen,2920,SH,real,True,15.11.2024,2693839,1289288
102542194,10087226,191839535,Wiesholz,36d,8262 Ramsen,2963,SH,real,False,23.07.2024,2704821,1285437
102542203,10210280,191839577,Nörstenweg,2,8214 Gächlingen,2901,SH,real,True,15.11.2024,2679766,1284425
102542654,10161547,191840146,Im Brand,1,8200 Schaffhausen,2939,SH,real,True,15.11.2024,2690265,1286541
102542655,10161547,191840147,Im Brand,3,8200 Schaffhausen,2939,SH,real,True,15.11.2024,2690260,1286554
102542656,10161547,191840148,Im Brand,3a,8200 Schaffhausen,2939,SH,real,True,15.11.2024,2690258,1286555
102542669,10026342,191840161,Hauptstrasse,11a,8224 Löhningen,2903,SH,real,True,15.11.2024,2683822,1284018
102542858,10105350,191840747,Biberweg,4,8263 Buch SH,2961,SH,real,True,15.11.2024,2701024,1286103
102543655,10120397,502001433,Haldenweg,24.1,8224 Löhningen,2903,SH,real,False,23.07.2024,2683984,1284184
102543656,10068431,502001358,Kloster,8.2,8224 Löhningen,2903,SH,real,False,23.07.2024,2683600,1283755
102543657,10171868,502001283,Schmörletblick,10.2,8224 Löhningen,2903,SH,real,False,23.07.2024,2683350,1284025
102543659,10120397,502001434,Haldenweg,20.1,8224 Löhningen,2903,SH,real,False,23.07.2024,2683926,1284205
102543660,10068431,502001359,Kloster,8.1,8224 Löhningen,2903,SH,real,False,23.07.2024,2683592,1283768
102543661,10171868,502001284,Schmörletblick,10.1,8224 Löhningen,2903,SH,real,False,23.07.2024,2683359,1284022
102543662,10058716,502001209,Winkel,15.1,8224 Löhningen,2903,SH,real,False,23.07.2024,2683502,1283892
102543663,10120397,502001435,Haldenweg,18.1,8224 Löhningen,2903,SH,real,False,23.07.2024,2683923,1284209
102543664,10068431,502001360,Kloster,3.1,8224 Löhningen,2903,SH,real,False,23.07.2024,2683641,1283758
102543665,10027495,502001285,Schmerlatstrasse,303.6,8224 Löhningen,2903,SH,real,False,23.07.2024,2682849,1283335
102543666,10171416,502001210,Wiideblick,8.1,8224 Löhningen,2903,SH,real,False,23.07.2024,2683322,1284116
102543668,10068431,502001361,Kloster,14.3,8224 Löhningen,2903,SH,real,False,23.07.2024,2683686,1283654
102543669,10027495,502001286,Schmerlatstrasse,303.5,8224 Löhningen,2903,SH,real,False,23.07.2024,2682848,1283329
102543670,10171416,502001211,Wiideblick,14.1,8224 Löhningen,2903,SH,real,False,23.07.2024,2683428,1284108
102543671,10120397,502001437,Haldenweg,12c.1,8224 Löhningen,2903,SH,real,False,23.07.2024,2683807,1284264
102543672,10068431,502001362,Kloster,14.2,8224 Löhningen,2903,SH,real,False,23.07.2024,2683672,1283654
102543673,10120397,502001438,Haldenweg,12b.1,8224 Löhningen,2903,SH,real,False,23.07.2024,2683762,1284267
102543675,10027495,502001287,Schmerlatstrasse,303.4,8224 Löhningen,2903,SH,real,False,23.07.2024,2682917,1283248
102543676,10068431,502001363,Kloster,14.1,8224 Löhningen,2903,SH,real,False,23.07.2024,2683657,1283729
102543677,10120397,502001439,Haldenweg,11.1,8224 Löhningen,2903,SH,real,False,23.07.2024,2683802,1284349
102543678,10171416,502001213,Wiideblick,12.1,8224 Löhningen,2903,SH,real,False,23.07.2024,2683402,1284103
102543679,10027495,502001288,Schmerlatstrasse,303.3,8224 Löhningen,2903,SH,real,False,23.07.2024,2682907,1283236
102543680,10068431,502001364,Kloster,12.4,8224 Löhningen,2903,SH,real,False,23.07.2024,2683555,1283755
102543681,10120397,502001440,Haldenweg,10.1,8224 Löhningen,2903,SH,real,False,23.07.2024,2683760,1284277
102543682,10027495,502001289,Schmerlatstrasse,303.2,8224 Löhningen,2903,SH,real,False,23.07.2024,2682897,1283229
102543683,10171416,502001214,Wiideblick,10.1,8224 Löhningen,2903,SH,real,False,23.07.2024,2683352,1284113
102543684,10068431,502001365,Kloster,12.3,8224 Löhningen,2903,SH,real,False,23.07.2024,2683555,1283759
102543685,10054968,502001441,Grosswies,295.6,8224 Löhningen,2903,SH,real,False,23.07.2024,2682780,1283495
102543686,10027495,502001290,Schmerlatstrasse,303.1,8224 Löhningen,2903,SH,real,False,23.07.2024,2682863,1283212
102543687,10027498,502001215,Weinbergstrasse,5.3,8224 Löhningen,2903,SH,real,False,23.07.2024,2683865,1284075
102543688,10068431,502001366,Kloster,12.2,8224 Löhningen,2903,SH,real,False,23.07.2024,2683554,1283762
102543689,10054968,502001442,Grosswies,295.5,8224 Löhningen,2903,SH,real,False,23.07.2024,2682799,1283576
102543690,10027498,502001216,Weinbergstrasse,5.2,8224 Löhningen,2903,SH,real,False,23.07.2024,2683852,1284085
102543691,10252439,502001291,Langstuck,226.2,8224 Löhningen,2903,SH,real,False,23.07.2024,2683414,1283426
102543692,10068431,502001367,Kloster,12.1,8224 Löhningen,2903,SH,real,False,23.07.2024,2683554,1283766
102543693,10054968,502001443,Grosswies,295.4,8224 Löhningen,2903,SH,real,False,23.07.2024,2682784,1283585
102543694,10027498,502001217,Weinbergstrasse,5.1,8224 Löhningen,2903,SH,real,False,23.07.2024,2683862,1284096
102543695,10091169,502001368,Kleintalstrasse,5.2,8224 Löhningen,2903,SH,real,False,23.07.2024,2683737,1284061
102543696,10252439,502001292,Langstuck,226,8224 Löhningen,2903,SH,real,False,23.07.2024,2683400,1283400
102543697,10054968,502001444,Grosswies,295.3,8224 Löhningen,2903,SH,real,False,23.07.2024,2682786,1283581
102543698,10027498,502001218,Weinbergstrasse,17.1,8224 Löhningen,2903,SH,real,False,23.07.2024,2683857,1284217
102543699,10252439,502001293,Langstuck,226.1,8224 Löhningen,2903,SH,real,False,23.07.2024,2683416,1283378
102543700,10091169,502001369,Kleintalstrasse,5.1,8224 Löhningen,2903,SH,real,False,23.07.2024,2683748,1284071
102543701,10054968,502001445,Grosswies,295.2,8224 Löhningen,2903,SH,real,False,23.07.2024,2682780,1283583
102543702,10174098,502001219,Underdoorf,7.1,8224 Löhningen,2903,SH,real,False,23.07.2024,2683747,1283942
102543703,10091168,502001370,Kirchweg,122.3,8224 Löhningen,2903,SH,real,False,23.07.2024,2683791,1283104
102543704,10103869,502001294,Rütistrasse,10.1,8224 Löhningen,2903,SH,real,False,23.07.2024,2683073,1284263
102543705,10054968,502001446,Grosswies,295.1,8224 Löhningen,2903,SH,real,False,23.07.2024,2682782,1283579
102543706,10174098,502001220,Underdoorf,6.1,8224 Löhningen,2903,SH,real,False,23.07.2024,2683726,1283877
102543707,10068429,502001447,Goldackerweg,33.2,8224 Löhningen,2903,SH,real,False,23.07.2024,2683322,1283734
102543708,10091168,502001371,Kirchweg,122.2,8224 Löhningen,2903,SH,real,False,23.07.2024,2683873,1283102
102543709,10091171,502001295,Rössligasse,9.1,8224 Löhningen,2903,SH,real,False,23.07.2024,2683648,1284059
102543710,10174098,502001221,Underdoorf,5.1,8224 Löhningen,2903,SH,real,False,23.07.2024,2683744,1283942
102543711,10068429,502001448,Goldackerweg,33.1,8224 Löhningen,2903,SH,real,False,23.07.2024,2683320,1283714
102543712,10091168,502001372,Kirchweg,122.1,8224 Löhningen,2903,SH,real,False,23.07.2024,2683878,1283133
102543713,10091171,502001296,Rössligasse,6.2,8224 Löhningen,2903,SH,real,False,23.07.2024,2683694,1284074
102543714,10185467,502001222,Töpferweg,8.1,8224 Löhningen,2903,SH,real,False,23.07.2024,2683478,1284081
102543715,10068429,502001449,Goldackerweg,20.2,8224 Löhningen,2903,SH,real,False,23.07.2024,2683456,1283832
102543716,10026344,502001373,Industriestrasse,4.3,8224 Löhningen,2903,SH,real,False,23.07.2024,2683126,1283960
102543717,10091171,502001297,Rössligasse,6.1,8224 Löhningen,2903,SH,real,False,23.07.2024,2683684,1284048
102543718,10185467,502001223,Töpferweg,4.1,8224 Löhningen,2903,SH,real,False,23.07.2024,2683462,1284036
102543719,10068429,502001450,Goldackerweg,20.1,8224 Löhningen,2903,SH,real,False,23.07.2024,2683449,1283812
102543720,10026344,502001374,Industriestrasse,4.2,8224 Löhningen,2903,SH,real,False,23.07.2024,2683144,1283958
102543721,10091171,502001298,Rössligasse,52.1,8224 Löhningen,2903,SH,real,False,23.07.2024,2683657,1284345
102543722,10186332,502001224,Talhof,103.4,8224 Löhningen,2903,SH,real,False,23.07.2024,2683727,1284704
102543723,10026344,502001375,Industriestrasse,4.1,8224 Löhningen,2903,SH,real,False,23.07.2024,2683218,1283960
102543724,10068429,502001451,Goldackerweg,17.1,8224 Löhningen,2903,SH,real,False,23.07.2024,2683500,1283765
102543726,10186332,502001225,Talhof,103.3,8224 Löhningen,2903,SH,real,False,23.07.2024,2683701,1284763
102543727,10068429,502001452,Goldackerweg,15.1,8224 Löhningen,2903,SH,real,False,23.07.2024,2683477,1283799
102543728,10026344,502001376,Industriestrasse,17.1,8224 Löhningen,2903,SH,real,False,23.07.2024,2683281,1283796
102543729,10091171,502001300,Rössligasse,5.1,8224 Löhningen,2903,SH,real,False,23.07.2024,2683653,1284058
102543730,10186332,502001226,Talhof,103.2,8224 Löhningen,2903,SH,real,False,23.07.2024,2683527,1284736
102543731,10026341,502001453,Gehr,1.2,8224 Löhningen,2903,SH,real,False,23.07.2024,2683458,1284756
102543732,10026344,502001377,Industriestrasse,13.1,8224 Löhningen,2903,SH,real,False,19.11.2024,2683274,1283827
102543733,10091171,502001301,Rössligasse,46.5,8224 Löhningen,2903,SH,real,False,23.07.2024,2683710,1284238
102543734,10186332,502001227,Talhof,103.1,8224 Löhningen,2903,SH,real,False,23.07.2024,2683566,1284738
102543735,10026341,502001454,Gehr,1.1,8224 Löhningen,2903,SH,real,False,23.07.2024,2683386,1284696
102543736,10194239,502001378,Im Gwerb,6.1,8224 Löhningen,2903,SH,real,False,23.07.2024,2683341,1283818
102543737,10091171,502001302,Rössligasse,46.4,8224 Löhningen,2903,SH,real,False,23.07.2024,2683707,1284236
102543738,10091173,502001228,Strasshalden,34.9,8224 Löhningen,2903,SH,real,False,23.07.2024,2684508,1284381
102543739,10103868,502001379,Hügelweg,8.1,8224 Löhningen,2903,SH,real,False,23.07.2024,2683219,1284274
102543741,10091171,502001303,Rössligasse,46.3,8224 Löhningen,2903,SH,real,False,23.07.2024,2683701,1284207
102543742,10091173,502001229,Strasshalden,34.8,8224 Löhningen,2903,SH,real,False,23.07.2024,2684558,1284211
102543743,10091171,502001304,Rössligasse,46.2,8224 Löhningen,2903,SH,real,False,23.07.2024,2683687,1284244
102543744,10103868,502001380,Hügelweg,4.1,8224 Löhningen,2903,SH,real,False,23.07.2024,2683286,1284290
102543745,10091173,502001230,Strasshalden,34.7,8224 Löhningen,2903,SH,real,False,23.07.2024,2684308,1283641
102543747,10091171,502001305,Rössligasse,46.1,8224 Löhningen,2903,SH,real,False,23.07.2024,2683685,1284210
102543748,10103868,502001381,Hügelweg,3.1,8224 Löhningen,2903,SH,real,False,23.07.2024,2683276,1284230
102543749,10091173,502001231,Strasshalden,34.6,8224 Löhningen,2903,SH,real,False,23.07.2024,2684346,1283673
102543750,10091166,502001457,Fabrikstrasse,15.1,8224 Löhningen,2903,SH,real,False,23.07.2024,2683417,1283826
102543751,10091171,502001306,Rössligasse,45.1,8224 Löhningen,2903,SH,real,False,23.07.2024,2683634,1284248
102543752,10091167,502001382,Hämingblickweg,10.1,8224 Löhningen,2903,SH,real,False,23.07.2024,2683445,1284217
102543753,10091171,502001307,Rössligasse,4.1,8224 Löhningen,2903,SH,real,False,23.07.2024,2683702,1284067
102543754,10026340,502001458,Chriesiweg,9.1,8224 Löhningen,2903,SH,real,False,23.07.2024,2683827,1284153
102543755,10091173,502001232,Strasshalden,34.5,8224 Löhningen,2903,SH,real,False,23.07.2024,2684425,1283698
102543756,10185465,502001383,Hohlweg,8.1,8224 Löhningen,2903,SH,real,False,23.07.2024,2683959,1284092
102543757,10091171,502001308,Rössligasse,38.1,8224 Löhningen,2903,SH,real,False,23.07.2024,2683666,1284207
102543758,10026340,502001459,Chriesiweg,7.1,8224 Löhningen,2903,SH,real,False,23.07.2024,2683820,1284154
102543759,10091173,502001233,Strasshalden,34.4,8224 Löhningen,2903,SH,real,False,23.07.2024,2684366,1284062
102543760,10185465,502001384,Hohlweg,5.1,8224 Löhningen,2903,SH,real,False,23.07.2024,2683992,1284111
102543761,10026340,502001460,Chriesiweg,5.1,8224 Löhningen,2903,SH,real,False,23.07.2024,2683800,1284154
102543762,10091173,502001234,Strasshalden,34.3,8224 Löhningen,2903,SH,real,False,23.07.2024,2684358,1284010
102543763,10091171,502001309,Rössligasse,34.2,8224 Löhningen,2903,SH,real,False,23.07.2024,2683709,1284190
102543764,10185465,502001385,Hohlweg,4.1,8224 Löhningen,2903,SH,real,False,23.07.2024,2683932,1284114
102543765,10026340,502001461,Chriesiweg,3.1,8224 Löhningen,2903,SH,real,False,23.07.2024,2683793,1284153
102543766,10091173,502001235,Strasshalden,34.2,8224 Löhningen,2903,SH,real,False,23.07.2024,2684345,1283996
102543767,10091171,502001310,Rössligasse,34.1,8224 Löhningen,2903,SH,real,False,23.07.2024,2683700,1284189
102543768,10185465,502001386,Hohlweg,10.1,8224 Löhningen,2903,SH,real,False,23.07.2024,2684047,1284070
102543769,10026340,502001462,Chriesiweg,11.1,8224 Löhningen,2903,SH,real,False,23.07.2024,2683847,1284154
102543770,10091173,502001236,Strasshalden,34.1,8224 Löhningen,2903,SH,real,False,23.07.2024,2684348,1283933
102543771,10091171,502001311,Rössligasse,33.1,8224 Löhningen,2903,SH,real,False,23.07.2024,2683658,1284148
102543772,10185465,502001387,Hohlweg,1.1,8224 Löhningen,2903,SH,real,False,23.07.2024,2683909,1284160
102543773,10171417,502001463,Chläggiblick,4.1,8224 Löhningen,2903,SH,real,False,23.07.2024,2683334,1284164
102543774,10091173,502001237,Strasshalden,30.2,8224 Löhningen,2903,SH,real,False,23.07.2024,2684330,1284074
102543775,10026343,502001388,Herrengasse,8.1,8224 Löhningen,2903,SH,real,False,23.07.2024,2683559,1283949
102543776,10091171,502001312,Rössligasse,30.3,8224 Löhningen,2903,SH,real,False,23.07.2024,2683662,1284162
102543777,10171417,502001464,Chläggiblick,13.1,8224 Löhningen,2903,SH,real,False,23.07.2024,2683454,1284203
102543778,10091173,502001238,Strasshalden,30.1,8224 Löhningen,2903,SH,real,False,23.07.2024,2684264,1283950
102543779,10171417,502001465,Chläggiblick,11.1,8224 Löhningen,2903,SH,real,False,23.07.2024,2683403,1284187
102543780,10091173,502001239,Strasshalden,28.2,8224 Löhningen,2903,SH,real,False,23.07.2024,2684267,1284029
102543781,10091171,502001313,Rössligasse,30.2,8224 Löhningen,2903,SH,real,False,23.07.2024,2683665,1284165
102543782,10026343,502001389,Herrengasse,23.2,8224 Löhningen,2903,SH,real,False,23.07.2024,2683598,1283856
102543784,10091173,502001240,Strasshalden,28.1,8224 Löhningen,2903,SH,real,False,23.07.2024,2684257,1283955
102543785,10091171,502001314,Rössligasse,30.1,8224 Löhningen,2903,SH,real,False,23.07.2024,2683672,1284189
102543786,10026343,502001390,Herrengasse,23.1,8224 Löhningen,2903,SH,real,False,23.07.2024,2683632,1283910
102543787,10158304,502001467,Büntweg,5.2,8224 Löhningen,2903,SH,real,False,23.07.2024,2683502,1283839
102543788,10091171,502001315,Rössligasse,29.1,8224 Löhningen,2903,SH,real,False,23.07.2024,2683596,1284159
102543789,10091173,502001241,Strasshalden,26.3,8224 Löhningen,2903,SH,real,False,23.07.2024,2684188,1284038
102543790,10026343,502001391,Herrengasse,10.1,8224 Löhningen,2903,SH,real,False,23.07.2024,2683576,1283941
102543791,10158304,502001468,Büntweg,5.1,8224 Löhningen,2903,SH,real,False,23.07.2024,2683512,1283879
102543792,10091171,502001316,Rössligasse,20.4,8224 Löhningen,2903,SH,real,False,23.07.2024,2683691,1284142
102543793,10091173,502001242,Strasshalden,26.2,8224 Löhningen,2903,SH,real,False,23.07.2024,2684235,1284034
102543794,10026343,502001392,Herrengasse,1.1,8224 Löhningen,2903,SH,real,False,23.07.2024,2683601,1283979
102543795,10026339,502001469,Bühlweg,13.3,8224 Löhningen,2903,SH,real,False,23.07.2024,2683444,1283681
102543796,10091171,502001317,Rössligasse,20.3,8224 Löhningen,2903,SH,real,False,23.07.2024,2683685,1284141
102543797,10091173,502001243,Strasshalden,26.1,8224 Löhningen,2903,SH,real,False,23.07.2024,2684218,1283964
102543798,10026342,502001393,Hauptstrasse,94.2,8224 Löhningen,2903,SH,real,False,23.07.2024,2683284,1284029
102543799,10026339,502001470,Bühlweg,13.2,8224 Löhningen,2903,SH,real,False,23.07.2024,2683450,1283674
102543800,10091171,502001318,Rössligasse,20.2,8224 Löhningen,2903,SH,real,False,23.07.2024,2683659,1284143
102543801,10111803,502001244,Steimüri,8.2,8224 Löhningen,2903,SH,real,False,23.07.2024,2683184,1284202
102543802,10026342,502001394,Hauptstrasse,94.1,8224 Löhningen,2903,SH,real,False,23.07.2024,2683281,1284014
102543803,10026339,502001471,Bühlweg,13.1,8224 Löhningen,2903,SH,real,False,23.07.2024,2683457,1283664
102543804,10091171,502001319,Rössligasse,20.1,8224 Löhningen,2903,SH,real,False,23.07.2024,2683658,1284136
102543805,10111803,502001245,Steimüri,8.1,8224 Löhningen,2903,SH,real,False,23.07.2024,2683201,1284193
102543806,10026342,502001395,Hauptstrasse,93.1,8224 Löhningen,2903,SH,real,False,23.07.2024,2683297,1283952
102543807,10054967,502001472,Bärenmatt,244.3,8224 Löhningen,2903,SH,real,False,23.07.2024,2682817,1283983
102543808,10091171,502001320,Rössligasse,14.1,8224 Löhningen,2903,SH,real,False,23.07.2024,2683687,1284110
102543809,10111803,502001246,Steimüri,6b.1,8224 Löhningen,2903,SH,real,False,23.07.2024,2683223,1284187
102543810,10026342,502001396,Hauptstrasse,91.3,8224 Löhningen,2903,SH,real,False,23.07.2024,2683320,1283936
102543811,10054967,502001473,Bärenmatt,244.2,8224 Löhningen,2903,SH,real,False,23.07.2024,2682575,1283863
102543812,10091171,502001321,Rössligasse,11.1,8224 Löhningen,2903,SH,real,False,23.07.2024,2683595,1284065
102543813,10111803,502001247,Steimüri,6a.1,8224 Löhningen,2903,SH,real,False,23.07.2024,2683230,1284183
102543814,10026342,502001397,Hauptstrasse,91.2,8224 Löhningen,2903,SH,real,False,23.07.2024,2683316,1283949
102543815,10054967,502001474,Bärenmatt,244.1,8224 Löhningen,2903,SH,real,False,23.07.2024,2682598,1283893
102543816,10091171,502001322,Rössligasse,10.2,8224 Löhningen,2903,SH,real,False,23.07.2024,2683670,1284046
102543817,10027497,502001248,Stalden,8.3,8224 Löhningen,2903,SH,real,False,23.07.2024,2683792,1283741
102543818,10026338,502001475,Burg,236.4,8224 Löhningen,2903,SH,real,False,23.07.2024,2681770,1283611
102543819,10026342,502001398,Hauptstrasse,90,8224 Löhningen,2903,SH,real,True,23.07.2024,2683344,1284006
102543820,10091171,502001323,Rössligasse,10.1,8224 Löhningen,2903,SH,real,False,23.07.2024,2683668,1284105
102543821,10027497,502001249,Stalden,8.2,8224 Löhningen,2903,SH,real,False,23.07.2024,2683792,1283762
102543822,10026338,502001476,Burg,236.3,8224 Löhningen,2903,SH,real,False,23.07.2024,2681768,1283615
102543823,10026342,502001399,Hauptstrasse,84.1,8224 Löhningen,2903,SH,real,False,23.07.2024,2683410,1284020
102543824,10027493,502001324,Rebhaldenweg,8.1,8224 Löhningen,2903,SH,real,False,23.07.2024,2683850,1284195
102543825,10027497,502001250,Stalden,8.1,8224 Löhningen,2903,SH,real,False,23.07.2024,2683764,1283822
102543826,10026338,502001477,Burg,236.2,8224 Löhningen,2903,SH,real,False,23.07.2024,2681761,1283599
102543827,10026342,502001400,Hauptstrasse,82.1,8224 Löhningen,2903,SH,real,False,23.07.2024,2683438,1284023
102543828,10027493,502001325,Rebhaldenweg,7.1,8224 Löhningen,2903,SH,real,False,23.07.2024,2683807,1284238
102543829,10027497,502001251,Stalden,7.2,8224 Löhningen,2903,SH,real,False,23.07.2024,2683751,1283856
102543830,10054966,502001478,Boeler,160.6,8224 Löhningen,2903,SH,real,False,23.07.2024,2683051,1286019
102543831,10026342,502001401,Hauptstrasse,80.1,8224 Löhningen,2903,SH,real,False,23.07.2024,2683443,1284004
102543832,10027493,502001326,Rebhaldenweg,6.1,8224 Löhningen,2903,SH,real,False,23.07.2024,2683843,1284190
102543833,10027497,502001252,Stalden,7.1,8224 Löhningen,2903,SH,real,False,23.07.2024,2683782,1283856
102543834,10054966,502001479,Boeler,160.5,8224 Löhningen,2903,SH,real,False,23.07.2024,2683276,1285746
102543835,10026342,502001402,Hauptstrasse,77.1,8224 Löhningen,2903,SH,real,False,23.07.2024,2683416,1283939
102543836,10027493,502001327,Rebhaldenweg,5.1,8224 Löhningen,2903,SH,real,False,23.07.2024,2683792,1284214
102543837,10027497,502001253,Stalden,4.2,8224 Löhningen,2903,SH,real,False,23.07.2024,2683742,1283662
102543838,10054966,502001480,Boeler,160.4,8224 Löhningen,2903,SH,real,False,23.07.2024,2683261,1285712
102543839,10026342,502001403,Hauptstrasse,73.1,8224 Löhningen,2903,SH,real,False,23.07.2024,2683459,1283941
102543840,10027493,502001328,Rebhaldenweg,3.1,8224 Löhningen,2903,SH,real,False,23.07.2024,2683772,1284222
102543841,10027497,502001254,Stalden,4.1,8224 Löhningen,2903,SH,real,False,23.07.2024,2683722,1283682
102543842,10054966,502001481,Boeler,160.3,8224 Löhningen,2903,SH,real,False,23.07.2024,2683538,1284949
102543843,10026342,502001404,Hauptstrasse,6e.2,8224 Löhningen,2903,SH,real,False,23.07.2024,2683882,1284043
102543844,10027493,502001329,Rebhaldenweg,13.1,8224 Löhningen,2903,SH,real,False,23.07.2024,2683843,1284238
102543845,10026342,502001405,Hauptstrasse,6e.1,8224 Löhningen,2903,SH,real,False,23.07.2024,2683906,1284045
102543846,10027497,502001255,Stalden,26.1,8224 Löhningen,2903,SH,real,False,23.07.2024,2683908,1283978
102543847,10054966,502001482,Boeler,160.2,8224 Löhningen,2903,SH,real,False,23.07.2024,2683617,1284848
102543848,10185466,502001330,Quellenweg,5.1,8224 Löhningen,2903,SH,real,False,23.07.2024,2683383,1284385
102543849,10026342,502001406,Hauptstrasse,6a.1,8224 Löhningen,2903,SH,real,False,23.07.2024,2683933,1284034
102543850,10027497,502001256,Stalden,25.1,8224 Löhningen,2903,SH,real,False,23.07.2024,2683849,1283917
102543851,10054966,502001483,Boeler,160.1,8224 Löhningen,2903,SH,real,False,23.07.2024,2683569,1284840
102543852,10185466,502001331,Quellenweg,1.1,8224 Löhningen,2903,SH,real,False,23.07.2024,2683484,1284510
102543853,10026342,502001407,Hauptstrasse,68.1,8224 Löhningen,2903,SH,real,False,23.07.2024,2683503,1284050
102543854,10027497,502001257,Stalden,22b.1,8224 Löhningen,2903,SH,real,False,23.07.2024,2683940,1283946
102543855,10091165,502001484,Biberichweg,8a.2,8224 Löhningen,2903,SH,real,False,23.07.2024,2683776,1284597
102543856,10068433,502001332,Oberwiesen,9.1,8224 Löhningen,2903,SH,real,False,23.07.2024,2683427,1284227
102543857,10026342,502001408,Hauptstrasse,67.1,8224 Löhningen,2903,SH,real,False,23.07.2024,2683485,1283946
102543858,10027497,502001258,Stalden,21.1,8224 Löhningen,2903,SH,real,False,23.07.2024,2683877,1283974
102543859,10091165,502001485,Biberichweg,8a.1,8224 Löhningen,2903,SH,real,False,23.07.2024,2683739,1284402
102543860,10068433,502001333,Oberwiesen,11.2,8224 Löhningen,2903,SH,real,False,23.07.2024,2683360,1284263
102543861,10026342,502001409,Hauptstrasse,62.2,8224 Löhningen,2903,SH,real,False,23.07.2024,2683513,1284010
102543862,10027497,502001259,Stalden,2.1,8224 Löhningen,2903,SH,real,False,23.07.2024,2683704,1283804
102543863,10091165,502001486,Biberichweg,22.1,8224 Löhningen,2903,SH,real,False,23.07.2024,2683939,1284320
102543864,10068433,502001334,Oberwiesen,11.1,8224 Löhningen,2903,SH,real,False,23.07.2024,2683381,1284233
102543865,10026342,502001410,Hauptstrasse,62.1,8224 Löhningen,2903,SH,real,False,23.07.2024,2683503,1283987
102543866,10027497,502001260,Stalden,19.1,8224 Löhningen,2903,SH,real,False,23.07.2024,2683819,1283907
102543867,10091165,502001487,Biberichweg,20.1,8224 Löhningen,2903,SH,real,False,23.07.2024,2683847,1284343
102543868,10068433,502001335,Oberwiesen,10.1,8224 Löhningen,2903,SH,real,False,23.07.2024,2683391,1284261
102543869,10026342,502001411,Hauptstrasse,56,8224 Löhningen,2903,SH,real,True,23.07.2024,2683547,1283992
102543870,10027497,502001261,Stalden,16.1,8224 Löhningen,2903,SH,real,False,23.07.2024,2683919,1283765
102543871,10091165,502001488,Biberichweg,2.2,8224 Löhningen,2903,SH,real,False,23.07.2024,2683629,1284416
102543872,10091170,502001336,Oberdorf,8.3,8224 Löhningen,2903,SH,real,False,23.07.2024,2683627,1284205
102543873,10026342,502001412,Hauptstrasse,50.3,8224 Löhningen,2903,SH,real,False,23.07.2024,2683528,1284021
102543874,10068434,502001262,Schützengasse,8.1,8224 Löhningen,2903,SH,real,False,23.07.2024,2683588,1284074
102543875,10091165,502001489,Biberichweg,2.1,8224 Löhningen,2903,SH,real,False,23.07.2024,2683662,1284398
102543876,10091170,502001337,Oberdorf,6,8224 Löhningen,2903,SH,real,True,23.07.2024,2683604,1284207
102543877,10026342,502001413,Hauptstrasse,50.2,8224 Löhningen,2903,SH,real,False,23.07.2024,2683555,1284027
102543878,10068434,502001263,Schützengasse,40,8224 Löhningen,2903,SH,real,True,23.07.2024,2683540,1284366
102543879,10091165,502001490,Biberichweg,14.1,8224 Löhningen,2903,SH,real,False,23.07.2024,2683847,1284370
102543880,10091170,502001338,Oberdorf,8.1,8224 Löhningen,2903,SH,real,False,23.07.2024,2683587,1284210
102543881,10026342,502001414,Hauptstrasse,50.1,8224 Löhningen,2903,SH,real,False,23.07.2024,2683541,1284016
102543882,10068434,502001264,Schützengasse,38.1,8224 Löhningen,2903,SH,real,False,23.07.2024,2683526,1284335
102543883,10091165,502001491,Biberichweg,12.1,8224 Löhningen,2903,SH,real,False,23.07.2024,2683794,1284400
102543884,10091170,502001339,Oberdorf,14.2,8224 Löhningen,2903,SH,real,False,23.07.2024,2683534,1284151
102543885,10026342,502001415,Hauptstrasse,4a.3,8224 Löhningen,2903,SH,real,False,23.07.2024,2683963,1284012
102543886,10068434,502001265,Schützengasse,34.1,8224 Löhningen,2903,SH,real,False,23.07.2024,2683537,1284208
102543887,10091170,502001340,Oberdorf,14.1,8224 Löhningen,2903,SH,real,False,23.07.2024,2683541,1284185
102543888,10091165,502001492,Biberichweg,10.1,8224 Löhningen,2903,SH,real,False,23.07.2024,2683774,1284383
102543889,10026342,502001416,Hauptstrasse,4a.2,8224 Löhningen,2903,SH,real,False,23.07.2024,2683970,1284023
102543890,10068434,502001266,Schützengasse,3.1,8224 Löhningen,2903,SH,real,False,23.07.2024,2683565,1284027
102543891,10091170,502001341,Oberdorf,10.3,8224 Löhningen,2903,SH,real,False,23.07.2024,2683553,1284229
102543892,10026337,502001493,Bergheim,104.2,8224 Löhningen,2903,SH,real,False,23.07.2024,2683103,1284990
102543893,10026342,502001417,Hauptstrasse,4a.1,8224 Löhningen,2903,SH,real,False,23.07.2024,2683959,1284023
102543894,10068434,502001267,Schützengasse,29.1,8224 Löhningen,2903,SH,real,False,23.07.2024,2683479,1284195
102543895,10091170,502001342,Oberdorf,10.2,8224 Löhningen,2903,SH,real,False,23.07.2024,2683566,1284183
102543896,10026337,502001494,Bergheim,104.1,8224 Löhningen,2903,SH,real,False,23.07.2024,2683136,1284923
102543897,10026342,502001418,Hauptstrasse,45.1,8224 Löhningen,2903,SH,real,False,23.07.2024,2683586,1283952
102543898,10068434,502001268,Schützengasse,26.1,8224 Löhningen,2903,SH,real,False,23.07.2024,2683547,1284117
102543899,10091170,502001343,Oberdorf,10.1,8224 Löhningen,2903,SH,real,False,23.07.2024,2683565,1284205
102543900,10186331,502001495,Berggasse,8a.1,8224 Löhningen,2903,SH,real,False,23.07.2024,2683539,1283689
102543901,10026342,502001419,Hauptstrasse,38.1,8224 Löhningen,2903,SH,real,False,23.07.2024,2683615,1284050
102543902,10068434,502001269,Schützengasse,25.2,8224 Löhningen,2903,SH,real,False,23.07.2024,2683476,1284151
102543903,10026348,502001344,Neuweg,9.1,8224 Löhningen,2903,SH,real,False,23.07.2024,2683123,1284107
102543904,10186331,502001496,Berggasse,6.3,8224 Löhningen,2903,SH,real,False,23.07.2024,2683580,1283681
102543905,10026342,502001420,Hauptstrasse,24.1,8224 Löhningen,2903,SH,real,False,23.07.2024,2683698,1284051
102543906,10068434,502001270,Schützengasse,25.1,8224 Löhningen,2903,SH,real,False,23.07.2024,2683481,1284118
102543907,10026348,502001345,Neuweg,7.1,8224 Löhningen,2903,SH,real,False,23.07.2024,2683169,1284110
102543908,10186331,502001497,Berggasse,6.2,8224 Löhningen,2903,SH,real,False,23.07.2024,2683525,1283744
102543909,10026342,502001421,Hauptstrasse,23.1,8224 Löhningen,2903,SH,real,False,23.07.2024,2683721,1284001
102543910,10068434,502001271,Schützengasse,20.1,8224 Löhningen,2903,SH,real,False,23.07.2024,2683582,1284121
102543911,10026348,502001346,Neuweg,6.1,8224 Löhningen,2903,SH,real,False,23.07.2024,2683181,1284128
102543912,10186331,502001498,Berggasse,6.1,8224 Löhningen,2903,SH,real,False,23.07.2024,2683545,1283695
102543913,10026342,502001422,Hauptstrasse,22.1,8224 Löhningen,2903,SH,real,False,23.07.2024,2683707,1284046
102543914,10068434,502001272,Schützengasse,19.1,8224 Löhningen,2903,SH,real,False,23.07.2024,2683530,1284070
102543915,10186331,502001499,Berggasse,2.4,8224 Löhningen,2903,SH,real,False,23.07.2024,2683603,1283685
102543916,10026348,502001347,Neuweg,2.1,8224 Löhningen,2903,SH,real,False,23.07.2024,2683237,1284119
102543917,10026342,502001423,Hauptstrasse,20.1,8224 Löhningen,2903,SH,real,False,23.07.2024,2683730,1284060
102543918,10186331,502001500,Berggasse,2.3,8224 Löhningen,2903,SH,real,False,23.07.2024,2683608,1283691
102543919,10068434,502001273,Schützengasse,17.2,8224 Löhningen,2903,SH,real,False,23.07.2024,2683513,1284042
102543920,10026348,502001348,Neuweg,10.1,8224 Löhningen,2903,SH,real,False,23.07.2024,2683175,1284130
102543921,10026342,502001424,Hauptstrasse,15.4,8224 Löhningen,2903,SH,real,False,23.07.2024,2683820,1284003
102543922,10186331,502001501,Berggasse,2.2,8224 Löhningen,2903,SH,real,False,23.07.2024,2683565,1283721
102543923,10068434,502001274,Schützengasse,17.1,8224 Löhningen,2903,SH,real,False,23.07.2024,2683539,1284035
102543924,10026347,502001349,Neugrüt,247.4,8224 Löhningen,2903,SH,real,False,23.07.2024,2682481,1284817
102543925,10026342,502001425,Hauptstrasse,15.3,8224 Löhningen,2903,SH,real,False,23.07.2024,2683808,1283990
102543926,10186331,502001502,Berggasse,2.1,8224 Löhningen,2903,SH,real,False,23.07.2024,2683588,1283744
102543927,10091172,502001275,Schulgasse,28.2,8224 Löhningen,2903,SH,real,False,23.07.2024,2683668,1283820
102543928,10026347,502001350,Neugrüt,247.3,8224 Löhningen,2903,SH,real,False,23.07.2024,2682876,1284881
102543929,10026342,502001426,Hauptstrasse,15.2,8224 Löhningen,2903,SH,real,False,23.07.2024,2683762,1283978
102543930,10186331,502001503,Berggasse,12.2,8224 Löhningen,2903,SH,real,False,23.07.2024,2683556,1283662
102543931,10091172,502001276,Schulgasse,22.3,8224 Löhningen,2903,SH,real,False,23.07.2024,2683693,1283886
102543932,10026347,502001351,Neugrüt,247.2,8224 Löhningen,2903,SH,real,False,23.07.2024,2683082,1284459
102543933,10026342,502001427,Hauptstrasse,15.1,8224 Löhningen,2903,SH,real,False,23.07.2024,2683793,1283985
102543934,10186331,502001504,Berggasse,12.1,8224 Löhningen,2903,SH,real,False,23.07.2024,2683528,1283676
102543935,10068432,502001352,Lättenstrasse,27.1,8224 Löhningen,2903,SH,real,False,23.07.2024,2683282,1284301
102543936,10091172,502001277,Schulgasse,22.1,8224 Löhningen,2903,SH,real,False,23.07.2024,2683691,1283901
102543937,10026336,502001505,Bachtelstrasse,22.2,8224 Löhningen,2903,SH,real,False,23.07.2024,2683324,1284243
102543938,10068430,502001428,Haldenwiesli,7.1,8224 Löhningen,2903,SH,real,False,23.07.2024,2683712,1284260
102543939,10068432,502001353,Lättenstrasse,23.1,8224 Löhningen,2903,SH,real,False,23.07.2024,2683351,1284296
102543940,10091172,502001278,Schulgasse,2.2,8224 Löhningen,2903,SH,real,False,23.07.2024,2683655,1283969
102543941,10120397,502001429,Haldenweg,28.4,8224 Löhningen,2903,SH,real,False,23.07.2024,2684089,1284130
102543942,10026336,502001506,Bachtelstrasse,22.1,8224 Löhningen,2903,SH,real,False,23.07.2024,2683348,1284269
102543943,10068432,502001354,Lättenstrasse,20.1,8224 Löhningen,2903,SH,real,False,23.07.2024,2683385,1284340
102543944,10091172,502001279,Schulgasse,2.1,8224 Löhningen,2903,SH,real,False,23.07.2024,2683656,1283977
102543945,10120397,502001430,Haldenweg,28.3,8224 Löhningen,2903,SH,real,False,23.07.2024,2684079,1284114
102543946,10026336,502001507,Bachtelstrasse,20.1,8224 Löhningen,2903,SH,real,False,23.07.2024,2683318,1284218
102543947,10026345,502001355,Lättenstieg,5.2,8224 Löhningen,2903,SH,real,False,23.07.2024,2683353,1284554
102543948,10091172,502001280,Schulgasse,12.1,8224 Löhningen,2903,SH,real,False,23.07.2024,2683638,1283934
102543949,10120397,502001431,Haldenweg,28.2,8224 Löhningen,2903,SH,real,False,23.07.2024,2684077,1284156
102543950,10026336,502001508,Bachtelstrasse,15.1,8224 Löhningen,2903,SH,real,False,23.07.2024,2683273,1284193
102543951,10026345,502001356,Lättenstieg,5.1,8224 Löhningen,2903,SH,real,False,23.07.2024,2683300,1284420
102543952,10171868,502001281,Schmörletblick,14.1,8224 Löhningen,2903,SH,real,False,23.07.2024,2683421,1284046
102543953,10120397,502001432,Haldenweg,28.1,8224 Löhningen,2903,SH,real,False,23.07.2024,2683991,1284148
102543954,10026345,502001357,Lättenstieg,3.1,8224 Löhningen,2903,SH,real,False,23.07.2024,2683182,1284440
102543955,10171868,502001282,Schmörletblick,12.1,8224 Löhningen,2903,SH,real,False,23.07.2024,2683391,1284040
102544339,10091168,191842434,Kirchweg,122.4,8223 Guntmadingen,2903,SH,real,True,23.07.2024,2683964,1282947
102544341,10091168,191842436,Kirchweg,122.5,8223 Guntmadingen,2903,SH,real,True,23.07.2024,2683929,1282949
102544343,10091168,191842438,Kirchweg,122.6,8223 Guntmadingen,2903,SH,real,True,23.07.2024,2683931,1282950
102544345,10091168,191842440,Kirchweg,122.7,8223 Guntmadingen,2903,SH,real,True,23.07.2024,2683933,1282950
102544385,10149928,502001872,Haartelstrasse,2.2,8217 Wilchingen,2974,SH,real,False,23.07.2024,2677619,1280168
102544386,10113222,502002138,Dorfstrasse,31.1,8218 Osterfingen,2974,SH,real,False,23.07.2024,2678608,1279628
102544387,10104515,502001616,Sommerhalde,1.31,8217 Wilchingen,2974,SH,real,False,23.07.2024,2675194,1282081
102544388,10031824,502001709,Mühlenstrasse,40.1,8217 Wilchingen,2974,SH,real,False,23.07.2024,2677154,1281315
102544389,10120400,502002057,Trottenweg,29.2,8218 Osterfingen,2974,SH,real,False,23.07.2024,2678694,1279996
102544390,10091410,502001647,Schelmengasse,2.6,8217 Wilchingen,2974,SH,real,False,23.07.2024,2676909,1280359
102544391,10104515,502001615,Sommerhalde,1.32,8217 Wilchingen,2974,SH,real,False,23.07.2024,2675264,1282067
102544392,10031824,502001708,Mühlenstrasse,40.2,8217 Wilchingen,2974,SH,real,False,23.07.2024,2677165,1281298
102544393,10152455,502001519,Zinggenstrasse,28.2,8217 Wilchingen,2974,SH,real,False,23.07.2024,2677456,1280364
102544394,10031824,502001707,Mühlenstrasse,48.1,8217 Wilchingen,2974,SH,real,False,23.07.2024,2677148,1281327
102544395,10179768,502001741,Kapellenweg,6.1,8217 Wilchingen,2974,SH,real,False,23.07.2024,2677128,1280387
102544396,10021939,502002080,Im Fischer,11.1,8218 Osterfingen,2974,SH,real,False,23.07.2024,2678269,1279755
102544397,10148816,502001801,Hauptstrasse,7.3,8217 Wilchingen,2974,SH,real,False,23.07.2024,2677593,1280148
102544398,10091408,502001706,Mülibach,4.1,8217 Wilchingen,2974,SH,real,False,23.07.2024,2676581,1281111
102544399,10031830,502001589,Sägereistrasse,8.1,8217 Wilchingen,2974,SH,real,False,23.07.2024,2676921,1280144
102544400,10021939,502002079,Im Fischer,6.1,8218 Osterfingen,2974,SH,real,False,23.07.2024,2678446,1279648
102544401,10113222,502002137,Dorfstrasse,33.1,8218 Osterfingen,2974,SH,real,False,23.07.2024,2678652,1279631
102544402,10091408,502001705,Mülibach,4.2,8217 Wilchingen,2974,SH,real,False,23.07.2024,2676560,1281100
102544403,10149928,502001871,Haartelstrasse,20.1,8217 Wilchingen,2974,SH,real,False,23.07.2024,2677727,1280230
102544405,10091408,502001704,Mülibach,5.1,8217 Wilchingen,2974,SH,real,False,23.07.2024,2676732,1281154
102544406,10091410,502001646,Schelmengasse,2.7,8217 Wilchingen,2974,SH,real,False,23.07.2024,2676878,1280330
102544407,10120400,502002056,Trottenweg,3.1,8218 Osterfingen,2974,SH,real,False,23.07.2024,2679033,1279745
102544408,10121182,502001763,Im Tobel,1.2,8217 Wilchingen,2974,SH,real,False,23.07.2024,2676261,1280433
102544409,10152455,502001518,Zinggenstrasse,28.3,8217 Wilchingen,2974,SH,real,False,23.07.2024,2677520,1280370
102544410,10091408,502001702,Mülibach,7.1,8217 Wilchingen,2974,SH,real,False,23.07.2024,2676761,1280903
102544411,10121182,502001762,Im Tobel,1.3,8217 Wilchingen,2974,SH,real,False,23.07.2024,2676230,1280400
102544412,10149928,502001870,Haartelstrasse,20.2,8217 Wilchingen,2974,SH,real,False,23.07.2024,2677796,1280215
102544413,10148816,502001800,Hauptstrasse,75.1,8217 Wilchingen,2974,SH,real,False,23.07.2024,2677016,1280161
102544414,10139725,502001945,Birkenhof,1.6,8217 Wilchingen,2974,SH,real,False,23.07.2024,2676184,1279984
102544415,10121182,502001761,Im Tobel,1.4,8217 Wilchingen,2974,SH,real,False,23.07.2024,2676257,1280463
102544416,10120400,502002055,Trottenweg,3.3,8218 Osterfingen,2974,SH,real,False,23.07.2024,2679155,1280071
102544417,10113222,502002136,Dorfstrasse,34.1,8218 Osterfingen,2974,SH,real,False,23.07.2024,2678713,1279609
102544418,10139725,502001944,Birkenhof,1.7,8217 Wilchingen,2974,SH,real,False,23.07.2024,2676181,1279983
102544419,10121182,502001760,Im Tobel,1.5,8217 Wilchingen,2974,SH,real,False,23.07.2024,2676211,1280421
102544420,10149928,502001869,Haartelstrasse,20.3,8217 Wilchingen,2974,SH,real,False,23.07.2024,2677906,1280355
102544421,10152455,502001517,Zinggenstrasse,28.4,8217 Wilchingen,2974,SH,real,False,23.07.2024,2677626,1280493
102544422,10139725,502001943,Birkenhof,1.8,8217 Wilchingen,2974,SH,real,False,23.07.2024,2676350,1279961
102544423,10117743,502001759,In Wiesen,1.2,8217 Wilchingen,2974,SH,real,False,23.07.2024,2674989,1280920
102544424,10120400,502002054,Trottenweg,31.1,8218 Osterfingen,2974,SH,real,False,23.07.2024,2678644,1279776
102544425,10148816,502001799,Hauptstrasse,77.1,8217 Wilchingen,2974,SH,real,False,23.07.2024,2677012,1280159
102544426,10139725,502001942,Birkenhof,1.9,8217 Wilchingen,2974,SH,real,False,23.07.2024,2676120,1279976
102544427,10113222,502002098,Dorfstrasse,78.1,8218 Osterfingen,2974,SH,real,False,23.07.2024,2679056,1279649
102544428,10149928,502001868,Haartelstrasse,20.4,8217 Wilchingen,2974,SH,real,False,23.07.2024,2678010,1280434
102544429,10113222,502002135,Dorfstrasse,34.2,8218 Osterfingen,2974,SH,real,False,23.07.2024,2678712,1279596
102544430,10134234,502001941,Blomberg,1.1,8217 Wilchingen,2974,SH,real,False,23.07.2024,2676526,1278969
102544431,10113222,502002097,Dorfstrasse,78.2,8218 Osterfingen,2974,SH,real,False,23.07.2024,2679049,1279649
102544432,10120400,502002053,Trottenweg,35.1,8218 Osterfingen,2974,SH,real,False,23.07.2024,2678611,1279941
102544433,10091410,502001644,Schelmengasse,2.9,8217 Wilchingen,2974,SH,real,False,23.07.2024,2676882,1280344
102544434,10134234,502001940,Blomberg,1.2,8217 Wilchingen,2974,SH,real,False,23.07.2024,2676525,1278999
102544435,10113222,502002096,Dorfstrasse,78.3,8218 Osterfingen,2974,SH,real,False,23.07.2024,2679081,1279621
102544436,10149928,502001867,Haartelstrasse,22.1,8217 Wilchingen,2974,SH,real,False,23.07.2024,2677902,1280266
102544437,10152455,502001516,Zinggenstrasse,5.1,8217 Wilchingen,2974,SH,real,False,23.07.2024,2677512,1280200
102544438,10134234,502001939,Blomberg,1.3,8217 Wilchingen,2974,SH,real,False,23.07.2024,2676510,1278983
102544439,10113222,502002095,Dorfstrasse,79.1,8218 Osterfingen,2974,SH,real,False,23.07.2024,2679205,1279720
102544440,10120400,502002052,Trottenweg,38.1,8218 Osterfingen,2974,SH,real,False,23.07.2024,2678554,1279813
102544441,10148816,502001798,Hauptstrasse,78.1,8217 Wilchingen,2974,SH,real,False,23.07.2024,2677041,1280212
102544442,10134234,502001938,Blomberg,1.4,8217 Wilchingen,2974,SH,real,False,23.07.2024,2676521,1279045
102544443,10113222,502002094,Dorfstrasse,79.2,8218 Osterfingen,2974,SH,real,False,23.07.2024,2679210,1279727
102544444,10149928,502001866,Haartelstrasse,26.1,8217 Wilchingen,2974,SH,real,False,23.07.2024,2677782,1280112
102544445,10113222,502002134,Dorfstrasse,35.1,8218 Osterfingen,2974,SH,real,False,23.07.2024,2678683,1279625
102544446,10113222,502002093,Dorfstrasse,81.1,8218 Osterfingen,2974,SH,real,False,23.07.2024,2679213,1279726
102544447,10134234,502001937,Blomberg,1.5,8217 Wilchingen,2974,SH,real,False,23.07.2024,2676374,1279297
102544448,10120400,502002051,Trottenweg,38.2,8218 Osterfingen,2974,SH,real,False,23.07.2024,2678490,1279869
102544449,10073116,502001643,Seldwylastrasse,21.1,8217 Wilchingen,2974,SH,real,False,23.07.2024,2677262,1280760
102544450,10113222,502002092,Dorfstrasse,83.1,8218 Osterfingen,2974,SH,real,False,23.07.2024,2679224,1279713
102544451,10134234,502001936,Blomberg,2.1,8217 Wilchingen,2974,SH,real,False,23.07.2024,2676843,1279014
102544452,10152452,502002075,Nassackerstrasse,5.1,8218 Osterfingen,2974,SH,real,False,23.07.2024,2678540,1279666
102544453,10152455,502001515,Zinggenstrasse,5.2,8217 Wilchingen,2974,SH,real,False,23.07.2024,2677481,1280216
102544454,10113222,502002091,Dorfstrasse,84.1,8218 Osterfingen,2974,SH,real,False,23.07.2024,2679119,1279675
102544455,10134234,502001934,Blomberg,2.3,8217 Wilchingen,2974,SH,real,False,23.07.2024,2676891,1279001
102544457,10148816,502001797,Hauptstrasse,8.1,8217 Wilchingen,2974,SH,real,False,23.07.2024,2677472,1280183
102544458,10113222,502002090,Dorfstrasse,84.2,8218 Osterfingen,2974,SH,real,False,23.07.2024,2679183,1279101
102544459,10134234,502001933,Blomberg,2.4,8217 Wilchingen,2974,SH,real,False,23.07.2024,2676920,1279045
102544460,10152452,502002074,Nassackerstrasse,9.1,8218 Osterfingen,2974,SH,real,False,23.07.2024,2678648,1279680
102544461,10113222,502002133,Dorfstrasse,37.1,8218 Osterfingen,2974,SH,real,False,23.07.2024,2678678,1279643
102544462,10113222,502002089,Dorfstrasse,85.1,8218 Osterfingen,2974,SH,real,False,23.07.2024,2679236,1279719
102544463,10134234,502001932,Blomberg,2.5,8217 Wilchingen,2974,SH,real,False,23.07.2024,2676954,1279052
102544464,10120400,502002049,Trottenweg,38.4,8218 Osterfingen,2974,SH,real,False,23.07.2024,2678408,1279836
102544465,10073116,502001642,Seldwylastrasse,30.1,8217 Wilchingen,2974,SH,real,False,23.07.2024,2677220,1280911
102544466,10134234,502001931,Blomberg,2.6,8217 Wilchingen,2974,SH,real,False,23.07.2024,2677761,1278277
102544467,10113222,502002088,Dorfstrasse,86.1,8218 Osterfingen,2974,SH,real,False,23.07.2024,2679179,1279660
102544468,10053543,502001701,Neuhof,1.1,8217 Wilchingen,2974,SH,real,False,23.07.2024,2675310,1281555
102544469,10113222,502002087,Dorfstrasse,87.1,8218 Osterfingen,2974,SH,real,False,23.07.2024,2679241,1279711
102544470,10134234,502001930,Blomberg,2.7,8217 Wilchingen,2974,SH,real,False,23.07.2024,2677552,1277648
102544471,10148816,502001796,Hauptstrasse,81.1,8217 Wilchingen,2974,SH,real,False,23.07.2024,2676949,1280226
102544472,10120400,502002048,Trottenweg,6.1,8218 Osterfingen,2974,SH,real,True,29.11.2024,2679018,1279769
102544473,10113222,502002086,Dorfstrasse,88.1,8218 Osterfingen,2974,SH,real,False,23.07.2024,2679207,1279658
102544474,10134234,502001929,Blomberg,2.8,8217 Wilchingen,2974,SH,real,False,23.07.2024,2677504,1277336
102544475,10073116,502001641,Seldwylastrasse,30.2,8217 Wilchingen,2974,SH,real,False,23.07.2024,2677241,1280908
102544476,10053543,502001700,Neuhof,1.10,8217 Wilchingen,2974,SH,real,False,23.07.2024,2675330,1282146
102544477,10053543,502001688,Neuhof,1.8,8217 Wilchingen,2974,SH,real,False,23.07.2024,2675326,1282036
102544478,10113222,502002085,Dorfstrasse,88.2,8218 Osterfingen,2974,SH,real,False,23.07.2024,2679188,1279661
102544479,10113222,502002132,Dorfstrasse,37.2,8218 Osterfingen,2974,SH,real,True,23.07.2024,2678670,1279644
102544480,10120400,502002047,Trottenweg,5.2,8218 Osterfingen,2974,SH,real,False,23.07.2024,2678990,1279849
102544481,10113222,502002084,Dorfstrasse,89.1,8218 Osterfingen,2974,SH,real,False,23.07.2024,2679197,1280056
102544482,10024925,502002035,Zollstrasse,10.1,8218 Osterfingen,2974,SH,real,False,23.07.2024,2678422,1279067
102544483,10053543,502001687,Neuhof,1.9,8217 Wilchingen,2974,SH,real,False,23.07.2024,2675366,1282089
102544484,10053543,502001699,Neuhof,1.11,8217 Wilchingen,2974,SH,real,False,23.07.2024,2675412,1282152
102544485,10113222,502002083,Dorfstrasse,9.1,8218 Osterfingen,2974,SH,real,False,23.07.2024,2678387,1279422
102544486,10148816,502001795,Hauptstrasse,86.1,8217 Wilchingen,2974,SH,real,False,23.07.2024,2677028,1280219
102544487,10148818,502001686,Niederwiesenstrasse,270.10,8217 Wilchingen,2974,SH,real,False,23.07.2024,2676840,1280040
102544488,10120400,502002046,Trottenweg,5.3,8218 Osterfingen,2974,SH,real,False,23.07.2024,2679095,1279984
102544489,10113222,502002082,Dorfstrasse,9.2,8218 Osterfingen,2974,SH,real,False,23.07.2024,2678329,1279415
102544490,10113222,502002131,Dorfstrasse,41.1,8218 Osterfingen,2974,SH,real,False,23.07.2024,2678697,1279634
102544491,10148818,502001685,Niederwiesenstrasse,270.2,8217 Wilchingen,2974,SH,real,False,23.07.2024,2676838,1280060
102544492,10053543,502001698,Neuhof,1.12,8217 Wilchingen,2974,SH,real,False,23.07.2024,2675351,1282188
102544493,10113222,502002081,Dorfstrasse,92.1,8218 Osterfingen,2974,SH,real,False,23.07.2024,2679248,1279675
102544494,10148818,502001684,Niederwiesenstrasse,270.3,8217 Wilchingen,2974,SH,real,False,23.07.2024,2676832,1280058
102544495,10104515,502001640,Sommerhalde,1.1,8217 Wilchingen,2974,SH,real,False,23.07.2024,2674995,1281615
102544496,10120400,502002045,Trottenweg,5.4,8218 Osterfingen,2974,SH,real,False,23.07.2024,2679017,1280018
102544497,10134235,502001900,Galgenbuckstrasse,12.1,8217 Wilchingen,2974,SH,real,False,23.07.2024,2677015,1281665
102544498,10148818,502001683,Niederwiesenstrasse,270.4,8217 Wilchingen,2974,SH,real,False,23.07.2024,2676838,1280052
102544499,10024925,502002034,Zollstrasse,10.2,8218 Osterfingen,2974,SH,real,False,23.07.2024,2678435,1279034
102544500,10120400,502002044,Trottenweg,5.5,8218 Osterfingen,2974,SH,real,False,23.07.2024,2679056,1280063
102544501,10148818,502001681,Niederwiesenstrasse,270.6,8217 Wilchingen,2974,SH,real,False,23.07.2024,2676831,1280049
102544502,10134235,502001899,Galgenbuckstrasse,2.1,8217 Wilchingen,2974,SH,real,False,23.07.2024,2676980,1281567
102544503,10148816,502001794,Hauptstrasse,90.1,8217 Wilchingen,2974,SH,real,False,23.07.2024,2677025,1280250
102544504,10053543,502001696,Neuhof,1.14,8217 Wilchingen,2974,SH,real,False,23.07.2024,2675518,1282239
102544505,10113222,502002130,Dorfstrasse,42.1,8218 Osterfingen,2974,SH,real,False,23.07.2024,2678731,1279604
102544506,10103236,502001734,Mettlenstrasse,12.1,8217 Wilchingen,2974,SH,real,False,23.07.2024,2677340,1280074
102544507,10148818,502001680,Niederwiesenstrasse,270.7,8217 Wilchingen,2974,SH,real,False,23.07.2024,2676870,1280067
102544508,10120400,502002043,Trottenweg,9.1,8218 Osterfingen,2974,SH,real,False,23.07.2024,2678970,1279739
102544509,10104515,502001639,Sommerhalde,1.10,8217 Wilchingen,2974,SH,real,False,23.07.2024,2674849,1281737
102544510,10103236,502001733,Mettlenstrasse,18.1,8217 Wilchingen,2974,SH,real,False,23.07.2024,2677293,1280089
102544511,10031815,502001919,Bruderhof,1.1,8217 Wilchingen,2974,SH,real,False,23.07.2024,2674350,1281661
102544512,10053543,502001695,Neuhof,1.15,8217 Wilchingen,2974,SH,real,False,23.07.2024,2675611,1282410
102544513,10148816,502001793,Hauptstrasse,90.2,8217 Wilchingen,2974,SH,real,False,23.07.2024,2677022,1280264
102544514,10103236,502001732,Mettlenstrasse,18.2,8217 Wilchingen,2974,SH,real,False,23.07.2024,2677294,1280098
102544515,10031815,502001918,Bruderhof,1.2,8217 Wilchingen,2974,SH,real,False,23.07.2024,2674335,1281628
102544516,10120400,502002042,Trottenweg,9.2,8218 Osterfingen,2974,SH,real,False,23.07.2024,2678953,1279931
102544517,10113222,502002129,Dorfstrasse,42.2,8218 Osterfingen,2974,SH,real,False,23.07.2024,2678741,1279595
102544518,10031815,502001917,Bruderhof,1.3,8217 Wilchingen,2974,SH,real,False,23.07.2024,2674368,1281667
102544519,10103236,502001731,Mettlenstrasse,24.1,8217 Wilchingen,2974,SH,real,False,23.07.2024,2677218,1280089
102544520,10053543,502001694,Neuhof,1.2,8217 Wilchingen,2974,SH,real,False,23.07.2024,2675285,1281557
102544521,10031815,502001916,Bruderhof,1.4,8217 Wilchingen,2974,SH,real,False,23.07.2024,2674293,1281632
102544522,10104515,502001638,Sommerhalde,1.11,8217 Wilchingen,2974,SH,real,False,23.07.2024,2675074,1281841
102544523,10103236,502001730,Mettlenstrasse,27.1,8217 Wilchingen,2974,SH,real,False,23.07.2024,2677140,1280027
102544524,10120400,502002041,Trottenweg,9.3,8218 Osterfingen,2974,SH,real,False,23.07.2024,2678952,1279978
102544525,10031815,502001915,Bruderhof,1.5,8217 Wilchingen,2974,SH,real,False,23.07.2024,2674299,1281622
102544526,10103236,502001728,Mettlenstrasse,33.1,8217 Wilchingen,2974,SH,real,False,23.07.2024,2677025,1280060
102544527,10024925,502002032,Zollstrasse,15.2,8218 Osterfingen,2974,SH,real,False,23.07.2024,2678659,1279134
102544528,10053543,502001693,Neuhof,1.3,8217 Wilchingen,2974,SH,real,False,23.07.2024,2675338,1281552
102544529,10031815,502001914,Bruderhof,1.6,8217 Wilchingen,2974,SH,real,False,23.07.2024,2674286,1281645
102544530,10103236,502001727,Mettlenstrasse,40.1,8217 Wilchingen,2974,SH,real,False,23.07.2024,2677017,1280114
102544531,10113222,502002128,Dorfstrasse,42.3,8218 Osterfingen,2974,SH,real,False,23.07.2024,2678721,1279609
102544532,10120400,502002040,Trottenweg,9.4,8218 Osterfingen,2974,SH,real,False,23.07.2024,2678952,1280045
102544533,10031815,502001913,Bruderhof,1.7,8217 Wilchingen,2974,SH,real,False,23.07.2024,2674659,1282072
102544534,10148704,502001968,Berghaus,1.5,8217 Wilchingen,2974,SH,real,False,23.07.2024,2673871,1281772
102544535,10148816,502001792,Hauptstrasse,90b.1,8217 Wilchingen,2974,SH,real,False,23.07.2024,2677060,1280251
102544536,10053543,502001692,Neuhof,1.4,8217 Wilchingen,2974,SH,real,False,23.07.2024,2675332,1281576
102544537,10152436,502001912,Brüelstrasse,10.1,8217 Wilchingen,2974,SH,real,False,23.07.2024,2677117,1279990
102544538,10148704,502001967,Berghaus,1.6,8217 Wilchingen,2974,SH,real,False,23.07.2024,2673864,1281781
102544539,10024925,502002031,Zollstrasse,15.3,8218 Osterfingen,2974,SH,real,False,23.07.2024,2678626,1279218
102544540,10152436,502001911,Brüelstrasse,20.1,8217 Wilchingen,2974,SH,real,False,23.07.2024,2677067,1280061
102544541,10152454,502001566,Tumihof,1.1,8217 Wilchingen,2974,SH,real,False,23.07.2024,2674711,1281096
102544542,10104515,502001637,Sommerhalde,1.12,8217 Wilchingen,2974,SH,real,False,23.07.2024,2674880,1281413
102544543,10148704,502001966,Berghaus,1.7,8217 Wilchingen,2974,SH,real,False,23.07.2024,2673862,1281786
102544544,10136960,502002071,Osterfingerstrasse,1.3,8218 Osterfingen,2974,SH,real,False,23.07.2024,2678209,1279450
102544545,10053543,502001691,Neuhof,1.5,8217 Wilchingen,2974,SH,real,False,23.07.2024,2675286,1281590
102544546,10113222,502002127,Dorfstrasse,42.4,8218 Osterfingen,2974,SH,real,False,23.07.2024,2678764,1279600
102544547,10148704,502001965,Berghaus,1.8,8217 Wilchingen,2974,SH,real,False,23.07.2024,2673863,1281870
102544548,10053543,502001690,Neuhof,1.6,8217 Wilchingen,2974,SH,real,False,23.07.2024,2675266,1281922
102544549,10136960,502002070,Osterfingerstrasse,1.4,8218 Osterfingen,2974,SH,real,False,23.07.2024,2678243,1279409
102544550,10148816,502001791,Hauptstrasse,91.1,8217 Wilchingen,2974,SH,real,False,23.07.2024,2676964,1280466
102544551,10148704,502001964,Berghaus,1.9,8217 Wilchingen,2974,SH,real,False,23.07.2024,2673839,1281913
102544552,10136960,502002069,Osterfingerstrasse,1.5,8218 Osterfingen,2974,SH,real,False,23.07.2024,2678004,1279544
102544553,10152454,502001564,Tumihof,1.11,8217 Wilchingen,2974,SH,real,False,23.07.2024,2674542,1280949
102544554,10104515,502001636,Sommerhalde,1.13,8217 Wilchingen,2974,SH,real,False,23.07.2024,2675034,1281871
102544555,10179766,502001963,Bettengasse,1.1,8217 Wilchingen,2974,SH,real,False,23.07.2024,2677507,1280134
102544556,10053543,502001689,Neuhof,1.7,8217 Wilchingen,2974,SH,real,False,23.07.2024,2675257,1281940
102544557,10031816,502001904,Dickistrasse,2.2,8217 Wilchingen,2974,SH,real,False,23.07.2024,2677541,1280998
102544558,10024925,502002030,Zollstrasse,17.1,8218 Osterfingen,2974,SH,real,False,23.07.2024,2678562,1278977
102544559,10179766,502001962,Bettengasse,14.1,8217 Wilchingen,2974,SH,real,False,23.07.2024,2677528,1280073
102544560,10148816,502001790,Hauptstrasse,91.2,8217 Wilchingen,2974,SH,real,False,23.07.2024,2676985,1280483
102544561,10152454,502001563,Tumihof,1.12,8217 Wilchingen,2974,SH,real,False,23.07.2024,2674585,1280901
102544562,10031816,502001903,Dickistrasse,23.1,8217 Wilchingen,2974,SH,real,False,23.07.2024,2677294,1281229
102544563,10179766,502001961,Bettengasse,18.1,8217 Wilchingen,2974,SH,real,False,23.07.2024,2677588,1280073
102544564,10031816,502001902,Dickistrasse,4.1,8217 Wilchingen,2974,SH,real,False,23.07.2024,2677383,1280995
102544565,10104515,502001635,Sommerhalde,1.14,8217 Wilchingen,2974,SH,real,False,23.07.2024,2674870,1281406
102544566,10179766,502001960,Bettengasse,20.1,8217 Wilchingen,2974,SH,real,False,23.07.2024,2677541,1280047
102544567,10134234,502001928,Blomberg,2.9,8217 Wilchingen,2974,SH,real,False,23.07.2024,2678680,1277953
102544568,10031816,502001901,Dickistrasse,6.1,8217 Wilchingen,2974,SH,real,False,23.07.2024,2677375,1281022
102544569,10024925,502002029,Zollstrasse,17.2,8218 Osterfingen,2974,SH,real,False,23.07.2024,2678571,1278971
102544570,10152454,502001562,Tumihof,1.13,8217 Wilchingen,2974,SH,real,False,23.07.2024,2674820,1281307
102544571,10179766,502001959,Bettengasse,8.1,8217 Wilchingen,2974,SH,real,False,23.07.2024,2677496,1280082
102544572,10148819,502001670,Raastrasse,15.1,8217 Wilchingen,2974,SH,real,False,23.07.2024,2677090,1279653
102544573,10031525,502001957,Bettenstrasse,13.2,8217 Wilchingen,2974,SH,real,False,23.07.2024,2677539,1280003
102544574,10113222,502002125,Dorfstrasse,45.1,8218 Osterfingen,2974,SH,real,False,23.07.2024,2678724,1279678
102544575,10091404,502001927,Blumenweg,1.1,8217 Wilchingen,2974,SH,real,False,23.07.2024,2677070,1280491
102544576,10148819,502001669,Raastrasse,15.2,8217 Wilchingen,2974,SH,real,False,23.07.2024,2677208,1279623
102544577,10152454,502001561,Tumihof,1.14,8217 Wilchingen,2974,SH,real,False,19.11.2024,2674683,1281324
102544578,10031525,502001956,Bettenstrasse,13.3,8217 Wilchingen,2974,SH,real,False,23.07.2024,2677545,1280006
102544579,10148816,502001789,Hauptstrasse,91.3,8217 Wilchingen,2974,SH,real,False,23.07.2024,2676826,1280528
102544580,10148819,502001668,Raastrasse,21.1,8217 Wilchingen,2974,SH,real,False,23.07.2024,2676840,1279451
102544581,10091404,502001926,Blumenweg,10.1,8217 Wilchingen,2974,SH,real,False,23.07.2024,2677190,1280554
102544582,10104515,502001634,Sommerhalde,1.15,8217 Wilchingen,2974,SH,real,False,23.07.2024,2674879,1281851
102544583,10031525,502001955,Bettenstrasse,17.1,8217 Wilchingen,2974,SH,real,False,23.07.2024,2677538,1280031
102544584,10148819,502001667,Raastrasse,21.2,8217 Wilchingen,2974,SH,real,False,23.07.2024,2676610,1279460
102544585,10152454,502001560,Tumihof,1.15,8217 Wilchingen,2974,SH,real,False,23.07.2024,2674912,1281294
102544586,10031525,502001954,Bettenstrasse,43.1,8217 Wilchingen,2974,SH,real,False,23.07.2024,2677943,1279666
102544587,10024925,502002028,Zollstrasse,17.3,8218 Osterfingen,2974,SH,real,False,23.07.2024,2678501,1278991
102544588,10124090,502001666,Rainhof,1.1,8217 Wilchingen,2974,SH,real,False,23.07.2024,2677389,1279891
102544589,10091404,502001925,Blumenweg,2.1,8217 Wilchingen,2974,SH,real,False,23.07.2024,2677134,1280486
102544590,10031525,502001953,Bettenstrasse,43.2,8217 Wilchingen,2974,SH,real,False,23.07.2024,2677889,1279618
102544591,10113222,502002124,Dorfstrasse,45.2,8218 Osterfingen,2974,SH,real,False,23.07.2024,2678711,1279688
102544592,10124090,502001664,Rainhof,52.2,8217 Wilchingen,2974,SH,real,False,23.07.2024,2677461,1279910
102544593,10091404,502001924,Blumenweg,3.1,8217 Wilchingen,2974,SH,real,False,23.07.2024,2677132,1280525
102544594,10031525,502001952,Bettenstrasse,43.3,8217 Wilchingen,2974,SH,real,False,23.07.2024,2677930,1279594
102544595,10148816,502001788,Hauptstrasse,91.4,8217 Wilchingen,2974,SH,real,False,23.07.2024,2676811,1280523
102544596,10179769,502001663,Rossberg,1.1,8217 Wilchingen,2974,SH,real,False,23.07.2024,2680801,1279609
102544597,10152454,502001558,Tumihof,1.17,8217 Wilchingen,2974,SH,real,False,23.07.2024,2674720,1281379
102544598,10031525,502001951,Bettenstrasse,9.1,8217 Wilchingen,2974,SH,real,False,23.07.2024,2677456,1280028
102544599,10104515,502001633,Sommerhalde,1.16,8217 Wilchingen,2974,SH,real,False,23.07.2024,2675099,1281879
102544600,10113222,502002152,Dorfstrasse,20.2,8218 Osterfingen,2974,SH,real,False,23.07.2024,2678540,1279506
102544601,10091404,502001923,Blumenweg,5.1,8217 Wilchingen,2974,SH,real,False,23.07.2024,2677137,1280528
102544602,10139725,502001950,Birkenhof,1.1,8217 Wilchingen,2974,SH,real,False,23.07.2024,2676248,1280007
102544603,10024925,502002027,Zollstrasse,17.4,8218 Osterfingen,2974,SH,real,False,23.07.2024,2678497,1278981
102544604,10148814,502002009,Alte Bahnhofstrasse,30.1,8217 Wilchingen,2974,SH,real,False,23.07.2024,2677028,1281369
102544605,10152454,502001557,Tumihof,1.18,8217 Wilchingen,2974,SH,real,False,23.07.2024,2674595,1281355
102544606,10139725,502001949,Birkenhof,1.2,8217 Wilchingen,2974,SH,real,False,23.07.2024,2676207,1280024
102544607,10148816,502001787,Hauptstrasse,91.5,8217 Wilchingen,2974,SH,real,False,23.07.2024,2676798,1280496
102544608,10031820,502001766,Hubelhof,1.2,8217 Wilchingen,2974,SH,real,False,23.07.2024,2676138,1280765
102544609,10031814,502001922,Breitestrasse,1.1,8217 Wilchingen,2974,SH,real,False,23.07.2024,2677371,1280394
102544610,10139725,502001948,Birkenhof,1.3,8217 Wilchingen,2974,SH,real,False,23.07.2024,2676217,1279998
102544611,10024925,502002026,Zollstrasse,17.5,8218 Osterfingen,2974,SH,real,False,23.07.2024,2678644,1278943
102544612,10152454,502001556,Tumihof,1.19,8217 Wilchingen,2974,SH,real,False,23.07.2024,2674939,1281314
102544613,10148814,502002008,Alte Bahnhofstrasse,30.2,8217 Wilchingen,2974,SH,real,False,23.07.2024,2677022,1281349
102544614,10139725,502001947,Birkenhof,1.4,8217 Wilchingen,2974,SH,real,False,23.07.2024,2676183,1280018
102544615,10031820,502001765,Hubelhof,1.3,8217 Wilchingen,2974,SH,real,False,23.07.2024,2676275,1280778
102544616,10024925,502002025,Zollstrasse,17.6,8218 Osterfingen,2974,SH,real,False,23.07.2024,2678673,1279052
102544617,10031814,502001921,Breitestrasse,2.1,8217 Wilchingen,2974,SH,real,False,23.07.2024,2677404,1280391
102544618,10152454,502001555,Tumihof,1.2,8217 Wilchingen,2974,SH,real,False,23.07.2024,2674710,1281073
102544619,10187873,502002007,Aspenhof,1.1,8217 Wilchingen,2974,SH,real,False,23.07.2024,2675969,1279928
102544620,10024925,502002024,Zollstrasse,17.7,8218 Osterfingen,2974,SH,real,False,23.07.2024,2678751,1278925
102544621,10157530,502002077,Mülibuck,12.1,8218 Osterfingen,2974,SH,real,False,23.07.2024,2678720,1279577
102544622,10031814,502001920,Breitestrasse,2.2,8217 Wilchingen,2974,SH,real,False,23.07.2024,2677416,1280496
102544623,10104515,502001614,Sommerhalde,1.33,8217 Wilchingen,2974,SH,real,False,23.07.2024,2675212,1282118
102544624,10024925,502002023,Zollstrasse,17.8,8218 Osterfingen,2974,SH,real,False,23.07.2024,2678782,1279052
102544625,10152452,502002076,Nassackerstrasse,3.1,8218 Osterfingen,2974,SH,real,False,23.07.2024,2678485,1279660
102544626,10187873,502002006,Aspenhof,1.2,8217 Wilchingen,2974,SH,real,False,23.07.2024,2675939,1279910
102544627,10152454,502001554,Tumihof,1.3,8217 Wilchingen,2974,SH,real,False,23.07.2024,2674700,1281052
102544628,10024925,502002022,Zollstrasse,17.9,8218 Osterfingen,2974,SH,real,False,23.07.2024,2678951,1279073
102544629,10149928,502001865,Haartelstrasse,38.1,8217 Wilchingen,2974,SH,real,False,23.07.2024,2678232,1280036
102544630,10104515,502001613,Sommerhalde,1.34,8217 Wilchingen,2974,SH,real,False,23.07.2024,2675124,1282151
102544631,10148818,502001679,Niederwiesenstrasse,270.8,8217 Wilchingen,2974,SH,real,False,23.07.2024,2676879,1280118
102544632,10024925,502002021,Zollstrasse,20.1,8218 Osterfingen,2974,SH,real,False,23.07.2024,2678465,1278872
102544633,10149928,502001864,Haartelstrasse,38.2,8217 Wilchingen,2974,SH,real,False,23.07.2024,2678261,1280025
102544634,10148818,502001678,Niederwiesenstrasse,270.9,8217 Wilchingen,2974,SH,real,False,23.07.2024,2676818,1280046
102544635,10187873,502002005,Aspenhof,1.3,8217 Wilchingen,2974,SH,real,False,23.07.2024,2675892,1279921
102544636,10024925,502002020,Zollstrasse,22.1,8218 Osterfingen,2974,SH,real,False,23.07.2024,2678524,1278712
102544637,10149928,502001863,Haartelstrasse,38.3,8217 Wilchingen,2974,SH,real,False,23.07.2024,2678327,1279982
102544638,10187873,502002004,Aspenhof,1.4,8217 Wilchingen,2974,SH,real,False,23.07.2024,2675775,1280251
102544639,10152454,502001551,Tumihof,1.6,8217 Wilchingen,2974,SH,real,False,23.07.2024,2674724,1281238
102544640,10024925,502002019,Zollstrasse,22.2,8218 Osterfingen,2974,SH,real,False,23.07.2024,2678668,1278873
102544641,10149928,502001862,Haartelstrasse,38.4,8217 Wilchingen,2974,SH,real,False,23.07.2024,2678600,1280112
102544642,10148818,502001676,Niederwiesenstrasse,28.2,8217 Wilchingen,2974,SH,real,False,23.07.2024,2676455,1280040
102544643,10104515,502001612,Sommerhalde,1.35,8217 Wilchingen,2974,SH,real,False,23.07.2024,2675222,1282133
102544644,10024925,502002018,Zollstrasse,22.3,8218 Osterfingen,2974,SH,real,False,23.07.2024,2678756,1278877
102544645,10149928,502001861,Haartelstrasse,38.5,8217 Wilchingen,2974,SH,real,False,23.07.2024,2678526,1280518
102544646,10152454,502001550,Tumihof,1.7,8217 Wilchingen,2974,SH,real,False,23.07.2024,2674839,1281196
102544647,10187873,502002003,Aspenhof,1.5,8217 Wilchingen,2974,SH,real,False,23.07.2024,2675729,1279421
102544648,10024925,502002017,Zollstrasse,22.4,8218 Osterfingen,2974,SH,real,False,23.07.2024,2678774,1278811
102544649,10149928,502001860,Haartelstrasse,4.1,8217 Wilchingen,2974,SH,real,False,23.07.2024,2677651,1280174
102544650,10148818,502001675,Niederwiesenstrasse,28.3,8217 Wilchingen,2974,SH,real,False,23.07.2024,2676487,1279998
102544651,10104515,502001611,Sommerhalde,1.36,8217 Wilchingen,2974,SH,real,False,23.07.2024,2674867,1282180
102544652,10024925,502002016,Zollstrasse,22.5,8218 Osterfingen,2974,SH,real,False,23.07.2024,2678868,1278760
102544653,10149928,502001859,Haartelstrasse,7.1,8217 Wilchingen,2974,SH,real,False,23.07.2024,2677676,1280229
102544654,10152454,502001549,Tumihof,1.8,8217 Wilchingen,2974,SH,real,False,23.07.2024,2674839,1281250
102544655,10187873,502002002,Aspenhof,1.6,8217 Wilchingen,2974,SH,real,False,23.07.2024,2675945,1279343
102544656,10024925,502002015,Zollstrasse,22.6,8218 Osterfingen,2974,SH,real,False,23.07.2024,2679031,1278677
102544657,10148818,502001674,Niederwiesenstrasse,28.4,8217 Wilchingen,2974,SH,real,False,23.07.2024,2676586,1280004
102544658,10152449,502001858,Haslachergasse,3.1,8217 Wilchingen,2974,SH,real,False,23.07.2024,2677381,1280338
102544659,10104515,502001610,Sommerhalde,1.37,8217 Wilchingen,2974,SH,real,False,23.07.2024,2675007,1282253
102544660,10024925,502002014,Zollstrasse,22.7,8218 Osterfingen,2974,SH,real,False,23.07.2024,2679063,1278663
102544661,10152454,502001548,Tumihof,1.9,8217 Wilchingen,2974,SH,real,False,23.07.2024,2674712,1281284
102544662,10187873,502002001,Aspenhof,1.7,8217 Wilchingen,2974,SH,real,False,23.07.2024,2675415,1280199
102544663,10152449,502001857,Haslachergasse,5.1,8217 Wilchingen,2974,SH,real,False,23.07.2024,2677379,1280342
102544664,10024925,502002013,Zollstrasse,22.8,8218 Osterfingen,2974,SH,real,False,23.07.2024,2679135,1278186
102544665,10148818,502001673,Niederwiesenstrasse,28.5,8217 Wilchingen,2974,SH,real,False,23.07.2024,2676512,1279560
102544666,10104515,502001609,Sommerhalde,1.38,8217 Wilchingen,2974,SH,real,False,23.07.2024,2675269,1282297
102544667,10091406,502001856,Haslacherstrasse,12.1,8217 Wilchingen,2974,SH,real,False,23.07.2024,2677270,1280597
102544668,10024925,502002012,Zollstrasse,3.1,8218 Osterfingen,2974,SH,real,False,23.07.2024,2678362,1279275
102544669,10024923,502002039,Unter den Wiesen,1.1,8218 Osterfingen,2974,SH,real,False,23.07.2024,2678015,1279187
102544670,10149927,502002000,Bahnhofstrasse,11.1,8217 Wilchingen,2974,SH,real,False,23.07.2024,2676887,1281428
102544671,10091406,502001854,Haslacherstrasse,27.2,8217 Wilchingen,2974,SH,real,False,23.07.2024,2677564,1280702
102544672,10024925,502002011,Zollstrasse,3.2,8218 Osterfingen,2974,SH,real,False,23.07.2024,2678323,1279247
102544673,10148818,502001672,Niederwiesenstrasse,417.2,8217 Wilchingen,2974,SH,real,False,23.07.2024,2676692,1280063
102544674,10149927,502001999,Bahnhofstrasse,11.2,8217 Wilchingen,2974,SH,real,False,23.07.2024,2676803,1281436
102544675,10091406,502001853,Haslacherstrasse,31.1,8217 Wilchingen,2974,SH,real,False,23.07.2024,2677624,1280755
102544676,10024925,502002010,Zollstrasse,3.3,8218 Osterfingen,2974,SH,real,False,23.07.2024,2678562,1279249
102544677,10024923,502002038,Unter den Wiesen,1.2,8218 Osterfingen,2974,SH,real,False,23.07.2024,2678067,1279207
102544678,10104515,502001608,Sommerhalde,1.4,8217 Wilchingen,2974,SH,real,False,23.07.2024,2674997,1281725
102544679,10091406,502001852,Haslacherstrasse,31.2,8217 Wilchingen,2974,SH,real,False,23.07.2024,2677650,1280740
102544680,10104515,502001632,Sommerhalde,1.17,8217 Wilchingen,2974,SH,real,False,23.07.2024,2674728,1281607
102544681,10024923,502002037,Unter den Wiesen,1.3,8218 Osterfingen,2974,SH,real,False,23.07.2024,2678107,1279052
102544682,10149927,502001998,Bahnhofstrasse,11.3,8217 Wilchingen,2974,SH,real,False,23.07.2024,2676795,1281430
102544683,10091406,502001851,Haslacherstrasse,31.3,8217 Wilchingen,2974,SH,real,False,23.07.2024,2677655,1280703
102544684,10104515,502001631,Sommerhalde,1.18,8217 Wilchingen,2974,SH,real,False,23.07.2024,2674758,1281486
102544685,10152436,502001910,Brüelstrasse,4.1,8217 Wilchingen,2974,SH,real,False,23.07.2024,2677254,1279978
102544686,10104515,502001607,Sommerhalde,1.5,8217 Wilchingen,2974,SH,real,False,23.07.2024,2675098,1281738
102544687,10091406,502001850,Haslacherstrasse,33.1,8217 Wilchingen,2974,SH,real,False,23.07.2024,2677682,1280773
102544688,10024923,502002036,Unter den Wiesen,1.4,8218 Osterfingen,2974,SH,real,False,23.07.2024,2678087,1278956
102544689,10104515,502001630,Sommerhalde,1.19,8217 Wilchingen,2974,SH,real,False,23.07.2024,2674991,1281908
102544690,10149927,502001997,Bahnhofstrasse,11.4,8217 Wilchingen,2974,SH,real,False,23.07.2024,2676789,1281457
102544691,10091406,502001849,Haslacherstrasse,33.2,8217 Wilchingen,2974,SH,real,False,23.07.2024,2677657,1280758
102544692,10031833,502001547,Weiherweg,10.1,8217 Wilchingen,2974,SH,real,False,23.07.2024,2677753,1280055
102544693,10104515,502001629,Sommerhalde,1.2,8217 Wilchingen,2974,SH,real,False,23.07.2024,2674982,1281597
102544694,10149927,502001996,Bahnhofstrasse,11.5,8217 Wilchingen,2974,SH,real,False,23.07.2024,2676783,1281454
102544695,10091406,502001848,Haslacherstrasse,33.3,8217 Wilchingen,2974,SH,real,False,23.07.2024,2677679,1280709
102544696,10031833,502001546,Weiherweg,17.1,8217 Wilchingen,2974,SH,real,False,23.07.2024,2677815,1280098
102544697,10149927,502001995,Bahnhofstrasse,11.6,8217 Wilchingen,2974,SH,real,False,23.07.2024,2676775,1281473
102544698,10113222,502002118,Dorfstrasse,53.1,8218 Osterfingen,2974,SH,real,False,23.07.2024,2678836,1279715
102544699,10091406,502001847,Haslacherstrasse,33.4,8217 Wilchingen,2974,SH,real,False,23.07.2024,2677670,1280955
102544700,10031816,502001909,Dickistrasse,12.1,8217 Wilchingen,2974,SH,real,False,23.07.2024,2677362,1281105
102544701,10113222,502002117,Dorfstrasse,54.1,8218 Osterfingen,2974,SH,real,False,23.07.2024,2678906,1279670
102544702,10104515,502001605,Sommerhalde,1.7,8217 Wilchingen,2974,SH,real,False,23.07.2024,2675035,1281790
102544703,10091406,502001846,Haslacherstrasse,33.5,8217 Wilchingen,2974,SH,real,False,23.07.2024,2677897,1280782
102544704,10031833,502001545,Weiherweg,18.1,8217 Wilchingen,2974,SH,real,False,23.07.2024,2677840,1280044
102544705,10104515,502001626,Sommerhalde,1.22,8217 Wilchingen,2974,SH,real,False,23.07.2024,2675173,1281866
102544706,10149927,502001994,Bahnhofstrasse,15.1,8217 Wilchingen,2974,SH,real,False,23.07.2024,2676915,1281488
102544707,10091406,502001845,Haslacherstrasse,33.6,8217 Wilchingen,2974,SH,real,False,23.07.2024,2677798,1280943
102544708,10031816,502001908,Dickistrasse,12.2,8217 Wilchingen,2974,SH,real,False,23.07.2024,2677381,1281097
102544709,10104515,502001625,Sommerhalde,1.23,8217 Wilchingen,2974,SH,real,False,23.07.2024,2674705,1281620
102544710,10104515,502001604,Sommerhalde,1.8,8217 Wilchingen,2974,SH,real,False,23.07.2024,2674920,1281780
102544711,10091406,502001844,Haslacherstrasse,4b.1,8217 Wilchingen,2974,SH,real,False,23.07.2024,2677108,1280582
102544712,10031833,502001544,Weiherweg,19.1,8217 Wilchingen,2974,SH,real,False,22.11.2024,2677865,1280091
102544713,10104515,502001624,Sommerhalde,1.24,8217 Wilchingen,2974,SH,real,False,23.07.2024,2674703,1281606
102544714,10149927,502001993,Bahnhofstrasse,15.2,8217 Wilchingen,2974,SH,real,False,23.07.2024,2676921,1281539
102544715,10091406,502001842,Haslacherstrasse,6.2,8217 Wilchingen,2974,SH,real,False,23.07.2024,2677072,1280538
102544716,10031816,502001907,Dickistrasse,17.1,8217 Wilchingen,2974,SH,real,False,23.07.2024,2677371,1281199
102544717,10104515,502001623,Sommerhalde,1.25,8217 Wilchingen,2974,SH,real,False,23.07.2024,2675010,1281937
102544718,10104515,502001603,Sommerhalde,1.9,8217 Wilchingen,2974,SH,real,False,23.07.2024,2675131,1281760
102544719,10148816,502001841,Hauptstrasse,14.1,8217 Wilchingen,2974,SH,real,False,23.07.2024,2677450,1280183
102544720,10031833,502001543,Weiherweg,4.1,8217 Wilchingen,2974,SH,real,False,23.07.2024,2677634,1280059
102544721,10104515,502001622,Sommerhalde,1.26,8217 Wilchingen,2974,SH,real,False,23.07.2024,2675098,1281961
102544722,10149927,502001992,Bahnhofstrasse,17.1,8217 Wilchingen,2974,SH,real,False,23.07.2024,2676958,1281526
102544723,10148816,502001840,Hauptstrasse,17.2,8217 Wilchingen,2974,SH,real,False,23.07.2024,2677542,1280128
102544724,10031816,502001906,Dickistrasse,17.2,8217 Wilchingen,2974,SH,real,False,23.07.2024,2677453,1281221
102544725,10104515,502001621,Sommerhalde,1.27,8217 Wilchingen,2974,SH,real,False,23.07.2024,2675171,1281996
102544726,10187875,502001602,Spitzhaldenweg,14.1,8217 Wilchingen,2974,SH,real,False,23.07.2024,2677484,1279651
102544727,10148816,502001839,Hauptstrasse,17.3,8217 Wilchingen,2974,SH,real,False,23.07.2024,2677561,1280132
102544728,10031816,502001905,Dickistrasse,2.1,8217 Wilchingen,2974,SH,real,False,23.07.2024,2677428,1280967
102544729,10104515,502001620,Sommerhalde,1.28,8217 Wilchingen,2974,SH,real,False,23.07.2024,2675203,1281998
102544730,10149927,502001991,Bahnhofstrasse,19.1,8217 Wilchingen,2974,SH,real,False,23.07.2024,2676974,1281539
102544731,10148816,502001838,Hauptstrasse,19.1,8217 Wilchingen,2974,SH,real,False,23.07.2024,2677508,1280120
102544732,10031834,502001541,Wiesenweg,1.1,8217 Wilchingen,2974,SH,real,False,23.07.2024,2677154,1280482
102544733,10104515,502001619,Sommerhalde,1.29,8217 Wilchingen,2974,SH,real,False,23.07.2024,2675134,1282038
102544734,10149927,502001990,Bahnhofstrasse,22.1,8217 Wilchingen,2974,SH,real,False,23.07.2024,2677055,1281555
102544735,10148816,502001837,Hauptstrasse,20.1,8217 Wilchingen,2974,SH,real,False,23.07.2024,2677399,1280189
102544736,10136960,502002068,Osterfingerstrasse,1.6,8218 Osterfingen,2974,SH,real,False,23.07.2024,2677931,1279560
102544737,10104515,502001618,Sommerhalde,1.3,8217 Wilchingen,2974,SH,real,False,23.07.2024,2675017,1281580
102544738,10187875,502001601,Spitzhaldenweg,14.2,8217 Wilchingen,2974,SH,real,False,23.07.2024,2677379,1279668
102544739,10148816,502001836,Hauptstrasse,21.1,8217 Wilchingen,2974,SH,real,False,23.07.2024,2677479,1280107
102544740,10031834,502001540,Wiesenweg,10.1,8217 Wilchingen,2974,SH,real,False,23.07.2024,2677249,1280473
102544741,10104515,502001617,Sommerhalde,1.30,8217 Wilchingen,2974,SH,real,False,23.07.2024,2675020,1282082
102544742,10149927,502001989,Bahnhofstrasse,23.1,8217 Wilchingen,2974,SH,real,False,23.07.2024,2677019,1281609
102544743,10148816,502001835,Hauptstrasse,22.1,8217 Wilchingen,2974,SH,real,False,23.07.2024,2677393,1280187
102544744,10136960,502002067,Osterfingerstrasse,2.1,8218 Osterfingen,2974,SH,real,False,23.07.2024,2678218,1279307
102544745,10103236,502001729,Mettlenstrasse,29.1,8217 Wilchingen,2974,SH,real,False,23.07.2024,2677132,1280022
102544747,10148816,502001834,Hauptstrasse,28.1,8217 Wilchingen,2974,SH,real,False,23.07.2024,2677362,1280192
102544748,10031834,502001539,Wiesenweg,9.1,8217 Wilchingen,2974,SH,real,False,23.07.2024,2677212,1280503
102544749,10031525,502001958,Bettenstrasse,13.1,8217 Wilchingen,2974,SH,real,False,23.07.2024,2677522,1279997
102544750,10187875,502001599,Spitzhaldenweg,14.4,8217 Wilchingen,2974,SH,real,False,23.07.2024,2677386,1279591
102544751,10148816,502001833,Hauptstrasse,28.2,8217 Wilchingen,2974,SH,real,False,23.07.2024,2677364,1280205
102544752,10136960,502002066,Osterfingerstrasse,2.2,8218 Osterfingen,2974,SH,real,False,23.07.2024,2678234,1279325
102544753,10139725,502001946,Birkenhof,1.5,8217 Wilchingen,2974,SH,real,False,23.07.2024,2676171,1280029
102544754,10179768,502001743,Kapellenweg,13.1,8217 Wilchingen,2974,SH,real,False,23.07.2024,2677044,1280302
102544755,10148816,502001832,Hauptstrasse,3.1,8217 Wilchingen,2974,SH,real,False,23.07.2024,2677603,1280148
102544756,10053545,502001754,Wilchingerberg,1.1,8217 Wilchingen,2974,SH,real,False,23.07.2024,2674291,1281490
102544757,10091406,502001855,Haslacherstrasse,27.1,8217 Wilchingen,2974,SH,real,False,23.07.2024,2677536,1280689
102544758,10187875,502001598,Spitzhaldenweg,14.5,8217 Wilchingen,2974,SH,real,False,23.07.2024,2677843,1279614
102544759,10148816,502001831,Hauptstrasse,32.1,8217 Wilchingen,2974,SH,real,False,23.07.2024,2677327,1280187
102544760,10031827,502001671,Quellenweg,6.1,8217 Wilchingen,2974,SH,real,False,23.07.2024,2677281,1281118
102544761,10091406,502001843,Haslacherstrasse,6.1,8217 Wilchingen,2974,SH,real,False,23.07.2024,2677099,1280546
102544762,10179768,502001742,Kapellenweg,12,8217 Wilchingen,2974,SH,real,True,23.11.2024,2677056,1280343
102544763,10053545,502001533,Wilchingerberg,1.10,8217 Wilchingen,2974,SH,real,False,23.07.2024,2674489,1281262
102544765,10148816,502001830,Hauptstrasse,32.2,8217 Wilchingen,2974,SH,real,False,23.07.2024,2677332,1280209
102544766,10031830,502001597,Sägereistrasse,10.1,8217 Wilchingen,2974,SH,real,False,23.07.2024,2676933,1280057
102544767,10113222,502002159,Dorfstrasse,15.1,8218 Osterfingen,2974,SH,real,False,23.07.2024,2678425,1279515
102544769,10148816,502001818,Hauptstrasse,52.1,8217 Wilchingen,2974,SH,real,False,23.07.2024,2677134,1280201
102544770,10031830,502001596,Sägereistrasse,11.1,8217 Wilchingen,2974,SH,real,False,23.07.2024,2676886,1279959
102544771,10113222,502002158,Dorfstrasse,15.2,8218 Osterfingen,2974,SH,real,False,23.07.2024,2678414,1279513
102544772,10148816,502001827,Hauptstrasse,38.3,8217 Wilchingen,2974,SH,real,False,23.07.2024,2677271,1280254
102544773,10149927,502001983,Bahnhofstrasse,3.3,8217 Wilchingen,2974,SH,real,False,23.07.2024,2676510,1281306
102544774,10053542,502001740,Klettgauerhof,1.1,8217 Wilchingen,2974,SH,real,False,23.07.2024,2675713,1281443
102544775,10053545,502001753,Wilchingerberg,1.2,8217 Wilchingen,2974,SH,real,False,23.07.2024,2674317,1281494
102544776,10148816,502001826,Hauptstrasse,38.4,8217 Wilchingen,2974,SH,real,False,23.07.2024,2677284,1280274
102544777,10148704,502001970,Berghaus,1.3,8217 Wilchingen,2974,SH,real,False,23.07.2024,2673927,1281845
102544778,10031830,502001595,Sägereistrasse,13.1,8217 Wilchingen,2974,SH,real,False,23.07.2024,2676852,1279937
102544779,10113222,502002157,Dorfstrasse,17.1,8218 Osterfingen,2974,SH,real,False,23.07.2024,2678093,1279638
102544782,10053542,502001739,Klettgauerhof,1.2,8217 Wilchingen,2974,SH,real,False,23.07.2024,2675746,1281451
102544783,10053545,502001752,Wilchingerberg,1.3,8217 Wilchingen,2974,SH,real,False,23.07.2024,2674263,1281483
102544784,10148816,502001824,Hauptstrasse,42.1,8217 Wilchingen,2974,SH,real,False,23.07.2024,2677250,1280214
102544785,10091408,502001703,Mülibach,5.2,8217 Wilchingen,2974,SH,real,False,23.07.2024,2676916,1281197
102544786,10031830,502001594,Sägereistrasse,18.1,8217 Wilchingen,2974,SH,real,False,23.07.2024,2676829,1280014
102544787,10113222,502002156,Dorfstrasse,18.1,8218 Osterfingen,2974,SH,real,False,23.07.2024,2678506,1279496
102544789,10134234,502001935,Blomberg,2.2,8217 Wilchingen,2974,SH,real,False,23.07.2024,2676887,1279034
102544790,10031830,502001593,Sägereistrasse,2.1,8217 Wilchingen,2974,SH,real,False,23.07.2024,2676917,1280199
102544791,10053545,502001751,Wilchingerberg,1.4,8217 Wilchingen,2974,SH,real,False,23.07.2024,2674266,1281499
102544792,10148816,502001822,Hauptstrasse,46.1,8217 Wilchingen,2974,SH,real,False,23.07.2024,2677216,1280213
102544793,10148818,502001682,Niederwiesenstrasse,270.5,8217 Wilchingen,2974,SH,real,False,23.07.2024,2676823,1280050
102544794,10148817,502001737,Löchlistrasse,14.2,8217 Wilchingen,2974,SH,real,False,23.07.2024,2677249,1279400
102544795,10113222,502002155,Dorfstrasse,18.2,8218 Osterfingen,2974,SH,real,False,23.07.2024,2678488,1279489
102544796,10148816,502001821,Hauptstrasse,46.2,8217 Wilchingen,2974,SH,real,False,23.07.2024,2677253,1280179
102544797,10136960,502002072,Osterfingerstrasse,1.2,8218 Osterfingen,2974,SH,real,False,23.07.2024,2678206,1279432
102544798,10031830,502001592,Sägereistrasse,2.2,8217 Wilchingen,2974,SH,real,False,23.07.2024,2676918,1280166
102544799,10053545,502001538,Wilchingerberg,1.5,8217 Wilchingen,2974,SH,real,False,23.07.2024,2674327,1281299
102544800,10148816,502001820,Hauptstrasse,5.1,8217 Wilchingen,2974,SH,real,False,23.07.2024,2677560,1280176
102544801,10124090,502001665,Rainhof,52.1,8217 Wilchingen,2974,SH,real,False,23.07.2024,2677419,1279899
102544802,10148817,502001736,Löchlistrasse,14.3,8217 Wilchingen,2974,SH,real,False,23.07.2024,2677345,1279381
102544803,10113222,502002154,Dorfstrasse,19.1,8218 Osterfingen,2974,SH,real,False,23.07.2024,2678454,1279552
102544804,10148816,502001819,Hauptstrasse,51.1,8217 Wilchingen,2974,SH,real,False,23.07.2024,2677207,1280125
102544806,10031830,502001591,Sägereistrasse,7.1,8217 Wilchingen,2974,SH,real,False,23.07.2024,2676933,1279995
102544807,10053545,502001537,Wilchingerberg,1.6,8217 Wilchingen,2974,SH,real,False,23.07.2024,2674403,1281305
102544808,10148816,502001817,Hauptstrasse,53.1,8217 Wilchingen,2974,SH,real,False,23.07.2024,2677197,1280125
102544809,10187875,502001600,Spitzhaldenweg,14.3,8217 Wilchingen,2974,SH,real,False,23.07.2024,2677333,1279730
102544810,10024922,502002078,Marktweg,5.1,8218 Osterfingen,2974,SH,real,False,23.07.2024,2678588,1279705
102544811,10113222,502002153,Dorfstrasse,20.1,8218 Osterfingen,2974,SH,real,False,23.07.2024,2678535,1279511
102544812,10148816,502001816,Hauptstrasse,6.1,8217 Wilchingen,2974,SH,real,False,23.07.2024,2677480,1280188
102544813,10148817,502001738,Löchlistrasse,14.1,8217 Wilchingen,2974,SH,real,False,23.07.2024,2677200,1279462
102544814,10031830,502001590,Sägereistrasse,7.2,8217 Wilchingen,2974,SH,real,False,23.07.2024,2676892,1279981
102544815,10053545,502001536,Wilchingerberg,1.7,8217 Wilchingen,2974,SH,real,False,23.07.2024,2674508,1281445
102544816,10148816,502001815,Hauptstrasse,61.1,8217 Wilchingen,2974,SH,real,False,23.07.2024,2677137,1280129
102544817,10152453,502001586,Talackerstrasse,13.2,8217 Wilchingen,2974,SH,real,False,23.07.2024,2677678,1280256
102544818,10103236,502001735,Mettlenstrasse,10.1,8217 Wilchingen,2974,SH,real,False,23.07.2024,2677315,1280047
102544819,10053545,502001535,Wilchingerberg,1.8,8217 Wilchingen,2974,SH,real,False,23.07.2024,2674505,1281359
102544820,10134235,502001891,Galgenbuckstrasse,9.2,8217 Wilchingen,2974,SH,real,False,23.07.2024,2676899,1281615
102544821,10148816,502001814,Hauptstrasse,62.1,8217 Wilchingen,2974,SH,real,False,23.07.2024,2677082,1280237
102544822,10152453,502001588,Talackerstrasse,10.1,8217 Wilchingen,2974,SH,real,False,23.07.2024,2677651,1280248
102544823,10152454,502001553,Tumihof,1.4,8217 Wilchingen,2974,SH,real,False,23.07.2024,2674635,1281011
102544824,10113222,502002107,Dorfstrasse,68.1,8218 Osterfingen,2974,SH,real,False,23.07.2024,2678987,1279658
102544825,10031818,502001885,Grossgasse,13.2,8217 Wilchingen,2974,SH,real,False,23.07.2024,2677308,1280230
102544826,10134235,502001898,Galgenbuckstrasse,2.2,8217 Wilchingen,2974,SH,real,False,23.07.2024,2676991,1281556
102544827,10152454,502001552,Tumihof,1.5,8217 Wilchingen,2974,SH,real,False,23.07.2024,2674684,1280961
102544828,10113222,502002106,Dorfstrasse,69.1,8218 Osterfingen,2974,SH,real,False,23.07.2024,2679115,1279715
102544829,10149928,502001879,Haartelstrasse,10.2,8217 Wilchingen,2974,SH,real,True,06.08.2024,2677681,1280193
102544830,10152453,502001587,Talackerstrasse,13.1,8217 Wilchingen,2974,SH,real,False,23.07.2024,2677630,1280278
102544831,10113222,502002151,Dorfstrasse,26.1,8218 Osterfingen,2974,SH,real,False,23.07.2024,2678570,1279560
102544832,10113222,502002105,Dorfstrasse,71.1,8218 Osterfingen,2974,SH,real,False,23.07.2024,2679120,1279679
102544833,10149928,502001873,Haartelstrasse,2.1,8217 Wilchingen,2974,SH,real,False,23.07.2024,2677584,1280187
102544834,10134235,502001897,Galgenbuckstrasse,22.1,8217 Wilchingen,2974,SH,real,False,23.07.2024,2676962,1281656
102544835,10179769,502001661,Rossberg,1.3,8217 Wilchingen,2974,SH,real,False,23.07.2024,2680830,1279442
102544836,10113222,502002104,Dorfstrasse,71.2,8218 Osterfingen,2974,SH,real,False,23.07.2024,2679129,1279708
102544837,10053543,502001697,Neuhof,1.13,8217 Wilchingen,2974,SH,real,False,23.07.2024,2675433,1282181
102544838,10134235,502001896,Galgenbuckstrasse,3.1,8217 Wilchingen,2974,SH,real,False,23.07.2024,2676967,1281546
102544839,10053545,502001534,Wilchingerberg,1.9,8217 Wilchingen,2974,SH,real,False,23.07.2024,2674549,1281365
102544840,10113222,502002103,Dorfstrasse,74.1,8218 Osterfingen,2974,SH,real,False,23.07.2024,2679015,1279668
102544841,10152454,502001565,Tumihof,1.10,8217 Wilchingen,2974,SH,real,False,23.07.2024,2674555,1280973
102544842,10152453,502001585,Talackerstrasse,13.3,8217 Wilchingen,2974,SH,real,False,23.07.2024,2677687,1280259
102544843,10179769,502001660,Rossberg,1.4,8217 Wilchingen,2974,SH,real,False,23.07.2024,2680472,1279548
102544844,10113222,502002102,Dorfstrasse,75.1,8218 Osterfingen,2974,SH,real,False,23.07.2024,2679165,1279728
102544845,10152454,502001559,Tumihof,1.16,8217 Wilchingen,2974,SH,real,False,23.07.2024,2674866,1281331
102544846,10113222,502002150,Dorfstrasse,26.2,8218 Osterfingen,2974,SH,real,False,23.07.2024,2678598,1279559
102544847,10152453,502001584,Talackerstrasse,13.4,8217 Wilchingen,2974,SH,real,False,23.07.2024,2677689,1280289
102544848,10113222,502002101,Dorfstrasse,75.2,8218 Osterfingen,2974,SH,real,False,23.07.2024,2679153,1279731
102544849,10148818,502001677,Niederwiesenstrasse,28.1,8217 Wilchingen,2974,SH,real,False,23.07.2024,2676483,1280040
102544850,10149930,502001531,Winkelstrasse,18.1,8217 Wilchingen,2974,SH,real,False,23.07.2024,2677349,1280111
102544851,10134235,502001895,Galgenbuckstrasse,7.1,8217 Wilchingen,2974,SH,real,False,23.07.2024,2676931,1281567
102544852,10113222,502002100,Dorfstrasse,75.3,8218 Osterfingen,2974,SH,real,False,23.07.2024,2679149,1279739
102544853,10136960,502002073,Osterfingerstrasse,1.1,8218 Osterfingen,2974,SH,real,False,23.07.2024,2678178,1279450
102544854,10152453,502001583,Talackerstrasse,13.5,8217 Wilchingen,2974,SH,real,False,23.07.2024,2677669,1280502
102544855,10179769,502001659,Rossberg,1.5,8217 Wilchingen,2974,SH,real,False,23.07.2024,2681437,1279311
102544856,10113222,502002099,Dorfstrasse,77.1,8218 Osterfingen,2974,SH,real,False,23.07.2024,2679194,1279714
102544857,10031833,502001542,Weiherweg,8.1,8217 Wilchingen,2974,SH,real,False,23.07.2024,2677731,1280061
102544858,10134235,502001894,Galgenbuckstrasse,7.2,8217 Wilchingen,2974,SH,real,False,23.07.2024,2676869,1281601
102544859,10113222,502002149,Dorfstrasse,26.3,8218 Osterfingen,2974,SH,real,False,23.07.2024,2678558,1279556
102544860,10053545,502001532,Wilchingerberg,1.11,8217 Wilchingen,2974,SH,real,False,23.07.2024,2674499,1281267
102544861,10117743,502001758,In Wiesen,1.3,8217 Wilchingen,2974,SH,real,False,23.07.2024,2674993,1280887
102544862,10148816,502001813,Hauptstrasse,62.2,8217 Wilchingen,2974,SH,real,False,23.07.2024,2677075,1280247
102544863,10152453,502001582,Talackerstrasse,3.1,8217 Wilchingen,2974,SH,real,False,23.07.2024,2677590,1280250
102544864,10179769,502001662,Rossberg,1.2,8217 Wilchingen,2974,SH,real,False,23.07.2024,2680706,1279610
102544865,10117743,502001757,In Wiesen,1.4,8217 Wilchingen,2974,SH,real,False,23.07.2024,2674992,1280715
102544866,10149930,502001530,Winkelstrasse,18.2,8217 Wilchingen,2974,SH,real,False,23.07.2024,2677354,1280110
102544867,10134235,502001893,Galgenbuckstrasse,8.1,8217 Wilchingen,2974,SH,real,False,23.07.2024,2676983,1281616
102544868,10113222,502002145,Dorfstrasse,3041.3,8218 Osterfingen,2974,SH,real,False,23.07.2024,2679576,1279741
102544869,10117743,502001756,In Wiesen,1.5,8217 Wilchingen,2974,SH,real,False,23.07.2024,2675006,1280710
102544870,10179769,502001658,Rossberg,1.6,8217 Wilchingen,2974,SH,real,False,23.07.2024,2680718,1278864
102544871,10149929,502001581,Trasadingerstrasse,1.1,8217 Wilchingen,2974,SH,real,False,23.07.2024,2677283,1281448
102544873,10117743,502001755,In Wiesen,2.1,8217 Wilchingen,2974,SH,real,False,23.07.2024,2674963,1280929
102544874,10113222,502002148,Dorfstrasse,27.1,8218 Osterfingen,2974,SH,real,False,23.07.2024,2678556,1279590
102544875,10134235,502001892,Galgenbuckstrasse,9.1,8217 Wilchingen,2974,SH,real,False,23.07.2024,2676913,1281629
102544876,10091410,502001648,Schelmengasse,2.5,8217 Wilchingen,2974,SH,real,False,23.07.2024,2676946,1280324
102544877,10148815,502001750,In der Gasse,1.1,8217 Wilchingen,2974,SH,real,False,23.07.2024,2677458,1280055
102544878,10148816,502001812,Hauptstrasse,62.3,8217 Wilchingen,2974,SH,real,False,23.07.2024,2677064,1280240
102544879,10149929,502001580,Trasadingerstrasse,1.2,8217 Wilchingen,2974,SH,real,False,23.07.2024,2677208,1281433
102544880,10091410,502001645,Schelmengasse,2.8,8217 Wilchingen,2974,SH,real,False,23.07.2024,2676885,1280344
102544881,10148815,502001749,In der Gasse,12.1,8217 Wilchingen,2974,SH,real,False,23.07.2024,2677354,1280029
102544882,10149930,502001529,Winkelstrasse,2.1,8217 Wilchingen,2974,SH,real,False,23.07.2024,2677404,1280122
102544883,10149929,502001579,Trasadingerstrasse,10.1,8217 Wilchingen,2974,SH,real,False,23.07.2024,2677161,1281464
102544884,10152455,502001514,Zinggenstrasse,8.1,8217 Wilchingen,2974,SH,real,False,23.07.2024,2677550,1280241
102544885,10148815,502001748,In der Gasse,16.1,8217 Wilchingen,2974,SH,real,False,23.07.2024,2677338,1279993
102544886,10134235,502001890,Galgenbuckstrasse,9.3,8217 Wilchingen,2974,SH,real,False,23.07.2024,2676892,1281593
102544887,10179769,502001657,Rossberg,1.7,8217 Wilchingen,2974,SH,real,False,23.07.2024,2681207,1278843
102544888,10024925,502002033,Zollstrasse,15.1,8218 Osterfingen,2974,SH,real,False,23.07.2024,2678569,1279136
102544889,10148815,502001747,In der Gasse,20.1,8217 Wilchingen,2974,SH,real,False,23.07.2024,2677357,1279921
102544890,10113222,502002147,Dorfstrasse,29.1,8218 Osterfingen,2974,SH,real,False,23.07.2024,2678587,1279637
102544891,10149929,502001578,Trasadingerstrasse,12.1,8217 Wilchingen,2974,SH,real,False,23.07.2024,2677053,1281473
102544892,10113222,502002126,Dorfstrasse,43.1,8218 Osterfingen,2974,SH,real,False,23.07.2024,2678703,1279671
102544893,10148815,502001746,In der Gasse,20.2,8217 Wilchingen,2974,SH,real,False,23.07.2024,2677340,1279876
102544894,10148816,502001811,Hauptstrasse,63.1,8217 Wilchingen,2974,SH,real,False,23.07.2024,2677102,1280127
102544895,10149929,502001577,Trasadingerstrasse,14.1,8217 Wilchingen,2974,SH,real,False,23.07.2024,2676997,1281462
102544896,10113222,502002123,Dorfstrasse,47.1,8218 Osterfingen,2974,SH,real,False,23.07.2024,2678736,1279676
102544897,10148815,502001745,In der Gasse,20.3,8217 Wilchingen,2974,SH,real,False,23.07.2024,2677393,1279857
102544898,10134235,502001889,Galgenbuckstrasse,9.4,8217 Wilchingen,2974,SH,real,False,23.07.2024,2676890,1281627
102544899,10149930,502001528,Winkelstrasse,5.1,8217 Wilchingen,2974,SH,real,True,12.10.2024,2677378,1280078
102544900,10113222,502002122,Dorfstrasse,51.1,8218 Osterfingen,2974,SH,real,False,23.07.2024,2678806,1279701
102544901,10148815,502001744,In der Gasse,8.1,8217 Wilchingen,2974,SH,real,False,23.07.2024,2677383,1280047
102544902,10149929,502001576,Trasadingerstrasse,14.2,8217 Wilchingen,2974,SH,real,False,23.07.2024,2677002,1281443
102544903,10179769,502001656,Rossberg,1.8,8217 Wilchingen,2974,SH,real,False,23.07.2024,2681754,1278899
102544904,10148816,502001786,Hauptstrasse,92.1,8217 Wilchingen,2974,SH,real,False,23.07.2024,2677070,1280384
102544905,10073114,502001888,Gartenweg,4.1,8217 Wilchingen,2974,SH,real,False,23.07.2024,2677292,1280309
102544906,10149927,502001987,Bahnhofstrasse,27.1,8217 Wilchingen,2974,SH,real,False,23.07.2024,2677048,1281683
102544907,10113222,502002146,Dorfstrasse,3041.2,8218 Osterfingen,2974,SH,real,False,23.07.2024,2679365,1279682
102544908,10113222,502002121,Dorfstrasse,51.2,8218 Osterfingen,2974,SH,real,False,23.07.2024,2678813,1279714
102544909,10149929,502001575,Trasadingerstrasse,14.3,8217 Wilchingen,2974,SH,real,False,23.07.2024,2676991,1281445
102544910,10149927,502001986,Bahnhofstrasse,29.1,8217 Wilchingen,2974,SH,real,False,23.07.2024,2677049,1281686
102544911,10148816,502001810,Hauptstrasse,63.2,8217 Wilchingen,2974,SH,real,False,23.07.2024,2677125,1280122
102544912,10073115,502001785,Hofackergarten,10.1,8217 Wilchingen,2974,SH,real,False,23.07.2024,2677287,1280390
102544913,10209544,502001887,Gewerbestrasse,2.1,8217 Wilchingen,2974,SH,real,False,23.07.2024,2676793,1281583
102544914,10149930,502001527,Winkelstrasse,5.2,8217 Wilchingen,2974,SH,real,False,23.07.2024,2677382,1280088
102544915,10149927,502001985,Bahnhofstrasse,3.1,8217 Wilchingen,2974,SH,real,False,23.07.2024,2676501,1281279
102544916,10113222,502002120,Dorfstrasse,52.1,8218 Osterfingen,2974,SH,real,False,23.07.2024,2678859,1279644
102544917,10149929,502001574,Trasadingerstrasse,14.4,8217 Wilchingen,2974,SH,real,False,23.07.2024,2677013,1281419
102544918,10179769,502001655,Rossberg,1.9,8217 Wilchingen,2974,SH,real,False,23.07.2024,2681619,1278073
102544919,10149927,502001984,Bahnhofstrasse,3.2,8217 Wilchingen,2974,SH,real,False,23.07.2024,2676541,1281253
102544920,10073115,502001784,Hofackergarten,4.1,8217 Wilchingen,2974,SH,real,False,23.07.2024,2677258,1280351
102544921,10031818,502001886,Grossgasse,13.1,8217 Wilchingen,2974,SH,real,False,23.07.2024,2677317,1280228
102544922,10148816,502001809,Hauptstrasse,63.3,8217 Wilchingen,2974,SH,real,False,23.07.2024,2677116,1280111
102544923,10113222,502002119,Dorfstrasse,52.2,8218 Osterfingen,2974,SH,real,False,23.07.2024,2678848,1279644
102544924,10149927,502001982,Bahnhofstrasse,3.4,8217 Wilchingen,2974,SH,real,False,23.07.2024,2676565,1281295
102544925,10149929,502001573,Trasadingerstrasse,20.1,8217 Wilchingen,2974,SH,real,False,23.07.2024,2676902,1281407
102544926,10149930,502001526,Winkelstrasse,6.1,8217 Wilchingen,2974,SH,real,False,23.07.2024,2677382,1280118
102544927,10149927,502001981,Bahnhofstrasse,3.5,8217 Wilchingen,2974,SH,real,False,23.07.2024,2676541,1281327
102544928,10073115,502001783,Hofackergarten,4.2,8217 Wilchingen,2974,SH,real,False,23.07.2024,2677256,1280349
102544929,10149929,502001572,Trasadingerstrasse,20.2,8217 Wilchingen,2974,SH,real,False,23.07.2024,2676888,1281380
102544930,10091410,502001654,Schelmengasse,2.1,8217 Wilchingen,2974,SH,real,False,23.07.2024,2676908,1280314
102544931,10149927,502001980,Bahnhofstrasse,3.6,8217 Wilchingen,2974,SH,real,False,23.07.2024,2676532,1281336
102544932,10104515,502001628,Sommerhalde,1.20,8217 Wilchingen,2974,SH,real,False,23.07.2024,2675061,1281907
102544933,10031818,502001884,Grossgasse,15.1,8217 Wilchingen,2974,SH,real,False,23.07.2024,2677335,1280235
102544934,10149927,502001979,Bahnhofstrasse,3.7,8217 Wilchingen,2974,SH,real,False,23.07.2024,2676574,1281323
102544935,10104515,502001627,Sommerhalde,1.21,8217 Wilchingen,2974,SH,real,False,23.07.2024,2674753,1281480
102544936,10149929,502001571,Trasadingerstrasse,20.3,8217 Wilchingen,2974,SH,real,False,23.07.2024,2676865,1281364
102544937,10113222,502002144,Dorfstrasse,3041.4,8218 Osterfingen,2974,SH,real,False,23.07.2024,2679772,1279812
102544938,10149927,502001978,Bahnhofstrasse,3.8,8217 Wilchingen,2974,SH,real,False,23.07.2024,2676488,1281339
102544939,10073115,502001782,Hofackergarten,4.3,8217 Wilchingen,2974,SH,real,False,23.07.2024,2677254,1280347
102544940,10031818,502001883,Grossgasse,15.2,8217 Wilchingen,2974,SH,real,False,23.07.2024,2677334,1280230
102544941,10148816,502001808,Hauptstrasse,64.1,8217 Wilchingen,2974,SH,real,False,23.07.2024,2677122,1280224
102544942,10149927,502001977,Bahnhofstrasse,3.9,8217 Wilchingen,2974,SH,real,False,23.07.2024,2676621,1281335
102544943,10113222,502002116,Dorfstrasse,54.2,8218 Osterfingen,2974,SH,real,False,23.07.2024,2678896,1279636
102544944,10149929,502001570,Trasadingerstrasse,20.4,8217 Wilchingen,2974,SH,real,False,23.07.2024,2676845,1281371
102544945,10149930,502001525,Winkelstrasse,7.1,8217 Wilchingen,2974,SH,real,False,23.07.2024,2677345,1280089
102544946,10149927,502001976,Bahnhofstrasse,31.1,8217 Wilchingen,2974,SH,real,False,23.07.2024,2677070,1281723
102544947,10073115,502001781,Hofackergarten,4.4,8217 Wilchingen,2974,SH,real,False,23.07.2024,2677252,1280344
102544948,10031818,502001882,Grossgasse,15.3,8217 Wilchingen,2974,SH,real,False,23.07.2024,2677342,1280282
102544949,10091410,502001653,Schelmengasse,2.10,8217 Wilchingen,2974,SH,real,False,23.07.2024,2676860,1280333
102544950,10149927,502001975,Bahnhofstrasse,33.1,8217 Wilchingen,2974,SH,real,False,23.07.2024,2677084,1281745
102544951,10113222,502002115,Dorfstrasse,55.1,8218 Osterfingen,2974,SH,real,False,23.07.2024,2678849,1279718
102544952,10149929,502001569,Trasadingerstrasse,3.1,8217 Wilchingen,2974,SH,real,False,23.07.2024,2677251,1281378
102544953,10113222,502002143,Dorfstrasse,3041.5,8218 Osterfingen,2974,SH,real,False,23.07.2024,2679982,1279362
102544954,10031819,502001780,Hofackerstrasse,14.1,8217 Wilchingen,2974,SH,real,False,23.07.2024,2677175,1280251
102544955,10149927,502001974,Bahnhofstrasse,33.2,8217 Wilchingen,2974,SH,real,False,23.07.2024,2677072,1281725
102544956,10031818,502001881,Grossgasse,7.1,8217 Wilchingen,2974,SH,real,False,23.07.2024,2677264,1280210
102544958,10113222,502002114,Dorfstrasse,56.1,8218 Osterfingen,2974,SH,real,False,23.07.2024,2678934,1279657
102544959,10149927,502001973,Bahnhofstrasse,33.3,8217 Wilchingen,2974,SH,real,False,23.07.2024,2677080,1281754
102544960,10149929,502001568,Trasadingerstrasse,5.1,8217 Wilchingen,2974,SH,real,False,23.07.2024,2677107,1281382
102544961,10152455,502001524,Zinggenstrasse,11.1,8217 Wilchingen,2974,SH,real,False,23.07.2024,2677470,1280234
102544962,10031819,502001779,Hofackerstrasse,15.1,8217 Wilchingen,2974,SH,real,False,23.07.2024,2677198,1280264
102544963,10148704,502001972,Berghaus,1.1,8217 Wilchingen,2974,SH,real,False,23.07.2024,2673923,1281824
102544964,10149928,502001880,Haartelstrasse,10.1,8217 Wilchingen,2974,SH,real,False,23.07.2024,2677666,1280184
102544965,10091410,502001652,Schelmengasse,2.11,8217 Wilchingen,2974,SH,real,False,23.07.2024,2676873,1280365
102544966,10113222,502002113,Dorfstrasse,56.2,8218 Osterfingen,2974,SH,real,False,23.07.2024,2678917,1279664
102544967,10149929,502001567,Trasadingerstrasse,7.1,8217 Wilchingen,2974,SH,real,False,23.07.2024,2677058,1281386
102544968,10148704,502001971,Berghaus,1.2,8217 Wilchingen,2974,SH,real,False,23.07.2024,2673894,1281797
102544969,10113222,502002142,Dorfstrasse,3041.6,8218 Osterfingen,2974,SH,real,False,23.07.2024,2679721,1278944
102544970,10031819,502001778,Hofackerstrasse,15.2,8217 Wilchingen,2974,SH,real,False,23.07.2024,2677194,1280298
102544971,10120400,502002065,Trottenweg,1.1,8218 Osterfingen,2974,SH,real,False,23.07.2024,2679031,1279728
102544972,10148704,502001969,Berghaus,1.4,8217 Wilchingen,2974,SH,real,False,23.07.2024,2673890,1281844
102544973,10152455,502001523,Zinggenstrasse,13.1,8217 Wilchingen,2974,SH,real,False,23.07.2024,2677465,1280244
102544974,10113222,502002112,Dorfstrasse,61.1,8218 Osterfingen,2974,SH,real,False,23.07.2024,2678997,1279716
102544975,10120400,502002064,Trottenweg,1.2,8218 Osterfingen,2974,SH,real,False,23.07.2024,2679027,1279711
102544976,10103236,502001726,Mettlenstrasse,5.1,8217 Wilchingen,2974,SH,real,False,19.11.2024,2677283,1280038
102544977,10091410,502001651,Schelmengasse,2.2,8217 Wilchingen,2974,SH,real,False,23.07.2024,2676908,1280317
102544978,10031819,502001777,Hofackerstrasse,18.1,8217 Wilchingen,2974,SH,real,False,23.07.2024,2677181,1280259
102544979,10149928,502001878,Haartelstrasse,10.3,8217 Wilchingen,2974,SH,real,False,23.07.2024,2677689,1280219
102544980,10103236,502001725,Mettlenstrasse,5.2,8217 Wilchingen,2974,SH,real,False,23.07.2024,2677288,1280044
102544981,10113222,502002141,Dorfstrasse,3041.7,8218 Osterfingen,2974,SH,real,False,23.07.2024,2680587,1278212
102544982,10113222,502002111,Dorfstrasse,65.1,8218 Osterfingen,2974,SH,real,False,23.07.2024,2679057,1279700
102544983,10120400,502002063,Trottenweg,1.3,8218 Osterfingen,2974,SH,real,False,23.07.2024,2679040,1279700
102544984,10103236,502001724,Mettlenstrasse,6.1,8217 Wilchingen,2974,SH,real,False,23.07.2024,2677333,1280034
102544985,10148816,502001805,Hauptstrasse,67.2,8217 Wilchingen,2974,SH,real,False,23.07.2024,2677071,1280121
102544986,10031823,502001723,Mettlenweg,1.1,8217 Wilchingen,2974,SH,real,False,23.07.2024,2677182,1280051
102544987,10113222,502002110,Dorfstrasse,65.2,8218 Osterfingen,2974,SH,real,False,23.07.2024,2679075,1279722
102544988,10149928,502001877,Haartelstrasse,10.4,8217 Wilchingen,2974,SH,real,False,23.07.2024,2677646,1280168
102544989,10152455,502001522,Zinggenstrasse,20.1,8217 Wilchingen,2974,SH,real,False,23.07.2024,2677396,1280320
102544990,10031823,502001722,Mettlenweg,10.1,8217 Wilchingen,2974,SH,real,False,23.07.2024,2677162,1279972
102544991,10031819,502001776,Hofackerstrasse,20.1,8217 Wilchingen,2974,SH,real,False,23.07.2024,2677172,1280295
102544992,10120400,502002062,Trottenweg,17.1,8218 Osterfingen,2974,SH,real,False,23.07.2024,2678885,1279992
102544993,10091410,502001650,Schelmengasse,2.3,8217 Wilchingen,2974,SH,real,False,23.07.2024,2676908,1280321
102544994,10149928,502001876,Haartelstrasse,16.1,8217 Wilchingen,2974,SH,real,False,23.07.2024,2677736,1280177
102544995,10031823,502001721,Mettlenweg,4.1,8217 Wilchingen,2974,SH,real,False,23.07.2024,2677089,1280019
102544996,10113222,502002109,Dorfstrasse,66.1,8218 Osterfingen,2974,SH,real,False,23.07.2024,2678994,1279624
102544997,10113222,502002140,Dorfstrasse,3041.8,8218 Osterfingen,2974,SH,real,False,23.07.2024,2680932,1278044
102544998,10120400,502002061,Trottenweg,17.2,8218 Osterfingen,2974,SH,real,False,23.07.2024,2678897,1280054
102544999,10031824,502001720,Mühlenstrasse,11.1,8217 Wilchingen,2974,SH,real,False,23.07.2024,2677312,1280932
102545000,10031819,502001775,Hofackerstrasse,20.2,8217 Wilchingen,2974,SH,real,False,19.11.2024,2677172,1280304
102545002,10031824,502001719,Mühlenstrasse,11.2,8217 Wilchingen,2974,SH,real,False,23.07.2024,2677302,1280918
102545003,10149928,502001875,Haartelstrasse,16.2,8217 Wilchingen,2974,SH,real,False,23.07.2024,2677698,1280189
102545004,10113222,502002108,Dorfstrasse,67.1,8218 Osterfingen,2974,SH,real,False,23.07.2024,2679105,1279726
102545005,10091410,502001649,Schelmengasse,2.4,8217 Wilchingen,2974,SH,real,False,23.07.2024,2676907,1280324
102545006,10031824,502001718,Mühlenstrasse,11.3,8217 Wilchingen,2974,SH,real,False,23.07.2024,2677327,1280952
102545007,10120400,502002060,Trottenweg,17.3,8218 Osterfingen,2974,SH,real,False,23.07.2024,2678907,1280112
102545008,10031819,502001774,Hofackerstrasse,22.1,8217 Wilchingen,2974,SH,real,False,23.07.2024,2677220,1280344
102545009,10152455,502001521,Zinggenstrasse,26.1,8217 Wilchingen,2974,SH,real,False,23.07.2024,2677472,1280433
102545010,10031824,502001717,Mühlenstrasse,12.1,8217 Wilchingen,2974,SH,real,False,23.07.2024,2677385,1280886
102545011,10149928,502001874,Haartelstrasse,16.3,8217 Wilchingen,2974,SH,real,False,23.07.2024,2677678,1280161
102545012,10031819,502001773,Hofackerstrasse,23.1,8217 Wilchingen,2974,SH,real,False,23.07.2024,2677205,1280427
102545013,10113222,502002139,Dorfstrasse,3041.9,8218 Osterfingen,2974,SH,real,False,23.07.2024,2680887,1277955
102545014,10120400,502002059,Trottenweg,27.1,8218 Osterfingen,2974,SH,real,False,23.07.2024,2678681,1279758
102545015,10031819,502001772,Hofackerstrasse,25.1,8217 Wilchingen,2974,SH,real,False,23.07.2024,2677227,1280436
102545017,10148816,502001803,Hauptstrasse,7.1,8217 Wilchingen,2974,SH,real,False,23.07.2024,2677546,1280158
102545018,10120400,502002058,Trottenweg,29.1,8218 Osterfingen,2974,SH,real,False,23.07.2024,2678688,1279930
102545019,10031819,502001771,Hofackerstrasse,5.1,8217 Wilchingen,2974,SH,real,False,23.07.2024,2677134,1280246
102545020,10031824,502001714,Mühlenstrasse,12.4,8217 Wilchingen,2974,SH,real,False,23.07.2024,2677448,1280828
102545021,10152455,502001520,Zinggenstrasse,28.1,8217 Wilchingen,2974,SH,real,False,23.07.2024,2677484,1280344
102545022,10031819,502001770,Hofackerstrasse,8.1,8217 Wilchingen,2974,SH,real,False,23.07.2024,2677208,1280234
102545023,10148816,502001802,Hauptstrasse,7.2,8217 Wilchingen,2974,SH,real,False,23.07.2024,2677586,1280153
102545024,10031824,502001713,Mühlenstrasse,12.5,8217 Wilchingen,2974,SH,real,False,23.07.2024,2677420,1280800
102545025,10031824,502001712,Mühlenstrasse,12.6,8217 Wilchingen,2974,SH,real,False,23.07.2024,2677427,1280800
102545026,10031819,502001769,Hofackerstrasse,9.1,8217 Wilchingen,2974,SH,real,False,23.07.2024,2677153,1280293
102545027,10031824,502001711,Mühlenstrasse,14.1,8217 Wilchingen,2974,SH,real,False,23.07.2024,2677337,1280986
102545028,10031819,502001768,Hofackerstrasse,9.2,8217 Wilchingen,2974,SH,real,False,23.07.2024,2677155,1280305
102545029,10031820,502001767,Hubelhof,1.1,8217 Wilchingen,2974,SH,real,False,23.07.2024,2676109,1280787
102545030,10031824,502001710,Mühlenstrasse,30.1,8217 Wilchingen,2974,SH,real,False,23.07.2024,2677251,1281143
102545045,10185464,502001510,Eierhalde,175.3,8224 Löhningen,2903,SH,real,False,23.07.2024,2684440,1284776
102545046,10054966,502001513,Boeler,160.7,8224 Löhningen,2903,SH,real,False,23.07.2024,2683046,1286026
102545047,10185464,502001511,Eierhalde,175.2,8224 Löhningen,2903,SH,real,False,23.07.2024,2684510,1284609
102545048,10185464,502001512,Eierhalde,175.1,8224 Löhningen,2903,SH,real,False,23.07.2024,2684136,1284621
102545049,10026347,502001509,Neugrüt,247.5,8224 Löhningen,2903,SH,real,False,23.07.2024,2682615,1285505
102545274,10026323,191842775,Kirchstrasse,26,8214 Gächlingen,2901,SH,real,True,15.11.2024,2679822,1284180
102547123,10244675,191842931,Häidehof,17,8217 Wilchingen,2974,SH,real,True,15.11.2024,2677712,1280143
102547126,10149929,191842933,Trasadingerstrasse,6,8217 Wilchingen,2974,SH,real,True,23.07.2024,2677094,1281518
102547188,10024964,502002566,Rosenhügel,178.4,8235 Lohn SH,2917,SH,real,False,23.07.2024,2692897,1289836
102547189,10185479,502002544,Stettemerstrasse,7.1,8235 Lohn SH,2917,SH,real,False,23.07.2024,2692213,1289971
102547190,10111809,502002527,Vorderdorf,17.1,8235 Lohn SH,2917,SH,real,False,23.07.2024,2692507,1290284
102547191,10118353,502002672,Ausserdorf,10.1,8235 Lohn SH,2917,SH,real,False,23.07.2024,2692348,1290247
102547192,10024964,502002565,Rosenhügel,178.5,8235 Lohn SH,2917,SH,real,False,23.07.2024,2692926,1289827
102547193,10104918,502002572,Rietli,106.4,8235 Lohn SH,2917,SH,real,False,23.07.2024,2692393,1289487
102547194,10024957,502002663,Blattenacker,8.1,8235 Lohn SH,2917,SH,real,False,23.07.2024,2692449,1290080
102547195,10087035,502002550,Schulbückli,4.4,8235 Lohn SH,2917,SH,real,False,23.07.2024,2692551,1290235
102547196,10024964,502002564,Rosenhügel,178.6,8235 Lohn SH,2917,SH,real,False,23.07.2024,2693459,1289960
102547197,10024958,502002648,Dettenwies,7.1,8235 Lohn SH,2917,SH,real,False,23.07.2024,2692025,1289955
102547198,10086758,502002583,Quellenstrasse,11.1,8235 Lohn SH,2917,SH,real,False,23.07.2024,2692653,1290243
102547200,10024964,502002563,Rosenhügel,178.7,8235 Lohn SH,2917,SH,real,False,23.07.2024,2693689,1290088
102547201,10111809,502002526,Vorderdorf,17.2,8235 Lohn SH,2917,SH,real,False,23.07.2024,2692516,1290264
102547202,10104917,502002662,Blattenweg,1.1,8235 Lohn SH,2917,SH,real,False,23.07.2024,2692588,1290051
102547203,10122737,502002543,Studesteig,148,8235 Lohn SH,2917,SH,real,True,15.11.2024,2693077,1289346
102547204,10149226,502002562,Rotackerstrasse,12.1,8235 Lohn SH,2917,SH,real,False,23.07.2024,2692634,1290354
102547205,10139328,502002571,Rietstrasse,11.1,8235 Lohn SH,2917,SH,real,False,23.07.2024,2692266,1289886
102547206,10072983,502002534,Unterdorf,21.1,8235 Lohn SH,2917,SH,real,False,23.07.2024,2692435,1290168
102547207,10024965,502002541,Thayngerstrasse,10.1,8235 Lohn SH,2917,SH,real,False,23.07.2024,2692521,1290155
102547208,10086759,502002561,Schenenbühlstrasse,113.1,8235 Lohn SH,2917,SH,real,False,23.07.2024,2692359,1290021
102547209,10024958,502002647,Dettenwies,8.1,8235 Lohn SH,2917,SH,real,False,23.07.2024,2692007,1289948
102547210,10120404,502002576,Rietackerstrasse,7.1,8235 Lohn SH,2917,SH,real,False,23.07.2024,2692325,1290021
102547211,10104917,502002661,Blattenweg,10.1,8235 Lohn SH,2917,SH,real,False,23.07.2024,2692520,1289978
102547212,10086759,502002626,Schenenbühlstrasse,127,8235 Lohn SH,2917,SH,real,True,15.11.2024,2692291,1289285
102547213,10072983,502002532,Unterdorf,9.1,8235 Lohn SH,2917,SH,real,False,23.07.2024,2692333,1290113
102547214,10111809,502002525,Vorderdorf,23.1,8235 Lohn SH,2917,SH,real,False,23.07.2024,2692499,1290231
102547215,10086758,502002582,Quellenstrasse,11.2,8235 Lohn SH,2917,SH,real,False,23.07.2024,2692651,1290241
102547216,10086759,502002560,Schenenbühlstrasse,8.1,8235 Lohn SH,2917,SH,real,False,23.07.2024,2692309,1289963
102547217,10139328,502002570,Rietstrasse,2.1,8235 Lohn SH,2917,SH,real,False,23.07.2024,2692186,1289884
102547218,10024958,502002646,Dettenwies,8.2,8235 Lohn SH,2917,SH,real,False,23.07.2024,2691888,1289903
102547219,10024965,502002542,Thayngerstrasse,14.1,8235 Lohn SH,2917,SH,real,False,23.07.2024,2692511,1290166
102547220,10072982,502002559,Schmittengasse,11.1,8235 Lohn SH,2917,SH,real,False,23.07.2024,2692324,1290312
102547221,10104919,502002522,Wasserbrunnen,2.1,8235 Lohn SH,2917,SH,real,False,23.07.2024,2692628,1290050
102547222,10111809,502002524,Vorderdorf,23.2,8235 Lohn SH,2917,SH,real,False,23.07.2024,2692520,1290236
102547223,10104917,502002660,Blattenweg,6.1,8235 Lohn SH,2917,SH,real,False,23.07.2024,2692557,1290016
102547224,10072982,502002558,Schmittengasse,11.2,8235 Lohn SH,2917,SH,real,False,23.07.2024,2692335,1290343
102547225,10024966,502002519,Windegg,2.2,8235 Lohn SH,2917,SH,real,False,23.07.2024,2692219,1290422
102547226,10024965,502002540,Thayngerstrasse,4.1,8235 Lohn SH,2917,SH,real,False,23.07.2024,2692500,1290177
102547227,10024958,502002645,Dettenwies,9.1,8235 Lohn SH,2917,SH,real,False,23.07.2024,2692156,1289935
102547228,10072982,502002557,Schmittengasse,11.3,8235 Lohn SH,2917,SH,real,False,23.07.2024,2692326,1290350
102547229,10024960,502002627,Heerebuck,134,8235 Lohn SH,2917,SH,real,True,15.11.2024,2692704,1289247
102547230,10086758,502002581,Quellenstrasse,12.1,8235 Lohn SH,2917,SH,real,False,23.07.2024,2692688,1290260
102547231,10024964,502002569,Rosenhügel,178.1,8235 Lohn SH,2917,SH,real,False,23.07.2024,2692902,1289810
102547232,10072982,502002556,Schmittengasse,15.1,8235 Lohn SH,2917,SH,real,False,23.07.2024,2692237,1290351
102547233,10024960,502002630,Heerebuck,142,8235 Lohn SH,2917,SH,real,True,15.11.2024,2692759,1289265
102547234,10104917,502002659,Blattenweg,7.1,8235 Lohn SH,2917,SH,real,False,23.07.2024,2692519,1289947
102547235,10024960,502002631,Heerebuck,142.1,8235 Lohn SH,2917,SH,real,False,23.07.2024,2692748,1289266
102547236,10104919,502002523,Wasserbrunnen,12.1,8235 Lohn SH,2917,SH,real,False,23.07.2024,2692708,1290140
102547237,10072982,502002555,Schmittengasse,7.1,8235 Lohn SH,2917,SH,real,False,15.11.2024,2692338,1290308
102547238,10024965,502002539,Thayngerstrasse,7.1,8235 Lohn SH,2917,SH,real,False,23.07.2024,2692610,1290139
102547239,10024960,502002632,Heerebuck,146,8235 Lohn SH,2917,SH,real,True,15.11.2024,2692756,1289354
102547240,10024961,502002593,In Gärten,6.1,8235 Lohn SH,2917,SH,real,False,23.07.2024,2692230,1290271
102547241,10024959,502002644,Dettenwiesweg,1.1,8235 Lohn SH,2917,SH,real,False,23.07.2024,2692186,1290004
102547242,10120404,502002580,Rietackerstrasse,10.1,8235 Lohn SH,2917,SH,real,False,23.07.2024,2692277,1289993
102547243,10024960,502002629,Heerebuck,152,8235 Lohn SH,2917,SH,real,True,15.11.2024,2692841,1289359
102547244,10072982,502002554,Schmittengasse,7.2,8235 Lohn SH,2917,SH,real,False,23.07.2024,2692326,1290301
102547245,10024964,502002568,Rosenhügel,178.2,8235 Lohn SH,2917,SH,real,False,23.07.2024,2692919,1289786
102547246,10024965,502002538,Thayngerstrasse,7.2,8235 Lohn SH,2917,SH,real,False,23.07.2024,2692586,1290111
102547247,10024960,502002633,Heerebuck,154,8235 Lohn SH,2917,SH,real,True,15.11.2024,2692732,1289302
102547248,10024959,502002643,Dettenwiesweg,3.1,8235 Lohn SH,2917,SH,real,False,23.07.2024,2692171,1290005
102547249,10024961,502002592,In Gärten,6.2,8235 Lohn SH,2917,SH,real,False,23.07.2024,2692158,1290265
102547250,10086755,502002658,Brettlocher,17.1,8235 Lohn SH,2917,SH,real,False,23.07.2024,2692727,1290239
102547251,10024960,502002628,Heerebuck,161,8235 Lohn SH,2917,SH,real,True,15.11.2024,2692864,1289374
102547252,10117539,502002604,Im Winkel,3,8235 Lohn SH,2917,SH,real,True,15.11.2024,2692438,1290347
102547253,10118353,502002671,Ausserdorf,10.2,8235 Lohn SH,2917,SH,real,False,23.07.2024,2692330,1290263
102547254,10072983,502002537,Unterdorf,1.1,8235 Lohn SH,2917,SH,real,False,23.07.2024,2692277,1290107
102547255,10144429,502002625,Hegaustrasse,17.1,8235 Lohn SH,2917,SH,real,False,23.07.2024,2693103,1290370
102547256,10024959,502002642,Dettenwiesweg,5.1,8235 Lohn SH,2917,SH,real,False,23.07.2024,2692115,1290016
102547257,10087035,502002553,Schulbückli,4.1,8235 Lohn SH,2917,SH,real,False,23.07.2024,2692544,1290206
102547258,10120404,502002579,Rietackerstrasse,12.1,8235 Lohn SH,2917,SH,real,False,23.07.2024,2692280,1289992
102547259,10144429,502002624,Hegaustrasse,17.2,8235 Lohn SH,2917,SH,real,False,23.07.2024,2693107,1290370
102547260,10141933,502002521,Wiesenstrasse,7.1,8235 Lohn SH,2917,SH,real,False,23.07.2024,2692522,1290384
102547261,10024961,502002591,In Gärten,6.3,8235 Lohn SH,2917,SH,real,False,23.07.2024,2692154,1290269
102547262,10072983,502002536,Unterdorf,2.1,8235 Lohn SH,2917,SH,real,False,23.07.2024,2692247,1290072
102547263,10144429,502002623,Hegaustrasse,17.3,8235 Lohn SH,2917,SH,real,False,23.07.2024,2693134,1290782
102547264,10118353,502002670,Ausserdorf,14.1,8235 Lohn SH,2917,SH,real,False,23.07.2024,2692319,1290248
102547265,10086757,502002603,Im Rietacker,8.1,8235 Lohn SH,2917,SH,real,False,23.07.2024,2692299,1289919
102547266,10086755,502002657,Brettlocher,22.1,8235 Lohn SH,2917,SH,real,False,23.07.2024,2692756,1290250
102547267,10153561,502002622,Herti,5.1,8235 Lohn SH,2917,SH,real,False,23.07.2024,2692058,1290141
102547268,10086756,502002641,Gässli,2.1,8235 Lohn SH,2917,SH,real,False,23.07.2024,2692375,1290242
102547269,10120404,502002578,Rietackerstrasse,3.1,8235 Lohn SH,2917,SH,real,False,23.07.2024,2692281,1290043
102547270,10087035,502002552,Schulbückli,4.2,8235 Lohn SH,2917,SH,real,False,23.07.2024,2692546,1290200
102547271,10072980,502002621,Freudentalstrasse,186,8235 Lohn SH,2917,SH,real,False,23.07.2024,2691996,1289967
102547272,10024966,502002520,Windegg,2.1,8235 Lohn SH,2917,SH,real,False,23.07.2024,2692245,1290431
102547273,10072983,502002535,Unterdorf,20.1,8235 Lohn SH,2917,SH,real,False,23.07.2024,2692435,1290114
102547274,10072980,502002620,Freudentalstrasse,184,8235 Lohn SH,2917,SH,real,False,23.07.2024,2691912,1289948
102547275,10118353,502002669,Ausserdorf,18.1,8235 Lohn SH,2917,SH,real,False,23.07.2024,2692278,1290213
102547276,10072980,502002619,Freudentalstrasse,181,8235 Lohn SH,2917,SH,real,False,23.07.2024,2691856,1290080
102547277,10086756,502002640,Gässli,1,8235 Lohn SH,2917,SH,real,False,23.07.2024,2692390,1290245
102547278,10086755,502002656,Brettlocher,22.2,8235 Lohn SH,2917,SH,real,False,23.07.2024,2693025,1290211
102547279,10185478,502002590,Isenbühlweg,11.1,8235 Lohn SH,2917,SH,real,False,23.07.2024,2692491,1289984
102547280,10072980,502002618,Freudentalstrasse,180.1,8235 Lohn SH,2917,SH,real,False,23.07.2024,2691355,1290034
102547281,10120404,502002577,Rietackerstrasse,6.1,8235 Lohn SH,2917,SH,real,False,23.07.2024,2692263,1289997
102547282,10117539,502002602,Im Winkel,1.1,8235 Lohn SH,2917,SH,real,False,23.07.2024,2692433,1290332
102547283,10185478,502002589,Isenbühlweg,4.1,8235 Lohn SH,2917,SH,real,False,23.07.2024,2692420,1290063
102547284,10072980,502002617,Freudentalstrasse,180,8235 Lohn SH,2917,SH,real,False,23.07.2024,2691319,1290022
102547285,10072983,502002533,Unterdorf,8.1,8235 Lohn SH,2917,SH,real,False,23.07.2024,2692271,1290062
102547286,10086756,502002639,Gässli,4.1,8235 Lohn SH,2917,SH,real,False,23.07.2024,2692371,1290238
102547287,10118353,502002668,Ausserdorf,19.1,8235 Lohn SH,2917,SH,real,False,23.07.2024,2692307,1290169
102547288,10153561,502002616,Herti,1,8235 Lohn SH,2917,SH,real,False,23.07.2024,2692135,1290072
102547289,10024958,502002655,Dettenwies,1.1,8235 Lohn SH,2917,SH,real,False,23.07.2024,2692164,1289961
102547290,10024966,502002518,Windegg,2.3,8235 Lohn SH,2917,SH,real,False,23.07.2024,2692224,1290402
102547291,10087035,502002551,Schulbückli,4.3,8235 Lohn SH,2917,SH,real,False,23.07.2024,2692548,1290228
102547292,10111808,502002615,Im Ifang,11.2,8235 Lohn SH,2917,SH,real,False,23.07.2024,2692456,1290383
102547293,10024958,502002654,Dettenwies,10.1,8235 Lohn SH,2917,SH,real,False,23.07.2024,2691725,1289631
102547294,10117539,502002601,Im Winkel,1.2,8235 Lohn SH,2917,SH,real,False,23.07.2024,2692427,1290333
102547295,10118353,502002667,Ausserdorf,19.2,8235 Lohn SH,2917,SH,real,False,23.07.2024,2692309,1290163
102547296,10111808,502002614,Im Ifang,11.3,8235 Lohn SH,2917,SH,real,False,23.07.2024,2692467,1290413
102547297,10024958,502002653,Dettenwies,10.2,8235 Lohn SH,2917,SH,real,False,23.07.2024,2691840,1289395
102547298,10024966,502002517,Windegg,2.4,8235 Lohn SH,2917,SH,real,False,23.07.2024,2692229,1290758
102547299,10185478,502002588,Isenbühlweg,4.2,8235 Lohn SH,2917,SH,real,False,23.07.2024,2692442,1290055
102547300,10111808,502002613,Im Ifang,11.4,8235 Lohn SH,2917,SH,real,False,23.07.2024,2692440,1290423
102547301,10087036,502002531,Unterer Studsteig,131.1,8235 Lohn SH,2917,SH,real,False,23.07.2024,2693344,1289580
102547302,10086756,502002638,Gässli,4.2,8235 Lohn SH,2917,SH,real,False,23.07.2024,2692377,1290236
102547303,10087035,502002549,Schulbückli,4.5,8235 Lohn SH,2917,SH,real,False,23.07.2024,2692583,1290237
102547304,10111808,502002612,Im Ifang,11.5,8235 Lohn SH,2917,SH,real,False,23.07.2024,2692459,1290370
102547305,10024966,502002516,Windegg,2.5,8235 Lohn SH,2917,SH,real,False,23.07.2024,2691559,1290624
102547306,10104918,502002575,Rietli,106.1,8235 Lohn SH,2917,SH,real,False,23.07.2024,2692386,1289819
102547307,10185478,502002587,Isenbühlweg,6.1,8235 Lohn SH,2917,SH,real,False,23.07.2024,2692416,1290037
102547308,10111808,502002611,Im Ifang,16.1,8235 Lohn SH,2917,SH,real,False,23.07.2024,2692480,1290861
102547309,10024958,502002652,Dettenwies,10.3,8235 Lohn SH,2917,SH,real,False,23.07.2024,2691862,1289167
102547310,10086756,502002637,Gässli,6.1,8235 Lohn SH,2917,SH,real,False,23.07.2024,2692371,1290230
102547311,10118353,502002666,Ausserdorf,19.3,8235 Lohn SH,2917,SH,real,False,23.07.2024,2692318,1290147
102547312,10111808,502002610,Im Ifang,16.2,8235 Lohn SH,2917,SH,real,False,23.07.2024,2692492,1290865
102547313,10117539,502002600,Im Winkel,4.1,8235 Lohn SH,2917,SH,real,False,23.07.2024,2692481,1290287
102547314,10087036,502002530,Unterer Studsteig,131.2,8235 Lohn SH,2917,SH,real,False,23.07.2024,2693270,1289042
102547315,10087035,502002548,Schulbückli,4.6,8235 Lohn SH,2917,SH,real,False,23.07.2024,2692539,1290249
102547316,10111808,502002609,Im Ifang,16.3,8235 Lohn SH,2917,SH,real,False,23.07.2024,2692465,1290947
102547317,10104918,502002574,Rietli,106.2,8235 Lohn SH,2917,SH,real,False,23.07.2024,2692353,1289836
102547318,10086756,502002636,Gässli,7.1,8235 Lohn SH,2917,SH,real,False,23.07.2024,2692386,1290215
102547319,10118353,502002665,Ausserdorf,9.1,8235 Lohn SH,2917,SH,real,False,23.07.2024,2692338,1290182
102547320,10111808,502002608,Im Ifang,16.4,8235 Lohn SH,2917,SH,real,False,23.07.2024,2692470,1290950
102547321,10024958,502002651,Dettenwies,3.1,8235 Lohn SH,2917,SH,real,False,23.07.2024,2692137,1289964
102547322,10117539,502002599,Im Winkel,6.1,8235 Lohn SH,2917,SH,real,False,23.07.2024,2692486,1290293
102547323,10087035,502002547,Schulbückli,4.7,8235 Lohn SH,2917,SH,real,False,23.07.2024,2692545,1290269
102547324,10111808,502002607,Im Ifang,18.1,8235 Lohn SH,2917,SH,real,False,23.07.2024,2692602,1290406
102547325,10111809,502002529,Vorderdorf,1a,8235 Lohn SH,2917,SH,real,True,23.07.2024,2692372,1290302
102547326,10086756,502002635,Gässli,9.1,8235 Lohn SH,2917,SH,real,False,23.07.2024,2692414,1290199
102547327,10072981,502002586,Kerzenstübliweg,6.1,8235 Lohn SH,2917,SH,real,False,23.07.2024,2692664,1290270
102547328,10111808,502002606,Im Ifang,2.1,8235 Lohn SH,2917,SH,real,False,23.07.2024,2692361,1290310
102547329,10024958,502002650,Dettenwies,5.1,8235 Lohn SH,2917,SH,real,False,23.07.2024,2692134,1289965
102547330,10117539,502002598,Im Winkel,6.2,8235 Lohn SH,2917,SH,real,False,23.07.2024,2692498,1290313
102547331,10185479,502002546,Stettemerstrasse,1.1,8235 Lohn SH,2917,SH,real,False,23.07.2024,2692240,1290052
102547332,10111808,502002605,Im Ifang,2.2,8235 Lohn SH,2917,SH,real,False,23.07.2024,2692348,1290355
102547333,10111809,502002528,Vorderdorf,12.1,8235 Lohn SH,2917,SH,real,False,23.07.2024,2692454,1290206
102547334,10086756,502002634,Gässli,9.2,8235 Lohn SH,2917,SH,real,False,23.07.2024,2692409,1290257
102547335,10024964,502002567,Rosenhügel,178.3,8235 Lohn SH,2917,SH,real,False,23.07.2024,2692920,1289826
102547336,10072981,502002585,Kerzenstübliweg,6.2,8235 Lohn SH,2917,SH,real,False,23.07.2024,2692662,1290267
102547337,10104918,502002573,Rietli,106.3,8235 Lohn SH,2917,SH,real,False,23.07.2024,2692382,1289855
102547338,10117539,502002597,Im Winkel,6.3,8235 Lohn SH,2917,SH,real,False,23.07.2024,2692506,1290305
102547339,10185479,502002545,Stettemerstrasse,1.2,8235 Lohn SH,2917,SH,real,False,23.07.2024,2692243,1290052
102547340,10024958,502002649,Dettenwies,6.1,8235 Lohn SH,2917,SH,real,False,23.07.2024,2692137,1289992
102547341,10024961,502002596,In Gärten,10.1,8235 Lohn SH,2917,SH,real,False,23.07.2024,2692257,1290306
102547342,10024962,502002584,Oberer Studsteig,133.1,8235 Lohn SH,2917,SH,real,False,23.07.2024,2692942,1289397
102547343,10024961,502002595,In Gärten,3.1,8235 Lohn SH,2917,SH,real,False,23.07.2024,2692280,1290333
102547344,10024961,502002594,In Gärten,4.1,8235 Lohn SH,2917,SH,real,False,23.07.2024,2692236,1290228
102547371,10027499,502002490,Brüelhof,264.1,8213 Neunkirch,2904,SH,real,False,23.07.2024,2681091,1281821
102547372,10091182,502002224,Seltenbachweg,4.6,8213 Neunkirch,2904,SH,real,False,23.07.2024,2679326,1282885
102547373,10118137,502002499,Bahnhofstrasse,3.1,8213 Neunkirch,2904,SH,real,False,23.07.2024,2679321,1282602
102547374,10027509,502002313,Oberhallauerstrasse,3.1,8213 Neunkirch,2904,SH,real,False,23.07.2024,2679451,1282804
102547375,10072961,502002223,Sidehof,14.1,8213 Neunkirch,2904,SH,real,False,23.07.2024,2679523,1282660
102547376,10091176,502002417,Grosser Letten,10.1,8213 Neunkirch,2904,SH,real,False,23.07.2024,2679592,1282532
102547377,10027509,502002312,Oberhallauerstrasse,3.2,8213 Neunkirch,2904,SH,real,False,23.07.2024,2679425,1282780
102547378,10054969,502002400,Haldenhof,286.1,8213 Neunkirch,2904,SH,real,False,23.07.2024,2680463,1281917
102547379,10027514,502002222,Sportplatzweg,2.1,8213 Neunkirch,2904,SH,real,False,23.07.2024,2679685,1283085
102547380,10027509,502002311,Oberhallauerstrasse,3.3,8213 Neunkirch,2904,SH,real,False,23.07.2024,2679439,1282815
102547382,10054969,502002397,Haldenhof,286a.2,8213 Neunkirch,2904,SH,real,False,23.07.2024,2680397,1281894
102547383,10027514,502002221,Sportplatzweg,6.1,8213 Neunkirch,2904,SH,real,False,23.07.2024,2679625,1283060
102547384,10091181,502002277,Schaffhauserstrasse,12.1,8213 Neunkirch,2904,SH,real,False,23.07.2024,2679967,1282675
102547385,10027510,502002310,Oberhof,12.1,8213 Neunkirch,2904,SH,real,False,23.07.2024,2679746,1282809
102547386,10091176,502002416,Grosser Letten,10.2,8213 Neunkirch,2904,SH,real,False,23.07.2024,2679581,1282544
102547387,10186333,502002220,Stiegring,1.1,8213 Neunkirch,2904,SH,real,False,23.07.2024,2679262,1282263
102547388,10027510,502002309,Oberhof,12.2,8213 Neunkirch,2904,SH,real,False,23.07.2024,2679760,1282806
102547389,10027503,502002452,Gigebuck,37.1,8213 Neunkirch,2904,SH,real,False,23.07.2024,2679030,1282222
102547390,10091174,502002515,Eichhof,388.1,8223 Guntmadingen,2904,SH,real,False,23.07.2024,2682656,1282440
102547391,10186333,502002219,Stiegring,12.1,8213 Neunkirch,2904,SH,real,False,23.07.2024,2679171,1282271
102547392,10027510,502002308,Oberhof,16.1,8213 Neunkirch,2904,SH,real,False,23.07.2024,2679705,1282855
102547393,10091181,502002276,Schaffhauserstrasse,12.2,8213 Neunkirch,2904,SH,real,False,23.07.2024,2679950,1282622
102547394,10091176,502002415,Grosser Letten,5.1,8213 Neunkirch,2904,SH,real,False,23.07.2024,2679521,1282481
102547395,10186333,502002218,Stiegring,3.1,8213 Neunkirch,2904,SH,real,False,23.07.2024,2679240,1282255
102547396,10091180,502002307,Oberhofgasse,2a.1,8213 Neunkirch,2904,SH,real,False,23.07.2024,2679757,1282740
102547397,10027503,502002451,Gigebuck,39.1,8213 Neunkirch,2904,SH,real,False,23.07.2024,2679027,1282226
102547398,10091174,502002514,Eichhof,388.2,8223 Guntmadingen,2904,SH,real,False,23.07.2024,2682650,1282410
102547399,10091180,502002306,Oberhofgasse,6.1,8213 Neunkirch,2904,SH,real,False,23.07.2024,2679737,1282779
102547400,10186333,502002217,Stiegring,7.1,8213 Neunkirch,2904,SH,real,False,23.07.2024,2679233,1282245
102547401,10091174,502002513,Eichhof,388.3,8223 Guntmadingen,2904,SH,real,False,23.07.2024,2682611,1282427
102547402,10091181,502002275,Schaffhauserstrasse,13.1,8213 Neunkirch,2904,SH,real,False,23.07.2024,2679916,1282762
102547403,10186333,502002216,Stiegring,7.2,8213 Neunkirch,2904,SH,real,False,23.07.2024,2679235,1282215
102547404,10091180,502002305,Oberhofgasse,6.2,8213 Neunkirch,2904,SH,real,False,23.07.2024,2679731,1282786
102547405,10091176,502002414,Grosser Letten,6.1,8213 Neunkirch,2904,SH,real,False,23.07.2024,2679618,1282544
102547406,10027503,502002450,Gigebuck,4.1,8213 Neunkirch,2904,SH,real,False,23.07.2024,2679066,1282324
102547407,10106941,502002304,Oberwiesstrasse,1.1,8213 Neunkirch,2904,SH,real,False,23.07.2024,2679500,1282387
102547408,10186333,502002215,Stiegring,9.1,8213 Neunkirch,2904,SH,real,False,23.07.2024,2679264,1282252
102547409,10091181,502002274,Schaffhauserstrasse,13.2,8213 Neunkirch,2904,SH,real,False,23.07.2024,2679907,1282766
102547410,10091174,502002512,Eichhof,388.4,8223 Guntmadingen,2904,SH,real,False,23.07.2024,2682612,1282449
102547411,10106941,502002303,Oberwiesstrasse,12.1,8213 Neunkirch,2904,SH,real,False,23.07.2024,2679569,1282300
102547412,10027515,502002214,Stiegweg,10.1,8213 Neunkirch,2904,SH,real,False,23.07.2024,2679272,1282250
102547413,10110809,502002488,Ergoltingerstrasse,1.1,8213 Neunkirch,2904,SH,real,False,23.07.2024,2681451,1281794
102547414,10027503,502002449,Gigebuck,43.1,8213 Neunkirch,2904,SH,real,False,23.07.2024,2679032,1282242
102547415,10106941,502002302,Oberwiesstrasse,13.1,8213 Neunkirch,2904,SH,real,False,23.07.2024,2679781,1282258
102547416,10027515,502002213,Stiegweg,15.1,8213 Neunkirch,2904,SH,real,False,23.07.2024,2679332,1282207
102547417,10110809,502002487,Ergoltingerstrasse,1.2,8213 Neunkirch,2904,SH,real,False,23.07.2024,2681458,1281788
102547418,10091181,502002273,Schaffhauserstrasse,14.1,8213 Neunkirch,2904,SH,real,False,23.07.2024,2679977,1282625
102547419,10106941,502002301,Oberwiesstrasse,16.1,8213 Neunkirch,2904,SH,real,False,23.07.2024,2679647,1282276
102547420,10027515,502002212,Stiegweg,2.1,8213 Neunkirch,2904,SH,real,False,23.07.2024,2679324,1282338
102547421,10188153,502002413,Gächlingerstrasse,1.1,8213 Neunkirch,2904,SH,real,False,23.07.2024,2679769,1282739
102547422,10027503,502002448,Gigebuck,45.1,8213 Neunkirch,2904,SH,real,False,23.07.2024,2679037,1282244
102547423,10106941,502002300,Oberwiesstrasse,20.1,8213 Neunkirch,2904,SH,real,False,23.07.2024,2679779,1282212
102547424,10027515,502002211,Stiegweg,8.1,8213 Neunkirch,2904,SH,real,False,23.07.2024,2679275,1282259
102547425,10091181,502002272,Schaffhauserstrasse,14.2,8213 Neunkirch,2904,SH,real,False,23.07.2024,2679979,1282608
102547426,10188153,502002412,Gächlingerstrasse,12.1,8213 Neunkirch,2904,SH,real,False,23.07.2024,2679790,1283016
102547427,10106941,502002299,Oberwiesstrasse,22.1,8213 Neunkirch,2904,SH,real,False,23.07.2024,2679763,1282186
102547428,10027516,502002210,Taufgarten,1.1,8213 Neunkirch,2904,SH,real,False,23.07.2024,2679737,1282291
102547429,10027503,502002447,Gigebuck,47.1,8213 Neunkirch,2904,SH,real,False,23.07.2024,2679043,1282246
102547430,10110809,502002485,Ergoltingerstrasse,2.2,8213 Neunkirch,2904,SH,real,False,23.07.2024,2681353,1281799
102547431,10106941,502002298,Oberwiesstrasse,24.1,8213 Neunkirch,2904,SH,real,False,23.07.2024,2679805,1282090
102547432,10027516,502002209,Taufgarten,1.2,8213 Neunkirch,2904,SH,real,False,23.07.2024,2679707,1282300
102547433,10188153,502002411,Gächlingerstrasse,14.1,8213 Neunkirch,2904,SH,real,False,23.07.2024,2679711,1283431
102547434,10091181,502002271,Schaffhauserstrasse,16.1,8213 Neunkirch,2904,SH,real,False,23.07.2024,2680028,1282612
102547435,10106941,502002297,Oberwiesstrasse,24.2,8213 Neunkirch,2904,SH,real,False,23.07.2024,2679794,1282090
102547436,10027516,502002208,Taufgarten,17.1,8213 Neunkirch,2904,SH,real,False,23.07.2024,2679863,1282263
102547437,10110809,502002484,Ergoltingerstrasse,3.1,8213 Neunkirch,2904,SH,real,False,23.07.2024,2681513,1281793
102547438,10027503,502002446,Gigebuck,6.1,8213 Neunkirch,2904,SH,real,False,23.07.2024,2679046,1282310
102547439,10106941,502002296,Oberwiesstrasse,25.1,8213 Neunkirch,2904,SH,real,False,23.07.2024,2679817,1282183
102547440,10027516,502002207,Taufgarten,17.2,8213 Neunkirch,2904,SH,real,False,23.07.2024,2679865,1282259
102547441,10188153,502002410,Gächlingerstrasse,15.1,8213 Neunkirch,2904,SH,real,False,23.07.2024,2679697,1283076
102547442,10068436,502002365,Hasenbergstrasse,2.1,8213 Neunkirch,2904,SH,real,False,23.07.2024,2679430,1282324
102547443,10111804,502002389,Hallauerstrasse,12.1,8213 Neunkirch,2904,SH,real,False,23.07.2024,2679319,1282767
102547444,10027516,502002206,Taufgarten,17.3,8213 Neunkirch,2904,SH,real,False,23.07.2024,2679855,1282276
102547445,10027502,502002483,Ergoltingertal,374.1,8213 Neunkirch,2904,SH,real,False,23.07.2024,2681553,1281749
102547446,10027503,502002445,Gigebuck,9.1,8213 Neunkirch,2904,SH,real,False,23.07.2024,2679083,1282288
102547447,10111804,502002388,Hallauerstrasse,13.1,8213 Neunkirch,2904,SH,real,False,23.07.2024,2679230,1282726
102547448,10027516,502002205,Taufgarten,2.1,8213 Neunkirch,2904,SH,real,False,23.07.2024,2679764,1282290
102547449,10048895,502002364,Hasenbergweg,2.1,8213 Neunkirch,2904,SH,real,False,23.07.2024,2679425,1282166
102547450,10188153,502002409,Gächlingerstrasse,16.1,8213 Neunkirch,2904,SH,real,False,23.07.2024,2679923,1283459
102547451,10111804,502002387,Hallauerstrasse,14.1,8213 Neunkirch,2904,SH,real,False,23.07.2024,2679260,1282785
102547452,10027516,502002204,Taufgarten,23.1,8213 Neunkirch,2904,SH,real,False,23.07.2024,2679875,1282245
102547453,10027502,502002482,Ergoltingertal,374.2,8213 Neunkirch,2904,SH,real,False,23.07.2024,2681654,1281699
102547454,10120398,502002444,Gigering,25.1,8213 Neunkirch,2904,SH,real,False,23.07.2024,2679188,1282555
102547455,10111804,502002386,Hallauerstrasse,14.2,8213 Neunkirch,2904,SH,real,False,23.07.2024,2679293,1282786
102547456,10188153,502002408,Gächlingerstrasse,19.1,8213 Neunkirch,2904,SH,real,False,23.07.2024,2679623,1283471
102547457,10027516,502002203,Taufgarten,23.2,8213 Neunkirch,2904,SH,real,False,23.07.2024,2679879,1282241
102547458,10048895,502002363,Hasenbergweg,3.1,8213 Neunkirch,2904,SH,real,False,23.07.2024,2679435,1282095
102547459,10111804,502002385,Hallauerstrasse,14.3,8213 Neunkirch,2904,SH,real,False,23.07.2024,2679279,1282792
102547460,10120398,502002443,Gigering,27.1,8213 Neunkirch,2904,SH,real,False,23.07.2024,2678993,1282529
102547461,10027502,502002481,Ergoltingertal,374.3,8213 Neunkirch,2904,SH,real,False,23.07.2024,2681672,1281713
102547462,10027516,502002202,Taufgarten,23.3,8213 Neunkirch,2904,SH,real,False,23.07.2024,2679881,1282238
102547463,10027511,502002289,Oberwiesweg,2.2,8213 Neunkirch,2904,SH,real,False,23.07.2024,2679568,1282275
102547464,10188153,502002407,Gächlingerstrasse,2.1,8213 Neunkirch,2904,SH,real,False,23.07.2024,2679815,1282790
102547465,10048895,502002362,Hasenbergweg,4.1,8213 Neunkirch,2904,SH,real,False,23.07.2024,2679412,1282171
102547466,10027516,502002201,Taufgarten,23.4,8213 Neunkirch,2904,SH,real,False,23.07.2024,2679869,1282254
102547467,10111804,502002383,Hallauerstrasse,14.5,8213 Neunkirch,2904,SH,real,False,23.07.2024,2679267,1282802
102547468,10188153,502002406,Gächlingerstrasse,2.2,8213 Neunkirch,2904,SH,real,False,23.07.2024,2679809,1282835
102547469,10120398,502002442,Gigering,4.1,8213 Neunkirch,2904,SH,real,False,23.07.2024,2679006,1282439
102547470,10027516,502002200,Taufgarten,28.1,8213 Neunkirch,2904,SH,real,False,23.07.2024,2679983,1282057
102547471,10111804,502002382,Hallauerstrasse,15.1,8213 Neunkirch,2904,SH,real,False,23.07.2024,2679190,1282731
102547472,10048895,502002361,Hasenbergweg,6.1,8213 Neunkirch,2904,SH,real,False,23.07.2024,2679399,1282176
102547473,10027502,502002479,Ergoltingertal,374.5,8213 Neunkirch,2904,SH,real,False,23.07.2024,2681950,1281382
102547474,10027516,502002199,Taufgarten,30.1,8213 Neunkirch,2904,SH,real,False,23.07.2024,2679985,1282053
102547475,10111804,502002381,Hallauerstrasse,15.2,8213 Neunkirch,2904,SH,real,False,23.07.2024,2679180,1282730
102547476,10027516,502002198,Taufgarten,32.1,8213 Neunkirch,2904,SH,real,False,23.07.2024,2679975,1282031
102547477,10120398,502002441,Gigering,59.1,8213 Neunkirch,2904,SH,real,False,23.07.2024,2679171,1282307
102547478,10188153,502002405,Gächlingerstrasse,3.1,8213 Neunkirch,2904,SH,real,False,23.07.2024,2679754,1282767
102547479,10111804,502002380,Hallauerstrasse,2.1,8213 Neunkirch,2904,SH,real,False,23.07.2024,2679451,1282743
102547480,10091177,502002360,Haslacherweg,11.1,8213 Neunkirch,2904,SH,real,False,23.07.2024,2679328,1282118
102547481,10027516,502002197,Taufgarten,53.1,8213 Neunkirch,2904,SH,real,False,23.07.2024,2680009,1282023
102547482,10027502,502002478,Ergoltingertal,374.6,8213 Neunkirch,2904,SH,real,False,23.07.2024,2682353,1281165
102547483,10111804,502002379,Hallauerstrasse,23.1,8213 Neunkirch,2904,SH,real,False,23.07.2024,2679139,1282731
102547484,10027516,502002196,Taufgarten,53.2,8213 Neunkirch,2904,SH,real,False,23.07.2024,2680015,1282020
102547485,10120398,502002440,Gigering,6.1,8213 Neunkirch,2904,SH,real,False,23.07.2024,2678990,1282302
102547486,10188153,502002404,Gächlingerstrasse,3.2,8213 Neunkirch,2904,SH,real,False,23.07.2024,2679754,1282772
102547487,10111804,502002378,Hallauerstrasse,25.1,8213 Neunkirch,2904,SH,real,False,23.07.2024,2679146,1282724
102547488,10027516,502002195,Taufgarten,53.3,8213 Neunkirch,2904,SH,real,False,23.07.2024,2680162,1281963
102547489,10091177,502002359,Haslacherweg,13.1,8213 Neunkirch,2904,SH,real,False,23.07.2024,2679305,1282123
102547490,10111804,502002377,Hallauerstrasse,27.1,8213 Neunkirch,2904,SH,real,False,23.07.2024,2679149,1282703
102547491,10027502,502002477,Ergoltingertal,374.7,8213 Neunkirch,2904,SH,real,False,23.07.2024,2682967,1281380
102547492,10111804,502002376,Hallauerstrasse,34.1,8213 Neunkirch,2904,SH,real,False,23.07.2024,2679084,1282843
102547493,10027516,502002194,Taufgarten,8.1,8213 Neunkirch,2904,SH,real,False,23.07.2024,2679804,1282296
102547494,10120398,502002439,Gigering,7.1,8213 Neunkirch,2904,SH,real,False,23.07.2024,2679328,1282554
102547495,10188153,502002403,Gächlingerstrasse,7.1,8213 Neunkirch,2904,SH,real,False,23.07.2024,2679694,1282918
102547496,10111804,502002375,Hallauerstrasse,36.1,8213 Neunkirch,2904,SH,real,False,23.07.2024,2679083,1282858
102547497,10027502,502002476,Ergoltingertal,374.8,8213 Neunkirch,2904,SH,real,False,23.07.2024,2681904,1280173
102547498,10027506,502002358,Herrengasse,10.1,8213 Neunkirch,2904,SH,real,False,23.07.2024,2679666,1282811
102547499,10027516,502002193,Taufgarten,8.2,8213 Neunkirch,2904,SH,real,False,23.07.2024,2679814,1282276
102547500,10111804,502002374,Hallauerstrasse,40.1,8213 Neunkirch,2904,SH,real,False,23.07.2024,2679027,1282857
102547501,10107064,502002438,Gigeweg,14.1,8213 Neunkirch,2904,SH,real,False,23.07.2024,2679075,1282412
102547502,10188153,502002402,Gächlingerstrasse,7.2,8213 Neunkirch,2904,SH,real,False,23.07.2024,2679669,1282873
102547503,10091183,502002192,Uf Nüchilch,1.1,8213 Neunkirch,2904,SH,real,False,23.07.2024,2679686,1282250
102547504,10111804,502002373,Hallauerstrasse,40.2,8213 Neunkirch,2904,SH,real,False,23.07.2024,2679043,1282886
102547505,10091181,502002262,Schaffhauserstrasse,9a,8213 Neunkirch,2904,SH,real,True,23.07.2024,2679863,1282770
102547506,10091183,502002191,Uf Nüchilch,1.2,8213 Neunkirch,2904,SH,real,False,23.07.2024,2679703,1282230
102547507,10027502,502002475,Ergoltingertal,374.9,8213 Neunkirch,2904,SH,real,False,23.07.2024,2681888,1280169
102547508,10111804,502002372,Hallauerstrasse,7.1,8213 Neunkirch,2904,SH,real,False,23.07.2024,2679277,1282701
102547509,10107064,502002437,Gigeweg,14.2,8213 Neunkirch,2904,SH,real,False,23.07.2024,2679075,1282437
102547510,10188153,502002401,Gächlingerstrasse,7.3,8213 Neunkirch,2904,SH,real,False,23.07.2024,2679684,1282865
102547511,10091183,502002190,Uf Nüchilch,9.1,8213 Neunkirch,2904,SH,real,False,23.07.2024,2679658,1282115
102547512,10027505,502002371,Hasenbergböhler,378.1,8213 Neunkirch,2904,SH,real,False,23.07.2024,2679601,1281317
102547513,10048898,502002261,Schmerlatstrasse,10.1,8213 Neunkirch,2904,SH,real,False,23.07.2024,2681175,1282518
102547514,10072962,502002189,Unterer Glaserweg,2.1,8213 Neunkirch,2904,SH,real,False,23.07.2024,2680248,1282522
102547515,10244246,502002474,Erlen,728.1,8213 Neunkirch,2904,SH,real,False,23.07.2024,2680650,1282262
102547516,10027505,502002370,Hasenbergböhler,378.2,8213 Neunkirch,2904,SH,real,False,19.11.2024,2679620,1281047
102547517,10072962,502002188,Unterer Glaserweg,2.2,8213 Neunkirch,2904,SH,real,False,23.07.2024,2680247,1282516
102547518,10107064,502002436,Gigeweg,14.3,8213 Neunkirch,2904,SH,real,False,23.07.2024,2679107,1282441
102547519,10054969,502002399,Haldenhof,286.2,8213 Neunkirch,2904,SH,real,False,23.07.2024,2680502,1281880
102547520,10027505,502002369,Hasenbergböhler,378.3,8213 Neunkirch,2904,SH,real,False,23.07.2024,2679336,1280898
102547521,10048898,502002260,Schmerlatstrasse,12.1,8213 Neunkirch,2904,SH,real,False,23.07.2024,2681226,1282512
102547522,10072962,502002187,Unterer Glaserweg,2.3,8213 Neunkirch,2904,SH,real,False,23.07.2024,2680267,1282524
102547523,10048894,502002472,Farbweg,2.1,8213 Neunkirch,2904,SH,real,False,23.07.2024,2679337,1282692
102547524,10027505,502002368,Hasenbergböhler,378.4,8213 Neunkirch,2904,SH,real,False,23.07.2024,2678819,1281402
102547525,10107064,502002435,Gigeweg,16.1,8213 Neunkirch,2904,SH,real,False,23.07.2024,2678968,1282402
102547526,10072962,502002186,Unterer Glaserweg,2a.1,8213 Neunkirch,2904,SH,real,False,23.07.2024,2680222,1282533
102547527,10054969,502002398,Haldenhof,286a.1,8213 Neunkirch,2904,SH,real,False,23.07.2024,2680429,1281861
102547528,10027505,502002367,Hasenbergböhler,378.5,8213 Neunkirch,2904,SH,real,False,23.07.2024,2680118,1280551
102547529,10048898,502002259,Schmerlatstrasse,12.2,8213 Neunkirch,2904,SH,real,False,23.07.2024,2681198,1282184
102547530,10072962,502002185,Unterer Glaserweg,2b.1,8213 Neunkirch,2904,SH,real,False,23.07.2024,2680220,1282535
102547531,10048894,502002471,Farbweg,2.2,8213 Neunkirch,2904,SH,real,False,23.07.2024,2679335,1282675
102547532,10068436,502002366,Hasenbergstrasse,14.1,8213 Neunkirch,2904,SH,real,False,23.07.2024,2679436,1282155
102547533,10072962,502002184,Unterer Glaserweg,2c.1,8213 Neunkirch,2904,SH,real,False,23.07.2024,2680207,1282554
102547535,10091181,502002270,Schaffhauserstrasse,16.2,8213 Neunkirch,2904,SH,real,False,23.07.2024,2680015,1282576
102547536,10091175,502002511,Gartenweg,1.1,8224 Löhningen,2904,SH,real,False,23.07.2024,2681603,1283645
102547537,10104916,502002433,Glaserstrasse,4.1,8213 Neunkirch,2904,SH,real,False,23.07.2024,2680153,1282595
102547538,10072962,502002183,Unterer Glaserweg,4.1,8213 Neunkirch,2904,SH,real,False,23.07.2024,2680200,1282560
102547539,10091181,502002269,Schaffhauserstrasse,17.1,8213 Neunkirch,2904,SH,real,False,23.07.2024,2679936,1282787
102547540,10054969,502002396,Haldenhof,286a.3,8213 Neunkirch,2904,SH,real,False,23.07.2024,2680412,1281939
102547541,10048898,502002258,Schmerlatstrasse,13.1,8213 Neunkirch,2904,SH,real,False,23.07.2024,2681098,1282574
102547542,10091184,502002163,Unterneuhaus,288.1,8217 Wilchingen,2904,SH,real,False,23.07.2024,2677113,1281811
102547543,10091181,502002268,Schaffhauserstrasse,17.2,8213 Neunkirch,2904,SH,real,False,23.07.2024,2679902,1282797
102547544,10091175,502002510,Gartenweg,1.10,8224 Löhningen,2904,SH,real,False,23.07.2024,2681609,1283742
102547545,10091181,502002267,Schaffhauserstrasse,19.1,8213 Neunkirch,2904,SH,real,False,23.07.2024,2680033,1282701
102547546,10091184,502002162,Unterneuhaus,288.2,8217 Wilchingen,2904,SH,real,False,23.07.2024,2677114,1281818
102547547,10104916,502002432,Glaserstrasse,4.2,8213 Neunkirch,2904,SH,real,False,23.07.2024,2680161,1282586
102547548,10091175,502002509,Gartenweg,1.2,8224 Löhningen,2904,SH,real,False,23.07.2024,2681635,1283686
102547549,10091181,502002266,Schaffhauserstrasse,19.2,8213 Neunkirch,2904,SH,real,False,23.07.2024,2680078,1282706
102547550,10048898,502002257,Schmerlatstrasse,13.2,8213 Neunkirch,2904,SH,real,False,23.07.2024,2681104,1282610
102547551,10091184,502002161,Unterneuhaus,288.3,8217 Wilchingen,2904,SH,real,False,23.07.2024,2677122,1281833
102547552,10054969,502002395,Haldenhof,286a.4,8213 Neunkirch,2904,SH,real,False,23.07.2024,2680365,1281918
102547553,10091181,502002265,Schaffhauserstrasse,4.1,8213 Neunkirch,2904,SH,real,False,23.07.2024,2679865,1282722
102547554,10104916,502002431,Glaserstrasse,6.1,8213 Neunkirch,2904,SH,real,False,23.07.2024,2680159,1282629
102547555,10091184,502002160,Unterneuhaus,288.4,8217 Wilchingen,2904,SH,real,False,23.07.2024,2677198,1281878
102547556,10091175,502002508,Gartenweg,1.3,8224 Löhningen,2904,SH,real,False,23.07.2024,2681619,1283710
102547557,10091181,502002264,Schaffhauserstrasse,7a.1,8213 Neunkirch,2904,SH,real,False,23.07.2024,2679829,1282822
102547558,10048898,502002256,Schmerlatstrasse,13.3,8213 Neunkirch,2904,SH,real,False,23.07.2024,2681009,1283481
102547559,10185471,502002182,Vordergasse,1.1,8213 Neunkirch,2904,SH,real,False,23.07.2024,2679757,1282732
102547560,10054969,502002394,Haldenhof,286a.5,8213 Neunkirch,2904,SH,real,False,23.07.2024,2680255,1281510
102547561,10091181,502002263,Schaffhauserstrasse,9.1,8213 Neunkirch,2904,SH,real,False,23.07.2024,2679842,1282771
102547562,10185471,502002181,Vordergasse,1.2,8213 Neunkirch,2904,SH,real,False,23.07.2024,2679760,1282714
102547563,10048898,502002255,Schmerlatstrasse,14.1,8213 Neunkirch,2904,SH,real,False,23.07.2024,2681681,1282708
102547564,10091175,502002507,Gartenweg,1.4,8224 Löhningen,2904,SH,real,False,23.07.2024,2681601,1283710
102547565,10027506,502002357,Herrengasse,2.1,8213 Neunkirch,2904,SH,real,False,23.07.2024,2679725,1282795
102547566,10185471,502002180,Vordergasse,41.1,8213 Neunkirch,2904,SH,real,False,23.07.2024,2679499,1282689
102547567,10104916,502002430,Glaserstrasse,6.2,8213 Neunkirch,2904,SH,real,False,23.07.2024,2680162,1282624
102547568,10091175,502002506,Gartenweg,1.5,8224 Löhningen,2904,SH,real,False,23.07.2024,2681600,1283714
102547569,10027506,502002356,Herrengasse,22.1,8213 Neunkirch,2904,SH,real,False,23.07.2024,2679634,1282774
102547570,10072963,502002179,Weierbuckstrasse,2.1,8213 Neunkirch,2904,SH,real,False,23.07.2024,2679988,1282751
102547571,10048898,502002254,Schmerlatstrasse,14.2,8213 Neunkirch,2904,SH,real,False,23.07.2024,2681783,1282699
102547572,10054969,502002392,Haldenhof,286a.7,8213 Neunkirch,2904,SH,real,False,23.07.2024,2680675,1280995
102547573,10027506,502002355,Herrengasse,22.2,8213 Neunkirch,2904,SH,real,False,23.07.2024,2679624,1282825
102547574,10072963,502002178,Weierbuckstrasse,2.2,8213 Neunkirch,2904,SH,real,False,23.07.2024,2680028,1282779
102547575,10104916,502002429,Glaserstrasse,6.3,8213 Neunkirch,2904,SH,real,False,23.07.2024,2680165,1282619
102547576,10091175,502002505,Gartenweg,1.6,8224 Löhningen,2904,SH,real,False,23.07.2024,2681599,1283718
102547577,10128947,502002354,Hinder Nüchilch,10.1,8213 Neunkirch,2904,SH,real,False,23.07.2024,2679569,1282085
102547578,10048898,502002253,Schmerlatstrasse,7.1,8213 Neunkirch,2904,SH,real,False,23.07.2024,2680300,1282531
102547579,10072963,502002177,Weierbuckstrasse,8.1,8213 Neunkirch,2904,SH,real,False,23.07.2024,2680097,1282803
102547580,10111804,502002391,Hallauerstrasse,1.1,8213 Neunkirch,2904,SH,real,False,23.07.2024,2679370,1282699
102547581,10128947,502002353,Hinder Nüchilch,15.1,8213 Neunkirch,2904,SH,real,False,23.07.2024,2679812,1282062
102547582,10072963,502002176,Weierbuckstrasse,8.2,8213 Neunkirch,2904,SH,real,False,23.07.2024,2680081,1282799
102547583,10137899,502002428,Glaserweg,10.1,8213 Neunkirch,2904,SH,real,False,23.07.2024,2680253,1282572
102547584,10128947,502002352,Hinder Nüchilch,28.1,8213 Neunkirch,2904,SH,real,False,23.07.2024,2679783,1282024
102547585,10091175,502002504,Gartenweg,1.7,8224 Löhningen,2904,SH,real,False,23.07.2024,2681595,1283717
102547586,10072963,502002175,Weierbuckstrasse,8.3,8213 Neunkirch,2904,SH,real,False,23.07.2024,2680099,1282777
102547587,10048898,502002252,Schmerlatstrasse,8.1,8213 Neunkirch,2904,SH,real,False,23.07.2024,2680533,1282575
102547588,10128947,502002351,Hinder Nüchilch,30.1,8213 Neunkirch,2904,SH,real,False,23.07.2024,2679777,1281998
102547589,10111804,502002390,Hallauerstrasse,1.2,8213 Neunkirch,2904,SH,real,False,23.07.2024,2679379,1282677
102547590,10072963,502002174,Weierbuckstrasse,8.4,8213 Neunkirch,2904,SH,real,False,23.07.2024,2680088,1282775
102547591,10128947,502002350,Hinder Nüchilch,34.1,8213 Neunkirch,2904,SH,real,False,23.07.2024,2679809,1281984
102547592,10137899,502002427,Glaserweg,11.1,8213 Neunkirch,2904,SH,real,False,23.07.2024,2680301,1282573
102547593,10091175,502002503,Gartenweg,1.8,8224 Löhningen,2904,SH,real,False,23.07.2024,2681592,1283715
102547594,10072963,502002173,Weierbuckstrasse,9.1,8213 Neunkirch,2904,SH,real,False,23.07.2024,2680049,1282868
102547595,10128947,502002349,Hinder Nüchilch,38.1,8213 Neunkirch,2904,SH,real,False,23.07.2024,2679835,1281967
102547596,10048898,502002251,Schmerlatstrasse,9.1,8213 Neunkirch,2904,SH,real,False,23.07.2024,2680343,1282542
102547597,10106941,502002295,Oberwiesstrasse,35.1,8213 Neunkirch,2904,SH,real,False,23.07.2024,2679927,1282027
102547598,10111805,502002172,Welscher Garten,11.1,8213 Neunkirch,2904,SH,real,False,23.07.2024,2679249,1282468
102547599,10128947,502002348,Hinder Nüchilch,4.1,8213 Neunkirch,2904,SH,real,False,23.07.2024,2679529,1282121
102547600,10091175,502002502,Gartenweg,1.9,8224 Löhningen,2904,SH,real,False,23.07.2024,2681588,1283714
102547602,10091178,502002347,Hintergasse,27.1,8213 Neunkirch,2904,SH,real,False,23.07.2024,2679577,1282657
102547603,10111805,502002171,Welscher Garten,13.1,8213 Neunkirch,2904,SH,real,False,23.07.2024,2679238,1282493
102547604,10106941,502002294,Oberwiesstrasse,37.1,8213 Neunkirch,2904,SH,real,False,23.07.2024,2679929,1282023
102547605,10120399,502002249,Schulstrasse,12.1,8213 Neunkirch,2904,SH,real,False,23.07.2024,2679629,1282879
102547606,10048896,502002346,Im Gässli,12.1,8213 Neunkirch,2904,SH,real,False,19.11.2024,2679572,1282372
102547607,10111805,502002170,Welscher Garten,4d.1,8213 Neunkirch,2904,SH,real,False,23.07.2024,2679366,1282486
102547608,10091175,502002470,Gartenweg,5.1,8213 Neunkirch,2904,SH,real,False,23.07.2024,2679596,1282216
102547610,10048896,502002345,Im Gässli,4.1,8213 Neunkirch,2904,SH,real,False,23.07.2024,2679563,1282427
102547611,10111805,502002169,Welscher Garten,4e.1,8213 Neunkirch,2904,SH,real,False,23.07.2024,2679365,1282496
102547612,10106941,502002293,Oberwiesstrasse,8.1,8213 Neunkirch,2904,SH,real,False,23.07.2024,2679516,1282325
102547613,10027502,502002480,Ergoltingertal,374.4,8213 Neunkirch,2904,SH,real,False,23.07.2024,2681931,1281369
102547614,10048896,502002344,Im Gässli,7.1,8213 Neunkirch,2904,SH,real,False,23.07.2024,2679648,1282441
102547615,10021938,502002168,Wilchingerstrasse,6.1,8213 Neunkirch,2904,SH,real,False,23.07.2024,2679225,1282350
102547616,10027511,502002292,Oberwiesweg,1.1,8213 Neunkirch,2904,SH,real,False,23.07.2024,2679597,1282294
102547617,10244246,502002473,Erlen,728.2,8213 Neunkirch,2904,SH,real,False,23.07.2024,2680709,1282168
102547618,10048896,502002343,Im Gässli,8.1,8213 Neunkirch,2904,SH,real,False,23.07.2024,2679575,1282404
102547619,10086740,502002167,Zelgweg,8.1,8213 Neunkirch,2904,SH,real,False,23.07.2024,2679854,1283035
102547620,10027503,502002468,Gigebuck,1.1,8213 Neunkirch,2904,SH,real,False,23.07.2024,2679114,1282291
102547621,10054969,502002393,Haldenhof,286a.6,8213 Neunkirch,2904,SH,real,False,23.07.2024,2680188,1281546
102547622,10048896,502002342,Im Gässli,9.1,8213 Neunkirch,2904,SH,real,False,23.07.2024,2679605,1282382
102547623,10027519,502002166,Zum Waldhof,259.1,8213 Neunkirch,2904,SH,real,False,23.07.2024,2682177,1282696
102547624,10027511,502002291,Oberwiesweg,1.2,8213 Neunkirch,2904,SH,real,False,23.07.2024,2679602,1282267
102547625,10091175,502002469,Gartenweg,5.2,8213 Neunkirch,2904,SH,real,False,23.07.2024,2679571,1282227
102547626,10185469,502002341,Kirchweg,5.1,8213 Neunkirch,2904,SH,real,False,23.07.2024,2679728,1282451
102547627,10027519,502002165,Zum Waldhof,259.2,8213 Neunkirch,2904,SH,real,False,23.07.2024,2682417,1282597
102547628,10027503,502002467,Gigebuck,10.1,8213 Neunkirch,2904,SH,real,False,23.07.2024,2679009,1282288
102547629,10027503,502002463,Gigebuck,16.1,8213 Neunkirch,2904,SH,real,False,23.07.2024,2678961,1282305
102547630,10185469,502002340,Kirchweg,8.1,8213 Neunkirch,2904,SH,real,False,23.07.2024,2679678,1282465
102547631,10027519,502002164,Zum Waldhof,260.1,8213 Neunkirch,2904,SH,real,False,23.07.2024,2682120,1282595
102547632,10027511,502002290,Oberwiesweg,2.1,8213 Neunkirch,2904,SH,real,False,23.07.2024,2679554,1282285
102547633,10027503,502002456,Gigebuck,31.1,8213 Neunkirch,2904,SH,real,False,23.07.2024,2679044,1282206
102547634,10117538,502002339,Kleiner Letten,12.1,8213 Neunkirch,2904,SH,real,False,23.07.2024,2679404,1282487
102547635,10117538,502002337,Kleiner Letten,7.1,8213 Neunkirch,2904,SH,real,False,23.07.2024,2679445,1282495
102547636,10027503,502002466,Gigebuck,12.1,8213 Neunkirch,2904,SH,real,False,23.07.2024,2678984,1282275
102547637,10120399,502002248,Schulstrasse,12.2,8213 Neunkirch,2904,SH,real,False,23.07.2024,2679504,1282919
102547638,10117538,502002338,Kleiner Letten,14.1,8213 Neunkirch,2904,SH,real,False,23.07.2024,2679381,1282474
102547639,10117538,502002336,Kleiner Letten,9.1,8213 Neunkirch,2904,SH,real,False,23.07.2024,2679412,1282428
102547640,10027512,502002247,Schwimmbadstrasse,36.1,8213 Neunkirch,2904,SH,real,False,23.07.2024,2680114,1282925
102547641,10111804,502002384,Hallauerstrasse,14.4,8213 Neunkirch,2904,SH,real,False,23.07.2024,2679266,1282799
102547642,10118137,502002501,Bahnhofstrasse,1a.1,8213 Neunkirch,2904,SH,real,False,23.07.2024,2679371,1282606
102547643,10027507,502002335,Kleines Gässli,2.1,8213 Neunkirch,2904,SH,real,False,23.07.2024,2679465,1282573
102547644,10027503,502002465,Gigebuck,13.1,8213 Neunkirch,2904,SH,real,False,23.07.2024,2679065,1282282
102547645,10027512,502002246,Schwimmbadstrasse,40.1,8213 Neunkirch,2904,SH,real,False,23.07.2024,2680227,1282997
102547646,10137899,502002426,Glaserweg,12.1,8213 Neunkirch,2904,SH,real,False,23.07.2024,2680268,1282546
102547647,10027507,502002334,Kleines Gässli,4.1,8213 Neunkirch,2904,SH,real,False,23.07.2024,2679516,1282568
102547648,10027511,502002288,Oberwiesweg,3.1,8213 Neunkirch,2904,SH,real,False,23.07.2024,2679606,1282254
102547649,10027512,502002245,Schwimmbadstrasse,40.2,8213 Neunkirch,2904,SH,real,False,23.07.2024,2680228,1282986
102547650,10137899,502002425,Glaserweg,12.2,8213 Neunkirch,2904,SH,real,False,23.07.2024,2680272,1282528
102547651,10190886,502002333,Langfeldweg,10.1,8213 Neunkirch,2904,SH,real,False,23.07.2024,2679140,1282672
102547652,10118137,502002500,Bahnhofstrasse,1a.2,8213 Neunkirch,2904,SH,real,False,23.07.2024,2679368,1282600
102547653,10027503,502002464,Gigebuck,15.1,8213 Neunkirch,2904,SH,real,False,23.07.2024,2679067,1282277
102547654,10027512,502002244,Schwimmbadstrasse,40.3,8213 Neunkirch,2904,SH,real,False,23.07.2024,2680240,1283013
102547655,10137899,502002424,Glaserweg,13.1,8213 Neunkirch,2904,SH,real,False,23.07.2024,2680331,1282584
102547656,10027511,502002287,Oberwiesweg,7.1,8213 Neunkirch,2904,SH,real,False,23.07.2024,2679572,1282145
102547657,10190886,502002332,Langfeldweg,13.1,8213 Neunkirch,2904,SH,real,False,23.07.2024,2678858,1282646
102547658,10027512,502002243,Schwimmbadstrasse,40.4,8213 Neunkirch,2904,SH,real,False,23.07.2024,2680284,1282971
102547659,10137899,502002423,Glaserweg,15.1,8213 Neunkirch,2904,SH,real,False,23.07.2024,2680312,1282555
102547660,10027512,502002242,Schwimmbadstrasse,40.5,8213 Neunkirch,2904,SH,real,False,23.07.2024,2680431,1283045
102547661,10190886,502002331,Langfeldweg,13.2,8213 Neunkirch,2904,SH,real,False,23.07.2024,2678838,1282625
102547662,10048897,502002286,Rebweg,17.1,8213 Neunkirch,2904,SH,real,False,23.07.2024,2679677,1282145
102547663,10118137,502002498,Bahnhofstrasse,4.1,8213 Neunkirch,2904,SH,real,False,23.07.2024,2679245,1282656
102547664,10027512,502002241,Schwimmbadstrasse,40.6,8213 Neunkirch,2904,SH,real,False,23.07.2024,2680969,1283696
102547665,10027503,502002462,Gigebuck,17.1,8213 Neunkirch,2904,SH,real,False,23.07.2024,2679070,1282272
102547666,10190886,502002330,Langfeldweg,13.3,8213 Neunkirch,2904,SH,real,False,23.07.2024,2678830,1282595
102547667,10137899,502002422,Glaserweg,4.1,8213 Neunkirch,2904,SH,real,False,23.07.2024,2680221,1282633
102547668,10048897,502002285,Rebweg,8.1,8213 Neunkirch,2904,SH,real,False,23.07.2024,2679708,1282165
102547669,10027512,502002240,Schwimmbadstrasse,40.7,8213 Neunkirch,2904,SH,real,False,23.07.2024,2681001,1283706
102547670,10190886,502002329,Langfeldweg,13.4,8213 Neunkirch,2904,SH,real,False,23.07.2024,2678817,1282617
102547671,10137899,502002421,Glaserweg,9.1,8213 Neunkirch,2904,SH,real,False,23.07.2024,2680296,1282619
102547672,10027503,502002461,Gigebuck,19.1,8213 Neunkirch,2904,SH,real,False,23.07.2024,2679077,1282257
102547673,10027512,502002239,Schwimmbadstrasse,9.1,8213 Neunkirch,2904,SH,real,False,23.07.2024,2679920,1282898
102547674,10190886,502002328,Langfeldweg,13.5,8213 Neunkirch,2904,SH,real,False,23.07.2024,2678757,1282533
102547675,10118137,502002497,Bahnhofstrasse,5a.1,8213 Neunkirch,2904,SH,real,False,23.07.2024,2679178,1282635
102547676,10068438,502002284,Rietwiesstrasse,2.1,8213 Neunkirch,2904,SH,real,False,19.11.2024,2679766,1281378
102547677,10027512,502002238,Schwimmbadstrasse,9.2,8213 Neunkirch,2904,SH,real,False,23.07.2024,2679929,1282904
102547678,10190886,502002327,Langfeldweg,663.2,8213 Neunkirch,2904,SH,real,False,23.07.2024,2677856,1282078
102547679,10118137,502002496,Bahnhofstrasse,5a.2,8213 Neunkirch,2904,SH,real,False,23.07.2024,2679198,1282634
102547680,10027503,502002460,Gigebuck,21.1,8213 Neunkirch,2904,SH,real,False,23.07.2024,2679079,1282252
102547681,10027513,502002237,Schützenmauer,18.1,8213 Neunkirch,2904,SH,real,False,23.07.2024,2679761,1282350
102547682,10190886,502002326,Langfeldweg,9.1,8213 Neunkirch,2904,SH,real,False,23.07.2024,2679023,1282564
102547683,10118137,502002495,Bahnhofstrasse,5a.3,8213 Neunkirch,2904,SH,real,False,23.07.2024,2679205,1282632
102547684,10068438,502002283,Rietwiesstrasse,2.2,8213 Neunkirch,2904,SH,real,False,23.07.2024,2679804,1281424
102547685,10027513,502002236,Schützenmauer,28.1,8213 Neunkirch,2904,SH,real,False,23.07.2024,2679874,1282410
102547686,10027508,502002325,Löhningerstrasse,6.1,8213 Neunkirch,2904,SH,real,False,23.07.2024,2680090,1282728
102547687,10137899,502002420,Glaserweg,9.2,8213 Neunkirch,2904,SH,real,False,23.07.2024,2680295,1282614
102547688,10027513,502002235,Schützenmauer,6.1,8213 Neunkirch,2904,SH,real,False,23.07.2024,2679728,1282448
102547689,10027503,502002459,Gigebuck,23.1,8213 Neunkirch,2904,SH,real,False,23.07.2024,2679082,1282243
102547690,10027508,502002324,Löhningerstrasse,6.2,8213 Neunkirch,2904,SH,real,False,23.07.2024,2680107,1282733
102547691,10118137,502002494,Bahnhofstrasse,5a.4,8213 Neunkirch,2904,SH,real,False,23.07.2024,2679213,1282632
102547692,10027513,502002234,Schützenmauer,6.2,8213 Neunkirch,2904,SH,real,False,23.07.2024,2679714,1282447
102547693,10027503,502002458,Gigebuck,25.1,8213 Neunkirch,2904,SH,real,False,23.07.2024,2679084,1282238
102547694,10027508,502002323,Löhningerstrasse,8.1,8213 Neunkirch,2904,SH,real,False,23.07.2024,2680119,1282720
102547695,10068435,502002493,Breitiweg,2.1,8213 Neunkirch,2904,SH,real,False,23.07.2024,2679812,1282634
102547696,10027513,502002233,Schützenmauer,6.3,8213 Neunkirch,2904,SH,real,False,23.07.2024,2679742,1282439
102547697,10068438,502002282,Rietwiesstrasse,2.3,8213 Neunkirch,2904,SH,real,False,23.07.2024,2679773,1281420
102547698,10068437,502002322,Muzellstrasse,1.1,8213 Neunkirch,2904,SH,real,False,23.07.2024,2679949,1282418
102547699,10068435,502002492,Breitiweg,2a.1,8213 Neunkirch,2904,SH,real,False,23.07.2024,2679784,1282649
102547700,10027513,502002232,Schützenmauer,9.1,8213 Neunkirch,2904,SH,real,False,23.07.2024,2679787,1282385
102547701,10027503,502002457,Gigebuck,27.1,8213 Neunkirch,2904,SH,real,False,23.07.2024,2679086,1282233
102547702,10068437,502002321,Muzellstrasse,1.2,8213 Neunkirch,2904,SH,real,False,23.07.2024,2679963,1282410
102547703,10027504,502002419,Grabenstrasse,19.1,8213 Neunkirch,2904,SH,real,False,23.07.2024,2679515,1282605
102547704,10091182,502002231,Seltenbachweg,2.1,8213 Neunkirch,2904,SH,real,False,23.07.2024,2679465,1282851
102547705,10068438,502002281,Rietwiesstrasse,2.4,8213 Neunkirch,2904,SH,real,False,23.07.2024,2679672,1281372
102547706,10068435,502002491,Breitiweg,4.1,8213 Neunkirch,2904,SH,real,False,23.07.2024,2679867,1282623
102547707,10068437,502002320,Muzellstrasse,1.3,8213 Neunkirch,2904,SH,real,False,23.07.2024,2679888,1282413
102547708,10091182,502002230,Seltenbachweg,2.2,8213 Neunkirch,2904,SH,real,False,23.07.2024,2679486,1282865
102547709,10068438,502002280,Rietwiesstrasse,2.5,8213 Neunkirch,2904,SH,real,False,23.07.2024,2679942,1281600
102547710,10027504,502002418,Grabenstrasse,5.1,8213 Neunkirch,2904,SH,real,False,23.07.2024,2679646,1282616
102547711,10068437,502002319,Muzellstrasse,1.4,8213 Neunkirch,2904,SH,real,False,23.07.2024,2679957,1282388
102547712,10091182,502002229,Seltenbachweg,4.1,8213 Neunkirch,2904,SH,real,False,23.07.2024,2679449,1282855
102547713,10027503,502002455,Gigebuck,31.2,8213 Neunkirch,2904,SH,real,False,23.07.2024,2679065,1282203
102547714,10068437,502002318,Muzellstrasse,1.5,8213 Neunkirch,2904,SH,real,False,23.07.2024,2679961,1282388
102547715,10091182,502002228,Seltenbachweg,4.2,8213 Neunkirch,2904,SH,real,False,23.07.2024,2679410,1282879
102547716,10068438,502002279,Rietwiesstrasse,2.6,8213 Neunkirch,2904,SH,real,False,23.07.2024,2679989,1281610
102547717,10068437,502002317,Muzellstrasse,1.6,8213 Neunkirch,2904,SH,real,False,23.07.2024,2679965,1282387
102547718,10091182,502002227,Seltenbachweg,4.3,8213 Neunkirch,2904,SH,real,False,23.07.2024,2679412,1282883
102547719,10027503,502002454,Gigebuck,33.1,8213 Neunkirch,2904,SH,real,False,23.07.2024,2679040,1282211
102547720,10068437,502002316,Muzellstrasse,24.1,8213 Neunkirch,2904,SH,real,False,23.07.2024,2679982,1282277
102547721,10091182,502002226,Seltenbachweg,4.4,8213 Neunkirch,2904,SH,real,False,23.07.2024,2679385,1282871
102547722,10068438,502002278,Rietwiesstrasse,2.7,8213 Neunkirch,2904,SH,real,False,23.07.2024,2680090,1281478
102547723,10186928,502002315,Mühlengasse,16.1,8213 Neunkirch,2904,SH,real,False,23.07.2024,2679662,1282768
102547724,10091182,502002225,Seltenbachweg,4.5,8213 Neunkirch,2904,SH,real,False,23.07.2024,2679364,1282878
102547725,10027503,502002453,Gigebuck,35.1,8213 Neunkirch,2904,SH,real,False,23.07.2024,2679036,1282215
102547726,10186928,502002314,Mühlengasse,22.1,8213 Neunkirch,2904,SH,real,False,23.07.2024,2679651,1282767
102547800,10071693,191843041,Judebömmlistrasse,3841,8262 Ramsen,2963,SH,real,True,23.07.2024,2703457,1285022
102547890,10058935,191843125,Dorfstrasse,52,8228 Beggingen,2951,SH,real,True,15.11.2024,2681987,1291149
102557763,10107219,191844213,Selhofstrasse,30,8215 Hallau,2971,SH,real,True,15.11.2024,2676204,1283223
102557769,10128815,191844218,Neuwiesenstrasse,4a,8215 Hallau,2971,SH,real,True,15.11.2024,2676100,1283150
102557775,10128815,191844224,Neuwiesenstrasse,4b,8215 Hallau,2971,SH,real,True,15.11.2024,2676098,1283156
102557781,10127704,191844228,Obergassweg,1270.1,8215 Hallau,2971,SH,real,True,23.07.2024,2676947,1283137
102557787,10133015,191844233,Dickistrasse,,8215 Hallau,2971,SH,real,True,23.07.2024,2677126,1282927
102558052,10127712,191844534,Empützigraben,11,8215 Hallau,2971,SH,real,True,15.11.2024,2676416,1282927
102558084,10074396,191844577,Brunnenwiesenstrasse,33.3,8212 Neuhausen am Rheinfall,2937,SH,real,True,23.07.2024,2687780,1281635
102559482,10073048,191845375,Kamorstrasse,1,8200 Schaffhausen,2939,SH,real,True,15.11.2024,2690357,1283732
102559974,10128947,191846214,Hinder Nüchilch,36a,8213 Neunkirch,2904,SH,real,True,15.11.2024,2679867,1281982
102559981,10027513,191846218,Schützenmauer,32,8213 Neunkirch,2904,SH,real,True,15.11.2024,2679878,1282342
102559997,10027512,191846247,Schwimmbadstrasse,40,8213 Neunkirch,2904,SH,real,True,15.11.2024,2680160,1282945
102563716,10031585,502003509,Bürglerstrasse,17.1,8261 Hemishofen,2962,SH,real,False,23.07.2024,2705130,1281230
102563717,10071686,502003487,Dorfstrasse,27.1,8261 Hemishofen,2962,SH,real,False,23.07.2024,2704364,1281598
102563718,10087216,502003396,Stigele,5.1,8261 Hemishofen,2962,SH,real,False,23.07.2024,2704651,1281535
102563719,10113213,502003521,Bahnhofstrasse,1.1,8261 Hemishofen,2962,SH,real,False,23.07.2024,2704653,1281817
102563720,10187916,502003406,Oberwalderstrasse,3.4,8261 Hemishofen,2962,SH,real,False,23.07.2024,2704912,1282555
102563721,10149559,502003427,Müliwis,8.1,8261 Hemishofen,2962,SH,real,False,23.07.2024,2704386,1281739
102563722,10103232,502003418,Oberwald,1.7,8261 Hemishofen,2962,SH,real,False,23.07.2024,2705855,1282938
102563723,10071686,502003486,Dorfstrasse,27.2,8261 Hemishofen,2962,SH,real,False,23.07.2024,2704357,1281618
102563724,10031589,502003439,Im Oberfeld,10.1,8261 Hemishofen,2962,SH,real,False,23.07.2024,2704803,1281463
102563725,10071686,502003496,Dorfstrasse,14.1,8261 Hemishofen,2962,SH,real,False,23.07.2024,2704528,1281605
102563726,10031588,502003452,Hörnli,1.3,8261 Hemishofen,2962,SH,real,False,23.07.2024,2703214,1281908
102563727,10071686,502003485,Dorfstrasse,30.1,8261 Hemishofen,2962,SH,real,False,23.07.2024,2704385,1281632
102563728,10031588,502003451,Hörnli,1.4,8261 Hemishofen,2962,SH,real,False,23.07.2024,2703171,1281904
102563729,10031585,502003508,Bürglerstrasse,18.1,8261 Hemishofen,2962,SH,real,False,23.07.2024,2705059,1281235
102563730,10179748,502003395,Unterdorf,10.1,8261 Hemishofen,2962,SH,real,False,23.07.2024,2704406,1281510
102563731,10071686,502003484,Dorfstrasse,30.2,8261 Hemishofen,2962,SH,real,False,23.07.2024,2704393,1281640
102563732,10164639,502003519,Bahnstieg,1.1,8261 Hemishofen,2962,SH,real,False,23.07.2024,2704664,1281692
102563733,10187916,502003405,Oberwalderstrasse,3.5,8261 Hemishofen,2962,SH,real,False,23.07.2024,2704790,1282678
102563734,10071686,502003483,Dorfstrasse,30.3,8261 Hemishofen,2962,SH,real,False,23.07.2024,2704380,1281659
102563735,10087215,502003426,Oberdorfstrasse,2.1,8261 Hemishofen,2962,SH,real,False,23.07.2024,2704694,1281656
102563736,10103232,502003417,Oberwald,3.1,8261 Hemishofen,2962,SH,real,False,23.07.2024,2706529,1284229
102563737,10031589,502003438,Im Oberfeld,12.1,8261 Hemishofen,2962,SH,real,False,23.07.2024,2704823,1281443
102563738,10071686,502003482,Dorfstrasse,37.1,8261 Hemishofen,2962,SH,real,False,23.07.2024,2704185,1281702
102563739,10071686,502003495,Dorfstrasse,14.2,8261 Hemishofen,2962,SH,real,False,23.07.2024,2704528,1281610
102563740,10031585,502003507,Bürglerstrasse,18.2,8261 Hemishofen,2962,SH,real,False,23.07.2024,2705014,1281180
102563741,10031588,502003450,Hörnli,1.5,8261 Hemishofen,2962,SH,real,False,23.07.2024,2703619,1281771
102563742,10071686,502003481,Dorfstrasse,42.1,8261 Hemishofen,2962,SH,real,False,23.07.2024,2704263,1281695
102563743,10179748,502003394,Unterdorf,3.1,8261 Hemishofen,2962,SH,real,False,23.07.2024,2704443,1281511
102563744,10031585,502003506,Bürglerstrasse,22.1,8261 Hemishofen,2962,SH,real,False,23.07.2024,2705120,1281175
102563745,10071686,502003480,Dorfstrasse,44.1,8261 Hemishofen,2962,SH,real,False,23.07.2024,2704234,1281704
102563746,10164639,502003518,Bahnstieg,4.1,8261 Hemishofen,2962,SH,real,False,23.07.2024,2704714,1281680
102563747,10071686,502003494,Dorfstrasse,14.3,8261 Hemishofen,2962,SH,real,False,23.07.2024,2704522,1281608
102563748,10031589,502003437,Im Oberfeld,14.1,8261 Hemishofen,2962,SH,real,False,23.07.2024,2704825,1281440
102563749,10181358,502003479,Grabenackerstrasse,2.1,8261 Hemishofen,2962,SH,real,False,23.07.2024,2704519,1281969
102563750,10103232,502003424,Oberwald,1.1,8261 Hemishofen,2962,SH,real,False,23.07.2024,2706461,1284068
102563751,10103232,502003416,Oberwald,3.2,8261 Hemishofen,2962,SH,real,False,23.07.2024,2706531,1284251
102563752,10181358,502003478,Grabenackerstrasse,6.1,8261 Hemishofen,2962,SH,real,False,23.07.2024,2703476,1282679
102563753,10031585,502003505,Bürglerstrasse,22.2,8261 Hemishofen,2962,SH,real,False,23.07.2024,2705080,1281123
102563754,10164638,502003449,Im Gali,20.1,8261 Hemishofen,2962,SH,real,False,23.07.2024,2705093,1282166
102563755,10071686,502003493,Dorfstrasse,18.1,8261 Hemishofen,2962,SH,real,False,23.07.2024,2704500,1281599
102563756,10181358,502003477,Grabenackerstrasse,6.2,8261 Hemishofen,2962,SH,real,False,23.07.2024,2703486,1282709
102563757,10031589,502003436,Im Oberfeld,16.1,8261 Hemishofen,2962,SH,real,False,23.07.2024,2704845,1281419
102563758,10179748,502003393,Unterdorf,6.1,8261 Hemishofen,2962,SH,real,False,23.07.2024,2704405,1281559
102563759,10103232,502003415,Oberwald,3.3,8261 Hemishofen,2962,SH,real,False,23.07.2024,2706578,1284216
102563760,10031585,502003504,Bürglerstrasse,7.1,8261 Hemishofen,2962,SH,real,False,23.07.2024,2704747,1281535
102563761,10103232,502003423,Oberwald,1.2,8261 Hemishofen,2962,SH,real,False,23.07.2024,2706461,1284085
102563762,10181358,502003476,Grabenackerstrasse,6.3,8261 Hemishofen,2962,SH,real,False,23.07.2024,2703492,1282620
102563763,10164639,502003517,Bahnstieg,4.2,8261 Hemishofen,2962,SH,real,False,23.07.2024,2704731,1281681
102563764,10187916,502003404,Oberwalderstrasse,3.6,8261 Hemishofen,2962,SH,real,False,23.07.2024,2704825,1282704
102563765,10179748,502003392,Unterdorf,7.1,8261 Hemishofen,2962,SH,real,False,23.07.2024,2704440,1281508
102563766,10164638,502003448,Im Gali,20.2,8261 Hemishofen,2962,SH,real,False,23.07.2024,2705117,1282210
102563767,10031589,502003435,Im Oberfeld,18.1,8261 Hemishofen,2962,SH,real,False,23.07.2024,2704858,1281406
102563768,10164640,502003475,Hansegässli,5.1,8261 Hemishofen,2962,SH,real,False,23.07.2024,2704497,1281519
102563769,10103232,502003422,Oberwald,1.3,8261 Hemishofen,2962,SH,real,False,23.07.2024,2706443,1284071
102563770,10103232,502003414,Oberwald,3.4,8261 Hemishofen,2962,SH,real,False,23.07.2024,2706511,1284163
102563771,10031585,502003503,Bürglerstrasse,8a.1,8261 Hemishofen,2962,SH,real,False,23.07.2024,2704929,1281457
102563772,10031586,502003474,Hauptstrasse,1.1,8261 Hemishofen,2962,SH,real,False,23.07.2024,2704865,1281306
102563773,10071686,502003491,Dorfstrasse,19.2,8261 Hemishofen,2962,SH,real,False,23.07.2024,2704480,1281561
102563774,10149629,502003516,Bolderhof,1.1,8261 Hemishofen,2962,SH,real,False,23.07.2024,2703940,1282307
102563775,10031589,502003434,Im Oberfeld,20.1,8261 Hemishofen,2962,SH,real,False,23.07.2024,2704870,1281404
102563776,10031586,502003457,Hauptstrasse,4.1,8261 Hemishofen,2962,SH,real,False,23.07.2024,2704688,1281577
102563777,10031586,502003473,Hauptstrasse,1.2,8261 Hemishofen,2962,SH,real,False,23.07.2024,2704881,1281301
102563778,10071687,502003502,Chollstatt,1.2,8261 Hemishofen,2962,SH,real,False,19.11.2024,2703227,1282295
102563779,10164638,502003447,Im Gali,24.1,8261 Hemishofen,2962,SH,real,False,23.07.2024,2704861,1281744
102563780,10179748,502003391,Unterdorf,7.2,8261 Hemishofen,2962,SH,real,False,23.07.2024,2704442,1281501
102563781,10031589,502003433,Im Oberfeld,3.1,8261 Hemishofen,2962,SH,real,False,23.07.2024,2704802,1281495
102563782,10031586,502003472,Hauptstrasse,12.1,8261 Hemishofen,2962,SH,real,False,23.07.2024,2704627,1281687
102563783,10103232,502003413,Oberwald,3.5,8261 Hemishofen,2962,SH,real,False,23.07.2024,2706598,1284211
102563784,10071686,502003490,Dorfstrasse,2.1,8261 Hemishofen,2962,SH,real,False,23.07.2024,2704589,1281607
102563785,10031590,502003402,Randenstrasse,2.2,8261 Hemishofen,2962,SH,real,False,23.07.2024,2704956,1281212
102563786,10179747,502003446,Im Hafacker,16.1,8261 Hemishofen,2962,SH,real,False,23.07.2024,2704491,1281664
102563787,10031586,502003471,Hauptstrasse,12.2,8261 Hemishofen,2962,SH,real,False,23.07.2024,2704638,1281706
102563788,10071687,502003501,Chollstatt,1.3,8261 Hemishofen,2962,SH,real,False,23.07.2024,2703210,1282293
102563789,10031586,502003456,Hauptstrasse,4.2,8261 Hemishofen,2962,SH,real,False,23.07.2024,2704669,1281613
102563790,10103232,502003412,Oberwald,3.6,8261 Hemishofen,2962,SH,real,False,23.07.2024,2706602,1284209
102563792,10031590,502003401,Randenstrasse,4.1,8261 Hemishofen,2962,SH,real,False,23.07.2024,2705014,1281247
102563793,10071688,502003390,Unterwald,1.1,8261 Hemishofen,2962,SH,real,False,23.07.2024,2707411,1283964
102563794,10149629,502003515,Bolderhof,1.2,8261 Hemishofen,2962,SH,real,False,23.07.2024,2704048,1282384
102563795,10031586,502003469,Hauptstrasse,14.1,8261 Hemishofen,2962,SH,real,False,23.07.2024,2704613,1281729
102563796,10031589,502003432,Im Oberfeld,5.1,8261 Hemishofen,2962,SH,real,False,23.07.2024,2704833,1281489
102563797,10103232,502003411,Oberwald,3.7,8261 Hemishofen,2962,SH,real,False,23.07.2024,2705663,1284549
102563798,10031586,502003455,Hauptstrasse,6.1,8261 Hemishofen,2962,SH,real,False,23.07.2024,2704666,1281636
102563799,10031586,502003468,Hauptstrasse,14.2,8261 Hemishofen,2962,SH,real,False,23.07.2024,2704611,1281762
102563800,10071687,502003500,Chollstatt,1.4,8261 Hemishofen,2962,SH,real,False,23.07.2024,2703195,1282301
102563801,10149629,502003514,Bolderhof,1.3,8261 Hemishofen,2962,SH,real,False,23.07.2024,2704088,1282407
102563802,10071688,502003389,Unterwald,1.2,8261 Hemishofen,2962,SH,real,False,23.07.2024,2707475,1283981
102563803,10031586,502003467,Hauptstrasse,14.3,8261 Hemishofen,2962,SH,real,False,23.07.2024,2704620,1281757
102563804,10031590,502003400,Randenstrasse,6.1,8261 Hemishofen,2962,SH,real,False,23.07.2024,2705039,1281256
102563805,10179747,502003444,Im Hafacker,2.1,8261 Hemishofen,2962,SH,real,False,23.07.2024,2704551,1281775
102563806,10031588,502003454,Hörnli,1.1,8261 Hemishofen,2962,SH,real,False,23.07.2024,2703215,1281904
102563807,10031586,502003466,Hauptstrasse,16.1,8261 Hemishofen,2962,SH,real,False,23.07.2024,2704589,1281831
102563808,10087214,502003431,In Enzwise,6.1,8261 Hemishofen,2962,SH,real,False,23.07.2024,2704206,1281630
102563809,10149629,502003513,Bolderhof,3.1,8261 Hemishofen,2962,SH,real,False,23.07.2024,2703840,1282562
102563810,10071688,502003388,Unterwald,1.3,8261 Hemishofen,2962,SH,real,False,23.07.2024,2707442,1284004
102563811,10031586,502003465,Hauptstrasse,16.2,8261 Hemishofen,2962,SH,real,False,23.07.2024,2704597,1281801
102563812,10071686,502003499,Dorfstrasse,1.1,8261 Hemishofen,2962,SH,real,False,23.07.2024,2704633,1281554
102563813,10179747,502003443,Im Hafacker,6.1,8261 Hemishofen,2962,SH,real,False,23.07.2024,2704519,1281752
102563814,10071688,502003387,Unterwald,1.4,8261 Hemishofen,2962,SH,real,False,23.07.2024,2707427,1284003
102563815,10031586,502003464,Hauptstrasse,18.1,8261 Hemishofen,2962,SH,real,False,23.07.2024,2704581,1281864
102563816,10031590,502003399,Randenstrasse,6.2,8261 Hemishofen,2962,SH,real,False,23.07.2024,2705036,1281278
102563817,10187916,502003410,Oberwalderstrasse,2.1,8261 Hemishofen,2962,SH,real,False,23.07.2024,2704535,1282055
102563818,10071688,502003386,Unterwald,1.5,8261 Hemishofen,2962,SH,real,False,23.07.2024,2707450,1284028
102563819,10031586,502003463,Hauptstrasse,18.2,8261 Hemishofen,2962,SH,real,False,23.07.2024,2704563,1281898
102563820,10087214,502003430,In Enzwise,8.1,8261 Hemishofen,2962,SH,real,False,23.07.2024,2704200,1281631
102563821,10179747,502003442,Im Hafacker,9.2,8261 Hemishofen,2962,SH,real,False,23.07.2024,2704486,1281627
102563822,10071688,502003385,Unterwald,1.6,8261 Hemishofen,2962,SH,real,False,23.07.2024,2707410,1284030
102563823,10031586,502003462,Hauptstrasse,18.3,8261 Hemishofen,2962,SH,real,False,23.07.2024,2704611,1281883
102563824,10176069,502003398,Riigaarte,1.1,8261 Hemishofen,2962,SH,real,False,23.07.2024,2704574,1281549
102563825,10187916,502003409,Oberwalderstrasse,3.1,8261 Hemishofen,2962,SH,real,False,23.07.2024,2704636,1282105
102563826,10071688,502003384,Unterwald,1.7,8261 Hemishofen,2962,SH,real,False,23.07.2024,2707434,1284038
102563827,10071686,502003498,Dorfstrasse,10.1,8261 Hemishofen,2962,SH,real,False,23.07.2024,2704579,1281586
102563828,10031586,502003461,Hauptstrasse,19.1,8261 Hemishofen,2962,SH,real,False,23.07.2024,2704691,1281497
102563829,10031585,502003511,Bürglerstrasse,14.2,8261 Hemishofen,2962,SH,real,False,23.07.2024,2705027,1281289
102563830,10031588,502003453,Hörnli,1.2,8261 Hemishofen,2962,SH,real,False,23.07.2024,2703181,1281876
102563831,10031586,502003460,Hauptstrasse,19.2,8261 Hemishofen,2962,SH,real,False,23.07.2024,2704677,1281476
102563832,10179747,502003441,Im Hafacker,9.3,8261 Hemishofen,2962,SH,real,False,23.07.2024,2704529,1281629
102563833,10087214,502003429,In Enzwise,8.2,8261 Hemishofen,2962,SH,real,False,23.07.2024,2704202,1281630
102563834,10031586,502003459,Hauptstrasse,2.1,8261 Hemishofen,2962,SH,real,False,23.07.2024,2704697,1281613
102563835,10113213,502003520,Bahnhofstrasse,5.1,8261 Hemishofen,2962,SH,real,False,23.07.2024,2704699,1281736
102563836,10187916,502003408,Oberwalderstrasse,3.2,8261 Hemishofen,2962,SH,real,False,23.07.2024,2704734,1282311
102563837,10087216,502003397,Stigele,3.1,8261 Hemishofen,2962,SH,real,False,23.07.2024,2704672,1281523
102563838,10031586,502003458,Hauptstrasse,2.2,8261 Hemishofen,2962,SH,real,False,23.07.2024,2704705,1281600
102563839,10179747,502003445,Im Hafacker,18.1,8261 Hemishofen,2962,SH,real,False,23.07.2024,2704444,1281645
102563840,10031585,502003510,Bürglerstrasse,16.1,8261 Hemishofen,2962,SH,real,False,23.07.2024,2705044,1281253
102563841,10071686,502003497,Dorfstrasse,11.1,8261 Hemishofen,2962,SH,real,False,23.07.2024,2704513,1281537
102563842,10103232,502003421,Oberwald,1.4,8261 Hemishofen,2962,SH,real,False,23.07.2024,2706428,1284045
102563843,10031585,502003512,Bürglerstrasse,14.1,8261 Hemishofen,2962,SH,real,False,23.07.2024,2705020,1281295
102563844,10149559,502003428,Müliwis,2.1,8261 Hemishofen,2962,SH,real,False,23.07.2024,2704423,1281799
102563845,10031589,502003440,Im Oberfeld,1.1,8261 Hemishofen,2962,SH,real,False,23.07.2024,2704797,1281501
102563846,10071686,502003489,Dorfstrasse,23.1,8261 Hemishofen,2962,SH,real,False,23.07.2024,2704398,1281573
102563847,10031590,502003403,Randenstrasse,2.1,8261 Hemishofen,2962,SH,real,False,23.07.2024,2704961,1281217
102563848,10187916,502003407,Oberwalderstrasse,3.3,8261 Hemishofen,2962,SH,real,False,23.07.2024,2704781,1282435
102563849,10071686,502003488,Dorfstrasse,26.1,8261 Hemishofen,2962,SH,real,False,23.07.2024,2704430,1281635
102563850,10087215,502003425,Oberdorfstrasse,4.1,8261 Hemishofen,2962,SH,real,False,23.07.2024,2704707,1281635
102563851,10103232,502003419,Oberwald,1.6,8261 Hemishofen,2962,SH,real,False,23.07.2024,2705807,1283272
102563852,10071686,502003492,Dorfstrasse,19.1,8261 Hemishofen,2962,SH,real,False,23.07.2024,2704455,1281565
102563853,10103232,502003420,Oberwald,1.5,8261 Hemishofen,2962,SH,real,False,23.07.2024,2706469,1284145
102563890,10091237,191847255,Hohlgasse,24,8232 Merishausen,2936,SH,real,True,15.11.2024,2687418,1290835
102564332,10031617,191847772,Bruggsteg,2a,8260 Stein am Rhein,2964,SH,real,True,15.11.2024,2706750,1279245
102564415,10019291,190628752,Ebnatstrasse,91h,8200 Schaffhausen,2939,SH,real,False,15.11.2024,2690433,1284942
102564416,10019291,190628752,Ebnatstrasse,91f,8200 Schaffhausen,2939,SH,real,False,15.11.2024,2690427,1285010
102564417,10019291,190628752,Ebnatstrasse,91d,8200 Schaffhausen,2939,SH,real,False,15.11.2024,2690513,1285004
102564418,10019291,190628752,Ebnatstrasse,91b,8200 Schaffhausen,2939,SH,real,False,15.11.2024,2690581,1284892
102564419,10019291,190628752,Ebnatstrasse,91g,8200 Schaffhausen,2939,SH,real,False,15.11.2024,2690411,1284972
102564420,10019291,190628752,Ebnatstrasse,91c,8200 Schaffhausen,2939,SH,real,False,15.11.2024,2690550,1284951
102564428,10019291,2028903,Ebnatstrasse,111a,8200 Schaffhausen,2939,SH,real,False,15.11.2024,2690840,1285035
102565152,10208692,191848314,Im Geeren,15,8226 Schleitheim,2952,SH,real,True,15.11.2024,2677902,1288823
102565208,10018442,502003611,Hepsackerstrasse,9.6,8233 Bargen SH,2931,SH,real,False,23.07.2024,2688112,1293033
102565209,10120050,502003556,Oberbargen,3.10,8233 Bargen SH,2931,SH,real,False,23.07.2024,2685182,1294586
102565210,10018443,502003523,Steigstrasse,15.3,8233 Bargen SH,2931,SH,real,False,23.07.2024,2686356,1294752
102565211,10120410,502003598,Hoftalstrasse,23.2,8233 Bargen SH,2931,SH,real,False,23.07.2024,2686134,1294378
102565212,10120050,502003555,Oberbargen,3.11,8233 Bargen SH,2931,SH,real,False,23.07.2024,2685315,1293537
102565213,10185487,502003644,Am Stägli,5.2,8233 Bargen SH,2931,SH,real,False,23.07.2024,2687893,1294109
102565214,10018443,502003522,Steigstrasse,2.1,8233 Bargen SH,2931,SH,real,False,23.07.2024,2687854,1294266
102565215,10134598,502003633,Grünau,6.2,8233 Bargen SH,2931,SH,real,False,23.07.2024,2687630,1294324
102565216,10120050,502003554,Oberbargen,3.12,8233 Bargen SH,2931,SH,real,False,23.07.2024,2684617,1294953
102565217,10146948,502003622,Hengstackerstrasse,1a.3,8233 Bargen SH,2931,SH,real,False,23.07.2024,2687523,1293963
102565218,10018442,502003610,Hepsackerstrasse,9.7,8233 Bargen SH,2931,SH,real,False,23.07.2024,2688212,1292936
102565219,10087064,502003568,Mandacherstrasse,13.2,8233 Bargen SH,2931,SH,real,False,23.07.2024,2687590,1294223
102565220,10120050,502003553,Oberbargen,3.13,8233 Bargen SH,2931,SH,real,False,23.07.2024,2684400,1295317
102565221,10111814,502003578,Im Tal,21.6,8233 Bargen SH,2931,SH,real,False,23.07.2024,2687438,1293417
102565222,10120410,502003589,Hoftalstrasse,7.1,8233 Bargen SH,2931,SH,real,False,23.07.2024,2687505,1294346
102565223,10120410,502003597,Hoftalstrasse,23.3,8233 Bargen SH,2931,SH,real,False,23.07.2024,2686114,1294338
102565224,10120050,502003552,Oberbargen,3.2,8233 Bargen SH,2931,SH,real,False,23.07.2024,2685613,1294501
102565225,10185487,502003643,Am Stägli,6.1,8233 Bargen SH,2931,SH,real,False,23.07.2024,2687802,1294071
102565226,10146948,502003621,Hengstackerstrasse,1a.4,8233 Bargen SH,2931,SH,real,False,23.07.2024,2687520,1293960
102565227,10134598,502003632,Grünau,7.1,8233 Bargen SH,2931,SH,real,False,23.07.2024,2687552,1294249
102565228,10120050,502003551,Oberbargen,3.3,8233 Bargen SH,2931,SH,real,False,23.07.2024,2685592,1294410
102565229,10120410,502003609,Hoftalstrasse,1.1,8233 Bargen SH,2931,SH,real,False,23.07.2024,2687615,1294327
102565230,10087062,502003654,Am Bohl,3.1,8233 Bargen SH,2931,SH,real,False,23.07.2024,2687666,1294106
102565231,10120050,502003550,Oberbargen,3.4,8233 Bargen SH,2931,SH,real,False,23.07.2024,2685570,1294485
102565232,10120410,502003596,Hoftalstrasse,23.4,8233 Bargen SH,2931,SH,real,False,23.07.2024,2686124,1294336
102565233,10111814,502003577,Im Tal,21.7,8233 Bargen SH,2931,SH,real,False,23.07.2024,2686969,1294034
102565234,10120410,502003588,Hoftalstrasse,9.4,8233 Bargen SH,2931,SH,real,False,23.07.2024,2687506,1294432
102565235,10018441,502003631,Heerengarten,7.1,8233 Bargen SH,2931,SH,real,False,23.07.2024,2687971,1294115
102565236,10120050,502003549,Oberbargen,3.5,8233 Bargen SH,2931,SH,real,False,23.07.2024,2685544,1294398
102565237,10185487,502003642,Am Stägli,8.1,8233 Bargen SH,2931,SH,real,False,23.07.2024,2687765,1294063
102565238,10146948,502003620,Hengstackerstrasse,2.1,8233 Bargen SH,2931,SH,real,False,23.07.2024,2687593,1294013
102565239,10120050,502003548,Oberbargen,3.6,8233 Bargen SH,2931,SH,real,False,23.07.2024,2685433,1294425
102565240,10120410,502003608,Hoftalstrasse,11.1,8233 Bargen SH,2931,SH,real,False,23.07.2024,2687467,1294413
102565241,10120410,502003587,Hoftalstrasse,9.2,8233 Bargen SH,2931,SH,real,False,23.07.2024,2687664,1295171
102565242,10120410,502003595,Hoftalstrasse,23.5,8233 Bargen SH,2931,SH,real,False,23.07.2024,2686098,1294389
102565243,10120050,502003547,Oberbargen,3.7,8233 Bargen SH,2931,SH,real,False,23.07.2024,2685378,1294410
102565244,10111814,502003576,Im Tal,21.8,8233 Bargen SH,2931,SH,real,False,23.07.2024,2687594,1293342
102565245,10087062,502003653,Am Bohl,4.1,8233 Bargen SH,2931,SH,real,False,23.07.2024,2687704,1294131
102565246,10087064,502003567,Mandacherstrasse,2.1,8233 Bargen SH,2931,SH,real,False,23.07.2024,2687768,1294177
102565247,10120050,502003546,Oberbargen,3.8,8233 Bargen SH,2931,SH,real,False,23.07.2024,2685503,1294053
102565248,10087063,502003641,Dorfstrasse,1.1,8233 Bargen SH,2931,SH,real,False,23.07.2024,2687873,1294108
102565249,10120050,502003545,Oberbargen,3.9,8233 Bargen SH,2931,SH,real,False,23.07.2024,2685207,1294318
102565250,10120410,502003594,Hoftalstrasse,23.6,8233 Bargen SH,2931,SH,real,False,23.07.2024,2686092,1294392
102565251,10146948,502003619,Hengstackerstrasse,2.2,8233 Bargen SH,2931,SH,real,False,23.07.2024,2687573,1293990
102565252,10111814,502003575,Im Tal,21.9,8233 Bargen SH,2931,SH,real,False,23.07.2024,2686554,1293337
102565253,10180862,502003544,Schinderwies,1.1,8233 Bargen SH,2931,SH,real,False,23.07.2024,2688054,1294099
102565254,10120410,502003586,Hoftalstrasse,9.3,8233 Bargen SH,2931,SH,real,False,23.07.2024,2687666,1295214
102565255,10018441,502003630,Heerengarten,7.2,8233 Bargen SH,2931,SH,real,False,23.07.2024,2687933,1294100
102565257,10180862,502003543,Schinderwies,1.2,8233 Bargen SH,2931,SH,real,False,23.07.2024,2688061,1294100
102565258,10087062,502003652,Am Bohl,8.1,8233 Bargen SH,2931,SH,real,False,23.07.2024,2687653,1294150
102565259,10087064,502003566,Mandacherstrasse,2.2,8233 Bargen SH,2931,SH,real,False,23.07.2024,2687780,1294190
102565260,10120410,502003606,Hoftalstrasse,23.10,8233 Bargen SH,2931,SH,real,False,23.07.2024,2686101,1294237
102565261,10180862,502003542,Schinderwies,1.3,8233 Bargen SH,2931,SH,real,False,23.07.2024,2688059,1294094
102565262,10146948,502003618,Hengstackerstrasse,8.1,8233 Bargen SH,2931,SH,real,False,23.07.2024,2687566,1294136
102565263,10120410,502003593,Hoftalstrasse,23.7,8233 Bargen SH,2931,SH,real,False,23.07.2024,2686136,1294323
102565264,10111814,502003574,Im Tal,4.1,8233 Bargen SH,2931,SH,real,False,23.07.2024,2687676,1294058
102565265,10180862,502003541,Schinderwies,2.1,8233 Bargen SH,2931,SH,real,False,23.07.2024,2688041,1294139
102565266,10111814,502003585,Im Tal,11.1,8233 Bargen SH,2931,SH,real,False,23.07.2024,2687598,1293945
102565267,10018441,502003629,Heerengarten,7.3,8233 Bargen SH,2931,SH,real,False,23.07.2024,2687980,1294096
102565268,10180862,502003540,Schinderwies,2.2,8233 Bargen SH,2931,SH,real,False,23.07.2024,2688071,1294159
102565269,10087063,502003639,Dorfstrasse,1.3,8233 Bargen SH,2931,SH,real,False,23.07.2024,2687886,1294119
102565270,10087062,502003651,Am Bohl,8.2,8233 Bargen SH,2931,SH,real,False,23.07.2024,2687667,1294149
102565271,10120410,502003592,Hoftalstrasse,23.8,8233 Bargen SH,2931,SH,real,False,23.07.2024,2686201,1294368
102565272,10180862,502003539,Schinderwies,2a.1,8233 Bargen SH,2931,SH,real,False,23.07.2024,2688048,1294129
102565273,10120410,502003605,Hoftalstrasse,23.11,8233 Bargen SH,2931,SH,real,False,23.07.2024,2686106,1294233
102565274,10018442,502003617,Hepsackerstrasse,3.1,8233 Bargen SH,2931,SH,real,False,23.07.2024,2688275,1294516
102565275,10146948,502003628,Hengstackerstrasse,1.2,8233 Bargen SH,2931,SH,real,False,23.07.2024,2687505,1293929
102565276,10073634,502003538,Schulstrasse,10.1,8233 Bargen SH,2931,SH,real,False,23.07.2024,2688021,1294216
102565277,10111814,502003584,Im Tal,2.1,8233 Bargen SH,2931,SH,real,False,23.07.2024,2687674,1294076
102565278,10120410,502003604,Hoftalstrasse,23.12,8233 Bargen SH,2931,SH,real,False,23.07.2024,2686234,1294515
102565279,10087064,502003565,Mandacherstrasse,6.1,8233 Bargen SH,2931,SH,real,False,23.07.2024,2687743,1294207
102565280,10073634,502003537,Schulstrasse,3.1,8233 Bargen SH,2931,SH,real,False,23.07.2024,2688089,1294900
102565281,10185487,502003650,Am Stägli,11.1,8233 Bargen SH,2931,SH,real,False,23.07.2024,2687907,1294026
102565282,10087063,502003638,Dorfstrasse,10.1,8233 Bargen SH,2931,SH,real,False,23.07.2024,2687717,1294154
102565283,10120410,502003591,Hoftalstrasse,23.9,8233 Bargen SH,2931,SH,real,False,23.07.2024,2686192,1294466
102565284,10073634,502003536,Schulstrasse,3.2,8233 Bargen SH,2931,SH,real,False,23.07.2024,2688026,1295033
102565285,10018442,502003616,Hepsackerstrasse,9.1,8233 Bargen SH,2931,SH,real,False,23.07.2024,2688237,1293811
102565286,10111814,502003573,Im Tal,4.2,8233 Bargen SH,2931,SH,real,False,23.07.2024,2687668,1294032
102565287,10185487,502003649,Am Stägli,16.1,8233 Bargen SH,2931,SH,real,False,23.07.2024,2687921,1294010
102565288,10120410,502003603,Hoftalstrasse,23.13,8233 Bargen SH,2931,SH,real,False,23.07.2024,2685994,1294053
102565289,10073634,502003535,Schulstrasse,3.3,8233 Bargen SH,2931,SH,real,False,23.07.2024,2688055,1295043
102565290,10146948,502003627,Hengstackerstrasse,1.3,8233 Bargen SH,2931,SH,real,False,23.07.2024,2687522,1293942
102565291,10018442,502003615,Hepsackerstrasse,9.2,8233 Bargen SH,2931,SH,real,False,23.07.2024,2688151,1293783
102565292,10073634,502003534,Schulstrasse,5.1,8233 Bargen SH,2931,SH,real,False,23.07.2024,2687956,1294362
102565293,10120410,502003590,Hoftalstrasse,5.1,8233 Bargen SH,2931,SH,real,False,23.07.2024,2687528,1294324
102565294,10087063,502003637,Dorfstrasse,3.1,8233 Bargen SH,2931,SH,real,False,23.07.2024,2687877,1294160
102565295,10111814,502003582,Im Tal,21.2,8233 Bargen SH,2931,SH,real,False,23.07.2024,2687213,1293801
102565296,10073634,502003533,Schulstrasse,6.1,8233 Bargen SH,2931,SH,real,False,23.07.2024,2687978,1294244
102565297,10087064,502003563,Mandacherstrasse,9.1,8233 Bargen SH,2931,SH,real,False,23.07.2024,2687684,1294167
102565298,10111814,502003572,Im Tal,5a.1,8233 Bargen SH,2931,SH,real,False,23.07.2024,2687733,1294047
102565299,10185487,502003648,Am Stägli,16.2,8233 Bargen SH,2931,SH,real,False,23.07.2024,2687917,1294014
102565300,10018443,502003532,Steigstrasse,12.2,8233 Bargen SH,2931,SH,real,False,23.07.2024,2687699,1294300
102565301,10146948,502003626,Hengstackerstrasse,1.4,8233 Bargen SH,2931,SH,real,False,23.07.2024,2687515,1293928
102565302,10120410,502003602,Hoftalstrasse,23.14,8233 Bargen SH,2931,SH,real,False,23.07.2024,2686394,1294086
102565303,10018442,502003614,Hepsackerstrasse,9.3,8233 Bargen SH,2931,SH,real,False,23.07.2024,2688400,1294013
102565304,10120050,502003562,Oberbargen,1.1,8233 Bargen SH,2931,SH,real,False,23.07.2024,2685696,1294459
102565305,10018443,502003531,Steigstrasse,14.1,8233 Bargen SH,2931,SH,real,False,23.07.2024,2686538,1294824
102565306,10087063,502003636,Dorfstrasse,4.1,8233 Bargen SH,2931,SH,real,False,23.07.2024,2687810,1294175
102565307,10111814,502003581,Im Tal,21.3,8233 Bargen SH,2931,SH,real,False,23.07.2024,2687422,1293628
102565308,10146948,502003625,Hengstackerstrasse,1.5,8233 Bargen SH,2931,SH,real,False,23.07.2024,2687518,1293930
102565309,10018443,502003530,Steigstrasse,14.2,8233 Bargen SH,2931,SH,real,False,23.07.2024,2686562,1294836
102565310,10120410,502003601,Hoftalstrasse,23.15,8233 Bargen SH,2931,SH,real,False,23.07.2024,2686643,1294295
102565311,10185487,502003647,Am Stägli,16.3,8233 Bargen SH,2931,SH,real,False,23.07.2024,2687839,1293723
102565312,10120050,502003561,Oberbargen,2.1,8233 Bargen SH,2931,SH,real,False,23.07.2024,2685639,1294509
102565313,10087064,502003571,Mandacherstrasse,10.1,8233 Bargen SH,2931,SH,real,False,23.07.2024,2687702,1294210
102565315,10018442,502003613,Hepsackerstrasse,9.4,8233 Bargen SH,2931,SH,real,False,23.07.2024,2688054,1293728
102565316,10146948,502003624,Hengstackerstrasse,1a.1,8233 Bargen SH,2931,SH,real,False,23.07.2024,2687544,1293976
102565317,10111814,502003580,Im Tal,21.4,8233 Bargen SH,2931,SH,real,False,23.07.2024,2687173,1294020
102565318,10018443,502003528,Steigstrasse,14.4,8233 Bargen SH,2931,SH,real,False,23.07.2024,2686625,1294784
102565319,10134598,502003635,Grünau,1b.1,8233 Bargen SH,2931,SH,real,False,23.07.2024,2687648,1294278
102565320,10120050,502003560,Oberbargen,2.2,8233 Bargen SH,2931,SH,real,False,23.07.2024,2685632,1294503
102565321,10185487,502003646,Am Stägli,16.4,8233 Bargen SH,2931,SH,real,False,23.07.2024,2687991,1293432
102565322,10018443,502003527,Steigstrasse,14.5,8233 Bargen SH,2931,SH,real,False,23.07.2024,2686664,1294828
102565323,10120410,502003600,Hoftalstrasse,23.16,8233 Bargen SH,2931,SH,real,False,23.07.2024,2686655,1294293
102565324,10146948,502003623,Hengstackerstrasse,1a.2,8233 Bargen SH,2931,SH,real,False,23.07.2024,2687533,1293948
102565325,10018442,502003612,Hepsackerstrasse,9.5,8233 Bargen SH,2931,SH,real,False,23.07.2024,2688414,1293716
102565326,10018443,502003526,Steigstrasse,14.6,8233 Bargen SH,2931,SH,real,False,23.07.2024,2686780,1295142
102565327,10087064,502003570,Mandacherstrasse,11.1,8233 Bargen SH,2931,SH,real,False,23.07.2024,2687645,1294201
102565328,10120050,502003559,Oberbargen,2.3,8233 Bargen SH,2931,SH,real,False,23.07.2024,2685632,1294507
102565329,10111814,502003579,Im Tal,21.5,8233 Bargen SH,2931,SH,real,False,23.07.2024,2687210,1293553
102565330,10018443,502003525,Steigstrasse,15.1,8233 Bargen SH,2931,SH,real,False,23.07.2024,2686461,1294772
102565331,10120410,502003599,Hoftalstrasse,23.17,8233 Bargen SH,2931,SH,real,False,23.07.2024,2685671,1293243
102565332,10185487,502003645,Am Stägli,5.1,8233 Bargen SH,2931,SH,real,False,23.07.2024,2687869,1294071
102565333,10120050,502003558,Oberbargen,2.4,8233 Bargen SH,2931,SH,real,False,23.07.2024,2685751,1294813
102565334,10018443,502003524,Steigstrasse,15.2,8233 Bargen SH,2931,SH,real,False,23.07.2024,2686383,1294775
102565335,10134598,502003634,Grünau,2.1,8233 Bargen SH,2931,SH,real,False,23.07.2024,2687706,1294295
102565336,10120050,502003557,Oberbargen,2.5,8233 Bargen SH,2931,SH,real,False,23.07.2024,2685765,1294960
102565337,10087064,502003569,Mandacherstrasse,13.1,8233 Bargen SH,2931,SH,real,False,23.07.2024,2687640,1294202
102565338,10087062,502003655,Am Bohl,10.1,8233 Bargen SH,2931,SH,real,False,23.07.2024,2687621,1294164
102565339,10111814,502003583,Im Tal,21.1,8233 Bargen SH,2931,SH,real,False,23.07.2024,2687441,1293876
102565340,10120410,502003607,Hoftalstrasse,13.1,8233 Bargen SH,2931,SH,real,False,23.07.2024,2687148,1294853
102565341,10087064,502003564,Mandacherstrasse,7.1,8233 Bargen SH,2931,SH,real,False,23.07.2024,2687721,1294167
102565386,10154819,502003733,Im Buechacker,3.1,8234 Stetten SH,2919,SH,real,False,23.07.2024,2691799,1287990
102565387,10087038,502003799,Brämlenstrasse,13.2,8234 Stetten SH,2919,SH,real,False,23.07.2024,2691419,1288092
102565388,10025640,502003673,Staaringelackerstrasse,9.1,8234 Stetten SH,2919,SH,real,False,23.07.2024,2691742,1288743
102565389,10087040,502003716,Im Santenbüel,3.1,8234 Stetten SH,2919,SH,real,False,19.11.2024,2692208,1288545
102565390,10024971,502003755,Eichhof,115.3,8234 Stetten SH,2919,SH,real,False,23.07.2024,2691211,1288836
102565391,10087038,502003798,Brämlenstrasse,15.1,8234 Stetten SH,2919,SH,real,False,23.07.2024,2691407,1288070
102565392,10024970,502003771,Dorfstrasse,20.1,8234 Stetten SH,2919,SH,real,False,23.07.2024,2691756,1288489
102565393,10154819,502003738,Im Buechacker,10.1,8234 Stetten SH,2919,SH,real,False,23.07.2024,2691863,1288048
102565394,10087038,502003797,Brämlenstrasse,15.2,8234 Stetten SH,2919,SH,real,False,23.07.2024,2691294,1288150
102565395,10024974,502003715,Im Staanacker,4.1,8234 Stetten SH,2919,SH,real,False,23.07.2024,2691763,1288210
102565396,10087043,502003672,Tubackackerstrasse,13.1,8234 Stetten SH,2919,SH,real,False,23.07.2024,2691655,1288009
102565397,10154819,502003732,Im Buechacker,4.1,8234 Stetten SH,2919,SH,real,False,23.07.2024,2691860,1288009
102565398,10087038,502003796,Brämlenstrasse,17.1,8234 Stetten SH,2919,SH,real,False,23.07.2024,2691405,1288068
102565399,10024971,502003754,Eichhof,115.4,8234 Stetten SH,2919,SH,real,False,23.07.2024,2690770,1288860
102565400,10024970,502003770,Dorfstrasse,20.2,8234 Stetten SH,2919,SH,real,False,23.07.2024,2691717,1288495
102565401,10154819,502003737,Im Buechacker,12.1,8234 Stetten SH,2919,SH,real,False,23.07.2024,2691866,1288049
102565402,10154819,502003731,Im Buechacker,6.1,8234 Stetten SH,2919,SH,real,False,23.07.2024,2691878,1288040
102565403,10087038,502003795,Brämlenstrasse,19.1,8234 Stetten SH,2919,SH,real,False,23.07.2024,2691395,1288047
102565404,10072987,502003753,Erdenhof,54.2,8234 Stetten SH,2919,SH,real,False,23.07.2024,2690641,1288080
102565405,10024970,502003773,Dorfstrasse,15b.1,8234 Stetten SH,2919,SH,real,False,23.07.2024,2691713,1288331
102565406,10087043,502003671,Tubackackerstrasse,19.1,8234 Stetten SH,2919,SH,real,False,23.07.2024,2691608,1287965
102565407,10154819,502003730,Im Buechacker,8.1,8234 Stetten SH,2919,SH,real,False,23.07.2024,2691838,1288053
102565408,10024974,502003714,Im Staanacker,4.2,8234 Stetten SH,2919,SH,real,False,23.07.2024,2691763,1288202
102565409,10087038,502003794,Brämlenstrasse,19.2,8234 Stetten SH,2919,SH,real,False,23.07.2024,2691383,1288037
102565410,10154819,502003735,Im Buechacker,16.1,8234 Stetten SH,2919,SH,real,False,23.07.2024,2691837,1288071
102565411,10024970,502003769,Dorfstrasse,20.3,8234 Stetten SH,2919,SH,real,False,23.07.2024,2691720,1288486
102565412,10087043,502003670,Tubackackerstrasse,,8234 Stetten SH,2919,SH,real,False,23.07.2024,2691763,1288152
102565413,10087038,502003793,Brämlenstrasse,2.2,8234 Stetten SH,2919,SH,real,False,23.07.2024,2691517,1288285
102565414,10072987,502003752,Erdenhof,54.3,8234 Stetten SH,2919,SH,real,False,23.07.2024,2690569,1288150
102565415,10185480,502003729,Im Büel,11.1,8234 Stetten SH,2919,SH,real,False,23.07.2024,2691653,1288784
102565416,10087038,502003792,Brämlenstrasse,21.1,8234 Stetten SH,2919,SH,real,False,23.07.2024,2691381,1288035
102565417,10072988,502003713,Im Tubackacker,6.1,8234 Stetten SH,2919,SH,real,False,23.07.2024,2691651,1288040
102565418,10154819,502003734,Im Buechacker,2.1,8234 Stetten SH,2919,SH,real,False,23.07.2024,2691857,1288010
102565419,10087038,502003791,Brämlenstrasse,21.2,8234 Stetten SH,2919,SH,real,False,23.07.2024,2691384,1288031
102565420,10087043,502003669,Tubackackerstrasse,3.1,8234 Stetten SH,2919,SH,real,False,23.07.2024,2691761,1288107
102565421,10024977,502003687,Schloss Herblingen,56.8,8234 Stetten SH,2919,SH,real,False,23.07.2024,2691826,1287783
102565422,10024970,502003768,Dorfstrasse,21.1,8234 Stetten SH,2919,SH,real,False,23.07.2024,2691617,1288314
102565423,10087038,502003790,Brämlenstrasse,23.1,8234 Stetten SH,2919,SH,real,False,23.07.2024,2691342,1287978
102565424,10072987,502003751,Erdenhof,54.4,8234 Stetten SH,2919,SH,real,False,23.07.2024,2690439,1287940
102565425,10087043,502003668,Tubackackerstrasse,7.1,8234 Stetten SH,2919,SH,real,False,23.07.2024,2691703,1288069
102565426,10185480,502003728,Im Büel,11.2,8234 Stetten SH,2919,SH,real,False,23.07.2024,2691656,1288783
102565427,10087038,502003789,Brämlenstrasse,35.1,8234 Stetten SH,2919,SH,real,False,23.07.2024,2691324,1287874
102565428,10024975,502003712,Lohnemerstrasse,19.1,8234 Stetten SH,2919,SH,real,False,23.07.2024,2691819,1288736
102565429,10087038,502003788,Brämlenstrasse,5.1,8234 Stetten SH,2919,SH,real,False,23.07.2024,2691526,1288226
102565430,10024970,502003767,Dorfstrasse,21.2,8234 Stetten SH,2919,SH,real,False,23.07.2024,2691620,1288303
102565431,10025642,502003667,Vogelherd,60.2,8234 Stetten SH,2919,SH,real,False,23.07.2024,2691586,1287663
102565432,10087038,502003787,Brämlenstrasse,7.1,8234 Stetten SH,2919,SH,real,False,23.07.2024,2691485,1288183
102565433,10072987,502003750,Erdenhof,54.5,8234 Stetten SH,2919,SH,real,False,23.07.2024,2690593,1288410
102565434,10025642,502003666,Vogelherd,60.3,8234 Stetten SH,2919,SH,real,False,23.07.2024,2691583,1287691
102565435,10185480,502003727,Im Büel,13.1,8234 Stetten SH,2919,SH,real,False,23.07.2024,2691650,1288786
102565436,10111810,502003786,Buechackerstrasse,2.1,8234 Stetten SH,2919,SH,real,False,23.07.2024,2691784,1288079
102565437,10024977,502003686,Schloss Herblingen,56.9,8234 Stetten SH,2919,SH,real,False,23.07.2024,2691687,1287778
102565438,10111810,502003785,Buechackerstrasse,6.1,8234 Stetten SH,2919,SH,real,False,23.07.2024,2691837,1288116
102565439,10025642,502003665,Vogelherd,60.4,8234 Stetten SH,2919,SH,real,False,23.07.2024,2691563,1287389
102565440,10185480,502003726,Im Büel,17.1,8234 Stetten SH,2919,SH,real,False,23.07.2024,2691639,1288791
102565441,10024975,502003711,Lohnemerstrasse,21.1,8234 Stetten SH,2919,SH,real,False,23.07.2024,2691818,1288739
102565442,10111810,502003784,Buechackerstrasse,8.1,8234 Stetten SH,2919,SH,real,False,23.07.2024,2691840,1288113
102565443,10025643,502003664,Vrenehof,205.2,8234 Stetten SH,2919,SH,real,False,23.07.2024,2691209,1288305
102565444,10024970,502003766,Dorfstrasse,26.1,8234 Stetten SH,2919,SH,real,False,23.07.2024,2691716,1288437
102565445,10147630,502003783,Buechackerweg,2.1,8234 Stetten SH,2919,SH,real,False,23.07.2024,2691862,1288198
102565446,10072987,502003749,Erdenhof,54.6,8234 Stetten SH,2919,SH,real,False,23.07.2024,2690001,1288202
102565447,10025643,502003663,Vrenehof,205.3,8234 Stetten SH,2919,SH,real,False,23.07.2024,2691178,1288292
102565448,10185480,502003725,Im Büel,17.2,8234 Stetten SH,2919,SH,real,False,23.07.2024,2691642,1288789
102565449,10147630,502003782,Buechackerweg,4.1,8234 Stetten SH,2919,SH,real,False,23.07.2024,2691868,1288201
102565450,10087042,502003685,Schlossstrasse,18.1,8234 Stetten SH,2919,SH,real,False,23.07.2024,2691784,1288196
102565451,10073623,502003662,Wallenrütistrasse,24.1,8234 Stetten SH,2919,SH,real,False,23.07.2024,2691366,1287789
102565452,10147630,502003781,Buechackerweg,6.1,8234 Stetten SH,2919,SH,real,False,23.07.2024,2691873,1288177
102565453,10024970,502003765,Dorfstrasse,32.1,8234 Stetten SH,2919,SH,real,False,23.07.2024,2691631,1288377
102565454,10054977,502003748,Erlenhof,114.1,8234 Stetten SH,2919,SH,real,False,23.07.2024,2690510,1287348
102565455,10073623,502003661,Wallenrütistrasse,24.2,8234 Stetten SH,2919,SH,real,False,23.07.2024,2691343,1287805
102565456,10147630,502003780,Buechackerweg,8.1,8234 Stetten SH,2919,SH,real,False,23.07.2024,2691877,1288186
102565457,10185480,502003724,Im Büel,17.3,8234 Stetten SH,2919,SH,real,False,23.07.2024,2691645,1288787
102565458,10087042,502003684,Schlossstrasse,2.1,8234 Stetten SH,2919,SH,real,False,23.07.2024,2691820,1288421
102565459,10039881,502003779,Chlosterstrasse,21.1,8234 Stetten SH,2919,SH,real,False,23.07.2024,2691895,1288370
102565460,10073623,502003660,Wallenrütistrasse,26.1,8234 Stetten SH,2919,SH,real,False,23.07.2024,2691310,1287603
102565461,10024970,502003764,Dorfstrasse,36.1,8234 Stetten SH,2919,SH,real,False,23.07.2024,2691590,1288324
102565462,10024975,502003710,Lohnemerstrasse,23.1,8234 Stetten SH,2919,SH,real,False,23.07.2024,2691816,1288798
102565463,10039881,502003778,Chlosterstrasse,24.1,8234 Stetten SH,2919,SH,real,False,23.07.2024,2691962,1288381
102565464,10073623,502003659,Wallenrütistrasse,26.2,8234 Stetten SH,2919,SH,real,False,23.07.2024,2691306,1287594
102565465,10185480,502003723,Im Büel,19.1,8234 Stetten SH,2919,SH,real,False,23.07.2024,2691659,1288781
102565466,10039881,502003777,Chlosterstrasse,6.1,8234 Stetten SH,2919,SH,real,False,23.07.2024,2691880,1288280
102565468,10054977,502003747,Erlenhof,114.2,8234 Stetten SH,2919,SH,real,False,23.07.2024,2690510,1287324
102565469,10024970,502003763,Dorfstrasse,38.1,8234 Stetten SH,2919,SH,real,False,23.07.2024,2691540,1288320
102565470,10024970,502003776,Dorfstrasse,1.1,8234 Stetten SH,2919,SH,real,False,23.07.2024,2692151,1288851
102565471,10054978,502003683,Schönenbüel,95.1,8234 Stetten SH,2919,SH,real,False,23.07.2024,2692177,1289015
102565472,10073623,502003657,Wallenrütistrasse,7.2,8234 Stetten SH,2919,SH,real,False,23.07.2024,2691416,1287830
102565473,10185480,502003722,Im Büel,27.1,8234 Stetten SH,2919,SH,real,False,23.07.2024,2691699,1288810
102565474,10024970,502003775,Dorfstrasse,10.1,8234 Stetten SH,2919,SH,real,False,23.07.2024,2691805,1288480
102565475,10024975,502003709,Lohnemerstrasse,3.1,8234 Stetten SH,2919,SH,real,False,23.07.2024,2691828,1288500
102565476,10024970,502003762,Dorfstrasse,5.1,8234 Stetten SH,2919,SH,real,False,23.07.2024,2691774,1288429
102565478,10024970,502003774,Dorfstrasse,11.1,8234 Stetten SH,2919,SH,real,False,23.07.2024,2691717,1288356
102565479,10087039,502003746,Erlenwisenstrasse,15.1,8234 Stetten SH,2919,SH,real,False,23.07.2024,2691346,1287878
102565480,10024970,502003772,Dorfstrasse,15b.2,8234 Stetten SH,2919,SH,real,False,23.07.2024,2691722,1288337
102565481,10024977,502003694,Schloss Herblingen,56.10,8234 Stetten SH,2919,SH,real,False,23.07.2024,2691691,1287697
102565482,10104921,502003681,Staanackerstrasse,15.1,8234 Stetten SH,2919,SH,real,False,23.07.2024,2691628,1288219
102565483,10087041,502003707,Obere Wassergasse,6.1,8234 Stetten SH,2919,SH,real,False,23.07.2024,2691625,1288460
102565484,10024970,502003758,Dorfstrasse,9.3,8234 Stetten SH,2919,SH,real,False,23.07.2024,2691747,1288353
102565485,10104921,502003680,Staanackerstrasse,22.1,8234 Stetten SH,2919,SH,real,False,23.07.2024,2691508,1288179
102565486,10024972,502003721,Im Chloster,2.1,8234 Stetten SH,2919,SH,real,False,23.07.2024,2691890,1288427
102565487,10087041,502003706,Obere Wassergasse,6.2,8234 Stetten SH,2919,SH,real,False,23.07.2024,2691616,1288435
102565488,10104921,502003682,Staanackerstrasse,10.1,8234 Stetten SH,2919,SH,real,False,23.07.2024,2691671,1288254
102565489,10087039,502003745,Erlenwisenstrasse,15.2,8234 Stetten SH,2919,SH,real,False,23.07.2024,2691341,1287868
102565490,10154819,502003736,Im Buechacker,15.1,8234 Stetten SH,2919,SH,real,False,23.07.2024,2691794,1288003
102565491,10087041,502003705,Obere Wassergasse,6.3,8234 Stetten SH,2919,SH,real,False,23.07.2024,2691584,1288480
102565492,10024970,502003761,Dorfstrasse,5.2,8234 Stetten SH,2919,SH,real,False,23.07.2024,2691800,1288412
102565493,10104921,502003679,Staanackerstrasse,23.1,8234 Stetten SH,2919,SH,real,False,23.07.2024,2691540,1288166
102565494,10120405,502003811,Birchstrasse,6.1,8234 Stetten SH,2919,SH,real,False,23.07.2024,2691668,1288874
102565495,10024976,502003704,Rotackerstrasse,2.1,8234 Stetten SH,2919,SH,real,False,23.07.2024,2691862,1288447
102565496,10149156,502003744,Fuchslochstrasse,14.1,8234 Stetten SH,2919,SH,real,False,23.07.2024,2692224,1288478
102565497,10024977,502003693,Schloss Herblingen,56.2,8234 Stetten SH,2919,SH,real,False,23.07.2024,2691753,1287785
102565498,10120405,502003810,Birchstrasse,8.1,8234 Stetten SH,2919,SH,real,False,23.07.2024,2691302,1289126
102565499,10024976,502003703,Rotackerstrasse,22.1,8234 Stetten SH,2919,SH,real,False,23.07.2024,2691989,1288593
102565500,10104921,502003678,Staanackerstrasse,7.1,8234 Stetten SH,2919,SH,real,False,23.07.2024,2691714,1288239
102565501,10024972,502003720,Im Chloster,2.2,8234 Stetten SH,2919,SH,real,False,19.11.2024,2691867,1288439
102565502,10072986,502003809,Braatistrasse,12.1,8234 Stetten SH,2919,SH,real,False,23.07.2024,2691583,1288134
102565503,10024976,502003702,Rotackerstrasse,26.1,8234 Stetten SH,2919,SH,real,False,23.07.2024,2692114,1288566
102565504,10149156,502003743,Fuchslochstrasse,14.2,8234 Stetten SH,2919,SH,real,False,23.07.2024,2692270,1288329
102565505,10072986,502003808,Braatistrasse,14.1,8234 Stetten SH,2919,SH,real,False,23.07.2024,2691550,1288119
102565506,10024970,502003760,Dorfstrasse,9.1,8234 Stetten SH,2919,SH,real,False,23.07.2024,2691713,1288381
102565507,10104921,502003677,Staanackerstrasse,9.1,8234 Stetten SH,2919,SH,real,False,23.07.2024,2691710,1288238
102565508,10024976,502003701,Rotackerstrasse,26.2,8234 Stetten SH,2919,SH,real,False,23.07.2024,2692102,1288587
102565509,10072986,502003807,Braatistrasse,14.2,8234 Stetten SH,2919,SH,real,False,23.07.2024,2691550,1288086
102565510,10024977,502003692,Schloss Herblingen,56.3,8234 Stetten SH,2919,SH,real,False,23.07.2024,2691794,1287785
102565511,10149156,502003742,Fuchslochstrasse,14.3,8234 Stetten SH,2919,SH,real,False,23.07.2024,2692245,1288314
102565512,10024976,502003700,Rotackerstrasse,26.3,8234 Stetten SH,2919,SH,real,False,23.07.2024,2692098,1288573
102565513,10072986,502003806,Braatistrasse,16.1,8234 Stetten SH,2919,SH,real,False,23.07.2024,2691545,1288084
102565514,10131683,502003719,Im Höfli,2.1,8234 Stetten SH,2919,SH,real,False,23.07.2024,2691678,1288449
102565515,10025640,502003676,Staaringelackerstrasse,11.1,8234 Stetten SH,2919,SH,real,False,23.07.2024,2691747,1288775
102565516,10072986,502003805,Braatistrasse,16.2,8234 Stetten SH,2919,SH,real,False,23.07.2024,2691533,1288063
102565517,10024976,502003699,Rotackerstrasse,26.4,8234 Stetten SH,2919,SH,real,False,23.07.2024,2692173,1288572
102565518,10024977,502003691,Schloss Herblingen,56.4,8234 Stetten SH,2919,SH,real,False,23.07.2024,2691738,1287715
102565519,10149156,502003741,Fuchslochstrasse,4.1,8234 Stetten SH,2919,SH,real,False,23.07.2024,2692071,1288476
102565520,10072986,502003804,Braatistrasse,18.1,8234 Stetten SH,2919,SH,real,False,23.07.2024,2691522,1288054
102565521,10024976,502003698,Rotackerstrasse,3.1,8234 Stetten SH,2919,SH,real,False,23.07.2024,2691880,1288543
102565522,10024970,502003759,Dorfstrasse,9.2,8234 Stetten SH,2919,SH,real,False,23.07.2024,2691731,1288361
102565523,10025640,502003675,Staaringelackerstrasse,5.1,8234 Stetten SH,2919,SH,real,False,23.07.2024,2691771,1288746
102565524,10072986,502003803,Braatistrasse,25.1,8234 Stetten SH,2919,SH,real,False,23.07.2024,2691525,1288012
102565525,10024976,502003697,Rotackerstrasse,4.1,8234 Stetten SH,2919,SH,real,False,19.11.2024,2691866,1288450
102565526,10024977,502003690,Schloss Herblingen,56.5,8234 Stetten SH,2919,SH,real,False,23.07.2024,2691722,1287734
102565527,10149156,502003740,Fuchslochstrasse,6.1,8234 Stetten SH,2919,SH,real,False,23.07.2024,2692081,1288469
102565528,10072986,502003802,Braatistrasse,31.1,8234 Stetten SH,2919,SH,real,False,23.07.2024,2691484,1287899
102565529,10024976,502003696,Rotackerstrasse,7.1,8234 Stetten SH,2919,SH,real,False,23.07.2024,2691873,1288595
102565530,10131683,502003718,Im Höfli,4.1,8234 Stetten SH,2919,SH,real,False,23.07.2024,2691719,1288455
102565531,10025640,502003674,Staaringelackerstrasse,5.2,8234 Stetten SH,2919,SH,real,False,23.07.2024,2691760,1288733
102565532,10024976,502003695,Rotackerstrasse,8.1,8234 Stetten SH,2919,SH,real,False,23.07.2024,2691866,1288481
102565533,10104498,502003801,Brunnenhof,112.1,8234 Stetten SH,2919,SH,real,False,23.07.2024,2690882,1288083
102565534,10072989,502003708,Neuwisenstrasse,6.1,8234 Stetten SH,2919,SH,real,False,23.07.2024,2691668,1287996
102565535,10024977,502003689,Schloss Herblingen,56.6,8234 Stetten SH,2919,SH,real,False,23.07.2024,2691727,1287715
102565536,10087038,502003800,Brämlenstrasse,13.1,8234 Stetten SH,2919,SH,real,False,23.07.2024,2691441,1288099
102565537,10024971,502003757,Eichhof,115.1,8234 Stetten SH,2919,SH,real,False,23.07.2024,2690957,1288588
102565538,10126724,502003739,Hofwis,10.1,8234 Stetten SH,2919,SH,real,False,23.07.2024,2691616,1288387
102565539,10024973,502003717,Im Oberen Gruetbuck,84.2,8234 Stetten SH,2919,SH,real,False,23.07.2024,2692660,1289264
102565540,10024977,502003688,Schloss Herblingen,56.7,8234 Stetten SH,2919,SH,real,False,23.07.2024,2691810,1287798
102565541,10024971,502003756,Eichhof,115.2,8234 Stetten SH,2919,SH,real,False,23.07.2024,2691180,1288831
102565556,10190663,502003837,Under em Tobel,12.1,8226 Schleitheim,2952,SH,real,False,23.07.2024,2678059,1289531
102565557,10121176,502004044,Ob den Beggingerreben,590.2,8226 Schleitheim,2952,SH,real,False,23.07.2024,2679130,1290603
102565558,10113210,502004085,Lindenstrasse,28.1,8226 Schleitheim,2952,SH,real,False,23.07.2024,2677898,1289199
102565559,10085767,502004220,Flüelistrasse,5.1,8226 Schleitheim,2952,SH,real,False,23.07.2024,2676481,1289197
102565560,10113209,502004148,Hofstatt,14.1,8226 Schleitheim,2952,SH,real,False,23.07.2024,2678172,1289157
102565561,10104509,502003888,Silstighof,449.3,8226 Schleitheim,2952,SH,real,False,23.07.2024,2677857,1287022
102565562,10113210,502004084,Lindenstrasse,28.2,8226 Schleitheim,2952,SH,real,False,23.07.2024,2677905,1289200
102565563,10117740,502003918,Schwerzedel,5.10,8226 Schleitheim,2952,SH,real,False,23.07.2024,2679322,1289495
102565564,10131532,502004343,Alte Beggingerstrasse,755,8226 Schleitheim,2952,SH,real,True,23.07.2024,2679301,1289860
102565565,10179738,502004299,Bolstrasse,4.3,8226 Schleitheim,2952,SH,real,False,23.07.2024,2678476,1289448
102565566,10073363,502004083,Lochacker,495a.1,8226 Schleitheim,2952,SH,real,False,23.07.2024,2680484,1288936
102565567,10085767,502004219,Flüelistrasse,5.2,8226 Schleitheim,2952,SH,real,False,23.07.2024,2676498,1289273
102565568,10190663,502003836,Under em Tobel,5.1,8226 Schleitheim,2952,SH,real,False,23.07.2024,2678174,1289363
102565569,10032563,502004186,Groofedelbuck,584.6,8226 Schleitheim,2952,SH,real,False,23.07.2024,2678674,1290351
102565570,10073363,502004082,Lochacker,495a.2,8226 Schleitheim,2952,SH,real,False,23.07.2024,2680478,1288969
102565571,10117740,502003917,Schwerzedel,5.11,8226 Schleitheim,2952,SH,real,False,23.07.2024,2679395,1289491
102565572,10180888,502003992,Randenstrasse,9.1,8226 Schleitheim,2952,SH,real,False,23.07.2024,2678755,1289378
102565573,10026004,502004338,Bergwaldhof,408.2,8226 Schleitheim,2952,SH,real,False,23.07.2024,2678581,1287018
102565574,10073363,502004081,Lochacker,495a.3,8226 Schleitheim,2952,SH,real,False,23.07.2024,2680458,1288931
102565575,10085767,502004218,Flüelistrasse,5.3,8226 Schleitheim,2952,SH,real,False,23.07.2024,2676474,1289268
102565576,10113209,502004147,Hofstatt,16.1,8226 Schleitheim,2952,SH,real,False,23.07.2024,2678118,1289146
102565577,10032574,502004032,Poststrasse,16.1,8226 Schleitheim,2952,SH,real,False,23.07.2024,2678394,1289313
102565578,10117740,502003916,Schwerzedel,5.2,8226 Schleitheim,2952,SH,real,False,23.07.2024,2679030,1289436
102565579,10118364,502004080,Luckete,1.1,8226 Schleitheim,2952,SH,real,False,23.07.2024,2678848,1289381
102565580,10136942,502004298,Bolwegli,1.1,8226 Schleitheim,2952,SH,real,False,23.07.2024,2679858,1290631
102565582,10118364,502004079,Luckete,2.1,8226 Schleitheim,2952,SH,real,False,23.07.2024,2678877,1289334
102565583,10085767,502004217,Flüelistrasse,5.4,8226 Schleitheim,2952,SH,real,False,23.07.2024,2676470,1289280
102565584,10031566,502003835,Undere Espilibuck,3.1,8226 Schleitheim,2952,SH,real,False,23.07.2024,2678528,1289696
102565585,10026004,502004337,Bergwaldhof,408.3,8226 Schleitheim,2952,SH,real,False,23.07.2024,2678625,1287019
102565586,10117740,502003915,Schwerzedel,5.3,8226 Schleitheim,2952,SH,real,False,23.07.2024,2678999,1289383
102565587,10118364,502004078,Luckete,2.2,8226 Schleitheim,2952,SH,real,False,23.07.2024,2678882,1289335
102565588,10113209,502004146,Hofstatt,2.1,8226 Schleitheim,2952,SH,real,False,23.07.2024,2678235,1289180
102565589,10032563,502004185,Groofedelbuck,584.7,8226 Schleitheim,2952,SH,real,False,23.07.2024,2678751,1290573
102565590,10085767,502004216,Flüelistrasse,5.5,8226 Schleitheim,2952,SH,real,False,23.07.2024,2676471,1289310
102565591,10118364,502004077,Luckete,2a.1,8226 Schleitheim,2952,SH,real,False,23.07.2024,2678914,1289312
102565592,10032576,502003991,Rütistelmüli,319.2,8226 Schleitheim,2952,SH,real,False,23.07.2024,2679616,1290422
102565593,10032574,502004031,Poststrasse,2.1,8226 Schleitheim,2952,SH,real,False,23.07.2024,2678561,1289390
102565594,10117740,502003913,Schwerzedel,5.5,8226 Schleitheim,2952,SH,real,False,23.07.2024,2678974,1289383
102565595,10118364,502004075,Luckete,7.1,8226 Schleitheim,2952,SH,real,False,23.07.2024,2678895,1289380
102565596,10136942,502004297,Bolwegli,1.2,8226 Schleitheim,2952,SH,real,False,23.07.2024,2679968,1290771
102565597,10073366,502003880,Staufenberg,570.4,8226 Schleitheim,2952,SH,real,False,23.07.2024,2677684,1289933
102565598,10179739,502004215,Friedhofweg,2d.1,8226 Schleitheim,2952,SH,real,False,23.07.2024,2678863,1288814
102565599,10118364,502004074,Luckete,9.1,8226 Schleitheim,2952,SH,real,False,23.07.2024,2678949,1289380
102565600,10113209,502004145,Hofstatt,21.1,8226 Schleitheim,2952,SH,real,False,23.07.2024,2678128,1289061
102565601,10026004,502004336,Bergwaldhof,408.4,8226 Schleitheim,2952,SH,real,False,23.07.2024,2678634,1286981
102565602,10117740,502003912,Schwerzedel,5.6,8226 Schleitheim,2952,SH,real,False,23.07.2024,2679046,1289482
102565603,10179741,502004073,Lussenhof,401.2,8226 Schleitheim,2952,SH,real,False,23.07.2024,2679116,1287689
102565604,10032576,502003990,Rütistelmüli,319.3,8226 Schleitheim,2952,SH,real,False,23.07.2024,2679596,1290433
102565605,10032574,502004030,Poststrasse,2.2,8226 Schleitheim,2952,SH,real,False,23.07.2024,2678535,1289411
102565606,10179739,502004214,Friedhofweg,4.1,8226 Schleitheim,2952,SH,real,False,23.07.2024,2678815,1288789
102565607,10179741,502004072,Lussenhof,401.3,8226 Schleitheim,2952,SH,real,False,23.07.2024,2679118,1287757
102565608,10031567,502003833,Undere Müliweg,30.1,8226 Schleitheim,2952,SH,real,False,23.07.2024,2676996,1288991
102565609,10117740,502003911,Schwerzedel,5.7,8226 Schleitheim,2952,SH,real,False,23.07.2024,2679099,1289368
102565610,10179742,502003879,Strickhof,314.2,8226 Schleitheim,2952,SH,real,False,23.07.2024,2680763,1289549
102565611,10179741,502004071,Lussenhof,401.4,8226 Schleitheim,2952,SH,real,False,23.07.2024,2679123,1287758
102565612,10113209,502004144,Hofstatt,28.1,8226 Schleitheim,2952,SH,real,False,23.07.2024,2678061,1289103
102565613,10026004,502004335,Bergwaldhof,408.5,8226 Schleitheim,2952,SH,real,False,23.07.2024,2678547,1287019
102565614,10179737,502004427,Adlerstrasse,11.1,8226 Schleitheim,2952,SH,real,False,23.07.2024,2678537,1289247
102565616,10136942,502004296,Bolwegli,1.3,8226 Schleitheim,2952,SH,real,False,23.07.2024,2679942,1290769
102565617,10179742,502003878,Strickhof,314.3,8226 Schleitheim,2952,SH,real,False,23.07.2024,2680766,1289545
102565618,10179741,502004069,Lussenhof,401b.2,8226 Schleitheim,2952,SH,real,False,23.07.2024,2679010,1287978
102565619,10179737,502004426,Adlerstrasse,11.2,8226 Schleitheim,2952,SH,real,False,23.07.2024,2678550,1289250
102565620,10032576,502003989,Rütistelmüli,319b.1,8226 Schleitheim,2952,SH,real,False,23.07.2024,2680019,1290686
102565621,10032574,502004029,Poststrasse,20.1,8226 Schleitheim,2952,SH,real,False,23.07.2024,2678383,1289303
102565622,10179741,502004068,Lussenhof,401b.3,8226 Schleitheim,2952,SH,real,False,23.07.2024,2679069,1288240
102565623,10031567,502003832,Undere Müliweg,30.2,8226 Schleitheim,2952,SH,real,False,23.07.2024,2676939,1288978
102565624,10179737,502004425,Adlerstrasse,11.3,8226 Schleitheim,2952,SH,real,False,23.07.2024,2678544,1289245
102565625,10026004,502004334,Bergwaldhof,408.6,8226 Schleitheim,2952,SH,real,False,23.07.2024,2678540,1287009
102565626,10032572,502004067,Lättegässli,1.1,8226 Schleitheim,2952,SH,real,False,23.07.2024,2678908,1289611
102565627,10113209,502004143,Hofstatt,6.1,8226 Schleitheim,2952,SH,real,False,23.07.2024,2678226,1289178
102565628,10179737,502004424,Adlerstrasse,12.1,8226 Schleitheim,2952,SH,real,False,23.07.2024,2678492,1289335
102565629,10032572,502004066,Lättegässli,2.1,8226 Schleitheim,2952,SH,real,False,23.07.2024,2678908,1289543
102565631,10136942,502004295,Bolwegli,1.4,8226 Schleitheim,2952,SH,real,False,23.07.2024,2679960,1290781
102565632,10179737,502004423,Adlerstrasse,13.1,8226 Schleitheim,2952,SH,real,False,23.07.2024,2678502,1289239
102565633,10032572,502004065,Lättegässli,2.2,8226 Schleitheim,2952,SH,real,False,23.07.2024,2678905,1289525
102565634,10032574,502004028,Poststrasse,22.1,8226 Schleitheim,2952,SH,real,False,23.07.2024,2678379,1289294
102565635,10031567,502003831,Undere Müliweg,30.3,8226 Schleitheim,2952,SH,real,False,23.07.2024,2677000,1289042
102565636,10179737,502004422,Adlerstrasse,2.1,8226 Schleitheim,2952,SH,real,False,23.07.2024,2678574,1289334
102565637,10032572,502004064,Lättegässli,5.1,8226 Schleitheim,2952,SH,real,False,23.07.2024,2678900,1289613
102565638,10179742,502003876,Strickhof,314.5,8226 Schleitheim,2952,SH,real,False,23.07.2024,2680769,1289554
102565639,10032576,502003988,Rütistelmüli,319b.2,8226 Schleitheim,2952,SH,real,False,23.07.2024,2680032,1290701
102565640,10179737,502004421,Adlerstrasse,21.1,8226 Schleitheim,2952,SH,real,False,23.07.2024,2678487,1289204
102565641,10073364,502004062,Miltenhof,415.1,8226 Schleitheim,2952,SH,real,False,23.07.2024,2680148,1288682
102565642,10032563,502004184,Groofedelbuck,584.8,8226 Schleitheim,2952,SH,real,False,23.07.2024,2678584,1290243
102565643,10136942,502004294,Bolwegli,1.5,8226 Schleitheim,2952,SH,real,False,23.07.2024,2679956,1290783
102565644,10179737,502004420,Adlerstrasse,22.1,8226 Schleitheim,2952,SH,real,False,23.07.2024,2678409,1289253
102565645,10073364,502004061,Miltenhof,415.2,8226 Schleitheim,2952,SH,real,False,23.07.2024,2680178,1288710
102565646,10026004,502004333,Bergwaldhof,408.7,8226 Schleitheim,2952,SH,real,False,23.07.2024,2678542,1287014
102565647,10031567,502003830,Undere Müliweg,30.4,8226 Schleitheim,2952,SH,real,False,23.07.2024,2676946,1289034
102565648,10179737,502004419,Adlerstrasse,23.1,8226 Schleitheim,2952,SH,real,False,23.07.2024,2678435,1289211
102565649,10073364,502004060,Miltenhof,415.3,8226 Schleitheim,2952,SH,real,False,23.07.2024,2680138,1288691
102565650,10179742,502003875,Strickhof,314.6,8226 Schleitheim,2952,SH,real,False,23.07.2024,2680778,1289512
102565651,10053251,502003987,Salzbrunnen,116.1,8226 Schleitheim,2952,SH,real,False,23.07.2024,2678210,1288339
102565652,10026003,502004364,Beggingerstrasse,45.1,8226 Schleitheim,2952,SH,real,False,23.07.2024,2678843,1289577
102565653,10179737,502004418,Adlerstrasse,23.2,8226 Schleitheim,2952,SH,real,False,23.07.2024,2678456,1289199
102565654,10032574,502004027,Poststrasse,24.1,8226 Schleitheim,2952,SH,real,False,23.07.2024,2678347,1289310
102565655,10113209,502004141,Hofstatt,8.2,8226 Schleitheim,2952,SH,real,False,23.07.2024,2678200,1289186
102565656,10073364,502004059,Miltenhof,415.4,8226 Schleitheim,2952,SH,real,False,23.07.2024,2680135,1288689
102565657,10179737,502004417,Adlerstrasse,25.1,8226 Schleitheim,2952,SH,real,False,23.07.2024,2678450,1289174
102565658,10032564,502004183,Grotwis,554.2,8226 Schleitheim,2952,SH,real,False,23.07.2024,2680747,1289202
102565659,10032562,502004211,Gass,6.1,8226 Schleitheim,2952,SH,real,False,23.07.2024,2678586,1289450
102565660,10136942,502004293,Bolwegli,1.6,8226 Schleitheim,2952,SH,real,False,23.07.2024,2679949,1290784
102565661,10179737,502004416,Adlerstrasse,31.1,8226 Schleitheim,2952,SH,real,False,23.07.2024,2678354,1289167
102565662,10026004,502004332,Bergwaldhof,408.8,8226 Schleitheim,2952,SH,real,False,23.07.2024,2678538,1287006
102565663,10073364,502004058,Miltenhof,415.5,8226 Schleitheim,2952,SH,real,False,23.07.2024,2680124,1288682
102565664,10031567,502003829,Undere Müliweg,30.5,8226 Schleitheim,2952,SH,real,False,23.07.2024,2676893,1289013
102565666,10179742,502003874,Strickhof,314.7,8226 Schleitheim,2952,SH,real,False,23.07.2024,2680773,1289824
102565667,10073364,502004057,Miltenhof,415.6,8226 Schleitheim,2952,SH,real,False,23.07.2024,2680105,1288632
102565668,10073361,502004140,Hofwiesen,1.1,8226 Schleitheim,2952,SH,real,False,23.07.2024,2678594,1289434
102565669,10179737,502004414,Adlerstrasse,31.3,8226 Schleitheim,2952,SH,real,False,23.07.2024,2678378,1289157
102565670,10032574,502004026,Poststrasse,27.1,8226 Schleitheim,2952,SH,real,False,23.07.2024,2678398,1289248
102565671,10085771,502004056,Neuhof,394.1,8226 Schleitheim,2952,SH,real,False,23.07.2024,2679804,1289434
102565672,10053251,502003986,Salzbrunnen,116.2,8226 Schleitheim,2952,SH,real,False,23.07.2024,2678193,1288320
102565673,10179737,502004413,Adlerstrasse,37.1,8226 Schleitheim,2952,SH,real,False,23.07.2024,2678337,1289129
102565674,10026004,502004331,Bergwaldhof,408.9,8226 Schleitheim,2952,SH,real,False,23.07.2024,2678536,1287003
102565675,10085771,502004055,Neuhof,394.10,8226 Schleitheim,2952,SH,real,False,23.07.2024,2679936,1289182
102565676,10136942,502004292,Bolwegli,1.7,8226 Schleitheim,2952,SH,real,False,23.07.2024,2679945,1290785
102565677,10179737,502004412,Adlerstrasse,41.1,8226 Schleitheim,2952,SH,real,False,23.07.2024,2678320,1289107
102565678,10179742,502003873,Strickhof,314.8,8226 Schleitheim,2952,SH,real,False,23.07.2024,2681081,1289557
102565679,10031567,502003828,Undere Müliweg,30.6,8226 Schleitheim,2952,SH,real,False,23.07.2024,2677067,1289037
102565680,10085771,502004054,Neuhof,394.11,8226 Schleitheim,2952,SH,real,False,23.07.2024,2679478,1289453
102565681,10179737,502004411,Adlerstrasse,5.1,8226 Schleitheim,2952,SH,real,False,23.07.2024,2678588,1289243
102565682,10032574,502004025,Poststrasse,28.1,8226 Schleitheim,2952,SH,real,False,23.07.2024,2678329,1289298
102565683,10073361,502004139,Hofwiesen,13.1,8226 Schleitheim,2952,SH,real,False,23.07.2024,2678640,1289513
102565684,10085771,502004053,Neuhof,394.2,8226 Schleitheim,2952,SH,real,False,23.07.2024,2679860,1289423
102565685,10179737,502004410,Adlerstrasse,5.2,8226 Schleitheim,2952,SH,real,False,23.07.2024,2678625,1289273
102565686,10031567,502003827,Undere Müliweg,30.7,8226 Schleitheim,2952,SH,real,False,23.07.2024,2676887,1289026
102565687,10032564,502004181,Grotwis,554.4,8226 Schleitheim,2952,SH,real,False,23.07.2024,2680719,1289200
102565688,10085771,502004052,Neuhof,394.3,8226 Schleitheim,2952,SH,real,False,23.07.2024,2679867,1289389
102565689,10179737,502004409,Adlerstrasse,5.3,8226 Schleitheim,2952,SH,real,False,23.07.2024,2678571,1289244
102565690,10032558,502004291,Breitestrasse,11.1,8226 Schleitheim,2952,SH,real,False,23.07.2024,2678477,1289150
102565691,10179742,502003872,Strickhof,320.1,8226 Schleitheim,2952,SH,real,False,23.07.2024,2680721,1289476
102565692,10085771,502004051,Neuhof,394.4,8226 Schleitheim,2952,SH,real,False,23.07.2024,2679877,1289402
102565693,10179737,502004408,Adlerstrasse,5.4,8226 Schleitheim,2952,SH,real,False,23.07.2024,2678618,1289238
102565694,10073361,502004138,Hofwiesen,3.1,8226 Schleitheim,2952,SH,real,False,23.07.2024,2678610,1289436
102565695,10026004,502004330,Bergwaldhof,408e.1,8226 Schleitheim,2952,SH,real,False,23.07.2024,2678307,1286966
102565696,10085771,502004050,Neuhof,394.5,8226 Schleitheim,2952,SH,real,False,23.07.2024,2679880,1289396
102565697,10179737,502004407,Adlerstrasse,8.1,8226 Schleitheim,2952,SH,real,False,23.07.2024,2678537,1289322
102565698,10031567,502003826,Undere Müliweg,6.1,8226 Schleitheim,2952,SH,real,False,23.07.2024,2677268,1289078
102565699,10032574,502004024,Poststrasse,40.1,8226 Schleitheim,2952,SH,real,False,23.07.2024,2678288,1289230
102565700,10026003,502004355,Beggingerstrasse,60.4,8226 Schleitheim,2952,SH,real,False,23.07.2024,2678963,1289686
102565701,10032558,502004290,Breitestrasse,11.2,8226 Schleitheim,2952,SH,real,False,23.07.2024,2678481,1289145
102565702,10179737,502004406,Adlerstrasse,9a.1,8226 Schleitheim,2952,SH,real,False,23.07.2024,2678549,1289270
102565703,10179742,502003871,Strickhof,320.2,8226 Schleitheim,2952,SH,real,False,23.07.2024,2680753,1289462
102565704,10085771,502004049,Neuhof,394.6,8226 Schleitheim,2952,SH,real,False,23.07.2024,2679886,1289361
102565705,10053251,502003984,Salzbrunnen,116.4,8226 Schleitheim,2952,SH,real,False,23.07.2024,2678158,1288309
102565706,10118363,502004405,Aegerten,1.1,8226 Schleitheim,2952,SH,real,False,23.07.2024,2676638,1288957
102565707,10026003,502004354,Beggingerstrasse,644.3,8226 Schleitheim,2952,SH,real,False,23.07.2024,2679146,1290029
102565708,10032565,502004180,Hallauerstrasse,15.1,8226 Schleitheim,2952,SH,real,False,23.07.2024,2678057,1288903
102565709,10073361,502004137,Hofwiesen,3.2,8226 Schleitheim,2952,SH,real,False,23.07.2024,2678597,1289456
102565710,10085771,502004048,Neuhof,394.7,8226 Schleitheim,2952,SH,real,False,23.07.2024,2679887,1289358
102565711,10118363,502004404,Aegerten,17.1,8226 Schleitheim,2952,SH,real,False,23.07.2024,2676362,1288729
102565712,10192060,502004329,Birbistel,580.1,8226 Schleitheim,2952,SH,real,False,23.07.2024,2679371,1291101
102565713,10073367,502003825,Waabelwies,2.1,8226 Schleitheim,2952,SH,real,False,23.07.2024,2678894,1289738
102565714,10085771,502004047,Neuhof,394.8,8226 Schleitheim,2952,SH,real,False,23.07.2024,2679878,1289345
102565715,10032574,502004023,Poststrasse,40.2,8226 Schleitheim,2952,SH,real,False,23.07.2024,2678270,1289272
102565716,10118363,502004403,Aegerten,17.2,8226 Schleitheim,2952,SH,real,False,23.07.2024,2676388,1288739
102565717,10026003,502004352,Beggingerstrasse,644.5,8226 Schleitheim,2952,SH,real,False,23.07.2024,2679166,1290071
102565718,10032558,502004289,Breitestrasse,11.3,8226 Schleitheim,2952,SH,real,False,23.07.2024,2678490,1289159
102565719,10118363,502004402,Aegerten,5.1,8226 Schleitheim,2952,SH,real,False,23.07.2024,2676528,1288857
102565720,10179742,502003870,Strickhof,320.3,8226 Schleitheim,2952,SH,real,False,23.07.2024,2680748,1289453
102565721,10053251,502003983,Salzbrunnen,116.5,8226 Schleitheim,2952,SH,real,False,23.07.2024,2678150,1288355
102565722,10085771,502004046,Neuhof,394.9,8226 Schleitheim,2952,SH,real,False,23.07.2024,2679911,1289406
102565723,10032574,502004022,Poststrasse,44.1,8226 Schleitheim,2952,SH,real,False,23.07.2024,2678286,1289214
102565724,10118363,502004401,Aegerten,5.2,8226 Schleitheim,2952,SH,real,False,23.07.2024,2676491,1288852
102565725,10121176,502004045,Ob den Beggingerreben,590.1,8226 Schleitheim,2952,SH,real,False,23.07.2024,2679091,1290743
102565726,10073361,502004136,Hofwiesen,7.1,8226 Schleitheim,2952,SH,real,False,23.07.2024,2678612,1289498
102565727,10032565,502004179,Hallauerstrasse,16.1,8226 Schleitheim,2952,SH,real,False,23.07.2024,2677994,1288887
102565728,10118363,502004399,Aegerten,5.4,8226 Schleitheim,2952,SH,real,False,23.07.2024,2676460,1288896
102565729,10085772,502004043,Obere Espilibuck,2.1,8226 Schleitheim,2952,SH,real,False,23.07.2024,2678542,1289713
102565730,10085776,502003824,Waldhof,436.1,8226 Schleitheim,2952,SH,real,False,23.07.2024,2676326,1287303
102565731,10179742,502003869,Strickhof,320.4,8226 Schleitheim,2952,SH,real,False,23.07.2024,2680757,1289493
102565732,10118363,502004398,Aegerten,5.5,8226 Schleitheim,2952,SH,real,False,23.07.2024,2676454,1288912
102565733,10026003,502004349,Beggingerstrasse,644.8,8226 Schleitheim,2952,SH,real,False,19.11.2024,2679117,1290101
102565734,10053251,502003982,Salzbrunnen,116.6,8226 Schleitheim,2952,SH,real,False,23.07.2024,2678164,1288290
102565735,10032565,502004178,Hallauerstrasse,18.1,8226 Schleitheim,2952,SH,real,False,23.07.2024,2677972,1288858
102565736,10186575,502004042,Obere Hofwiesen,11.1,8226 Schleitheim,2952,SH,real,False,23.07.2024,2678733,1289617
102565737,10187859,502004397,Alphof,409.1,8226 Schleitheim,2952,SH,real,False,23.07.2024,2677356,1288011
102565739,10032574,502004021,Poststrasse,44.2,8226 Schleitheim,2952,SH,real,False,23.07.2024,2678283,1289211
102565740,10187859,502004396,Alphof,409.2,8226 Schleitheim,2952,SH,real,False,23.07.2024,2677403,1288006
102565741,10186575,502004041,Obere Hofwiesen,14.1,8226 Schleitheim,2952,SH,real,False,23.07.2024,2678753,1289587
102565742,10085776,502003823,Waldhof,436.2,8226 Schleitheim,2952,SH,real,False,23.07.2024,2676365,1287318
102565743,10179742,502003868,Strickhof,320.5,8226 Schleitheim,2952,SH,real,False,23.07.2024,2680797,1289483
102565744,10187859,502004395,Alphof,409.3,8226 Schleitheim,2952,SH,real,False,23.07.2024,2677136,1287750
102565745,10186575,502004040,Obere Hofwiesen,24.1,8226 Schleitheim,2952,SH,real,False,23.07.2024,2678758,1289605
102565746,10032558,502004287,Breitestrasse,12.2,8226 Schleitheim,2952,SH,real,False,23.07.2024,2678367,1289141
102565747,10032565,502004177,Hallauerstrasse,23.1,8226 Schleitheim,2952,SH,real,False,23.07.2024,2677984,1288743
102565748,10085768,502004193,Gemeindehausplatz,3.1,8226 Schleitheim,2952,SH,real,False,23.07.2024,2678615,1289404
102565749,10187859,502004394,Alphof,409.4,8226 Schleitheim,2952,SH,real,False,23.07.2024,2677218,1287657
102565750,10073368,502004134,Hohbrugg,524.1,8226 Schleitheim,2952,SH,real,False,23.07.2024,2679090,1287253
102565751,10179742,502003867,Strickhof,320.6,8226 Schleitheim,2952,SH,real,False,23.07.2024,2680806,1289466
102565752,10032573,502004039,Oberwiesenweg,1.1,8226 Schleitheim,2952,SH,real,False,23.07.2024,2676428,1289171
102565753,10131532,502004393,Alte Beggingerstrasse,60.1,8226 Schleitheim,2952,SH,real,False,23.07.2024,2679358,1290077
102565754,10053251,502003981,Salzbrunnen,116.7,8226 Schleitheim,2952,SH,real,False,23.07.2024,2678118,1288336
102565755,10032574,502004020,Poststrasse,46.1,8226 Schleitheim,2952,SH,real,False,23.07.2024,2678274,1289204
102565756,10104509,502003889,Silstighof,449.2,8226 Schleitheim,2952,SH,real,False,23.07.2024,2677882,1287026
102565757,10131532,502004392,Alte Beggingerstrasse,60.2,8226 Schleitheim,2952,SH,real,False,23.07.2024,2679329,1290015
102565758,10085776,502003822,Waldhof,436.3,8226 Schleitheim,2952,SH,real,False,23.07.2024,2676319,1287290
102565759,10192060,502004327,Birbistel,580.3,8226 Schleitheim,2952,SH,real,False,23.07.2024,2679032,1291477
102565760,10026003,502004345,Beggingerstrasse,82.1,8226 Schleitheim,2952,SH,real,False,23.07.2024,2679307,1289884
102565761,10131532,502004391,Alte Beggingerstrasse,60.3,8226 Schleitheim,2952,SH,real,False,23.07.2024,2679809,1289879
102565762,10032558,502004286,Breitestrasse,20.1,8226 Schleitheim,2952,SH,real,False,23.07.2024,2678311,1289101
102565763,10032565,502004176,Hallauerstrasse,24.1,8226 Schleitheim,2952,SH,real,False,23.07.2024,2677935,1288799
102565764,10085768,502004192,Gemeindehausplatz,6.1,8226 Schleitheim,2952,SH,real,False,23.07.2024,2678641,1289373
102565765,10026001,502004390,Babental,354.1,8226 Schleitheim,2952,SH,real,False,23.07.2024,2680992,1288713
102565766,10118148,502003980,Salzbrunnenstrasse,12.1,8226 Schleitheim,2952,SH,real,False,23.07.2024,2678010,1288607
102565767,10032573,502004038,Oberwiesenweg,5.1,8226 Schleitheim,2952,SH,real,False,23.07.2024,2676409,1289224
102565768,10179742,502003866,Strickhof,320.7,8226 Schleitheim,2952,SH,real,False,23.07.2024,2680844,1289466
102565769,10026001,502004389,Babental,354.2,8226 Schleitheim,2952,SH,real,False,23.07.2024,2681395,1289209
102565770,10085776,502003821,Waldhof,436.4,8226 Schleitheim,2952,SH,real,False,23.07.2024,2676320,1287270
102565771,10073081,502004326,Birkenhof,405.1,8226 Schleitheim,2952,SH,real,False,23.07.2024,2677482,1287930
102565772,10032563,502004191,Groofedelbuck,584.1,8226 Schleitheim,2952,SH,real,False,23.07.2024,2678844,1290420
102565773,10026001,502004387,Babental,356.1,8226 Schleitheim,2952,SH,real,False,23.07.2024,2681761,1288988
102565774,10032567,502004133,Huebhof,323.1,8226 Schleitheim,2952,SH,real,False,23.07.2024,2679582,1287829
102565775,10032565,502004174,Hallauerstrasse,24.3,8226 Schleitheim,2952,SH,real,False,23.07.2024,2677926,1288787
102565776,10026001,502004386,Babental,356.2,8226 Schleitheim,2952,SH,real,False,23.07.2024,2680988,1288271
102565777,10104509,502003887,Silstighof,449.4,8226 Schleitheim,2952,SH,real,False,23.07.2024,2677858,1286994
102565778,10085776,502003820,Waldhof,436.5,8226 Schleitheim,2952,SH,real,False,23.07.2024,2676315,1287294
102565779,10032574,502004019,Poststrasse,46.2,8226 Schleitheim,2952,SH,real,False,23.07.2024,2678265,1289199
102565780,10026001,502004385,Babental,356.3,8226 Schleitheim,2952,SH,real,False,23.07.2024,2681456,1288217
102565781,10032573,502004037,Oberwiesenweg,5.2,8226 Schleitheim,2952,SH,real,False,23.07.2024,2676437,1289257
102565782,10118148,502003979,Salzbrunnenstrasse,12.2,8226 Schleitheim,2952,SH,real,False,23.07.2024,2678051,1288552
102565783,10073081,502004325,Birkenhof,405.2,8226 Schleitheim,2952,SH,real,False,23.07.2024,2677538,1287912
102565784,10026001,502004384,Babental,356.4,8226 Schleitheim,2952,SH,real,False,23.07.2024,2681998,1288097
102565785,10032563,502004190,Groofedelbuck,584.2,8226 Schleitheim,2952,SH,real,False,23.07.2024,2678840,1290303
102565786,10032567,502004132,Huebhof,323.2,8226 Schleitheim,2952,SH,real,False,23.07.2024,2679437,1288264
102565787,10113211,502003865,Tannbül,616.1,8226 Schleitheim,2952,SH,real,False,23.07.2024,2679126,1290387
102565788,10026001,502004383,Babental,356.5,8226 Schleitheim,2952,SH,real,False,23.07.2024,2682302,1288964
102565789,10104509,502003886,Silstighof,449.5,8226 Schleitheim,2952,SH,real,False,23.07.2024,2677847,1287003
102565790,10032558,502004284,Breitestrasse,28.1,8226 Schleitheim,2952,SH,real,False,23.07.2024,2678177,1289019
102565791,10032574,502004018,Poststrasse,6.1,8226 Schleitheim,2952,SH,real,False,23.07.2024,2678501,1289381
102565792,10026001,502004382,Babental,356.6,8226 Schleitheim,2952,SH,real,False,23.07.2024,2682553,1289197
102565793,10026003,502004342,Beggingerstrasse,84.1,8226 Schleitheim,2952,SH,real,False,19.11.2024,2679265,1290049
102565794,10032559,502004273,Brüel,3.2,8226 Schleitheim,2952,SH,real,False,23.07.2024,2678635,1289248
102565795,10073081,502004324,Birkenhof,405.3,8226 Schleitheim,2952,SH,real,False,23.07.2024,2677565,1287818
102565796,10032573,502004036,Oberwiesenweg,5.3,8226 Schleitheim,2952,SH,real,False,23.07.2024,2676409,1289272
102565797,10187861,502003965,Schaffhauserstrasse,467.2,8226 Schleitheim,2952,SH,real,False,23.07.2024,2678904,1287385
102565798,10026001,502004381,Babental,356.7,8226 Schleitheim,2952,SH,real,False,23.07.2024,2682560,1289540
102565799,10032565,502004173,Hallauerstrasse,28.1,8226 Schleitheim,2952,SH,real,False,23.07.2024,2677876,1288741
102565800,10032563,502004189,Groofedelbuck,584.3,8226 Schleitheim,2952,SH,real,False,23.07.2024,2678750,1290335
102565801,10104508,502004272,Brüelgarten,6.1,8226 Schleitheim,2952,SH,real,False,23.07.2024,2678491,1289134
102565802,10026001,502004380,Babental,356.8,8226 Schleitheim,2952,SH,real,False,23.07.2024,2683137,1288703
102565803,10113211,502003864,Tannbül,616.2,8226 Schleitheim,2952,SH,real,False,23.07.2024,2678978,1290436
102565804,10104509,502003885,Silstighof,449.6,8226 Schleitheim,2952,SH,real,False,23.07.2024,2677682,1287158
102565805,10073365,502003964,Schlechtenbol,28.1,8226 Schleitheim,2952,SH,real,False,23.07.2024,2678386,1288895
102565806,10026002,502004379,Bachstrasse,18.1,8226 Schleitheim,2952,SH,real,False,23.07.2024,2678835,1289504
102565807,10032574,502004017,Poststrasse,6.2,8226 Schleitheim,2952,SH,real,False,23.07.2024,2678496,1289397
102565809,10085766,502004271,Brüelstrasse,13.1,8226 Schleitheim,2952,SH,real,False,23.07.2024,2678601,1289142
102565810,10026002,502004378,Bachstrasse,18a.1,8226 Schleitheim,2952,SH,real,False,23.07.2024,2678823,1289489
102565811,10073081,502004323,Birkenhof,405.4,8226 Schleitheim,2952,SH,real,False,23.07.2024,2677608,1287934
102565812,10032573,502004035,Oberwiesenweg,5.4,8226 Schleitheim,2952,SH,real,False,23.07.2024,2676392,1289270
102565813,10073365,502003963,Schlechtenbol,28.2,8226 Schleitheim,2952,SH,real,False,23.07.2024,2678367,1288899
102565814,10026002,502004377,Bachstrasse,30.1,8226 Schleitheim,2952,SH,real,False,23.07.2024,2678881,1289533
102565815,10032563,502004188,Groofedelbuck,584.4,8226 Schleitheim,2952,SH,real,False,23.07.2024,2678723,1290338
102565816,10032565,502004172,Hallauerstrasse,8.1,8226 Schleitheim,2952,SH,real,False,23.07.2024,2678030,1288951
102565817,10085766,502004270,Brüelstrasse,4.1,8226 Schleitheim,2952,SH,real,False,23.07.2024,2678525,1289224
102565818,10085765,502004376,Bahnhofstrasse,11.1,8226 Schleitheim,2952,SH,real,False,23.07.2024,2678217,1289081
102565820,10073365,502003962,Schlechtenbol,43.1,8226 Schleitheim,2952,SH,real,False,23.07.2024,2678507,1288869
102565821,10032575,502004016,Raaweg,14.1,8226 Schleitheim,2952,SH,real,False,23.07.2024,2678631,1289786
102565822,10085765,502004374,Bahnhofstrasse,13.2,8226 Schleitheim,2952,SH,real,False,23.07.2024,2678233,1289047
102565823,10032574,502004034,Poststrasse,1.1,8226 Schleitheim,2952,SH,real,False,23.07.2024,2678572,1289340
102565824,10085766,502004269,Brüelstrasse,4.2,8226 Schleitheim,2952,SH,real,False,23.07.2024,2678562,1289218
102565825,10073081,502004322,Birkenhof,405.5,8226 Schleitheim,2952,SH,real,False,23.07.2024,2677092,1287398
102565826,10026003,502004373,Beggingerstrasse,23.1,8226 Schleitheim,2952,SH,real,False,23.07.2024,2678732,1289522
102565827,10032565,502004171,Hallauerstrasse,8.2,8226 Schleitheim,2952,SH,real,False,23.07.2024,2678078,1288942
102565828,10032563,502004187,Groofedelbuck,584.5,8226 Schleitheim,2952,SH,real,False,23.07.2024,2678933,1290558
102565829,10073365,502003961,Schlechtenbol,43.2,8226 Schleitheim,2952,SH,real,False,23.07.2024,2678572,1288843
102565830,10026003,502004372,Beggingerstrasse,25.1,8226 Schleitheim,2952,SH,real,False,23.07.2024,2678731,1289535
102565831,10073366,502003883,Staufenberg,570.1,8226 Schleitheim,2952,SH,real,False,23.07.2024,2678385,1290012
102565832,10085775,502003862,Tauchergasse,2.1,8226 Schleitheim,2952,SH,real,False,23.07.2024,2678775,1289460
102565833,10085766,502004268,Brüelstrasse,6.1,8226 Schleitheim,2952,SH,real,False,23.07.2024,2678533,1289186
102565834,10026003,502004371,Beggingerstrasse,29.1,8226 Schleitheim,2952,SH,real,False,23.07.2024,2678751,1289532
102565835,10026004,502004339,Bergwaldhof,408.1,8226 Schleitheim,2952,SH,real,False,23.07.2024,2678615,1287003
102565836,10032575,502004015,Raaweg,22.1,8226 Schleitheim,2952,SH,real,False,23.07.2024,2678792,1289996
102565837,10026003,502004370,Beggingerstrasse,29.2,8226 Schleitheim,2952,SH,real,False,23.07.2024,2678748,1289536
102565838,10085766,502004267,Brüelstrasse,6.2,8226 Schleitheim,2952,SH,real,False,23.07.2024,2678561,1289200
102565839,10032574,502004033,Poststrasse,14.1,8226 Schleitheim,2952,SH,real,False,23.07.2024,2678422,1289315
102565840,10032557,502004321,Bolstiig,1.1,8226 Schleitheim,2952,SH,real,False,23.07.2024,2676317,1288222
102565841,10026003,502004369,Beggingerstrasse,31.1,8226 Schleitheim,2952,SH,real,False,23.07.2024,2678752,1289536
102565842,10073365,502003960,Schlechtenbol,45.1,8226 Schleitheim,2952,SH,real,False,23.07.2024,2678415,1288838
102565843,10073366,502003882,Staufenberg,570.2,8226 Schleitheim,2952,SH,real,False,23.07.2024,2678453,1290056
102565844,10032565,502004170,Hallauerstrasse,817.2,8226 Schleitheim,2952,SH,real,False,23.07.2024,2677761,1288203
102565845,10026003,502004368,Beggingerstrasse,35.1,8226 Schleitheim,2952,SH,real,False,23.07.2024,2678780,1289543
102565846,10085766,502004266,Brüelstrasse,6.3,8226 Schleitheim,2952,SH,real,False,23.07.2024,2678513,1289159
102565847,10085776,502003819,Waldhof,436.6,8226 Schleitheim,2952,SH,real,False,23.07.2024,2676312,1287289
102565848,10085775,502003861,Tauchergasse,3.1,8226 Schleitheim,2952,SH,real,False,23.07.2024,2678809,1289451
102565849,10026003,502004367,Beggingerstrasse,39.1,8226 Schleitheim,2952,SH,real,False,23.07.2024,2678796,1289570
102565850,10073365,502003959,Schlechtenbol,46.1,8226 Schleitheim,2952,SH,real,False,23.07.2024,2678345,1288832
102565851,10085776,502003818,Waldhof,436.7,8226 Schleitheim,2952,SH,real,False,23.07.2024,2676312,1287316
102565852,10032575,502004014,Raaweg,9.1,8226 Schleitheim,2952,SH,real,False,23.07.2024,2678628,1289664
102565853,10085766,502004265,Brüelstrasse,8.1,8226 Schleitheim,2952,SH,real,False,23.07.2024,2678533,1289142
102565854,10026003,502004366,Beggingerstrasse,430.1,8226 Schleitheim,2952,SH,real,False,23.07.2024,2679971,1290958
102565855,10053253,502003817,Wiesengrund,435.1,8226 Schleitheim,2952,SH,real,False,23.07.2024,2677065,1287985
102565856,10032557,502004320,Bolstiig,1.2,8226 Schleitheim,2952,SH,real,False,23.07.2024,2676276,1288181
102565857,10073365,502003958,Schlechtenbol,46.2,8226 Schleitheim,2952,SH,real,False,23.07.2024,2678358,1288849
102565858,10032562,502004213,Gass,1.1,8226 Schleitheim,2952,SH,real,False,23.07.2024,2678563,1289407
102565859,10031568,502003816,Winkel,8.1,8226 Schleitheim,2952,SH,real,False,23.07.2024,2678831,1289629
102565860,10053249,502004169,Hasental,420.1,8226 Schleitheim,2952,SH,real,False,23.07.2024,2678043,1287884
102565861,10085766,502004264,Brüelstrasse,8.2,8226 Schleitheim,2952,SH,real,False,23.07.2024,2678539,1289134
102565862,10026003,502004365,Beggingerstrasse,430.2,8226 Schleitheim,2952,SH,real,False,23.07.2024,2679993,1290942
102565863,10031568,502003815,Winkel,8.2,8226 Schleitheim,2952,SH,real,False,23.07.2024,2678819,1289654
102565864,10053249,502004168,Hasental,420.2,8226 Schleitheim,2952,SH,real,False,23.07.2024,2678008,1287859
102565865,10073365,502003957,Schlechtenbol,47.1,8226 Schleitheim,2952,SH,real,False,23.07.2024,2678376,1288865
102565866,10032562,502004212,Gass,14.1,8226 Schleitheim,2952,SH,real,False,23.07.2024,2678557,1289482
102565867,10179743,502003814,Zunderst Wyler,10.1,8226 Schleitheim,2952,SH,real,False,23.07.2024,2678095,1288537
102565868,10032557,502004319,Bolstiig,1.3,8226 Schleitheim,2952,SH,real,False,23.07.2024,2676269,1288224
102565869,10032560,502004263,Bühlhof,351.1,8226 Schleitheim,2952,SH,real,False,23.07.2024,2678035,1287363
102565870,10117740,502003909,Schwerzedel,5.9,8226 Schleitheim,2952,SH,real,False,23.07.2024,2679218,1289451
102565871,10179743,502003813,Zunderst Wyler,403.2,8226 Schleitheim,2952,SH,real,False,23.07.2024,2677931,1288669
102565872,10103229,502003859,Tüüffegass,11.2,8226 Schleitheim,2952,SH,real,False,23.07.2024,2678407,1289400
102565873,10073365,502003956,Schlechtenbol,5.1,8226 Schleitheim,2952,SH,real,False,23.07.2024,2678440,1289008
102565874,10026003,502004363,Beggingerstrasse,45.2,8226 Schleitheim,2952,SH,real,False,23.07.2024,2678846,1289573
102565875,10179743,502003812,Zunderst Wyler,8.1,8226 Schleitheim,2952,SH,real,False,23.07.2024,2677955,1288588
102565876,10032560,502004262,Bühlhof,351.2,8226 Schleitheim,2952,SH,real,False,23.07.2024,2678040,1287359
102565877,10180888,502004012,Randenstrasse,11.1,8226 Schleitheim,2952,SH,real,False,23.07.2024,2678768,1289368
102565878,10117740,502003908,Schwerzedel,6.1,8226 Schleitheim,2952,SH,real,False,23.07.2024,2678934,1289418
102565879,10032564,502004182,Grotwis,554.3,8226 Schleitheim,2952,SH,real,False,23.07.2024,2680729,1289205
102565880,10073365,502003955,Schlechtenbol,50.1,8226 Schleitheim,2952,SH,real,False,23.07.2024,2678305,1288792
102565881,10103229,502003858,Tüüffegass,12.1,8226 Schleitheim,2952,SH,real,False,23.07.2024,2678467,1289476
102565882,10032562,502004210,Gass,7.1,8226 Schleitheim,2952,SH,real,False,23.07.2024,2678525,1289450
102565883,10032560,502004261,Bühlhof,351.3,8226 Schleitheim,2952,SH,real,False,23.07.2024,2678044,1287356
102565884,10192060,502004328,Birbistel,580.2,8226 Schleitheim,2952,SH,real,False,23.07.2024,2679237,1291257
102565885,10053249,502004167,Hasental,420.3,8226 Schleitheim,2952,SH,real,False,23.07.2024,2678017,1287847
102565886,10026003,502004362,Beggingerstrasse,457.1,8226 Schleitheim,2952,SH,real,False,23.07.2024,2680045,1290957
102565887,10073365,502003954,Schlechtenbol,53.1,8226 Schleitheim,2952,SH,real,False,23.07.2024,2678428,1288631
102565888,10032565,502004175,Hallauerstrasse,24.2,8226 Schleitheim,2952,SH,real,False,23.07.2024,2677929,1288800
102565889,10180888,502004011,Randenstrasse,2.1,8226 Schleitheim,2952,SH,real,False,23.07.2024,2678651,1289294
102565890,10032579,502003907,Schützemur,1.1,8226 Schleitheim,2952,SH,real,False,23.07.2024,2678642,1289728
102565891,10032560,502004260,Bühlhof,351.4,8226 Schleitheim,2952,SH,real,False,23.07.2024,2677976,1287378
102565892,10113211,502003863,Tannbül,616.3,8226 Schleitheim,2952,SH,real,False,23.07.2024,2678966,1290425
102565893,10103229,502003857,Tüüffegass,5.1,8226 Schleitheim,2952,SH,real,False,23.07.2024,2678426,1289350
102565894,10032562,502004209,Gass,8.1,8226 Schleitheim,2952,SH,real,False,23.07.2024,2678596,1289460
102565895,10032577,502003953,Schuelgässli,6.1,8226 Schleitheim,2952,SH,real,False,23.07.2024,2678353,1289085
102565896,10180888,502004013,Randenstrasse,1.1,8226 Schleitheim,2952,SH,real,False,23.07.2024,2678709,1289350
102565898,10026003,502004361,Beggingerstrasse,5.1,8226 Schleitheim,2952,SH,real,False,23.07.2024,2678677,1289401
102565899,10032557,502004316,Bolstiig,10.2,8226 Schleitheim,2952,SH,real,False,23.07.2024,2678205,1289249
102565901,10032560,502004259,Bühlhof,351.5,8226 Schleitheim,2952,SH,real,False,23.07.2024,2677959,1287398
102565902,10085774,502003906,Schützengasse,13.1,8226 Schleitheim,2952,SH,real,False,23.07.2024,2678629,1289574
102565903,10032557,502004313,Bolstiig,10.5,8226 Schleitheim,2952,SH,real,False,23.07.2024,2678187,1289232
102565904,10073360,502004166,Hebsackweg,10.1,8226 Schleitheim,2952,SH,real,False,23.07.2024,2678497,1288985
102565905,10032577,502003952,Schuelgässli,6.2,8226 Schleitheim,2952,SH,real,False,23.07.2024,2678403,1289030
102565906,10032562,502004208,Gass,8.2,8226 Schleitheim,2952,SH,real,False,23.07.2024,2678584,1289489
102565907,10053252,502003845,Ueüch,1.1,8226 Schleitheim,2952,SH,real,False,23.07.2024,2678919,1289759
102565908,10103229,502003856,Tüüffegass,5.2,8226 Schleitheim,2952,SH,real,False,23.07.2024,2678425,1289338
102565909,10073082,502004258,Emmerhof,483.1,8226 Schleitheim,2952,SH,real,False,23.07.2024,2680589,1289532
102565910,10026003,502004360,Beggingerstrasse,5.2,8226 Schleitheim,2952,SH,real,False,23.07.2024,2678662,1289429
102565911,10180888,502003996,Randenstrasse,47.2,8226 Schleitheim,2952,SH,real,False,23.07.2024,2678976,1289653
102565912,10180888,502004009,Randenstrasse,2.3,8226 Schleitheim,2952,SH,real,False,23.07.2024,2678672,1289287
102565913,10032578,502003951,Schwarzwaldstrasse,12.1,8226 Schleitheim,2952,SH,real,False,23.07.2024,2677899,1289053
102565914,10032562,502004207,Gass,9.1,8226 Schleitheim,2952,SH,real,False,23.07.2024,2678514,1289499
102565915,10179738,502004300,Bolstrasse,4.2,8226 Schleitheim,2952,SH,real,False,23.07.2024,2678505,1289453
102565916,10032581,502003855,Uechbenhof,482.1,8226 Schleitheim,2952,SH,real,False,23.07.2024,2678829,1287786
102565917,10073082,502004257,Emmerhof,483.2,8226 Schleitheim,2952,SH,real,False,23.07.2024,2680574,1289559
102565918,10026003,502004359,Beggingerstrasse,53.1,8226 Schleitheim,2952,SH,real,False,23.07.2024,2678865,1289621
102565919,10031566,502003834,Undere Espilibuck,5.1,8226 Schleitheim,2952,SH,real,False,23.07.2024,2678559,1289702
102565920,10073360,502004165,Hebsackweg,12.1,8226 Schleitheim,2952,SH,real,False,23.07.2024,2678498,1288983
102565921,10032578,502003950,Schwarzwaldstrasse,12.2,8226 Schleitheim,2952,SH,real,False,23.07.2024,2677889,1289048
102565922,10032557,502004315,Bolstiig,10.3,8226 Schleitheim,2952,SH,real,False,23.07.2024,2678199,1289243
102565923,10085774,502003904,Schützengasse,5.1,8226 Schleitheim,2952,SH,real,False,23.07.2024,2678699,1289473
102565924,10113209,502004142,Hofstatt,8.1,8226 Schleitheim,2952,SH,real,False,23.07.2024,2678218,1289174
102565925,10032578,502003949,Schwarzwaldstrasse,2.1,8226 Schleitheim,2952,SH,real,False,23.07.2024,2678120,1289030
102565927,10110817,502004206,Geerenweg,1.1,8226 Schleitheim,2952,SH,real,False,23.07.2024,2677942,1288879
102565928,10053251,502003985,Salzbrunnen,116.3,8226 Schleitheim,2952,SH,real,False,23.07.2024,2678178,1288336
102565929,10073082,502004255,Emmerhof,483.4,8226 Schleitheim,2952,SH,real,False,23.07.2024,2680585,1289565
102565930,10085774,502003903,Schützengasse,7.1,8226 Schleitheim,2952,SH,real,False,23.07.2024,2678704,1289533
102565931,10032581,502003854,Uechbenhof,482.2,8226 Schleitheim,2952,SH,real,False,23.07.2024,2678878,1287797
102565932,10032558,502004288,Breitestrasse,12.1,8226 Schleitheim,2952,SH,real,False,23.07.2024,2678370,1289124
102565933,10032578,502003948,Schwarzwaldstrasse,24.1,8226 Schleitheim,2952,SH,real,False,23.07.2024,2677745,1289044
102565934,10110817,502004205,Geerenweg,1.2,8226 Schleitheim,2952,SH,real,False,23.07.2024,2677945,1288866
102565935,10073360,502004164,Hebsackweg,6.1,8226 Schleitheim,2952,SH,real,False,23.07.2024,2678473,1289012
102565936,10032558,502004285,Breitestrasse,20.2,8226 Schleitheim,2952,SH,real,False,23.07.2024,2678300,1289114
102565937,10073082,502004254,Emmerhof,483.5,8226 Schleitheim,2952,SH,real,False,23.07.2024,2680577,1289571
102565938,10026003,502004357,Beggingerstrasse,60.2,8226 Schleitheim,2952,SH,real,False,23.07.2024,2678950,1289665
102565939,10032557,502004314,Bolstiig,10.4,8226 Schleitheim,2952,SH,real,False,23.07.2024,2678238,1289221
102565940,10073082,502004256,Emmerhof,483.3,8226 Schleitheim,2952,SH,real,False,23.07.2024,2680556,1289566
102565941,10032578,502003947,Schwarzwaldstrasse,4.1,8226 Schleitheim,2952,SH,real,False,23.07.2024,2678110,1289049
102565942,10032580,502003902,Seewihof,332.1,8226 Schleitheim,2952,SH,real,False,23.07.2024,2680191,1291322
102565943,10180888,502004007,Randenstrasse,22.1,8226 Schleitheim,2952,SH,real,False,23.07.2024,2678902,1289396
102565945,10073082,502004253,Emmerhof,483.6,8226 Schleitheim,2952,SH,real,False,23.07.2024,2680602,1289552
102565946,10032580,502003901,Seewihof,332.2,8226 Schleitheim,2952,SH,real,False,19.11.2024,2680209,1291362
102565947,10032581,502003853,Uechbenhof,482.3,8226 Schleitheim,2952,SH,real,False,23.07.2024,2678621,1287689
102565948,10187860,502004242,Espiligarten,8.1,8226 Schleitheim,2952,SH,real,False,23.07.2024,2678193,1289813
102565949,10032578,502003946,Schwarzwaldstrasse,4.2,8226 Schleitheim,2952,SH,real,False,23.07.2024,2678075,1289040
102565950,10073360,502004163,Hebsackweg,8.1,8226 Schleitheim,2952,SH,real,False,23.07.2024,2678475,1289010
102565951,10026003,502004356,Beggingerstrasse,60.3,8226 Schleitheim,2952,SH,real,False,23.07.2024,2678947,1289680
102565952,10121175,502004234,Euggihof,551.5,8226 Schleitheim,2952,SH,real,False,23.07.2024,2679334,1288910
102565953,10073082,502004252,Emmerhof,483.7,8226 Schleitheim,2952,SH,real,False,23.07.2024,2680560,1289583
102565954,10180888,502004006,Randenstrasse,28.1,8226 Schleitheim,2952,SH,real,False,23.07.2024,2678921,1289471
102565955,10110817,502004204,Geerenweg,2a.1,8226 Schleitheim,2952,SH,real,False,23.07.2024,2677991,1288935
102565956,10085767,502004228,Flüelistrasse,19.2,8226 Schleitheim,2952,SH,real,False,23.07.2024,2676654,1289355
102565957,10032578,502003945,Schwarzwaldstrasse,4.3,8226 Schleitheim,2952,SH,real,False,23.07.2024,2678072,1289084
102565958,10032581,502003852,Uechbenhof,482.4,8226 Schleitheim,2952,SH,real,False,23.07.2024,2678615,1287702
102565960,10110817,502004203,Geerenweg,2a.2,8226 Schleitheim,2952,SH,real,False,23.07.2024,2677993,1288935
102565961,10073082,502004251,Emmerhof,483.8,8226 Schleitheim,2952,SH,real,False,23.07.2024,2680598,1289581
102565962,10032566,502004162,Hellgässli,4.1,8226 Schleitheim,2952,SH,real,False,23.07.2024,2678678,1289255
102565963,10117740,502003914,Schwerzedel,5.4,8226 Schleitheim,2952,SH,real,False,23.07.2024,2678974,1289389
102565964,10032578,502003944,Schwarzwaldstrasse,4.4,8226 Schleitheim,2952,SH,real,False,23.07.2024,2678065,1289045
102565965,10032580,502003899,Seewihof,355.10,8226 Schleitheim,2952,SH,real,False,23.07.2024,2680501,1292023
102565966,10032557,502004312,Bolstiig,12.1,8226 Schleitheim,2952,SH,real,False,23.07.2024,2678253,1289315
102565967,10118363,502004400,Aegerten,5.3,8226 Schleitheim,2952,SH,real,False,23.07.2024,2676538,1288861
102565968,10113208,502004250,Espili,3.1,8226 Schleitheim,2952,SH,real,False,23.07.2024,2678546,1289584
102565969,10110817,502004202,Geerenweg,2a.3,8226 Schleitheim,2952,SH,real,False,23.07.2024,2677996,1288935
102565970,10180888,502004005,Randenstrasse,29.1,8226 Schleitheim,2952,SH,real,False,23.07.2024,2678870,1289488
102565971,10026001,502004388,Babental,354.3,8226 Schleitheim,2952,SH,real,False,23.07.2024,2681383,1289229
102565972,10113208,502004249,Espili,4.1,8226 Schleitheim,2952,SH,real,False,23.07.2024,2678602,1289551
102565973,10032580,502003898,Seewihof,355.2,8226 Schleitheim,2952,SH,real,False,23.07.2024,2680230,1291361
102565974,10032566,502004161,Hellgässli,6.1,8226 Schleitheim,2952,SH,real,False,23.07.2024,2678697,1289245
102565975,10085765,502004375,Bahnhofstrasse,13.1,8226 Schleitheim,2952,SH,real,False,23.07.2024,2678211,1289049
102565976,10113208,502004248,Espili,6.1,8226 Schleitheim,2952,SH,real,False,23.07.2024,2678608,1289594
102565977,10110817,502004201,Geerenweg,2a.4,8226 Schleitheim,2952,SH,real,False,23.07.2024,2677999,1288934
102565978,10032581,502003850,Uechbenhof,482.6,8226 Schleitheim,2952,SH,real,False,23.07.2024,2678551,1287583
102565980,10032578,502003942,Schwarzwaldstrasse,48.2,8226 Schleitheim,2952,SH,real,False,23.07.2024,2677554,1289054
102565981,10026003,502004353,Beggingerstrasse,644.4,8226 Schleitheim,2952,SH,real,False,23.07.2024,2679149,1290027
102565982,10180888,502004004,Randenstrasse,31.1,8226 Schleitheim,2952,SH,real,False,23.07.2024,2678903,1289496
102565983,10085774,502003905,Schützengasse,17.1,8226 Schleitheim,2952,SH,real,False,23.07.2024,2678606,1289626
102565984,10113208,502004247,Espili,8.1,8226 Schleitheim,2952,SH,real,False,23.07.2024,2678546,1289615
102565985,10032580,502003897,Seewihof,355.3,8226 Schleitheim,2952,SH,real,False,23.07.2024,2680230,1291365
102565986,10103229,502003860,Tüüffegass,11.1,8226 Schleitheim,2952,SH,real,False,23.07.2024,2678410,1289411
102565987,10032580,502003900,Seewihof,355.1,8226 Schleitheim,2952,SH,real,False,23.07.2024,2680239,1291321
102565988,10110817,502004200,Geerenweg,2b.1,8226 Schleitheim,2952,SH,real,False,23.07.2024,2677981,1288931
102565989,10032557,502004318,Bolstiig,1.4,8226 Schleitheim,2952,SH,real,False,23.07.2024,2676265,1288153
102565990,10032578,502003941,Schwarzwaldstrasse,48.3,8226 Schleitheim,2952,SH,real,False,23.07.2024,2677513,1289055
102565991,10026003,502004350,Beggingerstrasse,644.7,8226 Schleitheim,2952,SH,real,False,23.07.2024,2679135,1290086
102565992,10032581,502003851,Uechbenhof,482.5,8226 Schleitheim,2952,SH,real,False,23.07.2024,2678563,1287857
102565993,10032580,502003896,Seewihof,355.4,8226 Schleitheim,2952,SH,real,False,23.07.2024,2680218,1291362
102565994,10113208,502004246,Espili,8.2,8226 Schleitheim,2952,SH,real,False,23.07.2024,2678557,1289621
102565995,10026003,502004346,Beggingerstrasse,80.1,8226 Schleitheim,2952,SH,real,False,23.07.2024,2679149,1289751
102565996,10032557,502004311,Bolstiig,30.1,8226 Schleitheim,2952,SH,real,False,23.07.2024,2678320,1289432
102565997,10110817,502004199,Geerenweg,2c.1,8226 Schleitheim,2952,SH,real,False,23.07.2024,2677982,1288933
102565998,10113208,502004245,Espili,9.1,8226 Schleitheim,2952,SH,real,False,23.07.2024,2678509,1289598
102565999,10032571,502004088,Lendenbergstrasse,72.4,8226 Schleitheim,2952,SH,real,False,23.07.2024,2677217,1289971
102566000,10085769,502004160,Hintereggweg,2.1,8226 Schleitheim,2952,SH,real,False,23.07.2024,2677185,1288884
102566001,10118364,502004076,Luckete,6.1,8226 Schleitheim,2952,SH,real,False,23.07.2024,2678886,1289338
102566002,10026003,502004351,Beggingerstrasse,644.6,8226 Schleitheim,2952,SH,real,False,23.07.2024,2679111,1290027
102566003,10032578,502003940,Schwarzwaldstrasse,5.1,8226 Schleitheim,2952,SH,real,False,23.07.2024,2678016,1288989
102566004,10032581,502003849,Uechbenhof,482.7,8226 Schleitheim,2952,SH,real,False,23.07.2024,2678503,1287634
102566005,10032572,502004063,Lättegässli,7.1,8226 Schleitheim,2952,SH,real,False,23.07.2024,2678938,1289549
102566006,10032580,502003895,Seewihof,355.5,8226 Schleitheim,2952,SH,real,False,23.07.2024,2680229,1291369
102566007,10113208,502004244,Espili,9.2,8226 Schleitheim,2952,SH,real,False,23.07.2024,2678491,1289577
102566008,10032557,502004310,Bolstiig,30.2,8226 Schleitheim,2952,SH,real,False,23.07.2024,2678286,1289385
102566009,10026003,502004358,Beggingerstrasse,60.1,8226 Schleitheim,2952,SH,real,False,23.07.2024,2678949,1289657
102566010,10032580,502003894,Seewihof,355.6,8226 Schleitheim,2952,SH,real,False,23.07.2024,2680273,1291295
102566011,10032578,502003939,Schwarzwaldstrasse,54.1,8226 Schleitheim,2952,SH,real,False,23.07.2024,2677230,1288960
102566012,10110817,502004198,Geerenweg,2e.1,8226 Schleitheim,2952,SH,real,False,23.07.2024,2677919,1288998
102566013,10180888,502004003,Randenstrasse,35.1,8226 Schleitheim,2952,SH,real,False,23.07.2024,2678886,1289501
102566014,10110817,502004197,Geerenweg,8.1,8226 Schleitheim,2952,SH,real,False,23.07.2024,2677927,1288893
102566015,10187860,502004243,Espiligarten,6.1,8226 Schleitheim,2952,SH,real,False,23.07.2024,2678378,1289621
102566016,10085769,502004159,Hintereggweg,2.2,8226 Schleitheim,2952,SH,real,False,23.07.2024,2677162,1288884
102566017,10026003,502004344,Beggingerstrasse,82.2,8226 Schleitheim,2952,SH,real,False,23.07.2024,2679311,1289889
102566018,10032580,502003893,Seewihof,355.7,8226 Schleitheim,2952,SH,real,False,23.07.2024,2680264,1291380
102566019,10187860,502004241,Espiligarten,8.2,8226 Schleitheim,2952,SH,real,False,23.07.2024,2678179,1289816
102566020,10104509,502003884,Silstighof,449.7,8226 Schleitheim,2952,SH,real,False,23.07.2024,2677676,1287153
102566021,10032581,502003848,Uechbenhof,482.8,8226 Schleitheim,2952,SH,real,False,23.07.2024,2678463,1287645
102566022,10110817,502004196,Geerenweg,8.2,8226 Schleitheim,2952,SH,real,False,23.07.2024,2677908,1288942
102566023,10073359,502004240,Espiligartenweg,6.1,8226 Schleitheim,2952,SH,real,False,23.07.2024,2678453,1289746
102566024,10032558,502004283,Breitestrasse,34.1,8226 Schleitheim,2952,SH,real,False,23.07.2024,2678161,1288968
102566025,10032557,502004309,Bolstiig,36.1,8226 Schleitheim,2952,SH,real,False,23.07.2024,2678321,1289443
102566026,10026003,502004348,Beggingerstrasse,644.9,8226 Schleitheim,2952,SH,real,False,23.07.2024,2679205,1290090
102566027,10073359,502004239,Espiligartenweg,6.2,8226 Schleitheim,2952,SH,real,False,23.07.2024,2678441,1289756
102566028,10032558,502004282,Breitestrasse,35.1,8226 Schleitheim,2952,SH,real,False,23.07.2024,2678187,1288956
102566029,10180888,502004002,Randenstrasse,36.1,8226 Schleitheim,2952,SH,real,False,23.07.2024,2678962,1289508
102566030,10032580,502003892,Seewihof,355.8,8226 Schleitheim,2952,SH,real,False,23.07.2024,2680270,1291256
102566031,10032578,502003938,Schwarzwaldstrasse,54.2,8226 Schleitheim,2952,SH,real,False,23.07.2024,2677140,1289043
102566032,10085769,502004158,Hintereggweg,2.3,8226 Schleitheim,2952,SH,real,False,23.07.2024,2677151,1288884
102566033,10032558,502004281,Breitestrasse,35.2,8226 Schleitheim,2952,SH,real,False,23.07.2024,2678164,1288931
102566034,10085768,502004195,Gemeindehausplatz,1.1,8226 Schleitheim,2952,SH,real,False,23.07.2024,2678624,1289326
102566035,10121175,502004238,Euggihof,551.1,8226 Schleitheim,2952,SH,real,False,23.07.2024,2679843,1288762
102566036,10032557,502004308,Bolstiig,42.1,8226 Schleitheim,2952,SH,real,False,23.07.2024,2678286,1289509
102566037,10032558,502004280,Breitestrasse,35.3,8226 Schleitheim,2952,SH,real,False,23.07.2024,2678166,1288926
102566038,10026003,502004347,Beggingerstrasse,7.1,8226 Schleitheim,2952,SH,real,False,23.07.2024,2678682,1289393
102566039,10032581,502003847,Uechbenhof,482.9,8226 Schleitheim,2952,SH,real,False,23.07.2024,2678663,1288137
102566040,10032578,502003937,Schwarzwaldstrasse,54.3,8226 Schleitheim,2952,SH,real,False,23.07.2024,2677212,1289063
102566041,10032558,502004279,Breitestrasse,35.4,8226 Schleitheim,2952,SH,real,False,23.07.2024,2678160,1288921
102566042,10032580,502003891,Seewihof,355.9,8226 Schleitheim,2952,SH,real,False,23.07.2024,2680882,1291387
102566043,10180888,502004001,Randenstrasse,36.2,8226 Schleitheim,2952,SH,real,False,23.07.2024,2678980,1289495
102566044,10121175,502004237,Euggihof,551.2,8226 Schleitheim,2952,SH,real,False,23.07.2024,2679850,1288724
102566045,10032558,502004278,Breitestrasse,35.5,8226 Schleitheim,2952,SH,real,False,23.07.2024,2678152,1288927
102566046,10085768,502004194,Gemeindehausplatz,1.2,8226 Schleitheim,2952,SH,real,False,23.07.2024,2678599,1289309
102566047,10085769,502004157,Hintereggweg,2.4,8226 Schleitheim,2952,SH,real,False,23.07.2024,2677159,1288874
102566048,10032578,502003936,Schwarzwaldstrasse,55.1,8226 Schleitheim,2952,SH,real,False,19.11.2024,2677029,1288913
102566049,10032558,502004277,Breitestrasse,8.1,8226 Schleitheim,2952,SH,real,False,23.07.2024,2678434,1289167
102566050,10104509,502003890,Silstighof,449.1,8226 Schleitheim,2952,SH,real,False,23.07.2024,2677983,1287067
102566051,10032557,502004307,Bolstiig,54.1,8226 Schleitheim,2952,SH,real,False,23.07.2024,2678303,1289471
102566052,10121175,502004236,Euggihof,551.3,8226 Schleitheim,2952,SH,real,False,23.07.2024,2679810,1288768
102566053,10180887,502004276,Brunnenhof,364.2,8226 Schleitheim,2952,SH,real,False,23.07.2024,2679955,1288450
102566054,10073362,502004119,Kesselhof,502.2,8226 Schleitheim,2952,SH,real,False,23.07.2024,2680042,1291383
102566055,10180888,502004000,Randenstrasse,38.1,8226 Schleitheim,2952,SH,real,False,23.07.2024,2678996,1289492
102566056,10032559,502004275,Brüel,10.1,8226 Schleitheim,2952,SH,real,False,23.07.2024,2678569,1289203
102566057,10032578,502003935,Schwarzwaldstrasse,55.2,8226 Schleitheim,2952,SH,real,False,23.07.2024,2677049,1288888
102566058,10073362,502004118,Kesselhof,502.3,8226 Schleitheim,2952,SH,real,False,23.07.2024,2680068,1291446
102566059,10031564,502003846,Uezestaaweg,9.1,8226 Schleitheim,2952,SH,real,False,23.07.2024,2677919,1289300
102566060,10032559,502004274,Brüel,3.1,8226 Schleitheim,2952,SH,real,False,23.07.2024,2678649,1289260
102566061,10121175,502004235,Euggihof,551.4,8226 Schleitheim,2952,SH,real,False,23.07.2024,2679393,1288804
102566062,10073362,502004117,Kesselhof,502.4,8226 Schleitheim,2952,SH,real,False,23.07.2024,2679877,1291643
102566063,10118148,502003978,Salzbrunnenstrasse,16.1,8226 Schleitheim,2952,SH,real,False,23.07.2024,2678099,1288529
102566064,10085769,502004156,Hintereggweg,2.5,8226 Schleitheim,2952,SH,real,False,23.07.2024,2677216,1288859
102566065,10032578,502003934,Schwarzwaldstrasse,55.3,8226 Schleitheim,2952,SH,real,False,19.11.2024,2677021,1288899
102566066,10032570,502004116,Kirchgasse,1.1,8226 Schleitheim,2952,SH,real,False,23.07.2024,2678718,1289256
102566067,10118148,502003977,Salzbrunnenstrasse,16.2,8226 Schleitheim,2952,SH,real,False,23.07.2024,2678085,1288407
102566068,10032557,502004306,Bolstiig,54.2,8226 Schleitheim,2952,SH,real,False,23.07.2024,2678278,1289504
102566069,10032578,502003933,Schwarzwaldstrasse,57.1,8226 Schleitheim,2952,SH,real,False,23.07.2024,2676943,1288875
102566070,10032570,502004115,Kirchgasse,12.1,8226 Schleitheim,2952,SH,real,False,23.07.2024,2678790,1289345
102566071,10187861,502003976,Schaffhauserstrasse,10.1,8226 Schleitheim,2952,SH,real,False,23.07.2024,2678019,1288851
102566072,10180888,502003999,Randenstrasse,41.1,8226 Schleitheim,2952,SH,real,False,23.07.2024,2678915,1289541
102566073,10085767,502004233,Flüelistrasse,10.1,8226 Schleitheim,2952,SH,real,False,23.07.2024,2676541,1289206
102566074,10032570,502004114,Kirchgasse,14.1,8226 Schleitheim,2952,SH,real,False,23.07.2024,2678814,1289278
102566075,10187861,502003975,Schaffhauserstrasse,10.2,8226 Schleitheim,2952,SH,real,False,23.07.2024,2678004,1288855
102566076,10085769,502004155,Hintereggweg,2.6,8226 Schleitheim,2952,SH,real,False,23.07.2024,2677284,1288842
102566077,10032578,502003932,Schwarzwaldstrasse,57.2,8226 Schleitheim,2952,SH,real,False,23.07.2024,2676785,1288943
102566078,10187861,502003974,Schaffhauserstrasse,17.1,8226 Schleitheim,2952,SH,real,False,23.07.2024,2678087,1288725
102566079,10032570,502004113,Kirchgasse,18.1,8226 Schleitheim,2952,SH,real,False,23.07.2024,2678816,1289309
102566080,10053252,502003844,Ueüch,1.2,8226 Schleitheim,2952,SH,real,False,23.07.2024,2678934,1289824
102566081,10085767,502004232,Flüelistrasse,10.2,8226 Schleitheim,2952,SH,real,False,23.07.2024,2676544,1289246
102566082,10187861,502003973,Schaffhauserstrasse,25.1,8226 Schleitheim,2952,SH,real,False,23.07.2024,2678118,1288577
102566083,10032570,502004112,Kirchgasse,3.1,8226 Schleitheim,2952,SH,real,False,23.07.2024,2678753,1289331
102566084,10032578,502003931,Schwarzwaldstrasse,70.1,8226 Schleitheim,2952,SH,real,False,23.07.2024,2676551,1289078
102566085,10187861,502003972,Schaffhauserstrasse,25a.1,8226 Schleitheim,2952,SH,real,False,23.07.2024,2678190,1288619
102566086,10032557,502004305,Bolstiig,6.1,8226 Schleitheim,2952,SH,real,False,23.07.2024,2678215,1289206
102566088,10187861,502003971,Schaffhauserstrasse,25a.2,8226 Schleitheim,2952,SH,real,False,23.07.2024,2678190,1288635
102566089,10085767,502004231,Flüelistrasse,10.3,8226 Schleitheim,2952,SH,real,False,23.07.2024,2676576,1289289
102566090,10085769,502004154,Hintereggweg,432.1,8226 Schleitheim,2952,SH,real,False,23.07.2024,2677409,1288034
102566091,10032570,502004110,Kirchgasse,4.2,8226 Schleitheim,2952,SH,real,False,23.07.2024,2678760,1289256
102566092,10187861,502003970,Schaffhauserstrasse,25a.3,8226 Schleitheim,2952,SH,real,False,23.07.2024,2678195,1288628
102566093,10032578,502003930,Schwarzwaldstrasse,70.2,8226 Schleitheim,2952,SH,real,False,23.07.2024,2676560,1289064
102566094,10180888,502003998,Randenstrasse,43.1,8226 Schleitheim,2952,SH,real,False,23.07.2024,2678966,1289582
102566095,10032570,502004109,Kirchgasse,4.3,8226 Schleitheim,2952,SH,real,False,23.07.2024,2678734,1289236
102566096,10187861,502003969,Schaffhauserstrasse,325.1,8226 Schleitheim,2952,SH,real,False,23.07.2024,2678935,1287408
102566097,10085767,502004230,Flüelistrasse,10.4,8226 Schleitheim,2952,SH,real,False,23.07.2024,2676533,1289358
102566098,10031565,502003843,Uf Alpen,613.1,8226 Schleitheim,2952,SH,real,False,23.07.2024,2676216,1288212
102566099,10187861,502003968,Schaffhauserstrasse,325.2,8226 Schleitheim,2952,SH,real,False,23.07.2024,2679052,1287291
102566100,10085770,502004108,Lendenbergstiig,11.1,8226 Schleitheim,2952,SH,real,False,23.07.2024,2677732,1289242
102566101,10085767,502004229,Flüelistrasse,19.1,8226 Schleitheim,2952,SH,real,False,23.07.2024,2676643,1289253
102566102,10085769,502004153,Hintereggweg,478.1,8226 Schleitheim,2952,SH,real,False,23.07.2024,2677168,1288503
102566103,10187861,502003967,Schaffhauserstrasse,4.1,8226 Schleitheim,2952,SH,real,False,23.07.2024,2678061,1288908
102566104,10032571,502004107,Lendenbergstrasse,15.1,8226 Schleitheim,2952,SH,real,False,23.07.2024,2678040,1289225
102566105,10032578,502003929,Schwarzwaldstrasse,70.3,8226 Schleitheim,2952,SH,real,False,23.07.2024,2676597,1289036
102566106,10187861,502003966,Schaffhauserstrasse,467.1,8226 Schleitheim,2952,SH,real,False,23.07.2024,2678935,1287365
102566107,10180888,502003997,Randenstrasse,47.1,8226 Schleitheim,2952,SH,real,False,23.07.2024,2678967,1289615
102566108,10032571,502004106,Lendenbergstrasse,19.1,8226 Schleitheim,2952,SH,real,False,23.07.2024,2678002,1289232
102566109,10032578,502003928,Schwarzwaldstrasse,70.4,8226 Schleitheim,2952,SH,real,False,23.07.2024,2676659,1289012
102566110,10032568,502004131,Hölderlistrasse,10.1,8226 Schleitheim,2952,SH,real,False,23.07.2024,2677904,1289108
102566111,10032571,502004105,Lendenbergstrasse,23.1,8226 Schleitheim,2952,SH,real,False,23.07.2024,2677930,1289230
102566112,10031565,502003842,Uf Alpen,613.2,8226 Schleitheim,2952,SH,real,False,23.07.2024,2676446,1287870
102566113,10032578,502003927,Schwarzwaldstrasse,74.1,8226 Schleitheim,2952,SH,real,False,23.07.2024,2676514,1289087
102566114,10032568,502004130,Hölderlistrasse,12.1,8226 Schleitheim,2952,SH,real,False,23.07.2024,2677861,1289108
102566115,10032571,502004104,Lendenbergstrasse,25.1,8226 Schleitheim,2952,SH,real,False,23.07.2024,2677899,1289212
102566116,10179738,502004304,Bolstrasse,1.1,8226 Schleitheim,2952,SH,real,False,23.07.2024,2679553,1287952
102566117,10032568,502004129,Hölderlistrasse,18.1,8226 Schleitheim,2952,SH,real,False,23.07.2024,2677746,1289123
102566118,10032578,502003926,Schwarzwaldstrasse,74.2,8226 Schleitheim,2952,SH,real,False,23.07.2024,2676548,1289108
102566119,10032571,502004103,Lendenbergstrasse,32.1,8226 Schleitheim,2952,SH,real,False,23.07.2024,2677820,1289615
102566120,10085769,502004152,Hintereggweg,478.2,8226 Schleitheim,2952,SH,real,False,23.07.2024,2677193,1288548
102566121,10032568,502004128,Hölderlistrasse,2.1,8226 Schleitheim,2952,SH,real,False,23.07.2024,2677998,1289112
102566122,10085767,502004227,Flüelistrasse,19.3,8226 Schleitheim,2952,SH,real,False,23.07.2024,2676594,1289331
102566123,10032571,502004102,Lendenbergstrasse,32.2,8226 Schleitheim,2952,SH,real,False,23.07.2024,2677817,1289619
102566124,10032568,502004127,Hölderlistrasse,2.2,8226 Schleitheim,2952,SH,real,False,23.07.2024,2677995,1289117
102566125,10031565,502003841,Uf Alpen,613.3,8226 Schleitheim,2952,SH,real,False,23.07.2024,2676091,1287834
102566126,10032578,502003925,Schwarzwaldstrasse,79.1,8226 Schleitheim,2952,SH,real,False,23.07.2024,2676386,1289135
102566127,10032571,502004101,Lendenbergstrasse,43.1,8226 Schleitheim,2952,SH,real,False,23.07.2024,2677663,1289172
102566128,10032568,502004126,Hölderlistrasse,7.1,8226 Schleitheim,2952,SH,real,False,23.07.2024,2677851,1289084
102566129,10179738,502004303,Bolstrasse,12.1,8226 Schleitheim,2952,SH,real,False,23.07.2024,2678384,1289386
102566130,10085767,502004226,Flüelistrasse,19.4,8226 Schleitheim,2952,SH,real,False,23.07.2024,2676843,1289368
102566131,10032571,502004100,Lendenbergstrasse,47.1,8226 Schleitheim,2952,SH,real,False,23.07.2024,2677611,1289174
102566132,10208692,502004125,Im Geeren,8.1,8226 Schleitheim,2952,SH,real,False,23.07.2024,2677881,1288859
102566133,10085769,502004151,Hintereggweg,478.3,8226 Schleitheim,2952,SH,real,False,23.07.2024,2677214,1288401
102566134,10032578,502003924,Schwarzwaldstrasse,79.2,8226 Schleitheim,2952,SH,real,False,23.07.2024,2676419,1289125
102566135,10053248,502004124,In Foren,555.1,8226 Schleitheim,2952,SH,real,False,23.07.2024,2678377,1288519
102566136,10032571,502004099,Lendenbergstrasse,49.1,8226 Schleitheim,2952,SH,real,False,23.07.2024,2677540,1289177
102566137,10031565,502003840,Uf Alpen,613.4,8226 Schleitheim,2952,SH,real,False,23.07.2024,2676681,1287796
102566138,10085767,502004225,Flüelistrasse,19.5,8226 Schleitheim,2952,SH,real,False,23.07.2024,2676835,1289379
102566139,10053248,502004123,In Foren,555.2,8226 Schleitheim,2952,SH,real,False,23.07.2024,2678359,1288569
102566140,10032571,502004098,Lendenbergstrasse,52.1,8226 Schleitheim,2952,SH,real,False,23.07.2024,2677763,1289217
102566141,10180888,502003995,Randenstrasse,47.3,8226 Schleitheim,2952,SH,real,False,23.07.2024,2679029,1289579
102566142,10053248,502004122,In Foren,555.3,8226 Schleitheim,2952,SH,real,False,23.07.2024,2678457,1288240
102566143,10032578,502003923,Schwarzwaldstrasse,79.3,8226 Schleitheim,2952,SH,real,False,23.07.2024,2676373,1289132
102566144,10032571,502004097,Lendenbergstrasse,58.1,8226 Schleitheim,2952,SH,real,False,23.07.2024,2677626,1289234
102566145,10179738,502004302,Bolstrasse,14.1,8226 Schleitheim,2952,SH,real,False,23.07.2024,2678366,1289378
102566146,10053248,502004121,In Foren,555.4,8226 Schleitheim,2952,SH,real,False,23.07.2024,2678810,1288404
102566147,10085767,502004224,Flüelistrasse,20.1,8226 Schleitheim,2952,SH,real,False,23.07.2024,2676622,1289182
102566148,10032571,502004096,Lendenbergstrasse,64.1,8226 Schleitheim,2952,SH,real,False,23.07.2024,2677563,1289214
102566149,10073362,502004120,Kesselhof,502.1,8226 Schleitheim,2952,SH,real,False,23.07.2024,2680006,1291419
102566150,10124088,502003839,Uf Widem,559.1,8226 Schleitheim,2952,SH,real,False,23.07.2024,2678669,1289064
102566151,10032578,502003922,Schwarzwaldstrasse,9.1,8226 Schleitheim,2952,SH,real,False,23.07.2024,2678050,1289027
102566152,10032571,502004095,Lendenbergstrasse,64.2,8226 Schleitheim,2952,SH,real,False,23.07.2024,2677561,1289196
102566153,10085769,502004150,Hintereggweg,478.4,8226 Schleitheim,2952,SH,real,False,23.07.2024,2676747,1288395
102566154,10085767,502004223,Flüelistrasse,25.1,8226 Schleitheim,2952,SH,real,False,23.07.2024,2676734,1289040
102566155,10032571,502004094,Lendenbergstrasse,66.1,8226 Schleitheim,2952,SH,real,False,23.07.2024,2677575,1289234
102566156,10180888,502003994,Randenstrasse,5.1,8226 Schleitheim,2952,SH,real,False,23.07.2024,2678754,1289346
102566157,10117740,502003921,Schwerzedel,2.1,8226 Schleitheim,2952,SH,real,False,23.07.2024,2678909,1289399
102566158,10032571,502004093,Lendenbergstrasse,66.2,8226 Schleitheim,2952,SH,real,False,23.07.2024,2677555,1289236
102566159,10179738,502004301,Bolstrasse,4.1,8226 Schleitheim,2952,SH,real,False,23.07.2024,2678508,1289428
102566160,10117740,502003920,Schwerzedel,3.1,8226 Schleitheim,2952,SH,real,False,23.07.2024,2678943,1289445
102566161,10124088,502003838,Uf Widem,559.2,8226 Schleitheim,2952,SH,real,False,23.07.2024,2678968,1289013
102566162,10032571,502004092,Lendenbergstrasse,66.3,8226 Schleitheim,2952,SH,real,False,23.07.2024,2677555,1289225
102566163,10085767,502004221,Flüelistrasse,4.2,8226 Schleitheim,2952,SH,real,False,23.07.2024,2676556,1289136
102566164,10113209,502004149,Hofstatt,11.1,8226 Schleitheim,2952,SH,real,False,23.07.2024,2678141,1289112
102566165,10032571,502004091,Lendenbergstrasse,72.1,8226 Schleitheim,2952,SH,real,False,23.07.2024,2677472,1289214
102566166,10117740,502003919,Schwerzedel,5.1,8226 Schleitheim,2952,SH,real,False,23.07.2024,2679001,1289402
102566169,10032571,502004089,Lendenbergstrasse,72.3,8226 Schleitheim,2952,SH,real,False,23.07.2024,2677422,1289216
102566170,10032571,502004087,Lendenbergstrasse,8.1,8226 Schleitheim,2952,SH,real,False,23.07.2024,2678113,1289297
102566171,10113210,502004086,Lindenstrasse,12.1,8226 Schleitheim,2952,SH,real,False,23.07.2024,2678115,1289247
102566205,10046614,191848708,Durachweg,2a,8200 Schaffhausen,2939,SH,real,True,15.11.2024,2689670,1284001
102566381,10019283,191848904,Breitwiesenstrasse,2,8207 Schaffhausen,2939,SH,real,True,15.11.2024,2692509,1286230
102566589,10104511,191849294,Nägeliseehof,2,8215 Hallau,2971,SH,real,True,15.11.2024,2675559,1286011
102567050,10117742,191849335,Untere Buckstrasse,9,8215 Hallau,2971,SH,real,True,15.11.2024,2676993,1283634
102567249,10018166,191849654,Zentralstrasse,55,8212 Neuhausen am Rheinfall,2937,SH,real,True,19.11.2024,2688714,1281945
102567460,10054967,191849798,Bärenmatt,244c,8224 Löhningen,2903,SH,real,True,23.07.2024,2682644,1283913
102567514,10046606,191849894,Rheinfallstrasse,5,8212 Neuhausen am Rheinfall,2937,SH,real,True,15.11.2024,2688535,1281848
102567515,10018165,191849895,Wildenstrasse,16,8212 Neuhausen am Rheinfall,2937,SH,real,False,15.11.2024,2688554,1281818
102567516,10018165,191849895,Wildenstrasse,18,8212 Neuhausen am Rheinfall,2937,SH,real,False,15.11.2024,2688573,1281831
102567627,10031583,502004486,Oberdorfstrasse,15.2,8263 Buch SH,2961,SH,real,False,23.07.2024,2701453,1285294
102567628,10031591,502004503,Hegaustrasse,7.1,8263 Buch SH,2961,SH,real,False,23.07.2024,2701084,1286936
102567629,10060698,502004457,Rudolf-Tappolet-Weg,3.1,8263 Buch SH,2961,SH,real,False,23.07.2024,2701313,1286250
102567630,10031583,502004487,Oberdorfstrasse,15.1,8263 Buch SH,2961,SH,real,False,23.07.2024,2701047,1285182
102567631,10167348,502004544,Bergwiesenstrasse,1.1,8263 Buch SH,2961,SH,real,False,23.07.2024,2701009,1285910
102567632,10031583,502004485,Oberdorfstrasse,15.3,8263 Buch SH,2961,SH,real,False,23.07.2024,2701025,1284998
102567633,10165913,502004515,Hardstrasse,10.1,8263 Buch SH,2961,SH,real,False,23.07.2024,2701207,1286379
102567634,10187863,502004440,Steinerstrasse,13.3,8263 Buch SH,2961,SH,real,False,23.07.2024,2701008,1287115
102567635,10031583,502004484,Oberdorfstrasse,18.1,8263 Buch SH,2961,SH,real,False,23.07.2024,2700996,1285826
102567636,10071685,502004532,Dorfstrasse,15.2,8263 Buch SH,2961,SH,real,False,23.07.2024,2700816,1286035
102567637,10165913,502004514,Hardstrasse,13.1,8263 Buch SH,2961,SH,real,False,23.07.2024,2701160,1286374
102567638,10167348,502004543,Bergwiesenstrasse,6.1,8263 Buch SH,2961,SH,real,False,23.07.2024,2701037,1285889
102567639,10071685,502004531,Dorfstrasse,18.1,8263 Buch SH,2961,SH,real,False,23.07.2024,2700811,1286075
102567640,10031583,502004483,Oberdorfstrasse,4.1,8263 Buch SH,2961,SH,real,False,23.07.2024,2700887,1285936
102567641,10167348,502004542,Bergwiesenstrasse,6.2,8263 Buch SH,2961,SH,real,False,23.07.2024,2701020,1285891
102567642,10060698,502004456,Rudolf-Tappolet-Weg,3.2,8263 Buch SH,2961,SH,real,False,23.07.2024,2701278,1286210
102567643,10031591,502004502,Hegaustrasse,9.1,8263 Buch SH,2961,SH,real,False,23.07.2024,2701069,1286939
102567644,10105350,502004541,Biberweg,3.5,8263 Buch SH,2961,SH,real,False,23.07.2024,2701314,1285946
102567645,10031583,502004482,Oberdorfstrasse,4.2,8263 Buch SH,2961,SH,real,False,23.07.2024,2700878,1285925
102567646,10165913,502004513,Hardstrasse,13.2,8263 Buch SH,2961,SH,real,False,23.07.2024,2701137,1286368
102567647,10071685,502004530,Dorfstrasse,19.1,8263 Buch SH,2961,SH,real,False,23.07.2024,2700772,1286049
102567648,10105350,502004540,Biberweg,1.1,8263 Buch SH,2961,SH,real,False,23.07.2024,2701037,1286061
102567649,10031583,502004481,Oberdorfstrasse,6.1,8263 Buch SH,2961,SH,real,False,23.07.2024,2700906,1285938
102567650,10031591,502004501,Hegaustrasse,9.2,8263 Buch SH,2961,SH,real,False,23.07.2024,2701072,1286942
102567651,10165913,502004512,Hardstrasse,17.1,8263 Buch SH,2961,SH,real,False,23.07.2024,2701157,1286415
102567652,10105350,502004539,Biberweg,2.1,8263 Buch SH,2961,SH,real,False,23.07.2024,2700986,1286108
102567653,10031583,502004480,Oberdorfstrasse,6.2,8263 Buch SH,2961,SH,real,False,23.07.2024,2700902,1285898
102567654,10071685,502004529,Dorfstrasse,20.1,8263 Buch SH,2961,SH,real,False,23.07.2024,2700753,1286086
102567655,10105350,502004538,Biberweg,6.1,8263 Buch SH,2961,SH,real,False,23.07.2024,2700994,1286088
102567656,10060698,502004455,Rudolf-Tappolet-Weg,3.3,8263 Buch SH,2961,SH,real,False,23.07.2024,2701323,1286198
102567657,10031583,502004479,Oberdorfstrasse,6.3,8263 Buch SH,2961,SH,real,False,23.07.2024,2700888,1285905
102567658,10105350,502004537,Biberweg,6.2,8263 Buch SH,2961,SH,real,False,23.07.2024,2700982,1286091
102567659,10031581,502004500,Hofweg,1.1,8263 Buch SH,2961,SH,real,False,23.07.2024,2700817,1286055
102567660,10126991,502004454,Sandweg,1.1,8263 Buch SH,2961,SH,real,False,23.07.2024,2700469,1286063
102567661,10031583,502004478,Oberdorfstrasse,6.4,8263 Buch SH,2961,SH,real,False,23.07.2024,2700885,1285905
102567662,10071685,502004536,Dorfstrasse,10.1,8263 Buch SH,2961,SH,real,False,23.07.2024,2700891,1286042
102567663,10165913,502004511,Hardstrasse,17.2,8263 Buch SH,2961,SH,real,False,23.07.2024,2701210,1286438
102567664,10071685,502004528,Dorfstrasse,20.2,8263 Buch SH,2961,SH,real,False,23.07.2024,2700744,1286083
102567665,10031583,502004477,Oberdorfstrasse,9.1,8263 Buch SH,2961,SH,real,False,23.07.2024,2700967,1285904
102567666,10071685,502004527,Dorfstrasse,23.1,8263 Buch SH,2961,SH,real,False,23.07.2024,2700726,1286073
102567667,10071685,502004535,Dorfstrasse,11a,8263 Buch SH,2961,SH,real,False,15.11.2024,2700858,1285980
102567668,10126991,502004453,Sandweg,4.1,8263 Buch SH,2961,SH,real,False,23.07.2024,2700480,1286087
102567669,10170523,502004476,Rainweg,5.1,8263 Buch SH,2961,SH,real,False,23.07.2024,2700780,1286141
102567670,10031581,502004499,Hofweg,4.1,8263 Buch SH,2961,SH,real,False,23.07.2024,2700865,1286040
102567671,10071685,502004534,Dorfstrasse,13.1,8263 Buch SH,2961,SH,real,False,23.07.2024,2700798,1285989
102567672,10031591,502004510,Hegaustrasse,11.1,8263 Buch SH,2961,SH,real,False,23.07.2024,2701052,1286947
102567673,10170523,502004475,Rainweg,6.1,8263 Buch SH,2961,SH,real,False,23.07.2024,2700814,1286128
102567674,10071685,502004526,Dorfstrasse,29.1,8263 Buch SH,2961,SH,real,False,23.07.2024,2700665,1286019
102567675,10126991,502004452,Sandweg,6.1,8263 Buch SH,2961,SH,real,False,23.07.2024,2700459,1286095
102567676,10071685,502004533,Dorfstrasse,15.1,8263 Buch SH,2961,SH,real,False,23.07.2024,2700792,1286001
102567677,10128229,502004474,Rauhenbergstrasse,12.1,8263 Buch SH,2961,SH,real,False,23.07.2024,2700956,1286964
102567678,10071685,502004525,Dorfstrasse,29.2,8263 Buch SH,2961,SH,real,False,23.07.2024,2700702,1286011
102567679,10128229,502004473,Rauhenbergstrasse,12.2,8263 Buch SH,2961,SH,real,False,23.07.2024,2700900,1286885
102567680,10031591,502004509,Hegaustrasse,13.1,8263 Buch SH,2961,SH,real,False,23.07.2024,2701011,1286949
102567681,10187863,502004439,Steinerstrasse,9.1,8263 Buch SH,2961,SH,real,False,23.07.2024,2701070,1287068
102567682,10087213,502004498,Klosterweg,3.1,8263 Buch SH,2961,SH,real,False,23.07.2024,2700737,1286120
102567683,10128229,502004472,Rauhenbergstrasse,14.1,8263 Buch SH,2961,SH,real,False,23.07.2024,2700969,1286985
102567684,10126991,502004451,Sandweg,6.2,8263 Buch SH,2961,SH,real,False,23.07.2024,2700489,1286104
102567685,10187863,502004438,Steinerstrasse,9.2,8263 Buch SH,2961,SH,real,False,23.07.2024,2701043,1287070
102567686,10128229,502004471,Rauhenbergstrasse,14.2,8263 Buch SH,2961,SH,real,False,23.07.2024,2700995,1286976
102567687,10071685,502004524,Dorfstrasse,29.3,8263 Buch SH,2961,SH,real,False,23.07.2024,2700706,1286012
102567688,10126991,502004450,Sandweg,8.1,8263 Buch SH,2961,SH,real,False,23.07.2024,2700453,1286089
102567689,10187863,502004437,Steinerstrasse,9.3,8263 Buch SH,2961,SH,real,False,23.07.2024,2701034,1287060
102567690,10128229,502004470,Rauhenbergstrasse,8.1,8263 Buch SH,2961,SH,real,False,23.07.2024,2700973,1287018
102567691,10071685,502004523,Dorfstrasse,3.1,8263 Buch SH,2961,SH,real,False,23.07.2024,2700889,1285972
102567692,10031591,502004508,Hegaustrasse,2.1,8263 Buch SH,2961,SH,real,False,23.07.2024,2701159,1286929
102567693,10187863,502004436,Steinerstrasse,9.4,8263 Buch SH,2961,SH,real,False,23.07.2024,2701031,1287063
102567694,10180864,502004469,Ringweg,7.1,8263 Buch SH,2961,SH,real,False,23.07.2024,2700504,1286035
102567695,10087213,502004497,Klosterweg,4.1,8263 Buch SH,2961,SH,real,False,23.07.2024,2700762,1286123
102567696,10164384,502004449,Schüppelstrasse,16.1,8263 Buch SH,2961,SH,real,False,23.07.2024,2701370,1286281
102567697,10053256,502004435,Sunneggstrasse,4.1,8263 Buch SH,2961,SH,real,False,23.07.2024,2700747,1285991
102567698,10103231,502004429,Unterdorfstrasse,9.1,8263 Buch SH,2961,SH,real,False,23.07.2024,2700916,1286095
102567699,10179746,502004468,Rosengartenstrasse,11.1,8263 Buch SH,2961,SH,real,False,23.07.2024,2700874,1285890
102567700,10164384,502004448,Schüppelstrasse,18.1,8263 Buch SH,2961,SH,real,False,23.07.2024,2701304,1286268
102567701,10171306,502004434,Tulpenweg,5.1,8263 Buch SH,2961,SH,real,False,23.07.2024,2701066,1286998
102567702,10171063,502004428,Winkelweg,2.1,8263 Buch SH,2961,SH,real,False,23.07.2024,2701129,1286967
102567703,10179746,502004467,Rosengartenstrasse,11.2,8263 Buch SH,2961,SH,real,False,23.07.2024,2700873,1285862
102567704,10031591,502004507,Hegaustrasse,3.1,8263 Buch SH,2961,SH,real,False,23.07.2024,2701130,1286908
102567705,10103231,502004433,Unterdorfstrasse,10.1,8263 Buch SH,2961,SH,real,False,23.07.2024,2700878,1286104
102567706,10087213,502004496,Klosterweg,4.2,8263 Buch SH,2961,SH,real,False,23.07.2024,2700735,1286141
102567707,10179746,502004466,Rosengartenstrasse,11.3,8263 Buch SH,2961,SH,real,False,23.07.2024,2700831,1285775
102567708,10164384,502004447,Schüppelstrasse,18.2,8263 Buch SH,2961,SH,real,False,23.07.2024,2701371,1286256
102567709,10103231,502004432,Unterdorfstrasse,11.1,8263 Buch SH,2961,SH,real,False,23.07.2024,2700936,1286086
102567710,10122740,502004495,Lindenweg,1.1,8263 Buch SH,2961,SH,real,False,23.07.2024,2700927,1286021
102567711,10179746,502004465,Rosengartenstrasse,11.4,8263 Buch SH,2961,SH,real,False,23.07.2024,2700444,1285300
102567712,10164384,502004446,Schüppelstrasse,18.3,8263 Buch SH,2961,SH,real,False,23.07.2024,2701408,1286257
102567713,10103231,502004431,Unterdorfstrasse,4.1,8263 Buch SH,2961,SH,real,False,23.07.2024,2700950,1286119
102567714,10122740,502004494,Lindenweg,11.1,8263 Buch SH,2961,SH,real,False,23.07.2024,2700994,1286054
102567715,10179746,502004464,Rosengartenstrasse,3.1,8263 Buch SH,2961,SH,real,False,23.07.2024,2700820,1285970
102567716,10031591,502004506,Hegaustrasse,3.2,8263 Buch SH,2961,SH,real,False,23.07.2024,2701137,1286907
102567717,10103231,502004430,Unterdorfstrasse,8.1,8263 Buch SH,2961,SH,real,False,23.07.2024,2700886,1286148
102567718,10122740,502004493,Lindenweg,2.1,8263 Buch SH,2961,SH,real,False,23.07.2024,2700935,1285998
102567719,10179746,502004463,Rosengartenstrasse,6.1,8263 Buch SH,2961,SH,real,False,23.07.2024,2700787,1285920
102567720,10164384,502004445,Schüppelstrasse,5.1,8263 Buch SH,2961,SH,real,False,23.07.2024,2701234,1286279
102567721,10071685,502004522,Dorfstrasse,30.1,8263 Buch SH,2961,SH,real,False,23.07.2024,2700716,1286085
102567722,10122740,502004492,Lindenweg,5.1,8263 Buch SH,2961,SH,real,False,23.07.2024,2700942,1286021
102567723,10179746,502004462,Rosengartenstrasse,6.2,8263 Buch SH,2961,SH,real,False,23.07.2024,2700796,1285946
102567724,10164384,502004444,Schüppelstrasse,7.1,8263 Buch SH,2961,SH,real,False,23.07.2024,2701249,1286281
102567725,10071685,502004521,Dorfstrasse,30.2,8263 Buch SH,2961,SH,real,False,23.07.2024,2700699,1286085
102567726,10122740,502004491,Lindenweg,8.1,8263 Buch SH,2961,SH,real,False,23.07.2024,2701012,1286041
102567727,10179746,502004461,Rosengartenstrasse,6.3,8263 Buch SH,2961,SH,real,False,23.07.2024,2700690,1285721
102567728,10031591,502004505,Hegaustrasse,4.1,8263 Buch SH,2961,SH,real,False,23.07.2024,2701143,1286934
102567729,10071685,502004520,Dorfstrasse,31.1,8263 Buch SH,2961,SH,real,False,23.07.2024,2700661,1286018
102567730,10122740,502004490,Lindenweg,8.2,8263 Buch SH,2961,SH,real,False,23.07.2024,2701018,1286050
102567731,10179746,502004460,Rosengartenstrasse,6.4,8263 Buch SH,2961,SH,real,False,23.07.2024,2700590,1285565
102567732,10164384,502004443,Schüppelstrasse,7.2,8263 Buch SH,2961,SH,real,False,23.07.2024,2701273,1286291
102567733,10071685,502004519,Dorfstrasse,31.2,8263 Buch SH,2961,SH,real,False,23.07.2024,2700669,1285983
102567734,10031583,502004489,Oberdorfstrasse,12.1,8263 Buch SH,2961,SH,real,False,23.07.2024,2700922,1285886
102567735,10187863,502004442,Steinerstrasse,13.1,8263 Buch SH,2961,SH,real,False,23.07.2024,2700978,1287142
102567736,10179746,502004459,Rosengartenstrasse,7.1,8263 Buch SH,2961,SH,real,False,23.07.2024,2700862,1285968
102567738,10071685,502004518,Dorfstrasse,39.1,8263 Buch SH,2961,SH,real,False,23.07.2024,2700451,1286014
102567739,10031591,502004504,Hegaustrasse,5.1,8263 Buch SH,2961,SH,real,False,23.07.2024,2701101,1286928
102567740,10060698,502004458,Rudolf-Tappolet-Weg,1.1,8263 Buch SH,2961,SH,real,False,23.07.2024,2701273,1286231
102567741,10071685,502004517,Dorfstrasse,39.2,8263 Buch SH,2961,SH,real,False,23.07.2024,2700473,1286002
102567742,10187863,502004441,Steinerstrasse,13.2,8263 Buch SH,2961,SH,real,False,23.07.2024,2700993,1287130
102567743,10031582,502004516,Gartenstrasse,2.1,8263 Buch SH,2961,SH,real,False,23.07.2024,2700453,1284892
102567774,10024941,502004712,Bolstrasse,164.1,8239 Dörflingen,2915,SH,real,False,23.07.2024,2696321,1284662
102567775,10185476,502004666,Im Häsli,11.2,8239 Dörflingen,2915,SH,real,False,23.07.2024,2696602,1284800
102567776,10132218,502004641,Im Zwigaarte,2.1,8239 Dörflingen,2915,SH,real,False,23.07.2024,2696402,1285232
102567777,10024945,502004684,Hinterdorf,36.1,8239 Dörflingen,2915,SH,real,False,23.07.2024,2696607,1284359
102567778,10185476,502004665,Im Häsli,171.1,8239 Dörflingen,2915,SH,real,False,23.07.2024,2696631,1284793
102567779,10024941,502004716,Bolstrasse,164.2,8239 Dörflingen,2915,SH,real,False,23.07.2024,2696296,1284671
102567780,10132777,502004638,Laag,144.2,8239 Dörflingen,2915,SH,real,False,23.07.2024,2696018,1283131
102567781,10024951,502004599,Randeggerstrasse,4.2,8239 Dörflingen,2915,SH,real,False,23.07.2024,2696462,1285457
102567782,10086754,502004562,Unterbergstrasse,18.2,8239 Dörflingen,2915,SH,real,False,23.07.2024,2695904,1284630
102567783,10024941,502004711,Bolstrasse,164.3,8239 Dörflingen,2915,SH,real,False,23.07.2024,2696311,1284634
102567784,10120402,502004637,Laaggut,1.1,8239 Dörflingen,2915,SH,real,False,23.07.2024,2696233,1283217
102567785,10024951,502004598,Randeggerstrasse,5.1,8239 Dörflingen,2915,SH,real,False,23.07.2024,2696503,1285537
102567786,10024941,502004732,Bolstrasse,164.4,8239 Dörflingen,2915,SH,real,False,23.07.2024,2696361,1284661
102567787,10132353,502004664,Im Morgen,4.1,8239 Dörflingen,2915,SH,real,False,23.07.2024,2696213,1285089
102567788,10120402,502004636,Laaggut,1.2,8239 Dörflingen,2915,SH,real,False,23.07.2024,2696182,1283257
102567789,10132218,502004640,Im Zwigaarte,4.1,8239 Dörflingen,2915,SH,real,False,23.07.2024,2696425,1285271
102567790,10173261,502004731,Braatle,11.1,8239 Dörflingen,2915,SH,real,False,23.07.2024,2696702,1284542
102567791,10086754,502004561,Unterbergstrasse,24.1,8239 Dörflingen,2915,SH,real,False,23.07.2024,2695893,1284648
102567792,10120402,502004635,Laaggut,1.3,8239 Dörflingen,2915,SH,real,False,23.07.2024,2696279,1283278
102567793,10024951,502004597,Randeggerstrasse,8.1,8239 Dörflingen,2915,SH,real,False,23.07.2024,2696604,1285530
102567794,10173261,502004730,Braatle,7.1,8239 Dörflingen,2915,SH,real,False,23.07.2024,2696649,1284565
102567795,10132353,502004663,Im Morgen,4.2,8239 Dörflingen,2915,SH,real,False,23.07.2024,2696225,1285087
102567796,10132777,502004639,Laag,118.1,8239 Dörflingen,2915,SH,real,False,23.07.2024,2696326,1283359
102567797,10120402,502004634,Laaggut,1.4,8239 Dörflingen,2915,SH,real,False,23.07.2024,2696182,1283232
102567798,10123288,502004729,Büsingerstrasse,2.1,8239 Dörflingen,2915,SH,real,False,23.07.2024,2696074,1284875
102567799,10086754,502004560,Unterbergstrasse,26.1,8239 Dörflingen,2915,SH,real,False,23.07.2024,2695829,1284659
102567801,10120402,502004632,Laaggut,1.5,8239 Dörflingen,2915,SH,real,False,23.07.2024,2696119,1283208
102567802,10123288,502004728,Büsingerstrasse,2.2,8239 Dörflingen,2915,SH,real,False,23.07.2024,2696097,1284888
102567803,10132353,502004662,Im Morgen,5.1,8239 Dörflingen,2915,SH,real,False,23.07.2024,2696134,1285096
102567804,10024945,502004685,Hinterdorf,35.2,8239 Dörflingen,2915,SH,real,False,23.07.2024,2696660,1284411
102567805,10024948,502004631,Landenbergerstrasse,1.1,8239 Dörflingen,2915,SH,real,False,23.07.2024,2696429,1285354
102567806,10123288,502004727,Büsingerstrasse,2.3,8239 Dörflingen,2915,SH,real,False,23.07.2024,2696046,1284868
102567807,10086754,502004559,Unterbergstrasse,28.1,8239 Dörflingen,2915,SH,real,False,23.07.2024,2695841,1284678
102567808,10024952,502004595,Rheinstrasse,13.1,8239 Dörflingen,2915,SH,real,False,23.07.2024,2696410,1284497
102567809,10123288,502004725,Büsingerstrasse,2.4,8239 Dörflingen,2915,SH,real,False,23.07.2024,2696024,1284849
102567810,10024948,502004630,Landenbergerstrasse,183.1,8239 Dörflingen,2915,SH,real,False,23.07.2024,2696894,1284907
102567811,10127143,502004660,Im Neuhuus,1.2,8239 Dörflingen,2915,SH,real,False,23.07.2024,2696380,1285102
102567812,10132777,502004733,Laag,144.1,8239 Dörflingen,2915,SH,real,False,23.07.2024,2695994,1283131
102567813,10123288,502004726,Büsingerstrasse,8.1,8239 Dörflingen,2915,SH,real,False,23.07.2024,2695986,1284848
102567814,10024948,502004629,Landenbergerstrasse,4.1,8239 Dörflingen,2915,SH,real,False,23.07.2024,2696394,1285327
102567815,10086754,502004647,Unterbergstrasse,37.1,8239 Dörflingen,2915,SH,real,False,23.07.2024,2695728,1284695
102567816,10024945,502004682,Hinterdorf,50.1,8239 Dörflingen,2915,SH,real,False,23.07.2024,2696724,1284358
102567817,10123288,502004724,Büsingerstrasse,8.2,8239 Dörflingen,2915,SH,real,False,23.07.2024,2695970,1284842
102567818,10086751,502004628,Morgenackerstrasse,3.1,8239 Dörflingen,2915,SH,real,False,23.07.2024,2696144,1285001
102567820,10024952,502004593,Rheinstrasse,165.1,8239 Dörflingen,2915,SH,real,False,23.07.2024,2696266,1284247
102567822,10072977,502004627,Morgenbuckweg,7e.1,8239 Dörflingen,2915,SH,real,False,23.07.2024,2696199,1285123
102567824,10086754,502004557,Unterbergstrasse,4.2,8239 Dörflingen,2915,SH,real,False,23.07.2024,2696083,1284723
102567825,10024952,502004594,Rheinstrasse,19.1,8239 Dörflingen,2915,SH,real,False,23.07.2024,2696414,1284328
102567826,10024949,502004626,Morgenstrasse,32.1,8239 Dörflingen,2915,SH,real,False,23.07.2024,2696214,1285220
102567827,10024945,502004683,Hinterdorf,50.2,8239 Dörflingen,2915,SH,real,False,23.07.2024,2696707,1284346
102567828,10127143,502004658,Im Neuhuus,2.1,8239 Dörflingen,2915,SH,real,False,23.07.2024,2696416,1285079
102567829,10118352,502004721,Dorfstrasse,15.1,8239 Dörflingen,2915,SH,real,False,23.07.2024,2696197,1284793
102567830,10185477,502004625,Neudörflingerstrasse,1.1,8239 Dörflingen,2915,SH,real,False,23.07.2024,2696107,1284944
102567831,10024952,502004591,Rheinstrasse,7.1,8239 Dörflingen,2915,SH,real,False,23.07.2024,2696472,1284542
102567832,10118352,502004720,Dorfstrasse,15.2,8239 Dörflingen,2915,SH,real,False,23.07.2024,2696178,1284806
102567833,10086754,502004556,Unterbergstrasse,8.1,8239 Dörflingen,2915,SH,real,False,23.07.2024,2696042,1284692
102567834,10185477,502004624,Neudörflingerstrasse,22.1,8239 Dörflingen,2915,SH,real,False,23.07.2024,2696334,1285139
102567835,10024945,502004681,Hinterdorf,7.1,8239 Dörflingen,2915,SH,real,False,23.07.2024,2696524,1284570
102567836,10118352,502004719,Dorfstrasse,20.1,8239 Dörflingen,2915,SH,real,False,23.07.2024,2696266,1284733
102567837,10024947,502004657,Im Scheier,16.1,8239 Dörflingen,2915,SH,real,False,23.07.2024,2696143,1284907
102567838,10185477,502004623,Neudörflingerstrasse,22.2,8239 Dörflingen,2915,SH,real,False,23.07.2024,2696353,1285142
102567839,10118352,502004718,Dorfstrasse,20.2,8239 Dörflingen,2915,SH,real,False,23.07.2024,2696262,1284717
102567840,10024952,502004590,Rheinstrasse,7.2,8239 Dörflingen,2915,SH,real,False,23.07.2024,2696431,1284524
102567841,10072979,502004555,Zur Mühle,114.1,8239 Dörflingen,2915,SH,real,False,23.07.2024,2695783,1284292
102567842,10118352,502004717,Dorfstrasse,22.1,8239 Dörflingen,2915,SH,real,False,23.07.2024,2696299,1284724
102567843,10024945,502004680,Hinterdorf,7.2,8239 Dörflingen,2915,SH,real,False,23.07.2024,2696515,1284583
102567844,10192056,502004656,Im Schöber,1.1,8239 Dörflingen,2915,SH,real,False,23.07.2024,2696727,1284414
102567845,10185477,502004622,Neudörflingerstrasse,26.1,8239 Dörflingen,2915,SH,real,False,23.07.2024,2696370,1285162
102567846,10118352,502004715,Dorfstrasse,33.1,8239 Dörflingen,2915,SH,real,False,23.07.2024,2696389,1284736
102567847,10186336,502004589,Romenhof,203.1,8239 Dörflingen,2915,SH,real,False,23.07.2024,2695602,1284927
102567848,10072979,502004554,Zur Mühle,115.1,8239 Dörflingen,2915,SH,real,False,23.07.2024,2695748,1284283
102567849,10185477,502004620,Neudörflingerstrasse,34.1,8239 Dörflingen,2915,SH,real,False,23.07.2024,2696362,1285186
102567850,10118352,502004714,Dorfstrasse,36.1,8239 Dörflingen,2915,SH,real,False,23.07.2024,2696379,1284713
102567851,10245934,502004585,Häxetal,159.1,8239 Dörflingen,2915,SH,real,False,23.07.2024,2694495,1285665
102567852,10192056,502004655,Im Schöber,3.1,8239 Dörflingen,2915,SH,real,False,23.07.2024,2696719,1284417
102567853,10185477,502004619,Neudörflingerstrasse,36.1,8239 Dörflingen,2915,SH,real,False,23.07.2024,2696373,1285202
102567854,10118352,502004710,Dorfstrasse,37.1,8239 Dörflingen,2915,SH,real,False,23.07.2024,2696425,1284725
102567855,10186336,502004588,Romenhof,203.2,8239 Dörflingen,2915,SH,real,False,23.07.2024,2695608,1284861
102567856,10185477,502004621,Neudörflingerstrasse,36.2,8239 Dörflingen,2915,SH,real,False,23.07.2024,2696313,1285218
102567857,10072974,502004694,Gärtlistrasse,6.1,8239 Dörflingen,2915,SH,real,False,23.07.2024,2696563,1284606
102567858,10118352,502004709,Dorfstrasse,38.1,8239 Dörflingen,2915,SH,real,False,23.07.2024,2696386,1284711
102567859,10054975,502004587,Schlatterhof,153.1,8239 Dörflingen,2915,SH,real,False,23.07.2024,2694613,1285771
102567860,10185477,502004618,Neudörflingerstrasse,38.1,8239 Dörflingen,2915,SH,real,False,23.07.2024,2696382,1285209
102567861,10072976,502004653,Im Schützerhus,3.1,8239 Dörflingen,2915,SH,real,False,23.07.2024,2696432,1285056
102567862,10118352,502004713,Dorfstrasse,38.2,8239 Dörflingen,2915,SH,real,False,23.07.2024,2696380,1284715
102567863,10149730,502004679,Im Bildstei,9a.1,8239 Dörflingen,2915,SH,real,False,23.07.2024,2696327,1285037
102567864,10185477,502004705,Neudörflingerstrasse,43.1,8239 Dörflingen,2915,SH,real,False,23.07.2024,2696322,1285253
102567865,10054975,502004584,Schlatterhof,154.1,8239 Dörflingen,2915,SH,real,False,23.07.2024,2694865,1285910
102567866,10024945,502004693,Hinterdorf,11.1,8239 Dörflingen,2915,SH,real,False,23.07.2024,2696532,1284587
102567867,10118352,502004708,Dorfstrasse,43.1,8239 Dörflingen,2915,SH,real,False,23.07.2024,2696458,1284745
102567868,10185477,502004704,Neudörflingerstrasse,43.2,8239 Dörflingen,2915,SH,real,False,23.07.2024,2696326,1285243
102567869,10072976,502004652,Im Schützerhus,8.1,8239 Dörflingen,2915,SH,real,False,23.07.2024,2696412,1284985
102567870,10054975,502004583,Schlatterhof,154.2,8239 Dörflingen,2915,SH,real,False,23.07.2024,2694873,1285918
102567871,10118352,502004707,Dorfstrasse,53.1,8239 Dörflingen,2915,SH,real,False,23.07.2024,2696465,1284699
102567872,10185477,502004617,Neudörflingerstrasse,47.1,8239 Dörflingen,2915,SH,real,False,23.07.2024,2696304,1285297
102567873,10024945,502004692,Hinterdorf,14.1,8239 Dörflingen,2915,SH,real,False,23.07.2024,2696512,1284504
102567874,10072975,502004678,Im Chloster,11.1,8239 Dörflingen,2915,SH,real,False,23.07.2024,2696158,1284689
102567875,10245933,502004586,Egg,158.1,8239 Dörflingen,2915,SH,real,False,23.07.2024,2694912,1286278
102567876,10185477,502004616,Neudörflingerstrasse,47.2,8239 Dörflingen,2915,SH,real,False,23.07.2024,2696286,1285283
102567877,10086750,502004651,Im Unterberg,29.1,8239 Dörflingen,2915,SH,real,False,23.07.2024,2695813,1284704
102567878,10054975,502004582,Schlatterhof,154.3,8239 Dörflingen,2915,SH,real,False,23.07.2024,2694864,1285966
102567879,10185477,502004615,Neudörflingerstrasse,47.3,8239 Dörflingen,2915,SH,real,False,23.07.2024,2696289,1285300
102567880,10245935,502004573,Garbischbohl,176.1,8239 Dörflingen,2915,SH,real,False,23.07.2024,2695789,1285545
102567881,10024945,502004691,Hinterdorf,15.1,8239 Dörflingen,2915,SH,real,False,23.07.2024,2696537,1284493
102567882,10072975,502004558,Im Chloster,128.1,8239 Dörflingen,2915,SH,real,False,23.07.2024,2696118,1284671
102567883,10024942,502004575,Gennersbrunnerstrasse,179,8239 Dörflingen,2915,SH,real,False,23.07.2024,2695920,1285198
102567884,10185477,502004609,Neudörflingerstrasse,47.4,8239 Dörflingen,2915,SH,real,False,23.07.2024,2696277,1285309
102567885,10086750,502004650,Im Unterberg,29.2,8239 Dörflingen,2915,SH,real,False,23.07.2024,2695835,1284693
102567886,10086753,502004581,Schulstrasse,2.1,8239 Dörflingen,2915,SH,real,False,23.07.2024,2696445,1284777
102567887,10185477,502004608,Neudörflingerstrasse,47.5,8239 Dörflingen,2915,SH,real,False,23.07.2024,2696281,1285290
102567888,10024942,502004706,Gennersbrunnerstrasse,3.1,8239 Dörflingen,2915,SH,real,False,23.07.2024,2696072,1284965
102567889,10086750,502004649,Im Unterberg,31.1,8239 Dörflingen,2915,SH,real,False,23.07.2024,2695831,1284677
102567890,10072975,502004677,Im Chloster,194.1,8239 Dörflingen,2915,SH,real,False,23.07.2024,2696109,1284594
102567891,10185477,502004614,Neudörflingerstrasse,52,8239 Dörflingen,2915,SH,real,True,15.11.2024,2696355,1285318
102567892,10024942,502004576,Gennersbrunnerstrasse,331,8239 Dörflingen,2915,SH,real,False,23.07.2024,2695779,1285360
102567893,10024945,502004690,Hinterdorf,28.1,8239 Dörflingen,2915,SH,real,False,23.07.2024,2696562,1284459
102567894,10086753,502004580,Schulstrasse,4.1,8239 Dörflingen,2915,SH,real,False,23.07.2024,2696452,1284828
102567895,10024950,502004613,Obere Laag,119.1,8239 Dörflingen,2915,SH,real,False,23.07.2024,2696410,1283384
102567896,10086749,502004703,Gruebstrasse,5.1,8239 Dörflingen,2915,SH,real,False,23.07.2024,2696241,1285216
102567897,10086750,502004648,Im Unterberg,33.1,8239 Dörflingen,2915,SH,real,False,23.07.2024,2695826,1284660
102567898,10072975,502004676,Im Chloster,3.1,8239 Dörflingen,2915,SH,real,False,23.07.2024,2696192,1284717
102567899,10024950,502004612,Obere Laag,143.1,8239 Dörflingen,2915,SH,real,False,23.07.2024,2696709,1283471
102567900,10086749,502004702,Gruebstrasse,7.1,8239 Dörflingen,2915,SH,real,False,23.07.2024,2696217,1285226
102567901,10086750,502004646,Im Unterberg,5.1,8239 Dörflingen,2915,SH,real,False,23.07.2024,2696062,1284735
102567902,10114703,502004579,Steinackerhof,1.2,8239 Dörflingen,2915,SH,real,False,23.07.2024,2695892,1285384
102567903,10086752,502004611,Plattenweg,1.1,8239 Dörflingen,2915,SH,real,False,23.07.2024,2696331,1285310
102567904,10086749,502004701,Gruebstrasse,9.2,8239 Dörflingen,2915,SH,real,False,23.07.2024,2696128,1285245
102567905,10086750,502004645,Im Unterberg,7.1,8239 Dörflingen,2915,SH,real,False,23.07.2024,2696030,1284700
102567906,10072975,502004675,Im Chloster,5.1,8239 Dörflingen,2915,SH,real,False,23.07.2024,2696184,1284729
102567907,10086750,502004644,Im Unterberg,9.1,8239 Dörflingen,2915,SH,real,False,23.07.2024,2696010,1284692
102567908,10086749,502004700,Gruebstrasse,9.3,8239 Dörflingen,2915,SH,real,False,23.07.2024,2696174,1285255
102567909,10086752,502004610,Plattenweg,5.1,8239 Dörflingen,2915,SH,real,False,23.07.2024,2696284,1285341
102567910,10132218,502004643,Im Zwigaarte,1.1,8239 Dörflingen,2915,SH,real,False,23.07.2024,2696363,1285263
102567911,10114703,502004578,Steinackerhof,1.3,8239 Dörflingen,2915,SH,real,False,23.07.2024,2695922,1285337
102567912,10086749,502004699,Gruebstrasse,9.4,8239 Dörflingen,2915,SH,real,False,23.07.2024,2696109,1285271
102567913,10132218,502004642,Im Zwigaarte,1.2,8239 Dörflingen,2915,SH,real,False,23.07.2024,2696381,1285264
102567914,10072978,502004607,Puläjen,10.1,8239 Dörflingen,2915,SH,real,False,23.07.2024,2696453,1285424
102567915,10072975,502004674,Im Chloster,7.1,8239 Dörflingen,2915,SH,real,False,23.07.2024,2696173,1284709
102567916,10245931,502004696,Grund,156.1,8239 Dörflingen,2915,SH,real,False,23.07.2024,2695339,1285723
102567917,10024952,502004592,Rheinstrasse,161.1,8239 Dörflingen,2915,SH,real,False,23.07.2024,2696545,1284067
102567918,10072978,502004606,Puläjen,13.1,8239 Dörflingen,2915,SH,real,False,23.07.2024,2696469,1285387
102567919,10072975,502004673,Im Chloster,9.1,8239 Dörflingen,2915,SH,real,False,23.07.2024,2696144,1284699
102567920,10024944,502004698,Grundhof,189.1,8239 Dörflingen,2915,SH,real,False,23.07.2024,2695221,1285777
102567921,10245932,502004695,Riet,135.1,8239 Dörflingen,2915,SH,real,False,23.07.2024,2695623,1285731
102567922,10072978,502004605,Puläjen,13.2,8239 Dörflingen,2915,SH,real,False,23.07.2024,2696465,1285398
102567923,10114703,502004574,Steinackerhof,1.7,8239 Dörflingen,2915,SH,real,False,23.07.2024,2695837,1285561
102567924,10024944,502004697,Grundhof,189.2,8239 Dörflingen,2915,SH,real,False,23.07.2024,2695208,1285808
102567925,10114703,502004577,Steinackerhof,1.4,8239 Dörflingen,2915,SH,real,False,23.07.2024,2695902,1285389
102567926,10072978,502004604,Puläjen,3.1,8239 Dörflingen,2915,SH,real,False,23.07.2024,2696545,1285437
102567927,10072973,502004672,Im Gisbüel,6.1,8239 Dörflingen,2915,SH,real,False,23.07.2024,2696240,1284950
102567928,10072979,502004553,Zur Mühle,115.10,8239 Dörflingen,2915,SH,real,False,23.07.2024,2695690,1284294
102567929,10072978,502004603,Puläjen,5.1,8239 Dörflingen,2915,SH,real,False,23.07.2024,2696497,1285410
102567930,10024953,502004572,Thayngerstrasse,1.1,8239 Dörflingen,2915,SH,real,False,23.07.2024,2696347,1285675
102567931,10072973,502004670,Im Gisbüel,8.1,8239 Dörflingen,2915,SH,real,False,23.07.2024,2696263,1284936
102567932,10072979,502004552,Zur Mühle,115.2,8239 Dörflingen,2915,SH,real,False,23.07.2024,2695735,1284276
102567933,10024951,502004569,Randeggerstrasse,167.1,8239 Dörflingen,2915,SH,real,False,23.07.2024,2696657,1285718
102567934,10072973,502004671,Im Gisbüel,6.2,8239 Dörflingen,2915,SH,real,False,23.07.2024,2696245,1284958
102567935,10024953,502004566,Thayngerstrasse,6.1,8239 Dörflingen,2915,SH,real,False,23.07.2024,2696404,1285697
102567936,10072979,502004551,Zur Mühle,115.3,8239 Dörflingen,2915,SH,real,False,23.07.2024,2695736,1284273
102567937,10024951,502004568,Randeggerstrasse,167.2,8239 Dörflingen,2915,SH,real,False,23.07.2024,2696659,1285697
102567938,10185476,502004668,Im Häsli,10.1,8239 Dörflingen,2915,SH,real,False,23.07.2024,2696580,1284716
102567939,10072979,502004550,Zur Mühle,115.4,8239 Dörflingen,2915,SH,real,False,23.07.2024,2695737,1284270
102567940,10024953,502004571,Thayngerstrasse,4.1,8239 Dörflingen,2915,SH,real,False,23.07.2024,2696453,1285688
102567941,10024951,502004567,Randeggerstrasse,167.3,8239 Dörflingen,2915,SH,real,False,23.07.2024,2696678,1285703
102567942,10072979,502004549,Zur Mühle,115.5,8239 Dörflingen,2915,SH,real,False,23.07.2024,2695758,1284270
102567943,10127143,502004661,Im Neuhuus,1.1,8239 Dörflingen,2915,SH,real,False,23.07.2024,2696397,1285088
102567944,10024951,502004602,Randeggerstrasse,2.1,8239 Dörflingen,2915,SH,real,False,23.07.2024,2696425,1285439
102567945,10024953,502004570,Thayngerstrasse,4.2,8239 Dörflingen,2915,SH,real,False,23.07.2024,2696469,1285694
102567946,10072979,502004548,Zur Mühle,115.6,8239 Dörflingen,2915,SH,real,False,23.07.2024,2695715,1284276
102567947,10024945,502004688,Hinterdorf,3.1,8239 Dörflingen,2915,SH,real,False,23.07.2024,2696528,1284609
102567949,10024951,502004601,Randeggerstrasse,2.2,8239 Dörflingen,2915,SH,real,False,23.07.2024,2696410,1285426
102567950,10072979,502004547,Zur Mühle,115.7,8239 Dörflingen,2915,SH,real,False,23.07.2024,2695720,1284266
102567951,10024953,502004565,Thayngerstrasse,6.2,8239 Dörflingen,2915,SH,real,False,23.07.2024,2696394,1285719
102567952,10024951,502004600,Randeggerstrasse,4.1,8239 Dörflingen,2915,SH,real,False,23.07.2024,2696450,1285444
102567953,10024945,502004689,Hinterdorf,30.1,8239 Dörflingen,2915,SH,real,False,23.07.2024,2696581,1284437
102567954,10072979,502004546,Zur Mühle,115.8,8239 Dörflingen,2915,SH,real,False,23.07.2024,2695710,1284270
102567955,10024945,502004687,Hinterdorf,34.1,8239 Dörflingen,2915,SH,real,False,23.07.2024,2696625,1284403
102567956,10086754,502004564,Unterbergstrasse,14.1,8239 Dörflingen,2915,SH,real,False,23.07.2024,2695934,1284662
102567957,10072979,502004545,Zur Mühle,115.9,8239 Dörflingen,2915,SH,real,False,23.07.2024,2695698,1284276
102567958,10072972,502004736,Bildsteinstrasse,11.1,8239 Dörflingen,2915,SH,real,False,23.07.2024,2696463,1284880
102567959,10024945,502004686,Hinterdorf,35.1,8239 Dörflingen,2915,SH,real,False,23.07.2024,2696690,1284451
102567960,10185476,502004667,Im Häsli,11.1,8239 Dörflingen,2915,SH,real,False,23.07.2024,2696587,1284764
102567961,10072972,502004654,Bildsteinstrasse,14.1,8239 Dörflingen,2915,SH,real,False,23.07.2024,2696389,1284945
102567962,10132777,502004633,Laag,133.1,8239 Dörflingen,2915,SH,real,False,23.07.2024,2696331,1283290
102567963,10072972,502004735,Bildsteinstrasse,7.1,8239 Dörflingen,2915,SH,real,False,23.07.2024,2696389,1285126
102567964,10086754,502004563,Unterbergstrasse,18.1,8239 Dörflingen,2915,SH,real,False,23.07.2024,2695911,1284667
102567965,10142113,502004734,Bildsteinweg,9.1,8239 Dörflingen,2915,SH,real,False,23.07.2024,2696318,1284957
102567976,10209544,191850255,Gewerbestrasse,4,8217 Wilchingen,2974,SH,real,True,15.11.2024,2676847,1281575
102568108,10161508,502004970,Ausserdorfweg,10.1,8454 Buchberg,2933,SH,real,False,23.07.2024,2684693,1269835
102568109,10169258,502004748,Winkelweg,7.1,8454 Buchberg,2933,SH,real,False,23.07.2024,2684347,1269795
102568110,10046605,502004924,Dorfstrasse,52.2,8454 Buchberg,2933,SH,real,False,23.07.2024,2684537,1269777
102568111,10019564,502004782,Sandackerstrasse,4.1,8454 Buchberg,2933,SH,real,False,23.07.2024,2684649,1269519
102568112,10110811,502004878,Lindenhof,166.11,8454 Buchberg,2933,SH,real,False,23.07.2024,2683820,1268511
102568113,10120414,502004969,Bachstrasse,10.1,8454 Buchberg,2933,SH,real,False,23.07.2024,2684289,1269671
102568114,10161510,502004895,Gässliweg,4.1,8454 Buchberg,2933,SH,real,False,23.07.2024,2684243,1269732
102568115,10046605,502004923,Dorfstrasse,54.1,8454 Buchberg,2933,SH,real,False,23.07.2024,2684509,1269738
102568116,10110811,502004864,Lindenhof,166.12,8454 Buchberg,2933,SH,real,False,23.07.2024,2683753,1268543
102568117,10120414,502004968,Bachstrasse,10.2,8454 Buchberg,2933,SH,real,False,23.07.2024,2684277,1269674
102568118,10019564,502004781,Sandackerstrasse,4.2,8454 Buchberg,2933,SH,real,False,23.07.2024,2684616,1269513
102568119,10046605,502004938,Dorfstrasse,54.2,8454 Buchberg,2933,SH,real,False,23.07.2024,2684495,1269750
102568120,10110811,502004876,Lindenhof,166.13,8454 Buchberg,2933,SH,real,False,23.07.2024,2683757,1268485
102568121,10120414,502004967,Bachstrasse,3.1,8454 Buchberg,2933,SH,real,False,23.07.2024,2684331,1269711
102568122,10161510,502004894,Gässliweg,6.1,8454 Buchberg,2933,SH,real,False,23.07.2024,2684221,1269705
102568123,10046605,502004937,Dorfstrasse,55.1,8454 Buchberg,2933,SH,real,False,23.07.2024,2684423,1269703
102568124,10110811,502004862,Lindenhof,166.2,8454 Buchberg,2933,SH,real,False,23.07.2024,2684171,1268838
102568125,10019558,502004966,Bachweg,4.1,8454 Buchberg,2933,SH,real,False,23.07.2024,2684426,1269673
102568126,10161510,502004893,Gässliweg,6.2,8454 Buchberg,2933,SH,real,False,23.07.2024,2684239,1269729
102568127,10046605,502004920,Dorfstrasse,56.1,8454 Buchberg,2933,SH,real,False,23.07.2024,2684498,1269777
102568128,10110811,502004861,Lindenhof,166.3,8454 Buchberg,2933,SH,real,False,23.07.2024,2684346,1268715
102568129,10019558,502004965,Bachweg,4.2,8454 Buchberg,2933,SH,real,False,23.07.2024,2684423,1269687
102568130,10046605,502004919,Dorfstrasse,58.1,8454 Buchberg,2933,SH,real,False,23.07.2024,2684472,1269751
102568131,10019564,502004779,Sandackerstrasse,5.1,8454 Buchberg,2933,SH,real,False,23.07.2024,2684655,1269560
102568132,10110811,502004875,Lindenhof,166.4,8454 Buchberg,2933,SH,real,False,23.07.2024,2683946,1268852
102568133,10019558,502004964,Bachweg,8.1,8454 Buchberg,2933,SH,real,False,23.07.2024,2684387,1269684
102568135,10161510,502004892,Gässliweg,8.1,8454 Buchberg,2933,SH,real,False,23.07.2024,2684208,1269751
102568136,10019559,502004910,Erlistrasse,28.1,8454 Buchberg,2933,SH,real,False,23.07.2024,2684379,1269906
102568137,10046605,502004917,Dorfstrasse,66.1,8454 Buchberg,2933,SH,real,False,23.07.2024,2684353,1269745
102568138,10019558,502004963,Bachweg,8.2,8454 Buchberg,2933,SH,real,False,23.07.2024,2684368,1269639
102568139,10019564,502004778,Sandackerstrasse,7.1,8454 Buchberg,2933,SH,real,False,23.07.2024,2684654,1269563
102568140,10110811,502004859,Lindenhof,166.5,8454 Buchberg,2933,SH,real,False,23.07.2024,2683933,1268806
102568141,10046605,502004916,Dorfstrasse,72.1,8454 Buchberg,2933,SH,real,False,23.07.2024,2684305,1269757
102568142,10118141,502004962,Birkenstrasse,14.1,8454 Buchberg,2933,SH,real,False,23.07.2024,2684210,1270016
102568143,10165181,502004906,Hardlistieg,7.1,8454 Buchberg,2933,SH,real,False,23.07.2024,2683971,1269710
102568144,10178317,502004812,Püntstrasse,14.1,8454 Buchberg,2933,SH,real,False,23.07.2024,2684766,1269866
102568145,10046605,502004915,Dorfstrasse,83.1,8454 Buchberg,2933,SH,real,False,23.07.2024,2684262,1269654
102568146,10118141,502004961,Birkenstrasse,16.1,8454 Buchberg,2933,SH,real,False,23.07.2024,2684166,1270006
102568147,10019564,502004800,Sandackerstrasse,9.1,8454 Buchberg,2933,SH,real,False,23.07.2024,2684660,1269579
102568148,10110811,502004872,Lindenhof,166.6,8454 Buchberg,2933,SH,real,False,23.07.2024,2683846,1268717
102568149,10121169,502004824,Plattenstrasse,4.2,8454 Buchberg,2933,SH,real,False,23.07.2024,2684159,1270227
102568150,10118141,502004960,Birkenstrasse,20.1,8454 Buchberg,2933,SH,real,False,23.07.2024,2684118,1269974
102568151,10110811,502004857,Lindenhof,166.7,8454 Buchberg,2933,SH,real,False,23.07.2024,2683911,1268600
102568152,10165182,502004890,Hardliweg,7.1,8454 Buchberg,2933,SH,real,False,23.07.2024,2684065,1269730
102568153,10046605,502004914,Dorfstrasse,84.1,8454 Buchberg,2933,SH,real,False,23.07.2024,2684242,1269677
102568154,10118141,502004959,Birkenstrasse,8.1,8454 Buchberg,2933,SH,real,False,23.07.2024,2684264,1270022
102568155,10121169,502004823,Plattenstrasse,4.3,8454 Buchberg,2933,SH,real,False,23.07.2024,2684281,1270272
102568156,10161512,502004904,Hohlegasse,10.1,8454 Buchberg,2933,SH,real,False,23.07.2024,2684445,1269629
102568157,10110811,502004856,Lindenhof,166.8,8454 Buchberg,2933,SH,real,False,23.07.2024,2683947,1268517
102568158,10178316,502004758,Birkenweg,2.1,8454 Buchberg,2933,SH,real,False,23.07.2024,2684293,1270026
102568159,10206284,502004789,Sandackerweg,1.1,8454 Buchberg,2933,SH,real,False,23.07.2024,2684556,1269509
102568160,10046605,502004913,Dorfstrasse,89.1,8454 Buchberg,2933,SH,real,False,23.07.2024,2684253,1269616
102568161,10110811,502004855,Lindenhof,166.9,8454 Buchberg,2933,SH,real,False,23.07.2024,2683755,1268644
102568162,10178316,502004750,Birkenweg,3.1,8454 Buchberg,2933,SH,real,False,23.07.2024,2684261,1270039
102568163,10161512,502004901,Hohlegasse,11.1,8454 Buchberg,2933,SH,real,False,23.07.2024,2684459,1269547
102568164,10121169,502004821,Plattenstrasse,4.4,8454 Buchberg,2933,SH,real,False,23.07.2024,2684190,1270345
102568165,10161514,502004854,Lochgasse,4.1,8454 Buchberg,2933,SH,real,False,23.07.2024,2684247,1269753
102568166,10178316,502004742,Birkenweg,4.1,8454 Buchberg,2933,SH,real,False,23.07.2024,2684302,1270059
102568167,10169252,502004787,Seglerweg,4.1,8454 Buchberg,2933,SH,real,False,23.07.2024,2684550,1269650
102568168,10165734,502004853,Länggstrasse,1.1,8454 Buchberg,2933,SH,real,False,23.07.2024,2684177,1269614
102568169,10046605,502004912,Dorfstrasse,97.1,8454 Buchberg,2933,SH,real,False,23.07.2024,2684189,1269643
102568170,10073651,502004756,Bodenstrasse,19.1,8454 Buchberg,2933,SH,real,False,23.07.2024,2684261,1269821
102568171,10161512,502004886,Hohlegasse,16.1,8454 Buchberg,2933,SH,real,False,23.07.2024,2684431,1269530
102568172,10165734,502004852,Länggstrasse,27.1,8454 Buchberg,2933,SH,real,False,23.07.2024,2683881,1269354
102568173,10121169,502004804,Plattenstrasse,4.5,8454 Buchberg,2933,SH,real,False,23.07.2024,2683919,1270461
102568174,10073651,502004753,Bodenstrasse,6.1,8454 Buchberg,2933,SH,real,False,23.07.2024,2684315,1269855
102568175,10161512,502004885,Hohlegasse,22.1,8454 Buchberg,2933,SH,real,False,23.07.2024,2684453,1269516
102568176,10165734,502004851,Länggstrasse,27.10,8454 Buchberg,2933,SH,real,False,23.07.2024,2683778,1269228
102568177,10246046,502004746,Eggholz,1.1,8455 Rüdlingen,2933,SH,real,False,23.07.2024,2686558,1272554
102568178,10073654,502004772,Sonnhalde,161.2,8454 Buchberg,2933,SH,real,False,23.07.2024,2684534,1268967
102568179,10165178,502004953,Bodenweg,16.1,8454 Buchberg,2933,SH,real,False,23.07.2024,2684196,1269728
102568180,10165734,502004871,Länggstrasse,27.11,8454 Buchberg,2933,SH,real,False,23.07.2024,2683831,1269158
102568181,10165178,502004952,Bodenweg,2.1,8454 Buchberg,2933,SH,real,False,23.07.2024,2684188,1269675
102568182,10121169,502004816,Plattenstrasse,4.6,8454 Buchberg,2933,SH,real,False,23.07.2024,2683781,1270442
102568183,10161512,502004900,Hohlegasse,28.1,8454 Buchberg,2933,SH,real,False,23.07.2024,2684468,1269416
102568184,10165734,502004849,Länggstrasse,27.12,8454 Buchberg,2933,SH,real,False,23.07.2024,2683709,1269088
102568185,10019559,502004928,Erlistrasse,1.1,8454 Buchberg,2933,SH,real,False,23.07.2024,2684554,1269756
102568186,10165178,502004951,Bodenweg,2.2,8454 Buchberg,2933,SH,real,False,23.07.2024,2684232,1269668
102568187,10073654,502004771,Sonnhalde,161.3,8454 Buchberg,2933,SH,real,False,23.07.2024,2684516,1268932
102568188,10165734,502004869,Länggstrasse,27.13,8454 Buchberg,2933,SH,real,False,23.07.2024,2683695,1269062
102568189,10178317,502004802,Püntstrasse,13.1,8454 Buchberg,2933,SH,real,False,23.07.2024,2684759,1269920
102568190,10165178,502004950,Bodenweg,2.3,8454 Buchberg,2933,SH,real,False,23.07.2024,2684237,1269677
102568191,10161512,502004883,Hohlegasse,7.1,8454 Buchberg,2933,SH,real,False,23.07.2024,2684465,1269668
102568192,10165734,502004865,Länggstrasse,27.14,8454 Buchberg,2933,SH,real,False,23.07.2024,2683644,1268987
102568193,10019559,502004909,Erlistrasse,32.1,8454 Buchberg,2933,SH,real,False,23.07.2024,2684348,1269938
102568194,10165178,502004949,Bodenweg,6.1,8454 Buchberg,2933,SH,real,False,23.07.2024,2684225,1269687
102568195,10073654,502004780,Sonnhalde,161.4,8454 Buchberg,2933,SH,real,False,23.07.2024,2684483,1268940
102568196,10165734,502004863,Länggstrasse,27.15,8454 Buchberg,2933,SH,real,False,23.07.2024,2683523,1268885
102568197,10161509,502004752,Bruggweg,3.1,8454 Buchberg,2933,SH,real,False,23.07.2024,2684541,1269864
102568198,10019559,502004927,Erlistrasse,33.1,8454 Buchberg,2933,SH,real,False,23.07.2024,2684356,1269885
102568199,10073652,502004882,Hurbigstrasse,1.1,8454 Buchberg,2933,SH,real,False,23.07.2024,2684453,1269865
102568200,10165734,502004845,Länggstrasse,27.2,8454 Buchberg,2933,SH,real,False,23.07.2024,2683856,1269346
102568201,10246045,502004745,Buchbergerstrasse,1.1,8455 Rüdlingen,2933,SH,real,False,23.07.2024,2683854,1271483
102568202,10169250,502004809,Püntweg,2.1,8454 Buchberg,2933,SH,real,False,23.07.2024,2684723,1269885
102568203,10122738,502004769,Tannwald,165.1,8454 Buchberg,2933,SH,real,False,23.07.2024,2683122,1270304
102568204,10165734,502004860,Länggstrasse,27.3,8454 Buchberg,2933,SH,real,False,23.07.2024,2683949,1269261
102568205,10246045,502004744,Buchbergerstrasse,1.2,8455 Rüdlingen,2933,SH,real,False,23.07.2024,2683652,1271605
102568206,10073652,502004881,Hurbigstrasse,11.1,8454 Buchberg,2933,SH,real,False,23.07.2024,2684394,1269985
102568207,10019559,502004907,Erlistrasse,37.1,8454 Buchberg,2933,SH,real,False,23.07.2024,2684276,1269891
102568208,10165734,502004858,Länggstrasse,27.4,8454 Buchberg,2933,SH,real,False,23.07.2024,2683999,1269266
102568209,10246045,502004747,Buchbergerstrasse,1.3,8455 Rüdlingen,2933,SH,real,False,23.07.2024,2684160,1272258
102568210,10073652,502004880,Hurbigstrasse,12.1,8454 Buchberg,2933,SH,real,False,23.07.2024,2684448,1269933
102568211,10073653,502004799,Risi,169.1,8454 Buchberg,2933,SH,real,False,23.07.2024,2682695,1270010
102568212,10165734,502004850,Länggstrasse,27.5,8454 Buchberg,2933,SH,real,False,23.07.2024,2684039,1269298
102568213,10165734,502004848,Länggstrasse,27.7,8454 Buchberg,2933,SH,real,False,23.07.2024,2684074,1269328
102568214,10122738,502004768,Tannwald,165.2,8454 Buchberg,2933,SH,real,False,23.07.2024,2683098,1270299
102568215,10019559,502004926,Erlistrasse,46.1,8454 Buchberg,2933,SH,real,False,23.07.2024,2684185,1269927
102568216,10165734,502004841,Länggstrasse,27.6,8454 Buchberg,2933,SH,real,False,23.07.2024,2684013,1269470
102568217,10165734,502004847,Länggstrasse,27.8,8454 Buchberg,2933,SH,real,False,23.07.2024,2683934,1269217
102568218,10073652,502004879,Hurbigstrasse,18.1,8454 Buchberg,2933,SH,real,False,23.07.2024,2684429,1269984
102568219,10073653,502004798,Risi,169.2,8454 Buchberg,2933,SH,real,False,23.07.2024,2682650,1269985
102568220,10046605,502004947,Dorfstrasse,103.1,8454 Buchberg,2933,SH,real,False,23.07.2024,2684103,1269623
102568221,10165734,502004846,Länggstrasse,27.9,8454 Buchberg,2933,SH,real,False,23.07.2024,2684108,1269268
102568222,10073652,502004897,Hurbigstrasse,22.1,8454 Buchberg,2933,SH,real,False,23.07.2024,2684434,1270004
102568223,10019559,502004905,Erlistrasse,6.1,8454 Buchberg,2933,SH,real,False,23.07.2024,2684568,1269811
102568224,10046605,502004946,Dorfstrasse,103.2,8454 Buchberg,2933,SH,real,False,23.07.2024,2684087,1269633
102568225,10030808,502004837,Morgenackerstrasse,12.1,8454 Buchberg,2933,SH,real,False,23.07.2024,2684127,1269855
102568226,10073652,502004877,Hurbigstrasse,24.1,8454 Buchberg,2933,SH,real,False,23.07.2024,2684416,1270033
102568227,10073653,502004797,Risi,169.3,8454 Buchberg,2933,SH,real,False,23.07.2024,2682654,1270000
102568228,10046605,502004945,Dorfstrasse,103.3,8454 Buchberg,2933,SH,real,False,23.07.2024,2684065,1269501
102568229,10019561,502004836,Murkathof,1.1,8454 Buchberg,2933,SH,real,False,23.07.2024,2684364,1268166
102568230,10122738,502004776,Tannwald,165.4,8454 Buchberg,2933,SH,real,False,23.07.2024,2682655,1270649
102568231,10118356,502004922,Förlibuckstrasse,11.1,8454 Buchberg,2933,SH,real,False,23.07.2024,2684698,1270088
102568232,10046605,502004944,Dorfstrasse,108.1,8454 Buchberg,2933,SH,real,False,23.07.2024,2684001,1269687
102568233,10019561,502004835,Murkathof,1.2,8454 Buchberg,2933,SH,real,False,23.07.2024,2684209,1268429
102568234,10073652,502004896,Hurbigstrasse,24.2,8454 Buchberg,2933,SH,real,False,23.07.2024,2684414,1270038
102568235,10073653,502004796,Risi,169.4,8454 Buchberg,2933,SH,real,False,23.07.2024,2682698,1270240
102568236,10046605,502004943,Dorfstrasse,121.1,8454 Buchberg,2933,SH,real,False,23.07.2024,2683938,1269648
102568237,10019561,502004834,Murkathof,1.3,8454 Buchberg,2933,SH,real,False,23.07.2024,2684181,1268440
102568238,10122738,502004739,Tannwald,165.5,8454 Buchberg,2933,SH,real,False,23.07.2024,2683685,1270476
102568239,10118356,502004903,Förlibuckstrasse,26.1,8454 Buchberg,2933,SH,real,False,23.07.2024,2684674,1270143
102568240,10046605,502004942,Dorfstrasse,121.2,8454 Buchberg,2933,SH,real,False,23.07.2024,2683934,1269638
102568241,10019561,502004844,Murkathof,12.1,8454 Buchberg,2933,SH,real,False,23.07.2024,2684230,1268031
102568242,10073653,502004795,Risi,169.5,8454 Buchberg,2933,SH,real,False,23.07.2024,2682615,1270442
102568243,10019560,502004891,Hurbigweg,9.1,8454 Buchberg,2933,SH,real,False,23.07.2024,2684523,1269926
102568244,10046605,502004941,Dorfstrasse,17.1,8454 Buchberg,2933,SH,real,False,23.07.2024,2684753,1269756
102568245,10019561,502004832,Murkathof,12.2,8454 Buchberg,2933,SH,real,False,23.07.2024,2684216,1268030
102568246,10192058,502004743,Geeren,164.1,8455 Rüdlingen,2933,SH,real,False,23.07.2024,2683344,1270925
102568247,10122738,502004775,Tannwald,165.6,8454 Buchberg,2933,SH,real,False,23.07.2024,2682712,1270903
102568248,10019564,502004793,Sandackerstrasse,9.2,8454 Buchberg,2933,SH,real,False,23.07.2024,2684641,1269576
102568249,10019561,502004831,Murkathof,12.3,8454 Buchberg,2933,SH,real,False,23.07.2024,2684202,1268025
102568250,10019563,502004794,Risibuck,107.1,8454 Buchberg,2933,SH,real,False,23.07.2024,2683142,1269969
102568251,10165184,502004874,Hüglerstrasse,6.1,8454 Buchberg,2933,SH,real,False,23.07.2024,2684289,1269536
102568252,10046605,502004940,Dorfstrasse,19.1,8454 Buchberg,2933,SH,real,False,23.07.2024,2684705,1269734
102568253,10019561,502004830,Murkathof,12.4,8454 Buchberg,2933,SH,real,False,23.07.2024,2684200,1268017
102568254,10122738,502004763,Tannwald,165.7,8454 Buchberg,2933,SH,real,False,23.07.2024,2682769,1271124
102568255,10046605,502004958,Dorfstrasse,2.1,8454 Buchberg,2933,SH,real,False,23.07.2024,2684966,1269983
102568256,10192058,502004760,Geeren,164.2,8455 Rüdlingen,2933,SH,real,False,23.07.2024,2683361,1270928
102568257,10019561,502004829,Murkathof,14.1,8454 Buchberg,2933,SH,real,False,23.07.2024,2684186,1268035
102568258,10091227,502004873,Kindergartenstrasse,10.1,8454 Buchberg,2933,SH,real,False,23.07.2024,2684606,1269945
102568259,10019563,502004807,Risibuck,107.2,8454 Buchberg,2933,SH,real,False,23.07.2024,2683176,1269966
102568260,10161512,502004887,Hohlegasse,12.1,8454 Buchberg,2933,SH,real,False,23.07.2024,2684444,1269603
102568261,10019561,502004828,Murkathof,14.2,8454 Buchberg,2933,SH,real,False,23.07.2024,2684196,1268036
102568262,10122738,502004762,Tannwald,165.8,8454 Buchberg,2933,SH,real,False,23.07.2024,2682572,1271129
102568263,10192058,502004741,Geeren,164.3,8455 Rüdlingen,2933,SH,real,False,23.07.2024,2683357,1270951
102568264,10019561,502004827,Murkathof,14.3,8454 Buchberg,2933,SH,real,False,23.07.2024,2683781,1268067
102568265,10046605,502004957,Dorfstrasse,2.2,8454 Buchberg,2933,SH,real,False,23.07.2024,2684964,1269932
102568266,10169254,502004774,Unterbreitenstrasse,10.1,8454 Buchberg,2933,SH,real,False,23.07.2024,2684680,1269695
102568267,10019563,502004792,Risibuck,107.3,8454 Buchberg,2933,SH,real,False,23.07.2024,2683182,1269966
102568268,10019561,502004826,Murkathof,14.4,8454 Buchberg,2933,SH,real,False,23.07.2024,2683777,1268052
102568269,10046605,502004956,Dorfstrasse,2.3,8454 Buchberg,2933,SH,real,False,23.07.2024,2684971,1269895
102568270,10091227,502004888,Kindergartenstrasse,11.2,8454 Buchberg,2933,SH,real,False,23.07.2024,2684534,1269933
102568271,10192058,502004740,Geeren,164.4,8455 Rüdlingen,2933,SH,real,False,23.07.2024,2683306,1270947
102568272,10019561,502004843,Murkathof,14.5,8454 Buchberg,2933,SH,real,False,23.07.2024,2683920,1268461
102568273,10046605,502004936,Dorfstrasse,27.1,8454 Buchberg,2933,SH,real,False,23.07.2024,2684642,1269722
102568274,10169254,502004773,Unterbreitenstrasse,12.1,8454 Buchberg,2933,SH,real,False,23.07.2024,2684690,1269700
102568275,10019563,502004791,Risibuck,107.4,8454 Buchberg,2933,SH,real,False,23.07.2024,2683196,1270001
102568276,10019561,502004842,Murkathof,14.6,8454 Buchberg,2933,SH,real,False,23.07.2024,2683856,1268436
102568277,10046605,502004935,Dorfstrasse,27.2,8454 Buchberg,2933,SH,real,False,23.07.2024,2684625,1269690
102568278,10091227,502004870,Kindergartenstrasse,11.3,8454 Buchberg,2933,SH,real,False,23.07.2024,2684543,1269933
102568279,10192058,502004759,Geeren,164.5,8455 Rüdlingen,2933,SH,real,False,23.07.2024,2683367,1270923
102568280,10019561,502004840,Murkathof,14.7,8454 Buchberg,2933,SH,real,False,23.07.2024,2683821,1268407
102568281,10046605,502004955,Dorfstrasse,3.1,8454 Buchberg,2933,SH,real,False,23.07.2024,2684807,1269914
102568282,10169254,502004770,Unterbreitenstrasse,12.2,8454 Buchberg,2933,SH,real,False,23.07.2024,2684696,1269687
102568283,10019563,502004790,Risibuck,107.5,8454 Buchberg,2933,SH,real,False,23.07.2024,2683224,1270009
102568284,10019561,502004822,Murkathof,14.8,8454 Buchberg,2933,SH,real,False,23.07.2024,2683772,1268442
102568285,10046605,502004933,Dorfstrasse,3.2,8454 Buchberg,2933,SH,real,False,23.07.2024,2684813,1269883
102568286,10192058,502004738,Geeren,164.8,8455 Rüdlingen,2933,SH,real,False,23.07.2024,2683463,1270681
102568287,10091227,502004884,Kindergartenstrasse,15.1,8454 Buchberg,2933,SH,real,False,23.07.2024,2684573,1270038
102568288,10019561,502004839,Murkathof,2.1,8454 Buchberg,2933,SH,real,False,23.07.2024,2684315,1268163
102568289,10046605,502004932,Dorfstrasse,38.1,8454 Buchberg,2933,SH,real,False,23.07.2024,2684627,1269770
102568290,10019563,502004806,Risibuck,107.6,8454 Buchberg,2933,SH,real,False,23.07.2024,2683494,1270176
102568291,10169254,502004767,Unterbreitenstrasse,22.1,8454 Buchberg,2933,SH,real,False,23.07.2024,2684717,1269694
102568292,10019561,502004820,Murkathof,8.1,8454 Buchberg,2933,SH,real,False,23.07.2024,2684313,1267988
102568293,10046605,502004931,Dorfstrasse,4.1,8454 Buchberg,2933,SH,real,False,23.07.2024,2684829,1269995
102568294,10091227,502004868,Kindergartenstrasse,15.2,8454 Buchberg,2933,SH,real,False,23.07.2024,2684544,1270039
102568295,10161511,502004902,Gupfengasse,3.1,8454 Buchberg,2933,SH,real,False,23.07.2024,2684234,1269608
102568296,10019561,502004819,Murkathof,8.2,8454 Buchberg,2933,SH,real,False,23.07.2024,2684320,1267897
102568297,10046605,502004930,Dorfstrasse,4.2,8454 Buchberg,2933,SH,real,False,23.07.2024,2684801,1269974
102568298,10169256,502004757,Weihergasse,4.1,8454 Buchberg,2933,SH,real,False,23.07.2024,2684463,1269696
102568299,10019563,502004788,Risibuck,107.7,8454 Buchberg,2933,SH,real,False,23.07.2024,2683507,1270183
102568300,10019562,502004818,Murkatstrasse,31.1,8454 Buchberg,2933,SH,real,False,23.07.2024,2684566,1269416
102568301,10046605,502004929,Dorfstrasse,42.1,8454 Buchberg,2933,SH,real,False,23.07.2024,2684589,1269753
102568302,10169248,502004737,Kleinert,130.1,8455 Rüdlingen,2933,SH,real,False,23.07.2024,2683277,1271003
102568303,10019562,502004817,Murkatstrasse,31.2,8454 Buchberg,2933,SH,real,False,23.07.2024,2684811,1269316
102568304,10161511,502004921,Gupfengasse,5.1,8454 Buchberg,2933,SH,real,False,23.07.2024,2684217,1269613
102568305,10046605,502004954,Dorfstrasse,43.1,8454 Buchberg,2933,SH,real,False,23.07.2024,2684522,1269697
102568306,10091228,502004766,Wieswandstrasse,10.1,8454 Buchberg,2933,SH,real,False,23.07.2024,2684678,1269611
102568307,10169249,502004838,Oberbreitenstrasse,15.1,8454 Buchberg,2933,SH,real,False,23.07.2024,2684661,1269965
102568308,10019563,502004805,Risibuck,107.8,8454 Buchberg,2933,SH,real,False,23.07.2024,2683194,1269394
102568309,10046605,502004948,Dorfstrasse,43.2,8454 Buchberg,2933,SH,real,False,23.07.2024,2684516,1269688
102568310,10110811,502004867,Lindenhof,166.1,8454 Buchberg,2933,SH,real,False,23.07.2024,2684209,1268926
102568311,10169249,502004815,Oberbreitenstrasse,21.1,8454 Buchberg,2933,SH,real,False,23.07.2024,2684653,1270014
102568312,10046605,502004939,Dorfstrasse,51.1,8454 Buchberg,2933,SH,real,False,23.07.2024,2684430,1269719
102568313,10161511,502004918,Gupfengasse,5.2,8454 Buchberg,2933,SH,real,False,23.07.2024,2684219,1269602
102568314,10110811,502004866,Lindenhof,166.10,8454 Buchberg,2933,SH,real,False,23.07.2024,2683783,1268587
102568315,10169249,502004814,Oberbreitenstrasse,23.1,8454 Buchberg,2933,SH,real,False,23.07.2024,2684649,1270032
102568316,10165180,502004899,Gupfenweg,1.1,8454 Buchberg,2933,SH,real,False,23.07.2024,2684189,1269637
102568317,10121169,502004825,Plattenstrasse,2.1,8454 Buchberg,2933,SH,real,False,23.07.2024,2684202,1270061
102568318,10091228,502004754,Wieswandstrasse,16.1,8454 Buchberg,2933,SH,real,False,23.07.2024,2684765,1269612
102568319,10169249,502004813,Oberbreitenstrasse,25.1,8454 Buchberg,2933,SH,real,False,23.07.2024,2684666,1270083
102568320,10019564,502004803,Sandackerstrasse,17.1,8454 Buchberg,2933,SH,real,False,23.07.2024,2684705,1269559
102568321,10121169,502004808,Plattenstrasse,4.1,8454 Buchberg,2933,SH,real,False,23.07.2024,2684204,1270148
102568322,10091228,502004765,Wieswandstrasse,4.1,8454 Buchberg,2933,SH,real,False,23.07.2024,2684637,1269597
102568323,10169249,502004833,Oberbreitenstrasse,3.1,8454 Buchberg,2933,SH,real,False,23.07.2024,2684598,1269792
102568324,10165180,502004898,Gupfenweg,1.2,8454 Buchberg,2933,SH,real,False,23.07.2024,2684214,1269638
102568325,10019564,502004786,Sandackerstrasse,10.1,8454 Buchberg,2933,SH,real,False,23.07.2024,2684701,1269522
102568326,10091228,502004764,Wieswandstrasse,7.1,8454 Buchberg,2933,SH,real,False,23.07.2024,2684666,1269661
102568327,10169249,502004811,Oberbreitenstrasse,5.1,8454 Buchberg,2933,SH,real,False,23.07.2024,2684608,1269791
102568328,10019564,502004784,Sandackerstrasse,23.1,8454 Buchberg,2933,SH,real,False,23.07.2024,2684750,1269567
102568329,10019564,502004801,Sandackerstrasse,4.3,8454 Buchberg,2933,SH,real,False,23.07.2024,2684628,1269495
102568330,10091228,502004751,Wieswandstrasse,8.1,8454 Buchberg,2933,SH,real,False,23.07.2024,2684683,1269588
102568331,10169249,502004810,Oberbreitenstrasse,5.2,8454 Buchberg,2933,SH,real,False,23.07.2024,2684587,1269841
102568332,10019564,502004783,Sandackerstrasse,23.2,8454 Buchberg,2933,SH,real,False,23.07.2024,2684782,1269529
102568333,10169258,502004761,Winkelweg,10.1,8454 Buchberg,2933,SH,real,False,23.07.2024,2684360,1269805
102568334,10073654,502004785,Sonnhalde,161.1,8454 Buchberg,2933,SH,real,False,23.07.2024,2684621,1268949
102568335,10046605,502004925,Dorfstrasse,52.1,8454 Buchberg,2933,SH,real,False,23.07.2024,2684527,1269746
102568336,10165180,502004911,Gupfenweg,12.1,8454 Buchberg,2933,SH,real,False,23.07.2024,2684103,1269442
102568337,10169258,502004749,Winkelweg,10.2,8454 Buchberg,2933,SH,real,False,23.07.2024,2684371,1269819
102568338,10122738,502004777,Tannwald,165.3,8454 Buchberg,2933,SH,real,False,23.07.2024,2683018,1270229
102568339,10165180,502004908,Gupfenweg,6.1,8454 Buchberg,2933,SH,real,False,23.07.2024,2684183,1269630
102568340,10091227,502004889,Kindergartenstrasse,11.1,8454 Buchberg,2933,SH,real,False,23.07.2024,2684542,1269922
102568341,10091228,502004755,Wieswandstrasse,10.2,8454 Buchberg,2933,SH,real,False,23.07.2024,2684678,1269597
102570333,10195244,502005030,Undergass,3.2,8219 Trasadingen,2973,SH,real,False,23.07.2024,2674659,1280117
102570334,10031517,502005154,Dorfstrasse,10.1,8219 Trasadingen,2973,SH,real,False,23.07.2024,2674647,1280204
102570335,10031520,502005048,Talhof,1.27,8219 Trasadingen,2973,SH,real,False,23.07.2024,2673727,1280986
102570336,10031523,502004990,Zollstrasse,18.1,8219 Trasadingen,2973,SH,real,False,23.07.2024,2674712,1279732
102570337,10195244,502005029,Undergass,3.3,8219 Trasadingen,2973,SH,real,False,23.07.2024,2674664,1280127
102570338,10031517,502005153,Dorfstrasse,10.2,8219 Trasadingen,2973,SH,real,False,23.07.2024,2674652,1280213
102570339,10031520,502005047,Talhof,1.28,8219 Trasadingen,2973,SH,real,False,23.07.2024,2673618,1280371
102570340,10121181,502005121,Gass,8.1,8219 Trasadingen,2973,SH,real,False,23.07.2024,2674360,1280331
102570341,10195244,502005028,Undergass,5.1,8219 Trasadingen,2973,SH,real,False,23.07.2024,2674669,1280108
102570342,10031520,502005046,Talhof,1.29,8219 Trasadingen,2973,SH,real,False,23.07.2024,2673539,1280452
102570343,10031517,502005152,Dorfstrasse,10.3,8219 Trasadingen,2973,SH,real,False,23.07.2024,2674656,1280212
102570344,10195244,502005027,Undergass,5.2,8219 Trasadingen,2973,SH,real,False,19.11.2024,2674685,1280101
102570345,10031523,502004989,Zollstrasse,20.1,8219 Trasadingen,2973,SH,real,False,23.07.2024,2674684,1279734
102570346,10031520,502005045,Talhof,1.3,8219 Trasadingen,2973,SH,real,False,23.07.2024,2673910,1280635
102570347,10195244,502005026,Undergass,7.1,8219 Trasadingen,2973,SH,real,False,23.07.2024,2674710,1280060
102570348,10031517,502005151,Dorfstrasse,10.4,8219 Trasadingen,2973,SH,real,False,23.07.2024,2674659,1280210
102570350,10195244,502005025,Undergass,7.2,8219 Trasadingen,2973,SH,real,False,23.07.2024,2674717,1280093
102570351,10031517,502005150,Dorfstrasse,10.5,8219 Trasadingen,2973,SH,real,False,23.07.2024,2674660,1280203
102570352,10031523,502004988,Zollstrasse,20.2,8219 Trasadingen,2973,SH,real,False,23.07.2024,2674686,1279728
102570353,10031520,502005044,Talhof,1.30,8219 Trasadingen,2973,SH,real,False,23.07.2024,2673841,1281845
102570354,10179765,502005024,Vortag,140b.1,8219 Trasadingen,2973,SH,real,False,23.07.2024,2674726,1280476
102570355,10031523,502004987,Zollstrasse,21.1,8219 Trasadingen,2973,SH,real,False,23.07.2024,2674693,1279590
102570356,10031517,502005149,Dorfstrasse,10.6,8219 Trasadingen,2973,SH,real,False,23.07.2024,2674663,1280208
102570357,10031520,502005043,Talhof,1.4,8219 Trasadingen,2973,SH,real,False,23.07.2024,2673922,1280682
102570358,10179765,502005023,Vortag,140b.2,8219 Trasadingen,2973,SH,real,False,23.07.2024,2674758,1280465
102570360,10031517,502005148,Dorfstrasse,11.1,8219 Trasadingen,2973,SH,real,False,23.07.2024,2674530,1280212
102570361,10031520,502005042,Talhof,1.5,8219 Trasadingen,2973,SH,real,False,23.07.2024,2673941,1280695
102570362,10179765,502005022,Vortag,140b.3,8219 Trasadingen,2973,SH,real,False,23.07.2024,2674723,1280479
102570363,10031523,502004985,Zollstrasse,25.1,8219 Trasadingen,2973,SH,real,False,23.07.2024,2674632,1279537
102570364,10031517,502005147,Dorfstrasse,17.1,8219 Trasadingen,2973,SH,real,False,23.07.2024,2674515,1280215
102570365,10031520,502005041,Talhof,1.6,8219 Trasadingen,2973,SH,real,False,23.07.2024,2673880,1280659
102570366,10179765,502005021,Vortag,140b.4,8219 Trasadingen,2973,SH,real,False,23.07.2024,2674786,1280463
102570367,10031523,502004984,Zollstrasse,26.1,8219 Trasadingen,2973,SH,real,False,23.07.2024,2674704,1279673
102570368,10031517,502005146,Dorfstrasse,18.1,8219 Trasadingen,2973,SH,real,False,23.07.2024,2674429,1280232
102570369,10031520,502005040,Talhof,1.7,8219 Trasadingen,2973,SH,real,False,23.07.2024,2673901,1280715
102570370,10179765,502005019,Vortag,5.2,8219 Trasadingen,2973,SH,real,False,23.07.2024,2674713,1280402
102570371,10031517,502005145,Dorfstrasse,27.1,8219 Trasadingen,2973,SH,real,False,23.07.2024,2674469,1280236
102570372,10031523,502004983,Zollstrasse,27.1,8219 Trasadingen,2973,SH,real,False,23.07.2024,2674640,1279530
102570373,10031520,502005039,Talhof,1.8,8219 Trasadingen,2973,SH,real,False,23.07.2024,2673859,1280600
102570375,10179765,502005018,Vortag,5.3,8219 Trasadingen,2973,SH,real,False,23.07.2024,2674704,1280413
102570376,10031523,502004982,Zollstrasse,28.1,8219 Trasadingen,2973,SH,real,False,23.07.2024,2674701,1279668
102570377,10179765,502005020,Vortag,5.4,8219 Trasadingen,2973,SH,real,False,23.07.2024,2674701,1280408
102570378,10031520,502005038,Talhof,1.9,8219 Trasadingen,2973,SH,real,False,19.11.2024,2673858,1280563
102570379,10031517,502005143,Dorfstrasse,33b.1,8219 Trasadingen,2973,SH,real,False,23.07.2024,2674517,1280170
102570380,10031523,502004981,Zollstrasse,3.1,8219 Trasadingen,2973,SH,real,False,23.07.2024,2674892,1279820
102570381,10179765,502005017,Vortag,6.1,8219 Trasadingen,2973,SH,real,False,23.07.2024,2674765,1280429
102570382,10031517,502005142,Dorfstrasse,40.1,8219 Trasadingen,2973,SH,real,False,23.07.2024,2674534,1280112
102570383,10031521,502005037,Talstrasse,1.1,8219 Trasadingen,2973,SH,real,False,23.07.2024,2674164,1280276
102570384,10031523,502004980,Zollstrasse,36.1,8219 Trasadingen,2973,SH,real,False,23.07.2024,2674618,1279571
102570385,10031517,502005141,Dorfstrasse,42.1,8219 Trasadingen,2973,SH,real,False,23.07.2024,2674547,1280110
102570386,10031523,502004979,Zollstrasse,38.1,8219 Trasadingen,2973,SH,real,False,23.07.2024,2674621,1279563
102570387,10179765,502005016,Vortag,6.2,8219 Trasadingen,2973,SH,real,False,23.07.2024,2674795,1280437
102570388,10031521,502005036,Talstrasse,5.1,8219 Trasadingen,2973,SH,real,False,23.07.2024,2674059,1280321
102570389,10031523,502004978,Zollstrasse,4.1,8219 Trasadingen,2973,SH,real,False,23.07.2024,2675181,1279994
102570390,10031517,502005140,Dorfstrasse,6.1,8219 Trasadingen,2973,SH,real,False,23.07.2024,2674664,1280176
102570391,10179765,502005015,Vortag,6.3,8219 Trasadingen,2973,SH,real,False,23.07.2024,2674792,1280461
102570392,10031521,502005035,Talstrasse,5.2,8219 Trasadingen,2973,SH,real,False,23.07.2024,2673830,1280362
102570393,10031517,502005139,Dorfstrasse,7.1,8219 Trasadingen,2973,SH,real,False,23.07.2024,2674542,1280188
102570394,10179765,502005014,Vortag,6.4,8219 Trasadingen,2973,SH,real,False,23.07.2024,2674832,1280438
102570395,10031523,502004977,Zollstrasse,4.2,8219 Trasadingen,2973,SH,real,False,23.07.2024,2675183,1280126
102570396,10195244,502005034,Undergass,1.1,8219 Trasadingen,2973,SH,real,False,23.07.2024,2674629,1280148
102570397,10031517,502005138,Dorfstrasse,7.2,8219 Trasadingen,2973,SH,real,False,23.07.2024,2674562,1280179
102570398,10179765,502005013,Vortag,6.5,8219 Trasadingen,2973,SH,real,False,23.07.2024,2674825,1280503
102570399,10195244,502005033,Undergass,13.1,8219 Trasadingen,2973,SH,real,False,23.07.2024,2674760,1280011
102570400,10031523,502004976,Zollstrasse,6.1,8219 Trasadingen,2973,SH,real,False,23.07.2024,2674908,1279985
102570401,10130593,502005137,Friedhofweg,11.1,8219 Trasadingen,2973,SH,real,False,23.07.2024,2674583,1280547
102570402,10179765,502005012,Vortag,6.6,8219 Trasadingen,2973,SH,real,False,23.07.2024,2674983,1280683
102570403,10031523,502004975,Zollstrasse,8.1,8219 Trasadingen,2973,SH,real,False,23.07.2024,2674819,1279899
102570404,10195244,502005032,Undergass,17.1,8219 Trasadingen,2973,SH,real,False,23.07.2024,2674839,1279971
102570405,10091401,502005081,Rütihof,1.11,8219 Trasadingen,2973,SH,real,False,23.07.2024,2673426,1280544
102570406,10073111,502005011,Wassergass,224a.1,8219 Trasadingen,2973,SH,real,False,23.07.2024,2674085,1280441
102570407,10091399,502005191,Ackerweg,3.1,8219 Trasadingen,2973,SH,real,False,23.07.2024,2674472,1280074
102570408,10195244,502005031,Undergass,3.1,8219 Trasadingen,2973,SH,real,False,23.07.2024,2674649,1280132
102570409,10091401,502005080,Rütihof,1.2,8219 Trasadingen,2973,SH,real,False,23.07.2024,2673204,1280186
102570411,10073108,502005190,Am Buck,1.1,8219 Trasadingen,2973,SH,real,False,23.07.2024,2674459,1280312
102570412,10091401,502005079,Rütihof,1.3,8219 Trasadingen,2973,SH,real,False,23.07.2024,2673232,1280162
102570413,10031518,502005084,Rebweg,9.1,8219 Trasadingen,2973,SH,real,False,23.07.2024,2674455,1280378
102570414,10073111,502005009,Wassergass,224a.3,8219 Trasadingen,2973,SH,real,False,23.07.2024,2674097,1280552
102570415,10073108,502005189,Am Buck,6.1,8219 Trasadingen,2973,SH,real,False,23.07.2024,2674472,1280289
102570416,10091401,502005078,Rütihof,1.4,8219 Trasadingen,2973,SH,real,False,23.07.2024,2673229,1280190
102570417,10091401,502005083,Rütihof,1.1,8219 Trasadingen,2973,SH,real,False,23.07.2024,2673177,1280185
102570418,10073111,502005008,Wassergass,224a.4,8219 Trasadingen,2973,SH,real,False,23.07.2024,2674149,1280615
102570419,10073108,502005188,Am Buck,75.1,8219 Trasadingen,2973,SH,real,False,23.07.2024,2674524,1280325
102570420,10091401,502005077,Rütihof,1.5,8219 Trasadingen,2973,SH,real,False,23.07.2024,2673221,1280225
102570421,10091401,502005082,Rütihof,1.10,8219 Trasadingen,2973,SH,real,False,23.07.2024,2673538,1280375
102570422,10073111,502005007,Wassergass,3.1,8219 Trasadingen,2973,SH,real,False,23.07.2024,2674282,1280305
102570423,10073108,502005187,Am Buck,9.1,8219 Trasadingen,2973,SH,real,False,23.07.2024,2674466,1280354
102570424,10091401,502005076,Rütihof,1.6,8219 Trasadingen,2973,SH,real,False,23.07.2024,2673224,1280226
102570425,10073110,502005119,Gässli,5.1,8219 Trasadingen,2973,SH,real,False,23.07.2024,2674377,1280198
102570426,10073111,502005006,Wassergass,4.1,8219 Trasadingen,2973,SH,real,False,23.07.2024,2674270,1280359
102570427,10193646,502005186,Am Gässli,1.1,8219 Trasadingen,2973,SH,real,False,23.07.2024,2674236,1280306
102570428,10091401,502005075,Rütihof,1.7,8219 Trasadingen,2973,SH,real,False,23.07.2024,2673239,1280218
102570430,10073111,502005005,Wassergass,4.2,8219 Trasadingen,2973,SH,real,False,23.07.2024,2674281,1280354
102570431,10193646,502005185,Am Gässli,3.1,8219 Trasadingen,2973,SH,real,False,23.07.2024,2674274,1280299
102570432,10091401,502005074,Rütihof,1.8,8219 Trasadingen,2973,SH,real,False,23.07.2024,2673407,1280385
102570433,10073110,502005117,Gässli,5.3,8219 Trasadingen,2973,SH,real,False,23.07.2024,2674368,1280167
102570434,10073111,502005004,Wassergass,8.1,8219 Trasadingen,2973,SH,real,False,23.07.2024,2674207,1280382
102570435,10091401,502005073,Rütihof,1.9,8219 Trasadingen,2973,SH,real,False,23.07.2024,2673503,1280380
102570436,10073109,502005184,Berghof,1.1,8219 Trasadingen,2973,SH,real,False,23.07.2024,2672962,1280746
102570437,10073110,502005116,Gässli,7.1,8219 Trasadingen,2973,SH,real,False,23.07.2024,2674326,1280205
102570439,10031519,502005072,Schiltenbach,3.1,8219 Trasadingen,2973,SH,real,False,23.07.2024,2674695,1279675
102570440,10091400,502005115,Hirschgass,10.2,8219 Trasadingen,2973,SH,real,False,23.07.2024,2674629,1280269
102570441,10073109,502005183,Berghof,1.2,8219 Trasadingen,2973,SH,real,False,23.07.2024,2672919,1280718
102570442,10073111,502005003,Wassergass,8.2,8219 Trasadingen,2973,SH,real,False,23.07.2024,2674208,1280385
102570443,10031519,502005071,Schiltenbach,3.2,8219 Trasadingen,2973,SH,real,False,23.07.2024,2674687,1279703
102570444,10091400,502005114,Hirschgass,3.1,8219 Trasadingen,2973,SH,real,False,23.07.2024,2674575,1280264
102570445,10130593,502005135,Friedhofweg,11.2,8219 Trasadingen,2973,SH,real,False,23.07.2024,2674563,1280587
102570446,10073109,502005182,Berghof,1.3,8219 Trasadingen,2973,SH,real,False,23.07.2024,2672923,1280704
102570447,10031519,502005070,Schiltenbach,3.3,8219 Trasadingen,2973,SH,real,False,23.07.2024,2674694,1279706
102570448,10091400,502005113,Hirschgass,5.1,8219 Trasadingen,2973,SH,real,False,23.07.2024,2674598,1280315
102570449,10031522,502005002,Zinggen,3.1,8219 Trasadingen,2973,SH,real,False,23.07.2024,2674468,1280127
102570450,10073109,502005181,Berghof,1.4,8219 Trasadingen,2973,SH,real,False,23.07.2024,2672886,1280921
102570451,10091402,502005069,Schleipfistrasse,2.1,8219 Trasadingen,2973,SH,real,False,23.07.2024,2674330,1280328
102570452,10179764,502005112,Ifang,2.1,8219 Trasadingen,2973,SH,real,False,23.07.2024,2674335,1280131
102570453,10130593,502005134,Friedhofweg,11.3,8219 Trasadingen,2973,SH,real,False,23.07.2024,2674483,1280563
102570454,10073109,502005180,Berghof,1.5,8219 Trasadingen,2973,SH,real,False,23.07.2024,2673142,1280573
102570455,10180895,502004973,Sonnenhof,1.2,8217 Wilchingen,2973,SH,real,False,23.07.2024,2675794,1279093
102570456,10179764,502005111,Ifang,8.1,8219 Trasadingen,2973,SH,real,False,23.07.2024,2674271,1280177
102570457,10031522,502005001,Zinggen,4.1,8219 Trasadingen,2973,SH,real,False,23.07.2024,2674364,1280127
102570458,10073109,502005179,Berghof,1.6,8219 Trasadingen,2973,SH,real,False,23.07.2024,2672740,1280863
102570459,10180895,502004974,Sonnenhof,1.3,8217 Wilchingen,2973,SH,real,False,23.07.2024,2675740,1279084
102570460,10130593,502005133,Friedhofweg,11.4,8219 Trasadingen,2973,SH,real,False,23.07.2024,2674597,1280675
102570461,10147321,502005110,Ifangweg,1.1,8219 Trasadingen,2973,SH,real,False,23.07.2024,2674232,1280271
102570462,10073109,502005178,Berghof,1.7,8219 Trasadingen,2973,SH,real,False,23.07.2024,2673403,1281209
102570463,10180895,502004972,Sonnenhof,225a.1,8217 Wilchingen,2973,SH,real,False,23.07.2024,2675728,1279112
102570464,10031522,502005000,Zinggen,9.1,8219 Trasadingen,2973,SH,real,False,23.07.2024,2674330,1280075
102570465,10147321,502005109,Ifangweg,3.1,8219 Trasadingen,2973,SH,real,False,23.07.2024,2674218,1280222
102570466,10031516,502005177,Bettenstrasse,13.1,8219 Trasadingen,2973,SH,real,False,23.07.2024,2674774,1279854
102570467,10180895,502005068,Sonnenhof,225a.1,8219 Trasadingen,2973,SH,real,False,23.07.2024,2675200,1279122
102570468,10130593,502005132,Friedhofweg,11.5,8219 Trasadingen,2973,SH,real,False,23.07.2024,2674605,1280712
102570469,10147321,502005108,Ifangweg,5.1,8219 Trasadingen,2973,SH,real,False,23.07.2024,2674208,1280201
102570470,10180895,502004971,Sonnenhof,225a.2,8217 Wilchingen,2973,SH,real,False,23.07.2024,2675811,1279105
102570471,10031516,502005176,Bettenstrasse,16.1,8219 Trasadingen,2973,SH,real,False,23.07.2024,2674771,1279822
102570472,10031523,502004999,Zollstrasse,1.1,8219 Trasadingen,2973,SH,real,False,23.07.2024,2674939,1279958
102570473,10177867,502005107,Langwis,11.1,8219 Trasadingen,2973,SH,real,False,23.07.2024,2674781,1280085
102570474,10031520,502005067,Talhof,1.1,8219 Trasadingen,2973,SH,real,False,23.07.2024,2673929,1280621
102570475,10031516,502005175,Bettenstrasse,16.2,8219 Trasadingen,2973,SH,real,False,23.07.2024,2674759,1279822
102570476,10177867,502005106,Langwis,11.2,8219 Trasadingen,2973,SH,real,False,23.07.2024,2674780,1280215
102570477,10130593,502005131,Friedhofweg,11.6,8219 Trasadingen,2973,SH,real,False,23.07.2024,2674552,1280731
102570478,10031520,502005066,Talhof,1.10,8219 Trasadingen,2973,SH,real,False,23.07.2024,2674017,1280752
102570479,10031516,502005174,Bettenstrasse,16.3,8219 Trasadingen,2973,SH,real,False,23.07.2024,2674765,1279830
102570480,10031523,502004998,Zollstrasse,1.2,8219 Trasadingen,2973,SH,real,False,23.07.2024,2674944,1279936
102570481,10031520,502005065,Talhof,1.11,8219 Trasadingen,2973,SH,real,False,23.07.2024,2673967,1280476
102570482,10177867,502005105,Langwis,13.1,8219 Trasadingen,2973,SH,real,False,23.07.2024,2674795,1280085
102570483,10145750,502005173,Bruedergass,11.1,8219 Trasadingen,2973,SH,real,False,23.07.2024,2674543,1280295
102570484,10130593,502005130,Friedhofweg,11.7,8219 Trasadingen,2973,SH,real,False,23.07.2024,2674628,1280784
102570485,10031520,502005064,Talhof,1.12,8219 Trasadingen,2973,SH,real,False,23.07.2024,2673902,1280820
102570486,10177867,502005104,Langwis,4.1,8219 Trasadingen,2973,SH,real,False,23.07.2024,2674819,1280014
102570487,10031523,502004997,Zollstrasse,1.3,8219 Trasadingen,2973,SH,real,False,23.07.2024,2674938,1279919
102570489,10031520,502005063,Talhof,1.13,8219 Trasadingen,2973,SH,real,False,23.07.2024,2673751,1280618
102570490,10130593,502005129,Friedhofweg,11.8,8219 Trasadingen,2973,SH,real,False,23.07.2024,2674431,1280761
102570491,10177867,502005103,Langwis,5a.1,8219 Trasadingen,2973,SH,real,False,23.07.2024,2674780,1280019
102570492,10145750,502005171,Bruedergass,13.1,8219 Trasadingen,2973,SH,real,False,23.07.2024,2674566,1280337
102570493,10031520,502005062,Talhof,1.14,8219 Trasadingen,2973,SH,real,False,23.07.2024,2674021,1280825
102570494,10031523,502004996,Zollstrasse,1.4,8219 Trasadingen,2973,SH,real,False,23.07.2024,2674960,1279943
102570495,10177867,502005102,Langwis,5b.1,8219 Trasadingen,2973,SH,real,False,23.07.2024,2674760,1280033
102570496,10053538,502005101,Lindenhof,1.1,8219 Trasadingen,2973,SH,real,False,23.07.2024,2674917,1279824
102570497,10130593,502005128,Friedhofweg,11.9,8219 Trasadingen,2973,SH,real,False,23.07.2024,2674564,1280807
102570498,10031520,502005061,Talhof,1.15,8219 Trasadingen,2973,SH,real,False,23.07.2024,2674151,1280622
102570499,10145750,502005170,Bruedergass,13.2,8219 Trasadingen,2973,SH,real,False,23.07.2024,2674579,1280313
102570500,10053538,502005100,Lindenhof,1.2,8219 Trasadingen,2973,SH,real,False,23.07.2024,2674900,1279812
102570501,10031523,502004995,Zollstrasse,1.5,8219 Trasadingen,2973,SH,real,False,23.07.2024,2674891,1279976
102570502,10145750,502005169,Bruedergass,2.1,8219 Trasadingen,2973,SH,real,False,23.07.2024,2674521,1280257
102570504,10145750,502005168,Bruedergass,2.2,8219 Trasadingen,2973,SH,real,False,23.07.2024,2674527,1280260
102570505,10053538,502005099,Lindenhof,1.3,8219 Trasadingen,2973,SH,real,False,23.07.2024,2674911,1279833
102570506,10130593,502005127,Friedhofweg,7.1,8219 Trasadingen,2973,SH,real,False,23.07.2024,2674556,1280437
102570507,10031520,502005059,Talhof,1.17,8219 Trasadingen,2973,SH,real,False,23.07.2024,2673896,1280428
102570508,10121181,502005126,Gass,2.1,8219 Trasadingen,2973,SH,real,False,23.07.2024,2674437,1280328
102570509,10187872,502005167,Chilstig,16.1,8219 Trasadingen,2973,SH,real,False,23.07.2024,2674304,1279882
102570510,10195242,502005098,Obergass,2.1,8219 Trasadingen,2973,SH,real,False,23.07.2024,2674676,1280266
102570511,10031520,502005058,Talhof,1.18,8219 Trasadingen,2973,SH,real,False,23.07.2024,2673787,1280846
102570512,10031523,502004994,Zollstrasse,11.1,8219 Trasadingen,2973,SH,real,False,23.07.2024,2674712,1279612
102570513,10187872,502005166,Chilstig,16.2,8219 Trasadingen,2973,SH,real,False,23.07.2024,2674291,1279889
102570514,10031520,502005057,Talhof,1.19,8219 Trasadingen,2973,SH,real,False,23.07.2024,2673761,1280425
102570515,10195242,502005097,Obergass,2.2,8219 Trasadingen,2973,SH,real,False,23.07.2024,2674660,1280263
102570516,10121181,502005125,Gass,6.1,8219 Trasadingen,2973,SH,real,False,23.07.2024,2674393,1280312
102570517,10187872,502005165,Chilstig,18.1,8219 Trasadingen,2973,SH,real,False,23.07.2024,2674312,1279853
102570518,10195242,502005096,Obergass,2.3,8219 Trasadingen,2973,SH,real,False,23.07.2024,2674641,1280293
102570519,10031520,502005056,Talhof,1.2,8219 Trasadingen,2973,SH,real,False,23.07.2024,2673909,1280652
102570520,10031523,502004993,Zollstrasse,11.2,8219 Trasadingen,2973,SH,real,False,23.07.2024,2674716,1279609
102570521,10187872,502005164,Chilstig,2.1,8219 Trasadingen,2973,SH,real,False,23.07.2024,2674369,1280022
102570522,10031520,502005055,Talhof,1.20,8219 Trasadingen,2973,SH,real,False,23.07.2024,2673848,1280918
102570523,10103234,502005095,Pfyffergässli,11.1,8219 Trasadingen,2973,SH,real,False,23.07.2024,2674562,1280050
102570524,10121181,502005124,Gass,6.2,8219 Trasadingen,2973,SH,real,False,23.07.2024,2674396,1280320
102570525,10187872,502005163,Chilstig,20.1,8219 Trasadingen,2973,SH,real,False,23.07.2024,2674291,1279852
102570526,10103234,502005094,Pfyffergässli,16.1,8219 Trasadingen,2973,SH,real,False,23.07.2024,2674417,1279839
102570527,10031520,502005054,Talhof,1.21,8219 Trasadingen,2973,SH,real,False,23.07.2024,2673692,1280477
102570528,10031523,502004992,Zollstrasse,12.1,8219 Trasadingen,2973,SH,real,False,23.07.2024,2674766,1279780
102570529,10103234,502005093,Pfyffergässli,16.2,8219 Trasadingen,2973,SH,real,False,23.07.2024,2674414,1279833
102570530,10187872,502005162,Chilstig,3.1,8219 Trasadingen,2973,SH,real,False,23.07.2024,2674425,1280059
102570531,10031520,502005053,Talhof,1.22,8219 Trasadingen,2973,SH,real,False,23.07.2024,2673651,1280466
102570532,10103234,502005092,Pfyffergässli,18.1,8219 Trasadingen,2973,SH,real,False,23.07.2024,2674375,1279831
102570533,10121181,502005123,Gass,6.3,8219 Trasadingen,2973,SH,real,False,23.07.2024,2674403,1280314
102570534,10187872,502005161,Chilstig,3.2,8219 Trasadingen,2973,SH,real,False,23.07.2024,2674424,1280026
102570535,10031520,502005052,Talhof,1.23,8219 Trasadingen,2973,SH,real,False,23.07.2024,2673735,1280374
102570536,10103234,502005091,Pfyffergässli,18.2,8219 Trasadingen,2973,SH,real,False,23.07.2024,2674379,1279806
102570537,10031523,502004991,Zollstrasse,14.1,8219 Trasadingen,2973,SH,real,False,23.07.2024,2674722,1279753
102570538,10187872,502005160,Chilstig,8.1,8219 Trasadingen,2973,SH,real,False,23.07.2024,2674338,1279968
102570539,10031520,502005051,Talhof,1.24,8219 Trasadingen,2973,SH,real,False,23.07.2024,2673695,1280386
102570540,10103234,502005090,Pfyffergässli,18.3,8219 Trasadingen,2973,SH,real,False,23.07.2024,2674393,1279781
102570542,10110821,502005159,Chäpfli,1.1,8219 Trasadingen,2973,SH,real,False,23.07.2024,2674104,1280265
102570543,10031520,502005050,Talhof,1.25,8219 Trasadingen,2973,SH,real,False,23.07.2024,2673685,1280381
102570544,10103234,502005089,Pfyffergässli,3.1,8219 Trasadingen,2973,SH,real,False,23.07.2024,2674571,1280070
102570545,10110821,502005158,Chäpfli,1.2,8219 Trasadingen,2973,SH,real,False,23.07.2024,2674015,1280156
102570546,10031520,502005049,Talhof,1.26,8219 Trasadingen,2973,SH,real,False,23.07.2024,2673698,1280336
102570547,10103234,502005088,Pfyffergässli,4.1,8219 Trasadingen,2973,SH,real,False,23.07.2024,2674542,1280093
102570548,10110821,502005157,Chäpfli,22.1,8219 Trasadingen,2973,SH,real,False,23.07.2024,2674203,1280103
102570549,10031518,502005087,Rebweg,11.1,8219 Trasadingen,2973,SH,real,False,23.07.2024,2674398,1280476
102570550,10110821,502005156,Chäpfli,30.1,8219 Trasadingen,2973,SH,real,False,23.07.2024,2674181,1279946
102570551,10031518,502005086,Rebweg,13.1,8219 Trasadingen,2973,SH,real,False,23.07.2024,2674383,1280378
102570552,10031518,502005085,Rebweg,15.1,8219 Trasadingen,2973,SH,real,False,23.07.2024,2674309,1280703
102570553,10110821,502005155,Chäpfli,30.2,8219 Trasadingen,2973,SH,real,False,23.07.2024,2674172,1279942
102570566,10121170,502005272,Ob Cheisental,182.1,8232 Merishausen,2936,SH,real,False,23.07.2024,2685045,1292154
102570567,10091237,502005335,Hohlgasse,18.1,8232 Merishausen,2936,SH,real,False,23.07.2024,2687572,1290822
102570568,10074392,502005462,Aeugstleracker,2.1,8232 Merishausen,2936,SH,real,False,23.07.2024,2687716,1290177
102570569,10017844,502005241,Soo,235.1,8232 Merishausen,2936,SH,real,False,23.07.2024,2686909,1293145
102570570,10091236,502005405,Ettweg,243.1,8232 Merishausen,2936,SH,real,False,23.07.2024,2685306,1291388
102570571,10017844,502005240,Soo,235.2,8232 Merishausen,2936,SH,real,False,23.07.2024,2686900,1293186
102570572,10019578,502005457,Blassen,174.1,8232 Merishausen,2936,SH,real,False,23.07.2024,2688752,1289961
102570573,10135012,502005231,Staanackerweg,2.1,8232 Merishausen,2936,SH,real,False,23.07.2024,2687728,1290070
102570574,10121170,502005271,Ob Cheisental,182.2,8232 Merishausen,2936,SH,real,False,23.07.2024,2685046,1292164
102570575,10017844,502005239,Soo,235.3,8232 Merishausen,2936,SH,real,False,23.07.2024,2686809,1293129
102570576,10019578,502005454,Blassen,174.10,8232 Merishausen,2936,SH,real,False,23.07.2024,2689182,1289729
102570577,10091237,502005334,Hohlgasse,20.1,8232 Merishausen,2936,SH,real,False,23.07.2024,2687562,1290798
102570578,10121170,502005270,Ob Cheisental,202.1,8232 Merishausen,2936,SH,real,False,23.07.2024,2685047,1292222
102570579,10017844,502005238,Soo,235.4,8232 Merishausen,2936,SH,real,False,23.07.2024,2686805,1293107
102570580,10019578,502005453,Blassen,174.11,8232 Merishausen,2936,SH,real,False,23.07.2024,2689193,1289733
102570581,10135012,502005230,Staanackerweg,2.2,8232 Merishausen,2936,SH,real,False,23.07.2024,2687734,1290023
102570582,10017845,502005237,Soohölzli,177.1,8232 Merishausen,2936,SH,real,False,23.07.2024,2685914,1292445
102570583,10019578,502005452,Blassen,174.12,8232 Merishausen,2936,SH,real,False,23.07.2024,2689406,1290246
102570584,10242291,502005403,Freudental,148.2,8232 Merishausen,2936,SH,real,False,23.07.2024,2689416,1289243
102570585,10091241,502005229,Staanenweg,179.1,8232 Merishausen,2936,SH,real,False,23.07.2024,2685395,1290008
102570586,10017845,502005236,Soohölzli,177.2,8232 Merishausen,2936,SH,real,False,23.07.2024,2685919,1292458
102570587,10019578,502005451,Blassen,174.13,8232 Merishausen,2936,SH,real,False,23.07.2024,2689085,1290632
102570588,10091237,502005332,Hohlgasse,21.2,8232 Merishausen,2936,SH,real,False,23.07.2024,2687457,1290861
102570589,10017845,502005235,Soohölzli,177.3,8232 Merishausen,2936,SH,real,False,23.07.2024,2685757,1292600
102570590,10074394,502005269,Ob der Randenstaag,234.1,8232 Merishausen,2936,SH,real,False,23.07.2024,2686151,1290130
102570591,10019578,502005450,Blassen,174.14,8232 Merishausen,2936,SH,real,False,23.07.2024,2689928,1290201
102570592,10242291,502005402,Freudental,148.3,8232 Merishausen,2936,SH,real,False,23.07.2024,2688576,1288684
102570593,10091241,502005228,Staanenweg,179.2,8232 Merishausen,2936,SH,real,False,23.07.2024,2685005,1289856
102570594,10178589,502005278,Mühlgasse,8.3,8232 Merishausen,2936,SH,real,False,23.07.2024,2687846,1290898
102570595,10019578,502005449,Blassen,174.2,8232 Merishausen,2936,SH,real,False,23.07.2024,2688787,1289908
102570596,10054990,502005268,Obem Guger,216.1,8232 Merishausen,2936,SH,real,False,23.07.2024,2686048,1292382
102570597,10112904,502005330,Im Cheisental,201.2,8232 Merishausen,2936,SH,real,False,23.07.2024,2684988,1292105
102570598,10017845,502005234,Soohölzli,183.1,8232 Merishausen,2936,SH,real,False,23.07.2024,2685707,1292305
102570599,10019578,502005448,Blassen,174.3,8232 Merishausen,2936,SH,real,False,23.07.2024,2688799,1289905
102570600,10178321,502005401,Haslenacker,194.1,8232 Merishausen,2936,SH,real,False,23.07.2024,2685196,1291865
102570601,10120417,502005227,Steineweg,295.1,8232 Merishausen,2936,SH,real,False,23.07.2024,2686412,1289883
102570602,10178590,502005233,Staanackerstrasse,1.1,8232 Merishausen,2936,SH,real,False,23.07.2024,2687851,1290103
102570603,10019578,502005447,Blassen,174.4,8232 Merishausen,2936,SH,real,False,23.07.2024,2688666,1289942
102570604,10054990,502005267,Obem Guger,216.2,8232 Merishausen,2936,SH,real,False,23.07.2024,2686272,1292563
102570606,10178590,502005232,Staanackerstrasse,4b.1,8232 Merishausen,2936,SH,real,False,23.07.2024,2687880,1290144
102570607,10019578,502005446,Blassen,174.5,8232 Merishausen,2936,SH,real,False,23.07.2024,2688656,1289941
102570608,10178321,502005400,Haslenacker,194.2,8232 Merishausen,2936,SH,real,False,23.07.2024,2685127,1291799
102570609,10112905,502005224,Taubengasse,13.1,8232 Merishausen,2936,SH,real,False,23.07.2024,2687885,1290667
102570610,10242291,502005404,Freudental,148.1,8232 Merishausen,2936,SH,real,False,23.07.2024,2689417,1289220
102570611,10054990,502005266,Obem Guger,216.3,8232 Merishausen,2936,SH,real,False,23.07.2024,2686470,1292246
102570612,10019578,502005445,Blassen,174.6,8232 Merishausen,2936,SH,real,False,23.07.2024,2688990,1290043
102570613,10019586,502005255,Pfaffendele,185.1,8232 Merishausen,2936,SH,real,False,23.07.2024,2684961,1290915
102570614,10108015,502005399,Hauptstrasse,1.1,8232 Merishausen,2936,SH,real,False,23.07.2024,2687914,1290135
102570615,10192059,502005328,Im Hof,3.1,8232 Merishausen,2936,SH,real,False,23.07.2024,2687763,1290553
102570616,10019578,502005444,Blassen,174.7,8232 Merishausen,2936,SH,real,False,23.07.2024,2689011,1290023
102570617,10108015,502005370,Hauptstrasse,116.10,8232 Merishausen,2936,SH,real,False,23.07.2024,2688258,1292022
102570618,10019578,502005456,Blassen,174.8,8232 Merishausen,2936,SH,real,False,23.07.2024,2689140,1289955
102570619,10135010,502005327,Im Hofacker,4.1,8232 Merishausen,2936,SH,real,False,23.07.2024,2687578,1290973
102570620,10054990,502005265,Obem Guger,216.4,8232 Merishausen,2936,SH,real,False,23.07.2024,2686484,1292235
102570621,10112905,502005226,Taubengasse,5.1,8232 Merishausen,2936,SH,real,False,23.07.2024,2687822,1290662
102570622,10108015,502005368,Hauptstrasse,116.2,8232 Merishausen,2936,SH,real,False,23.07.2024,2687884,1291358
102570623,10108015,502005375,Hauptstrasse,103.1,8232 Merishausen,2936,SH,real,False,23.07.2024,2687646,1291065
102570624,10019578,502005455,Blassen,174.9,8232 Merishausen,2936,SH,real,False,23.07.2024,2689152,1289957
102570625,10108015,502005367,Hauptstrasse,116.3,8232 Merishausen,2936,SH,real,False,23.07.2024,2687897,1291385
102570626,10108015,502005374,Hauptstrasse,106.1,8232 Merishausen,2936,SH,real,False,23.07.2024,2687705,1290940
102570627,10135010,502005326,Im Hofacker,4.2,8232 Merishausen,2936,SH,real,False,23.07.2024,2687606,1290975
102570628,10091235,502005443,Bodenwiesenstrasse,1.1,8232 Merishausen,2936,SH,real,False,23.07.2024,2687878,1290270
102570629,10108015,502005366,Hauptstrasse,116.4,8232 Merishausen,2936,SH,real,False,23.07.2024,2687979,1291428
102570630,10091235,502005442,Bodenwiesenstrasse,10.1,8232 Merishausen,2936,SH,real,False,23.07.2024,2688051,1290272
102570631,10108015,502005373,Hauptstrasse,106.2,8232 Merishausen,2936,SH,real,False,23.07.2024,2687736,1290955
102570632,10017843,502005254,Randenhorn,171.1,8232 Merishausen,2936,SH,real,False,23.07.2024,2686110,1291024
102570633,10108015,502005365,Hauptstrasse,116.5,8232 Merishausen,2936,SH,real,False,23.07.2024,2687927,1291601
102570634,10017846,502005208,Tigenacker,169.2,8232 Merishausen,2936,SH,real,False,23.07.2024,2687079,1292793
102570635,10091235,502005441,Bodenwiesenstrasse,10.2,8232 Merishausen,2936,SH,real,False,23.07.2024,2688059,1290258
102570636,10135010,502005325,Im Hofacker,4.3,8232 Merishausen,2936,SH,real,False,23.07.2024,2687562,1291010
102570637,10108015,502005364,Hauptstrasse,116.6,8232 Merishausen,2936,SH,real,False,23.07.2024,2687807,1291637
102570638,10108015,502005372,Hauptstrasse,106.3,8232 Merishausen,2936,SH,real,False,23.07.2024,2687739,1290972
102570639,10019579,502005437,Bodenwiesenweg,11.1,8232 Merishausen,2936,SH,real,False,23.07.2024,2687861,1290406
102570640,10017843,502005253,Randenhorn,172.1,8232 Merishausen,2936,SH,real,False,23.07.2024,2686382,1290977
102570641,10108015,502005363,Hauptstrasse,116.7,8232 Merishausen,2936,SH,real,False,23.07.2024,2687930,1291630
102570642,10019579,502005440,Bodenwiesenweg,3.1,8232 Merishausen,2936,SH,real,False,23.07.2024,2687911,1290318
102570643,10017843,502005252,Randenhorn,172.2,8232 Merishausen,2936,SH,real,False,23.07.2024,2686571,1291562
102570644,10017846,502005207,Tigenacker,169.3,8232 Merishausen,2936,SH,real,False,23.07.2024,2687590,1292779
102570645,10108015,502005362,Hauptstrasse,116.8,8232 Merishausen,2936,SH,real,False,23.07.2024,2688190,1291986
102570646,10019579,502005439,Bodenwiesenweg,4.1,8232 Merishausen,2936,SH,real,False,23.07.2024,2687954,1290323
102570647,10130544,502005251,Randenhornhalde,186.1,8232 Merishausen,2936,SH,real,False,23.07.2024,2686631,1291286
102570648,10108015,502005396,Hauptstrasse,11.1,8232 Merishausen,2936,SH,real,False,23.07.2024,2687859,1290152
102570649,10108015,502005361,Hauptstrasse,116.9,8232 Merishausen,2936,SH,real,False,23.07.2024,2687892,1292081
102570650,10019579,502005438,Bodenwiesenweg,5.1,8232 Merishausen,2936,SH,real,False,23.07.2024,2687903,1290344
102570651,10130544,502005250,Randenhornhalde,186.2,8232 Merishausen,2936,SH,real,False,23.07.2024,2686935,1291071
102570652,10108015,502005360,Hauptstrasse,117.1,8232 Merishausen,2936,SH,real,False,23.07.2024,2687719,1291179
102570653,10108015,502005371,Hauptstrasse,113.1,8232 Merishausen,2936,SH,real,False,23.07.2024,2687482,1291413
102570654,10019580,502005436,Brunngasse,1.1,8232 Merishausen,2936,SH,real,False,23.07.2024,2687799,1290513
102570655,10091240,502005249,Rietstrasse,1.1,8232 Merishausen,2936,SH,real,False,23.07.2024,2687785,1290436
102570656,10019580,502005435,Brunngasse,4.1,8232 Merishausen,2936,SH,real,False,23.07.2024,2687751,1290512
102570657,10108015,502005359,Hauptstrasse,117.2,8232 Merishausen,2936,SH,real,False,23.07.2024,2687768,1291173
102570658,10017846,502005206,Tigenacker,169.4,8232 Merishausen,2936,SH,real,False,23.07.2024,2687595,1292773
102570659,10120416,502005323,Kerrstrasse,21.1,8232 Merishausen,2936,SH,real,False,23.07.2024,2687448,1289442
102570660,10212478,502005434,Chirchgässli,1.1,8232 Merishausen,2936,SH,real,False,23.07.2024,2685084,1291674
102570661,10108015,502005358,Hauptstrasse,117.3,8232 Merishausen,2936,SH,real,False,23.07.2024,2687731,1291200
102570662,10108015,502005369,Hauptstrasse,116.1,8232 Merishausen,2936,SH,real,False,23.07.2024,2687851,1291342
102570663,10120416,502005324,Kerrstrasse,4.1,8232 Merishausen,2936,SH,real,False,23.07.2024,2687785,1290206
102570664,10212478,502005433,Chirchgässli,1.2,8232 Merishausen,2936,SH,real,False,23.07.2024,2685021,1291653
102570665,10108015,502005357,Hauptstrasse,121.1,8232 Merishausen,2936,SH,real,False,23.07.2024,2688403,1292837
102570666,10091238,502005322,Kesslergasse,5.1,8232 Merishausen,2936,SH,real,False,23.07.2024,2687905,1290448
102570667,10017846,502005205,Tigenacker,169.5,8232 Merishausen,2936,SH,real,False,23.07.2024,2687720,1292931
102570668,10212478,502005432,Chirchgässli,1.3,8232 Merishausen,2936,SH,real,False,23.07.2024,2685038,1291709
102570669,10108015,502005356,Hauptstrasse,121.2,8232 Merishausen,2936,SH,real,False,23.07.2024,2688396,1292716
102570670,10091238,502005321,Kesslergasse,6.1,8232 Merishausen,2936,SH,real,False,23.07.2024,2687841,1290425
102570671,10091242,502005223,Täuferweg,1.1,8232 Merishausen,2936,SH,real,False,23.07.2024,2687716,1290311
102570672,10146949,502005429,Dostentalstrasse,11.1,8232 Merishausen,2936,SH,real,False,23.07.2024,2687854,1290065
102570673,10108015,502005355,Hauptstrasse,121.3,8232 Merishausen,2936,SH,real,False,23.07.2024,2688313,1292681
102570674,10091238,502005320,Kesslergasse,8.1,8232 Merishausen,2936,SH,real,False,23.07.2024,2687940,1290405
102570675,10091242,502005218,Täuferweg,10.1,8232 Merishausen,2936,SH,real,False,23.07.2024,2687685,1290258
102570676,10146949,502005428,Dostentalstrasse,17.1,8232 Merishausen,2936,SH,real,False,23.07.2024,2687532,1289376
102570677,10091238,502005319,Kesslergasse,9.1,8232 Merishausen,2936,SH,real,False,23.07.2024,2687930,1290442
102570678,10108015,502005354,Hauptstrasse,121.4,8232 Merishausen,2936,SH,real,False,23.07.2024,2688221,1292806
102570679,10091242,502005217,Täuferweg,12.1,8232 Merishausen,2936,SH,real,False,23.07.2024,2687646,1290213
102570680,10146949,502005427,Dostentalstrasse,17.2,8232 Merishausen,2936,SH,real,False,23.07.2024,2687775,1288907
102570681,10132781,502005318,Kirchackerweg,23.1,8232 Merishausen,2936,SH,real,False,23.07.2024,2687406,1290763
102570682,10108015,502005353,Hauptstrasse,121.5,8232 Merishausen,2936,SH,real,False,23.07.2024,2688188,1292681
102570683,10146949,502005426,Dostentalstrasse,17.3,8232 Merishausen,2936,SH,real,False,23.07.2024,2687569,1288926
102570684,10091242,502005222,Täuferweg,2.1,8232 Merishausen,2936,SH,real,False,23.07.2024,2687704,1290357
102570685,10108015,502005352,Hauptstrasse,121.6,8232 Merishausen,2936,SH,real,False,23.07.2024,2688198,1292420
102570686,10132781,502005317,Kirchackerweg,23.2,8232 Merishausen,2936,SH,real,False,23.07.2024,2687389,1290786
102570687,10146949,502005425,Dostentalstrasse,17.4,8232 Merishausen,2936,SH,real,False,23.07.2024,2687843,1288817
102570688,10091242,502005221,Täuferweg,2.2,8232 Merishausen,2936,SH,real,False,23.07.2024,2687599,1290416
102570689,10108015,502005351,Hauptstrasse,121.7,8232 Merishausen,2936,SH,real,False,23.07.2024,2688146,1292451
102570690,10146949,502005431,Dostentalstrasse,6.1,8232 Merishausen,2936,SH,real,False,23.07.2024,2687846,1290084
102570691,10132781,502005316,Kirchackerweg,23.3,8232 Merishausen,2936,SH,real,False,23.07.2024,2687297,1290867
102570692,10091242,502005215,Täuferweg,210.1,8232 Merishausen,2936,SH,real,False,23.07.2024,2687200,1290107
102570693,10108015,502005350,Hauptstrasse,13c.1,8232 Merishausen,2936,SH,real,False,23.07.2024,2687848,1290224
102570694,10146949,502005430,Dostentalstrasse,8.1,8232 Merishausen,2936,SH,real,False,23.07.2024,2687822,1290088
102570695,10132781,502005315,Kirchackerweg,23.4,8232 Merishausen,2936,SH,real,False,23.07.2024,2687216,1290840
102570696,10091242,502005214,Täuferweg,210.2,8232 Merishausen,2936,SH,real,False,23.07.2024,2687169,1290047
102570697,10091242,502005213,Täuferweg,210.3,8232 Merishausen,2936,SH,real,False,23.07.2024,2687251,1290053
102570698,10132781,502005314,Kirchackerweg,23.5,8232 Merishausen,2936,SH,real,False,23.07.2024,2687166,1290702
102570699,10108015,502005349,Hauptstrasse,13c.2,8232 Merishausen,2936,SH,real,False,23.07.2024,2687841,1290219
102570700,10019581,502005420,Durachstrasse,12.1,8232 Merishausen,2936,SH,real,False,23.07.2024,2688023,1290374
102570701,10091242,502005212,Täuferweg,210.4,8232 Merishausen,2936,SH,real,False,23.07.2024,2687290,1290031
102570702,10074393,502005313,Kirchgasse,6.1,8232 Merishausen,2936,SH,real,False,23.07.2024,2687683,1290708
102570703,10108015,502005395,Hauptstrasse,16.1,8232 Merishausen,2936,SH,real,False,23.07.2024,2687929,1290193
102570704,10019581,502005419,Durachstrasse,12a,8232 Merishausen,2936,SH,real,False,23.07.2024,2688016,1290392
102570705,10091242,502005211,Täuferweg,210.5,8232 Merishausen,2936,SH,real,False,23.07.2024,2687245,1289183
102570706,10108015,502005394,Hauptstrasse,16.2,8232 Merishausen,2936,SH,real,False,23.07.2024,2687941,1290232
102570707,10091240,502005248,Rietstrasse,5.1,8232 Merishausen,2936,SH,real,False,23.07.2024,2687811,1290391
102570708,10074393,502005312,Kirchgasse,6.2,8232 Merishausen,2936,SH,real,False,23.07.2024,2687690,1290689
102570709,10091242,502005210,Täuferweg,210.6,8232 Merishausen,2936,SH,real,False,23.07.2024,2687243,1289172
102570710,10108015,502005393,Hauptstrasse,19.1,8232 Merishausen,2936,SH,real,False,23.07.2024,2687831,1290244
102570711,10019581,502005418,Durachstrasse,16.1,8232 Merishausen,2936,SH,real,False,23.07.2024,2687991,1290462
102570712,10074393,502005311,Kirchgasse,7.1,8232 Merishausen,2936,SH,real,False,23.07.2024,2687641,1290608
102570713,10091242,502005220,Täuferweg,4.1,8232 Merishausen,2936,SH,real,False,23.07.2024,2687605,1290319
102570714,10108015,502005392,Hauptstrasse,30.1,8232 Merishausen,2936,SH,real,False,23.07.2024,2687850,1290348
102570715,10019581,502005417,Durachstrasse,16.2,8232 Merishausen,2936,SH,real,False,23.07.2024,2688020,1290462
102570716,10074393,502005310,Kirchgasse,7.2,8232 Merishausen,2936,SH,real,False,23.07.2024,2687601,1290586
102570717,10091242,502005219,Täuferweg,6.1,8232 Merishausen,2936,SH,real,False,23.07.2024,2687689,1290278
102570718,10108015,502005391,Hauptstrasse,34.1,8232 Merishausen,2936,SH,real,False,23.07.2024,2687853,1290397
102570719,10110812,502005288,Lyten,175.1,8232 Merishausen,2936,SH,real,False,23.07.2024,2685148,1292272
102570720,10074393,502005309,Kirchgasse,7.3,8232 Merishausen,2936,SH,real,False,23.07.2024,2687655,1290603
102570721,10108015,502005390,Hauptstrasse,38.1,8232 Merishausen,2936,SH,real,False,23.07.2024,2687815,1290413
102570722,10186342,502005204,Underem Soohölzli,224.1,8232 Merishausen,2936,SH,real,False,23.07.2024,2685965,1292421
102570723,10074393,502005308,Kirchgasse,7.4,8232 Merishausen,2936,SH,real,False,23.07.2024,2687608,1290610
102570724,10019581,502005415,Durachstrasse,18.1,8232 Merishausen,2936,SH,real,False,23.07.2024,2688012,1290518
102570725,10108015,502005389,Hauptstrasse,42.1,8232 Merishausen,2936,SH,real,False,23.07.2024,2687851,1290474
102570726,10017847,502005203,Underes Ätzisloo,189.1,8232 Merishausen,2936,SH,real,False,23.07.2024,2685100,1291764
102570727,10019581,502005424,Durachstrasse,2.1,8232 Merishausen,2936,SH,real,False,23.07.2024,2688233,1290246
102570728,10074393,502005307,Kirchgasse,7.5,8232 Merishausen,2936,SH,real,False,23.07.2024,2687533,1290516
102570729,10108015,502005388,Hauptstrasse,42.2,8232 Merishausen,2936,SH,real,False,23.07.2024,2687857,1290466
102570730,10146118,502005198,Vorbuechweg,10.2,8232 Merishausen,2936,SH,real,False,23.07.2024,2687877,1290040
102570731,10178589,502005286,Mühlgasse,1.1,8232 Merishausen,2936,SH,real,False,23.07.2024,2687731,1290883
102570732,10074393,502005306,Kirchgasse,7.6,8232 Merishausen,2936,SH,real,False,23.07.2024,2687571,1290473
102570733,10108015,502005387,Hauptstrasse,49.1,8232 Merishausen,2936,SH,real,False,23.07.2024,2687751,1290630
102570734,10146118,502005197,Vorbuechweg,10.3,8232 Merishausen,2936,SH,real,False,23.07.2024,2688115,1289242
102570735,10135011,502005305,Langwis,2.1,8232 Merishausen,2936,SH,real,False,23.07.2024,2688027,1290087
102570736,10019581,502005423,Durachstrasse,2.2,8232 Merishausen,2936,SH,real,False,23.07.2024,2688240,1290093
102570737,10108015,502005386,Hauptstrasse,49.2,8232 Merishausen,2936,SH,real,False,23.07.2024,2687760,1290611
102570738,10146118,502005196,Vorbuechweg,10.4,8232 Merishausen,2936,SH,real,False,23.07.2024,2688150,1289102
102570739,10135011,502005304,Langwis,2.2,8232 Merishausen,2936,SH,real,False,23.07.2024,2688077,1290064
102570740,10178589,502005285,Mühlgasse,7.1,8232 Merishausen,2936,SH,real,False,23.07.2024,2687748,1290927
102570741,10108015,502005385,Hauptstrasse,53.1,8232 Merishausen,2936,SH,real,False,23.07.2024,2687764,1290676
102570742,10146118,502005202,Vorbuechweg,2.1,8232 Merishausen,2936,SH,real,False,23.07.2024,2687963,1290076
102570743,10091239,502005291,Ledergasse,12a.1,8232 Merishausen,2936,SH,real,False,23.07.2024,2687639,1290859
102570744,10019581,502005422,Durachstrasse,2.3,8232 Merishausen,2936,SH,real,False,23.07.2024,2688501,1290376
102570745,10146118,502005201,Vorbuechweg,2.2,8232 Merishausen,2936,SH,real,False,23.07.2024,2688035,1290046
102570746,10091239,502005290,Ledergasse,12b.1,8232 Merishausen,2936,SH,real,False,23.07.2024,2687620,1290843
102570747,10108015,502005384,Hauptstrasse,68.1,8232 Merishausen,2936,SH,real,False,23.07.2024,2687811,1290661
102570748,10019581,502005421,Durachstrasse,3.1,8232 Merishausen,2936,SH,real,False,23.07.2024,2687958,1290181
102570749,10146118,502005200,Vorbuechweg,2.3,8232 Merishausen,2936,SH,real,False,23.07.2024,2688257,1289706
102570750,10091239,502005298,Ledergasse,13.1,8232 Merishausen,2936,SH,real,False,23.07.2024,2687593,1290870
102570751,10178589,502005284,Mühlgasse,7.2,8232 Merishausen,2936,SH,real,False,23.07.2024,2687751,1290893
102570752,10108015,502005398,Hauptstrasse,7.1,8232 Merishausen,2936,SH,real,False,23.07.2024,2687882,1290179
102570753,10017848,502005194,Wettgasse,10.1,8232 Merishausen,2936,SH,real,False,23.07.2024,2687794,1290736
102570754,10108015,502005382,Hauptstrasse,77.1,8232 Merishausen,2936,SH,real,False,23.07.2024,2687689,1290859
102570755,10091239,502005297,Ledergasse,17.1,8232 Merishausen,2936,SH,real,False,23.07.2024,2687606,1290896
102570756,10019581,502005414,Durachstrasse,30.1,8232 Merishausen,2936,SH,real,False,23.07.2024,2687958,1290631
102570757,10017848,502005193,Wettgasse,11.1,8232 Merishausen,2936,SH,real,False,23.07.2024,2687881,1290814
102570759,10108015,502005381,Hauptstrasse,77.2,8232 Merishausen,2936,SH,real,False,23.07.2024,2687679,1290842
102570760,10178589,502005283,Mühlgasse,7.3,8232 Merishausen,2936,SH,real,False,23.07.2024,2687759,1290943
102570761,10017848,502005192,Wettgasse,11.2,8232 Merishausen,2936,SH,real,False,23.07.2024,2687904,1290770
102570762,10108015,502005380,Hauptstrasse,80.1,8232 Merishausen,2936,SH,real,False,23.07.2024,2687770,1290770
102570763,10091239,502005295,Ledergasse,17.3,8232 Merishausen,2936,SH,real,False,23.07.2024,2687569,1290880
102570764,10178589,502005282,Mühlgasse,7.4,8232 Merishausen,2936,SH,real,False,23.07.2024,2687758,1290946
102570765,10017848,502005195,Wettgasse,8.1,8232 Merishausen,2936,SH,real,False,23.07.2024,2687882,1290757
102570766,10108015,502005379,Hauptstrasse,88.1,8232 Merishausen,2936,SH,real,False,23.07.2024,2687765,1290800
102570767,10017849,502005461,Ätzisloo,157.1,8232 Merishausen,2936,SH,real,False,23.07.2024,2684581,1291842
102570768,10178589,502005281,Mühlgasse,7.5,8232 Merishausen,2936,SH,real,False,23.07.2024,2687760,1290879
102570769,10091239,502005294,Ledergasse,18.1,8232 Merishausen,2936,SH,real,False,23.07.2024,2687664,1290900
102570770,10108015,502005397,Hauptstrasse,9.1,8232 Merishausen,2936,SH,real,False,23.07.2024,2687868,1290184
102570771,10017849,502005459,Ätzisloo,251.1,8232 Merishausen,2936,SH,real,False,23.07.2024,2684782,1291505
102570772,10019581,502005413,Durachstrasse,30.2,8232 Merishausen,2936,SH,real,False,23.07.2024,2688766,1290962
102570773,10091239,502005293,Ledergasse,23.1,8232 Merishausen,2936,SH,real,False,23.07.2024,2687639,1290920
102570774,10017849,502005458,Ätzisloo,251.2,8232 Merishausen,2936,SH,real,False,23.07.2024,2684796,1291516
102570775,10178589,502005280,Mühlgasse,7.6,8232 Merishausen,2936,SH,real,False,23.07.2024,2687757,1290950
102570776,10108015,502005378,Hauptstrasse,90.1,8232 Merishausen,2936,SH,real,False,23.07.2024,2687736,1290831
102570777,10091239,502005292,Ledergasse,25.1,8232 Merishausen,2936,SH,real,False,23.07.2024,2687654,1290921
102570778,10017850,502005264,Örlinger,190.1,8232 Merishausen,2936,SH,real,False,23.07.2024,2686606,1292719
102570779,10019581,502005412,Durachstrasse,45.1,8232 Merishausen,2936,SH,real,False,23.07.2024,2687809,1290779
102570780,10108015,502005377,Hauptstrasse,91.1,8232 Merishausen,2936,SH,real,False,23.07.2024,2687676,1290945
102570781,10091239,502005303,Ledergasse,3.1,8232 Merishausen,2936,SH,real,False,23.07.2024,2687641,1290797
102570782,10108015,502005376,Hauptstrasse,91.2,8232 Merishausen,2936,SH,real,False,23.07.2024,2687656,1290957
102570783,10019581,502005411,Durachstrasse,45.2,8232 Merishausen,2936,SH,real,False,23.07.2024,2687789,1290824
102570784,10091240,502005247,Rietstrasse,10.1,8232 Merishausen,2936,SH,real,False,23.07.2024,2687761,1290457
102570785,10112904,502005331,Im Cheisental,201.1,8232 Merishausen,2936,SH,real,False,23.07.2024,2684982,1292091
102570787,10178589,502005279,Mühlgasse,8.2,8232 Merishausen,2936,SH,real,False,23.07.2024,2687782,1290883
102570788,10091239,502005302,Ledergasse,5.1,8232 Merishausen,2936,SH,real,False,23.07.2024,2687614,1290816
102570789,10019583,502005329,Im Garten,1.1,8232 Merishausen,2936,SH,real,False,23.07.2024,2687791,1290561
102570790,10019582,502005346,Hinterburg,11.2,8232 Merishausen,2936,SH,real,False,23.07.2024,2687890,1290579
102570791,10019581,502005410,Durachstrasse,55.1,8232 Merishausen,2936,SH,real,False,23.07.2024,2687867,1291143
102570792,10091239,502005301,Ledergasse,5.2,8232 Merishausen,2936,SH,real,False,23.07.2024,2687604,1290812
102570793,10017850,502005263,Örlinger,190.2,8232 Merishausen,2936,SH,real,False,23.07.2024,2686602,1292713
102570794,10019582,502005345,Hinterburg,11.3,8232 Merishausen,2936,SH,real,False,23.07.2024,2687888,1290596
102570795,10178589,502005277,Mühlgasse,8.4,8232 Merishausen,2936,SH,real,False,23.07.2024,2687822,1290857
102570796,10091239,502005300,Ledergasse,8.1,8232 Merishausen,2936,SH,real,False,23.07.2024,2687639,1290831
102570797,10017850,502005262,Örlinger,190.3,8232 Merishausen,2936,SH,real,False,23.07.2024,2686631,1292505
102570798,10091236,502005409,Ettweg,228.1,8232 Merishausen,2936,SH,real,False,23.07.2024,2685319,1291338
102570799,10019582,502005344,Hinterburg,12.2,8232 Merishausen,2936,SH,real,False,23.07.2024,2687923,1290581
102570800,10091239,502005299,Ledergasse,8.2,8232 Merishausen,2936,SH,real,False,23.07.2024,2687637,1290826
102570801,10121170,502005276,Ob Cheisental,167.1,8232 Merishausen,2936,SH,real,False,23.07.2024,2684872,1292101
102570802,10017850,502005261,Örlinger,215.1,8232 Merishausen,2936,SH,real,False,23.07.2024,2686887,1292328
102570803,10019582,502005342,Hinterburg,12.4,8232 Merishausen,2936,SH,real,False,23.07.2024,2687963,1290536
102570804,10054989,502005289,Leuengründli,242.1,8232 Merishausen,2936,SH,real,False,23.07.2024,2685515,1290703
102570805,10091236,502005408,Ettweg,228.2,8232 Merishausen,2936,SH,real,False,23.07.2024,2685189,1290881
102570806,10017850,502005260,Örlinger,215.2,8232 Merishausen,2936,SH,real,False,23.07.2024,2686920,1291842
102570807,10019582,502005341,Hinterburg,12.5,8232 Merishausen,2936,SH,real,False,23.07.2024,2687963,1290532
102570808,10108016,502005246,Schmittengasse,1.1,8232 Merishausen,2936,SH,real,False,23.07.2024,2687873,1290497
102570809,10121170,502005275,Ob Cheisental,167.2,8232 Merishausen,2936,SH,real,False,23.07.2024,2684623,1292108
102570810,10017850,502005259,Örlinger,232.1,8232 Merishausen,2936,SH,real,False,23.07.2024,2686691,1292901
102570811,10019582,502005340,Hinterburg,12.6,8232 Merishausen,2936,SH,real,False,23.07.2024,2687956,1290573
102570812,10019581,502005416,Durachstrasse,14a,8232 Merishausen,2936,SH,real,False,23.07.2024,2688018,1290426
102570813,10091236,502005407,Ettweg,228.3,8232 Merishausen,2936,SH,real,False,23.07.2024,2685135,1290783
102570814,10019582,502005348,Hinterburg,5.1,8232 Merishausen,2936,SH,real,False,23.07.2024,2687868,1290608
102570815,10017850,502005258,Örlinger,247.1,8232 Merishausen,2936,SH,real,False,23.07.2024,2686618,1292802
102570816,10108016,502005245,Schmittengasse,6.1,8232 Merishausen,2936,SH,real,False,23.07.2024,2687899,1290484
102570817,10121170,502005274,Ob Cheisental,167.3,8232 Merishausen,2936,SH,real,False,23.07.2024,2684609,1292116
102570818,10091237,502005339,Hohlgasse,10.1,8232 Merishausen,2936,SH,real,False,23.07.2024,2687643,1290776
102570819,10017850,502005257,Örlinger,247.2,8232 Merishausen,2936,SH,real,False,23.07.2024,2686628,1292842
102570820,10110812,502005287,Lyten,184.1,8232 Merishausen,2936,SH,real,False,23.07.2024,2685203,1292189
102570821,10091236,502005406,Ettweg,228.4,8232 Merishausen,2936,SH,real,False,23.07.2024,2685133,1290740
102570822,10091237,502005338,Hohlgasse,13.1,8232 Merishausen,2936,SH,real,False,23.07.2024,2687594,1290743
102570823,10017850,502005256,Örlinger,247.3,8232 Merishausen,2936,SH,real,False,23.07.2024,2686331,1293004
102570824,10108016,502005244,Schmittengasse,6.2,8232 Merishausen,2936,SH,real,False,23.07.2024,2687886,1290494
102570825,10121170,502005273,Ob Cheisental,167.4,8232 Merishausen,2936,SH,real,False,23.07.2024,2684642,1292352
102570826,10091237,502005337,Hohlgasse,13.2,8232 Merishausen,2936,SH,real,False,23.07.2024,2687621,1290749
102570827,10108015,502005383,Hauptstrasse,72.1,8232 Merishausen,2936,SH,real,False,23.07.2024,2687810,1290691
102570828,10108016,502005243,Schmittengasse,6.3,8232 Merishausen,2936,SH,real,False,23.07.2024,2687900,1290470
102570829,10019582,502005343,Hinterburg,12.3,8232 Merishausen,2936,SH,real,False,23.07.2024,2687962,1290540
102570830,10091237,502005336,Hohlgasse,16.1,8232 Merishausen,2936,SH,real,False,23.07.2024,2687577,1290798
102570831,10017844,502005242,Soo,180.1,8232 Merishausen,2936,SH,real,False,23.07.2024,2687039,1293015
102570832,10091237,502005333,Hohlgasse,21.1,8232 Merishausen,2936,SH,real,False,23.07.2024,2687499,1290753
102570833,10017846,502005209,Tigenacker,169.1,8232 Merishausen,2936,SH,real,False,23.07.2024,2687068,1292792
102570834,10091242,502005216,Täuferweg,13.1,8232 Merishausen,2936,SH,real,False,23.07.2024,2687588,1290138
102570835,10146118,502005199,Vorbuechweg,10.1,8232 Merishausen,2936,SH,real,False,23.07.2024,2687878,1290014
102570836,10017849,502005460,Ätzisloo,221.1,8232 Merishausen,2936,SH,real,False,23.07.2024,2684965,1291816
102571444,10031517,191851465,Dorfstrasse,30a,8219 Trasadingen,2973,SH,real,True,15.11.2024,2674478,1280129
102571746,10031597,191851637,Buttelestrasse,335a,8262 Ramsen,2963,SH,real,True,19.11.2024,2703029,1285235
102571980,10180885,1613075,Spiegelguthalde,2,8200 Schaffhausen,2939,SH,real,True,15.11.2024,2690766,1285946
102572109,10091396,502005492,Hinterdorfstrasse,23.1,8216 Oberhallau,2972,SH,real,False,23.07.2024,2678045,1284576
102572110,10073106,502005568,Heerengasse,19.1,8216 Oberhallau,2972,SH,real,False,23.07.2024,2678104,1284264
102572111,10103233,502005697,Trottengasse,7.1,8216 Oberhallau,2972,SH,real,False,23.07.2024,2678050,1284257
102572112,10158883,502005654,Bergstrasse,1.1,8216 Oberhallau,2972,SH,real,False,19.11.2024,2677929,1284403
102572113,10031512,502005494,Hinterer Berghof,143.6,8216 Oberhallau,2972,SH,real,False,23.07.2024,2677856,1286409
102572114,10091396,502005537,Hinterdorfstrasse,25.1,8216 Oberhallau,2972,SH,real,False,23.07.2024,2678051,1284580
102572115,10091397,502005640,Krongasse,14.8,8216 Oberhallau,2972,SH,real,False,23.07.2024,2678387,1284769
102572116,10103233,502005465,Trottengasse,7.2,8216 Oberhallau,2972,SH,real,False,23.07.2024,2678058,1284271
102572117,10073106,502005590,Heerengasse,3.1,8216 Oberhallau,2972,SH,real,False,23.07.2024,2678115,1284460
102572118,10158883,502005528,Bergstrasse,5.1,8216 Oberhallau,2972,SH,real,False,23.07.2024,2677813,1284480
102572119,10091396,502005551,Hinterdorfstrasse,25.2,8216 Oberhallau,2972,SH,real,False,23.07.2024,2678036,1284609
102572120,10031513,502005637,Vorderer Berghof,121.1,8216 Oberhallau,2972,SH,real,False,23.07.2024,2677100,1285468
102572121,10031512,502005695,Hinterer Berghof,143.7,8216 Oberhallau,2972,SH,real,False,23.07.2024,2678049,1286371
102572122,10103233,502005621,Trottengasse,1.2,8216 Oberhallau,2972,SH,real,False,23.07.2024,2677990,1284275
102572123,10091396,502005661,Hinterdorfstrasse,31.1,8216 Oberhallau,2972,SH,real,False,23.07.2024,2677992,1284650
102572124,10031513,502005497,Vorderer Berghof,121.2,8216 Oberhallau,2972,SH,real,False,23.07.2024,2677076,1285410
102572125,10187871,502005466,Püntstrasse,7.3,8216 Oberhallau,2972,SH,real,False,23.07.2024,2677722,1284627
102572126,10162282,502005498,Brudergasse,1.1,8216 Oberhallau,2972,SH,real,False,23.07.2024,2677902,1284257
102572127,10091396,502005556,Hinterdorfstrasse,31.2,8216 Oberhallau,2972,SH,real,False,23.07.2024,2678037,1284668
102572128,10031513,502005646,Vorderer Berghof,121.3,8216 Oberhallau,2972,SH,real,False,23.07.2024,2677064,1285395
102572129,10073106,502005500,Heerengasse,5.2,8216 Oberhallau,2972,SH,real,False,23.07.2024,2678140,1284434
102572130,10091396,502005626,Hinterdorfstrasse,35.1,8216 Oberhallau,2972,SH,real,False,23.07.2024,2678026,1284739
102572131,10162282,502005508,Brudergasse,1.2,8216 Oberhallau,2972,SH,real,False,23.07.2024,2677914,1284258
102572132,10031513,502005562,Vorderer Berghof,121.4,8216 Oberhallau,2972,SH,real,False,23.07.2024,2677117,1285499
102572133,10031512,502005517,Hinterer Berghof,143.9,8216 Oberhallau,2972,SH,real,False,23.07.2024,2676649,1286490
102572134,10091396,502005588,Hinterdorfstrasse,37.1,8216 Oberhallau,2972,SH,real,False,23.07.2024,2677967,1284758
102572135,10103233,502005496,Trottengasse,1.3,8216 Oberhallau,2972,SH,real,False,23.07.2024,2677991,1284284
102572136,10031513,502005499,Vorderer Berghof,121.5,8216 Oberhallau,2972,SH,real,False,23.07.2024,2676801,1285944
102572137,10073106,502005649,Heerengasse,7.1,8216 Oberhallau,2972,SH,real,False,23.07.2024,2678124,1284386
102572138,10091396,502005632,Hinterdorfstrasse,37.2,8216 Oberhallau,2972,SH,real,False,23.07.2024,2678007,1284745
102572139,10180894,502005573,Chatzengartenstrasse,1.1,8216 Oberhallau,2972,SH,real,False,23.07.2024,2678137,1284421
102572140,10031513,502005681,Vorderer Berghof,152.1,8216 Oberhallau,2972,SH,real,False,23.07.2024,2677171,1285434
102572141,10031512,502005636,Hinterer Berghof,146.1,8216 Oberhallau,2972,SH,real,False,23.07.2024,2677510,1285916
102572142,10091396,502005483,Hinterdorfstrasse,37.3,8216 Oberhallau,2972,SH,real,False,23.07.2024,2677997,1284764
102572143,10103233,502005524,Trottengasse,1.4,8216 Oberhallau,2972,SH,real,False,23.07.2024,2678013,1284278
102572144,10202345,502005557,Hegiackerstrasse,125.1,8216 Oberhallau,2972,SH,real,False,23.07.2024,2678112,1285131
102572145,10031513,502005493,Vorderer Berghof,152.10,8216 Oberhallau,2972,SH,real,False,23.07.2024,2677293,1285210
102572146,10091396,502005475,Hinterdorfstrasse,37.4,8216 Oberhallau,2972,SH,real,False,23.07.2024,2677975,1284791
102572147,10180894,502005589,Chatzengartenstrasse,4.2,8216 Oberhallau,2972,SH,real,False,23.07.2024,2678168,1284416
102572148,10031513,502005693,Vorderer Berghof,152.11,8216 Oberhallau,2972,SH,real,False,23.07.2024,2677298,1285208
102572149,10202345,502005680,Hegiackerstrasse,125.10,8216 Oberhallau,2972,SH,real,False,23.07.2024,2677661,1285389
102572150,10091396,502005567,Hinterdorfstrasse,37.5,8216 Oberhallau,2972,SH,real,False,23.07.2024,2677987,1284797
102572151,10164493,502005513,Dorfstrasse,16.1,8216 Oberhallau,2972,SH,real,False,23.07.2024,2677921,1284319
102572152,10031512,502005546,Hinterer Berghof,146.3,8216 Oberhallau,2972,SH,real,False,23.07.2024,2677536,1285907
102572153,10031513,502005618,Vorderer Berghof,152.12,8216 Oberhallau,2972,SH,real,False,23.07.2024,2677367,1285254
102572154,10103233,502005690,Trottengasse,16.1,8216 Oberhallau,2972,SH,real,False,23.07.2024,2678018,1284154
102572155,10164493,502005684,Dorfstrasse,25.1,8216 Oberhallau,2972,SH,real,False,23.07.2024,2677956,1284168
102572156,10202345,502005467,Hegiackerstrasse,125.11,8216 Oberhallau,2972,SH,real,False,23.07.2024,2677641,1285254
102572157,10031513,502005501,Vorderer Berghof,152.13,8216 Oberhallau,2972,SH,real,False,23.07.2024,2677385,1285540
102572158,10164493,502005525,Dorfstrasse,25.2,8216 Oberhallau,2972,SH,real,False,23.07.2024,2677925,1284144
102572159,10164493,502005580,Dorfstrasse,16.2,8216 Oberhallau,2972,SH,real,False,23.07.2024,2677903,1284340
102572160,10031512,502005630,Hinterer Berghof,146.4,8216 Oberhallau,2972,SH,real,False,23.07.2024,2677542,1285922
102572161,10031513,502005610,Vorderer Berghof,152.14,8216 Oberhallau,2972,SH,real,False,23.07.2024,2677168,1285124
102572162,10091396,502005638,Hinterdorfstrasse,39.2,8216 Oberhallau,2972,SH,real,False,23.07.2024,2677910,1284833
102572163,10091397,502005572,Krongasse,7.1,8216 Oberhallau,2972,SH,real,False,23.07.2024,2678118,1284560
102572164,10202345,502005490,Hegiackerstrasse,125.2,8216 Oberhallau,2972,SH,real,False,23.07.2024,2677924,1285481
102572165,10031513,502005692,Vorderer Berghof,152.15,8216 Oberhallau,2972,SH,real,False,23.07.2024,2677277,1285104
102572166,10091396,502005531,Hinterdorfstrasse,7.1,8216 Oberhallau,2972,SH,real,False,23.07.2024,2678064,1284479
102572167,10164493,502005675,Dorfstrasse,16.3,8216 Oberhallau,2972,SH,real,False,23.07.2024,2677891,1284347
102572168,10202345,502005545,Hegiackerstrasse,125.3,8216 Oberhallau,2972,SH,real,False,23.07.2024,2678386,1285156
102572169,10031513,502005663,Vorderer Berghof,152.16,8216 Oberhallau,2972,SH,real,False,23.07.2024,2677437,1285223
102572170,10031512,502005502,Hinterer Berghof,120.1,8216 Oberhallau,2972,SH,real,False,23.07.2024,2677508,1285885
102572171,10163252,502005549,Lugmerstrasse,1.1,8216 Oberhallau,2972,SH,real,False,23.07.2024,2678159,1284568
102572172,10031512,502005482,Hinterer Berghof,146.6,8216 Oberhallau,2972,SH,real,False,23.07.2024,2677501,1285937
102572173,10031513,502005582,Vorderer Berghof,152.17,8216 Oberhallau,2972,SH,real,False,23.07.2024,2677494,1285436
102572174,10031512,502005480,Hinterer Berghof,120.2,8216 Oberhallau,2972,SH,real,False,23.07.2024,2677479,1285871
102572175,10202345,502005479,Hegiackerstrasse,125.4,8216 Oberhallau,2972,SH,real,False,23.07.2024,2677702,1285344
102572176,10164493,502005576,Dorfstrasse,19.1,8216 Oberhallau,2972,SH,real,False,23.07.2024,2677947,1284256
102572177,10031513,502005651,Vorderer Berghof,152.18,8216 Oberhallau,2972,SH,real,False,23.07.2024,2677413,1285167
102572178,10031512,502005606,Hinterer Berghof,120.3,8216 Oberhallau,2972,SH,real,False,23.07.2024,2677630,1285549
102572179,10031512,502005624,Hinterer Berghof,146.7,8216 Oberhallau,2972,SH,real,False,23.07.2024,2677552,1285894
102572180,10163252,502005627,Lugmerstrasse,3.1,8216 Oberhallau,2972,SH,real,False,23.07.2024,2678185,1284563
102572181,10031513,502005669,Vorderer Berghof,152.19,8216 Oberhallau,2972,SH,real,False,23.07.2024,2677352,1285088
102572182,10158880,502005463,Neunkircherstrasse,4.6,8216 Oberhallau,2972,SH,real,False,23.07.2024,2678318,1284124
102572183,10202345,502005676,Hegiackerstrasse,125.5,8216 Oberhallau,2972,SH,real,False,23.07.2024,2677701,1285188
102572184,10164493,502005548,Dorfstrasse,19.2,8216 Oberhallau,2972,SH,real,False,23.07.2024,2677963,1284269
102572185,10031513,502005671,Vorderer Berghof,152.2,8216 Oberhallau,2972,SH,real,False,23.07.2024,2677174,1285437
102572186,10158880,502005683,Neunkircherstrasse,4.7,8216 Oberhallau,2972,SH,real,False,23.07.2024,2678355,1284147
102572187,10031512,502005561,Hinterer Berghof,146.8,8216 Oberhallau,2972,SH,real,False,23.07.2024,2677561,1285932
102572188,10163252,502005552,Lugmerstrasse,6.1,8216 Oberhallau,2972,SH,real,False,23.07.2024,2678194,1284509
102572189,10202345,502005542,Hegiackerstrasse,125.6,8216 Oberhallau,2972,SH,real,False,23.07.2024,2678530,1285460
102572190,10031513,502005599,Vorderer Berghof,152.20,8216 Oberhallau,2972,SH,real,False,23.07.2024,2677434,1285129
102572191,10158880,502005689,Neunkircherstrasse,4.8,8216 Oberhallau,2972,SH,real,False,23.07.2024,2678365,1284204
102572193,10073107,502005505,Im Peter,176.1,8216 Oberhallau,2972,SH,real,False,23.07.2024,2677042,1284739
102572194,10031513,502005583,Vorderer Berghof,152.21,8216 Oberhallau,2972,SH,real,False,23.07.2024,2677427,1285062
102572195,10187871,502005471,Püntstrasse,10.1,8216 Oberhallau,2972,SH,real,False,23.07.2024,2677917,1284709
102572196,10163252,502005485,Lugmerstrasse,8.1,8216 Oberhallau,2972,SH,real,False,23.07.2024,2678252,1284527
102572198,10202345,502005691,Hegiackerstrasse,125.7,8216 Oberhallau,2972,SH,real,False,23.07.2024,2677686,1285415
102572199,10187871,502005608,Püntstrasse,4.1,8216 Oberhallau,2972,SH,real,False,23.07.2024,2677946,1284606
102572200,10164493,502005571,Dorfstrasse,24.1,8216 Oberhallau,2972,SH,real,False,23.07.2024,2677927,1284290
102572201,10031513,502005607,Vorderer Berghof,152.23,8216 Oberhallau,2972,SH,real,False,23.07.2024,2677623,1285349
102572202,10073107,502005602,Im Peter,176.10,8216 Oberhallau,2972,SH,real,False,23.07.2024,2677414,1284894
102572203,10187871,502005539,Püntstrasse,7.1,8216 Oberhallau,2972,SH,real,False,23.07.2024,2677791,1284680
102572204,10091396,502005486,Hinterdorfstrasse,37.6,8216 Oberhallau,2972,SH,real,False,23.07.2024,2677977,1284837
102572205,10031513,502005694,Vorderer Berghof,152.24,8216 Oberhallau,2972,SH,real,False,23.07.2024,2677483,1285033
102572206,10202345,502005657,Hegiackerstrasse,125.8,8216 Oberhallau,2972,SH,real,False,23.07.2024,2677669,1285378
102572207,10187871,502005653,Püntstrasse,7.2,8216 Oberhallau,2972,SH,real,False,23.07.2024,2677751,1284647
102572208,10091396,502005635,Hinterdorfstrasse,39.1,8216 Oberhallau,2972,SH,real,False,23.07.2024,2677926,1284815
102572209,10031513,502005678,Vorderer Berghof,152.3,8216 Oberhallau,2972,SH,real,False,23.07.2024,2677176,1285440
102572210,10073107,502005579,Im Peter,176.2,8216 Oberhallau,2972,SH,real,False,23.07.2024,2677018,1284792
102572211,10031512,502005509,Hinterer Berghof,143.8,8216 Oberhallau,2972,SH,real,False,23.07.2024,2676878,1286508
102572212,10163252,502005612,Lugmerstrasse,8.4,8216 Oberhallau,2972,SH,real,False,23.07.2024,2678417,1284657
102572213,10073107,502005641,Im Peter,176.3,8216 Oberhallau,2972,SH,real,False,23.07.2024,2676969,1284811
102572214,10031513,502005472,Vorderer Berghof,152.4,8216 Oberhallau,2972,SH,real,False,23.07.2024,2677156,1285446
102572215,10187871,502005685,Püntstrasse,7.4,8216 Oberhallau,2972,SH,real,False,23.07.2024,2677725,1284747
102572216,10164493,502005687,Dorfstrasse,25.3,8216 Oberhallau,2972,SH,real,False,23.07.2024,2677950,1284134
102572217,10091396,502005503,Hinterdorfstrasse,14.1,8216 Oberhallau,2972,SH,real,False,23.07.2024,2678092,1284568
102572218,10031513,502005563,Vorderer Berghof,152.5,8216 Oberhallau,2972,SH,real,False,23.07.2024,2677186,1285469
102572219,10187871,502005622,Püntstrasse,7.5,8216 Oberhallau,2972,SH,real,False,23.07.2024,2677699,1284692
102572220,10163252,502005468,Lugmerstrasse,8.5,8216 Oberhallau,2972,SH,real,False,23.07.2024,2678576,1284647
102572221,10073107,502005584,Im Peter,176.4,8216 Oberhallau,2972,SH,real,False,23.07.2024,2677204,1284924
102572222,10031513,502005489,Vorderer Berghof,152.6,8216 Oberhallau,2972,SH,real,False,23.07.2024,2677220,1285491
102572223,10187871,502005601,Püntstrasse,7.6,8216 Oberhallau,2972,SH,real,False,23.07.2024,2677665,1284674
102572224,10164493,502005650,Dorfstrasse,26.1,8216 Oberhallau,2972,SH,real,False,23.07.2024,2677922,1284228
102572225,10091396,502005623,Hinterdorfstrasse,14.2,8216 Oberhallau,2972,SH,real,False,23.07.2024,2678079,1284605
102572226,10031513,502005614,Vorderer Berghof,152.7,8216 Oberhallau,2972,SH,real,False,23.07.2024,2677244,1285251
102572227,10187871,502005616,Püntstrasse,7.7,8216 Oberhallau,2972,SH,real,False,23.07.2024,2677554,1284984
102572228,10162276,502005484,Mitteldorfstrasse,4.1,8216 Oberhallau,2972,SH,real,False,23.07.2024,2678037,1284377
102572229,10031513,502005532,Vorderer Berghof,152.8,8216 Oberhallau,2972,SH,real,False,23.07.2024,2677194,1285202
102572230,10073107,502005659,Im Peter,176.5,8216 Oberhallau,2972,SH,real,False,23.07.2024,2677253,1284908
102572231,10187871,502005598,Püntstrasse,7.8,8216 Oberhallau,2972,SH,real,False,23.07.2024,2677595,1285023
102572232,10162276,502005658,Mitteldorfstrasse,5.1,8216 Oberhallau,2972,SH,real,False,23.07.2024,2678051,1284376
102572233,10031513,502005679,Vorderer Berghof,152.9,8216 Oberhallau,2972,SH,real,False,23.07.2024,2677221,1285183
102572234,10091396,502005660,Hinterdorfstrasse,16.1,8216 Oberhallau,2972,SH,real,False,23.07.2024,2678081,1284643
102572235,10187871,502005631,Püntstrasse,8.1,8216 Oberhallau,2972,SH,real,False,23.07.2024,2677743,1284937
102572236,10164493,502005655,Dorfstrasse,28.1,8216 Oberhallau,2972,SH,real,False,23.07.2024,2677876,1284222
102572237,10104512,502005510,Vögelistrasse,260.1,8216 Oberhallau,2972,SH,real,False,23.07.2024,2677556,1284494
102572238,10073107,502005643,Im Peter,176.6,8216 Oberhallau,2972,SH,real,False,23.07.2024,2677365,1284839
102572239,10187871,502005633,Püntstrasse,8.2,8216 Oberhallau,2972,SH,real,False,23.07.2024,2677780,1284980
102572240,10164493,502005541,Dorfstrasse,28.2,8216 Oberhallau,2972,SH,real,False,23.07.2024,2677877,1284235
102572241,10104512,502005538,Vögelistrasse,260.10,8216 Oberhallau,2972,SH,real,False,23.07.2024,2677197,1284422
102572242,10091396,502005642,Hinterdorfstrasse,16.2,8216 Oberhallau,2972,SH,real,False,23.07.2024,2678079,1284647
102572243,10158880,502005511,Neunkircherstrasse,2.1,8216 Oberhallau,2972,SH,real,False,23.07.2024,2678067,1284215
102572244,10187871,502005477,Püntstrasse,8.3,8216 Oberhallau,2972,SH,real,False,23.07.2024,2677706,1285065
102572245,10104512,502005656,Vögelistrasse,260.11,8216 Oberhallau,2972,SH,real,False,23.07.2024,2677530,1284906
102572246,10073107,502005645,Im Peter,176.8,8216 Oberhallau,2972,SH,real,False,23.07.2024,2677345,1284955
102572247,10164493,502005536,Dorfstrasse,28.3,8216 Oberhallau,2972,SH,real,False,23.07.2024,2677884,1284236
102572248,10187871,502005595,Püntstrasse,8.4,8216 Oberhallau,2972,SH,real,False,23.07.2024,2677658,1285102
102572249,10104512,502005597,Vögelistrasse,260.12,8216 Oberhallau,2972,SH,real,False,23.07.2024,2677463,1284980
102572250,10073107,502005604,Im Peter,176.9,8216 Oberhallau,2972,SH,real,False,23.07.2024,2677387,1284863
102572251,10164493,502005527,Dorfstrasse,28.4,8216 Oberhallau,2972,SH,real,False,23.07.2024,2677843,1284232
102572252,10162284,502005544,Püntweg,1.1,8216 Oberhallau,2972,SH,real,False,23.07.2024,2678004,1284663
102572253,10104512,502005605,Vögelistrasse,260.2,8216 Oberhallau,2972,SH,real,False,23.07.2024,2677493,1284499
102572254,10091396,502005565,Hinterdorfstrasse,16.4,8216 Oberhallau,2972,SH,real,False,23.07.2024,2678095,1284686
102572255,10158880,502005672,Neunkircherstrasse,4.1,8216 Oberhallau,2972,SH,real,False,23.07.2024,2678096,1284134
102572256,10162284,502005530,Püntweg,4.1,8216 Oberhallau,2972,SH,real,False,23.07.2024,2677945,1284686
102572257,10104512,502005619,Vögelistrasse,260.3,8216 Oberhallau,2972,SH,real,False,23.07.2024,2677449,1284554
102572258,10162015,502005574,Im Winkel,1.1,8216 Oberhallau,2972,SH,real,False,23.07.2024,2677980,1284501
102572259,10164493,502005488,Dorfstrasse,29.2,8216 Oberhallau,2972,SH,real,False,23.07.2024,2677828,1284075
102572260,10162284,502005667,Püntweg,5.1,8216 Oberhallau,2972,SH,real,False,23.07.2024,2677937,1284659
102572261,10104512,502005682,Vögelistrasse,260.4,8216 Oberhallau,2972,SH,real,False,23.07.2024,2677635,1284549
102572262,10162015,502005587,Im Winkel,7.1,8216 Oberhallau,2972,SH,real,False,23.07.2024,2678033,1284523
102572263,10158880,502005673,Neunkircherstrasse,4.2,8216 Oberhallau,2972,SH,real,False,23.07.2024,2678092,1284136
102572264,10162284,502005620,Püntweg,7.1,8216 Oberhallau,2972,SH,real,False,23.07.2024,2677934,1284652
102572265,10104512,502005603,Vögelistrasse,260.5,8216 Oberhallau,2972,SH,real,False,23.07.2024,2677419,1284528
102572266,10091396,502005526,Hinterdorfstrasse,17.2,8216 Oberhallau,2972,SH,real,False,23.07.2024,2678063,1284533
102572267,10164493,502005518,Dorfstrasse,33.1,8216 Oberhallau,2972,SH,real,False,23.07.2024,2677771,1284069
102572268,10153985,502005558,Rohrstrasse,10.1,8216 Oberhallau,2972,SH,real,False,23.07.2024,2677886,1284367
102572269,10104512,502005698,Vögelistrasse,260.6,8216 Oberhallau,2972,SH,real,False,23.07.2024,2677586,1284661
102572270,10164493,502005515,Dorfstrasse,34.1,8216 Oberhallau,2972,SH,real,False,23.07.2024,2677776,1284108
102572271,10091397,502005592,Krongasse,11.1,8216 Oberhallau,2972,SH,real,False,23.07.2024,2678147,1284614
102572272,10153985,502005554,Rohrstrasse,15.1,8216 Oberhallau,2972,SH,real,False,23.07.2024,2677814,1284228
102572273,10104512,502005699,Vögelistrasse,260.7,8216 Oberhallau,2972,SH,real,False,23.07.2024,2677506,1284683
102572274,10091397,502005529,Krongasse,14.1,8216 Oberhallau,2972,SH,real,False,23.07.2024,2678177,1284733
102572275,10158880,502005560,Neunkircherstrasse,4.4,8216 Oberhallau,2972,SH,real,False,23.07.2024,2678081,1284150
102572276,10153985,502005593,Rohrstrasse,15.2,8216 Oberhallau,2972,SH,real,False,23.07.2024,2677831,1284212
102572277,10104512,502005506,Vögelistrasse,260.8,8216 Oberhallau,2972,SH,real,False,23.07.2024,2677285,1284620
102572278,10164493,502005534,Dorfstrasse,4.1,8216 Oberhallau,2972,SH,real,False,23.07.2024,2678016,1284494
102572279,10091397,502005688,Krongasse,14.2,8216 Oberhallau,2972,SH,real,False,23.07.2024,2678160,1284742
102572280,10153985,502005555,Rohrstrasse,15.3,8216 Oberhallau,2972,SH,real,True,16.10.2024,2677793,1284227
102572281,10104512,502005662,Vögelistrasse,260.9,8216 Oberhallau,2972,SH,real,False,19.11.2024,2677494,1284841
102572282,10158880,502005478,Neunkircherstrasse,4.5,8216 Oberhallau,2972,SH,real,False,23.07.2024,2678263,1284073
102572283,10091397,502005533,Krongasse,14.3,8216 Oberhallau,2972,SH,real,False,23.07.2024,2678186,1284721
102572284,10153985,502005543,Rohrstrasse,23.1,8216 Oberhallau,2972,SH,real,False,23.07.2024,2677727,1284256
102572285,10031514,502005550,Wasseristrasse,4.1,8216 Oberhallau,2972,SH,real,False,23.07.2024,2677890,1284053
102572286,10164493,502005625,Dorfstrasse,6.1,8216 Oberhallau,2972,SH,real,False,23.07.2024,2677968,1284441
102572287,10091397,502005639,Krongasse,14.4,8216 Oberhallau,2972,SH,real,False,23.07.2024,2678186,1284690
102572288,10153985,502005520,Rohrstrasse,38a.1,8216 Oberhallau,2972,SH,real,False,23.07.2024,2677758,1284351
102572289,10031514,502005481,Wasseristrasse,4.2,8216 Oberhallau,2972,SH,real,False,23.07.2024,2677848,1284051
102572290,10031512,502005696,Hinterer Berghof,120.4,8216 Oberhallau,2972,SH,real,False,23.07.2024,2677734,1285529
102572291,10091397,502005523,Krongasse,14.5,8216 Oberhallau,2972,SH,real,False,23.07.2024,2678172,1284765
102572292,10153985,502005585,Rohrstrasse,38b.1,8216 Oberhallau,2972,SH,real,False,23.07.2024,2677749,1284383
102572293,10164493,502005581,Dorfstrasse,6.2,8216 Oberhallau,2972,SH,real,False,17.09.2024,2677960,1284475
102572294,10031514,502005491,Wasseristrasse,4.3,8216 Oberhallau,2972,SH,real,False,19.11.2024,2677870,1283617
102572295,10153985,502005586,Rohrstrasse,38b.2,8216 Oberhallau,2972,SH,real,False,23.07.2024,2677719,1284428
102572296,10091397,502005648,Krongasse,14.6,8216 Oberhallau,2972,SH,real,False,23.07.2024,2678287,1284780
102572297,10167195,502005686,Weierwiesstrasse,1.1,8216 Oberhallau,2972,SH,real,False,23.07.2024,2677839,1284468
102572298,10031512,502005469,Hinterer Berghof,120.6,8216 Oberhallau,2972,SH,real,False,23.07.2024,2676997,1286057
102572299,10153985,502005540,Rohrstrasse,38b.3,8216 Oberhallau,2972,SH,real,False,23.07.2024,2677745,1284468
102572300,10091397,502005609,Krongasse,14.7,8216 Oberhallau,2972,SH,real,False,23.07.2024,2678342,1284729
102572301,10162014,502005613,Wettistrasse,5.1,8216 Oberhallau,2972,SH,real,False,23.07.2024,2678001,1284566
102572302,10073106,502005507,Heerengasse,11.1,8216 Oberhallau,2972,SH,real,False,23.07.2024,2678125,1284345
102572303,10180894,502005553,Chatzengartenstrasse,4.1,8216 Oberhallau,2972,SH,real,False,23.07.2024,2678186,1284463
102572304,10153985,502005652,Rohrstrasse,38b.4,8216 Oberhallau,2972,SH,real,False,23.07.2024,2677671,1284447
102572305,10053536,502005564,Wiesengrundstrasse,2.1,8216 Oberhallau,2972,SH,real,False,23.07.2024,2677870,1284082
102572306,10031512,502005569,Hinterer Berghof,143.1,8216 Oberhallau,2972,SH,real,False,23.07.2024,2677541,1285953
102572307,10153985,502005521,Rohrstrasse,4.1,8216 Oberhallau,2972,SH,real,False,23.07.2024,2677833,1284424
102572308,10103233,502005664,Trottengasse,14.1,8216 Oberhallau,2972,SH,real,False,23.07.2024,2678047,1284184
102572309,10053536,502005575,Wiesengrundstrasse,2.2,8216 Oberhallau,2972,SH,real,False,23.07.2024,2677847,1284083
102572310,10031512,502005516,Hinterer Berghof,143.10,8216 Oberhallau,2972,SH,real,False,23.07.2024,2676569,1286811
102572311,10153985,502005677,Rohrstrasse,4.2,8216 Oberhallau,2972,SH,real,False,23.07.2024,2677824,1284426
102572312,10163252,502005514,Lugmerstrasse,8.2,8216 Oberhallau,2972,SH,real,False,23.07.2024,2678343,1284434
102572313,10073106,502005600,Heerengasse,13.2,8216 Oberhallau,2972,SH,real,False,23.07.2024,2678112,1284341
102572314,10153985,502005519,Rohrstrasse,6.1,8216 Oberhallau,2972,SH,real,False,23.07.2024,2677852,1284367
102572315,10053536,502005487,Wiesengrundstrasse,2.3,8216 Oberhallau,2972,SH,real,False,23.07.2024,2677892,1284125
102572316,10163252,502005464,Lugmerstrasse,8.3,8216 Oberhallau,2972,SH,real,False,23.07.2024,2678410,1284611
102572317,10031512,502005578,Hinterer Berghof,143.2,8216 Oberhallau,2972,SH,real,False,23.07.2024,2677514,1285957
102572318,10103233,502005617,Trottengasse,1.1,8216 Oberhallau,2972,SH,real,False,23.07.2024,2677987,1284276
102572319,10053536,502005615,Wiesengrundstrasse,4.1,8216 Oberhallau,2972,SH,real,False,23.07.2024,2677928,1284057
102572320,10158880,502005628,Neunkircherstrasse,2.2,8216 Oberhallau,2972,SH,real,False,23.07.2024,2678056,1284168
102572321,10073106,502005570,Heerengasse,15.1,8216 Oberhallau,2972,SH,real,False,23.07.2024,2678093,1284321
102572322,10091397,502005629,Krongasse,16.1,8216 Oberhallau,2972,SH,real,False,23.07.2024,2678121,1284832
102572323,10031512,502005594,Hinterer Berghof,120.5,8216 Oberhallau,2972,SH,real,False,23.07.2024,2677613,1285468
102572324,10199000,502005495,Wiesenweg,1.1,8216 Oberhallau,2972,SH,real,False,23.07.2024,2677962,1284110
102572325,10031512,502005666,Hinterer Berghof,143.3,8216 Oberhallau,2972,SH,real,False,23.07.2024,2677516,1285944
102572326,10091397,502005668,Krongasse,16.2,8216 Oberhallau,2972,SH,real,False,23.07.2024,2678131,1284843
102572327,10073106,502005547,Heerengasse,10.1,8216 Oberhallau,2972,SH,real,False,23.07.2024,2678071,1284347
102572328,10199000,502005470,Wiesenweg,4.1,8216 Oberhallau,2972,SH,real,False,23.07.2024,2677994,1284105
102572329,10073106,502005647,Heerengasse,15.2,8216 Oberhallau,2972,SH,real,False,23.07.2024,2678116,1284319
102572330,10091397,502005474,Krongasse,16.3,8216 Oberhallau,2972,SH,real,False,23.07.2024,2678152,1284878
102572331,10031512,502005473,Hinterer Berghof,146.2,8216 Oberhallau,2972,SH,real,False,23.07.2024,2677523,1285903
102572332,10158880,502005674,Neunkircherstrasse,4.3,8216 Oberhallau,2972,SH,real,False,23.07.2024,2678088,1284137
102572333,10031512,502005512,Hinterer Berghof,143.4,8216 Oberhallau,2972,SH,real,False,23.07.2024,2677536,1286412
102572334,10073106,502005577,Heerengasse,13.1,8216 Oberhallau,2972,SH,real,False,23.07.2024,2678108,1284327
102572335,10073107,502005596,Im Peter,176.7,8216 Oberhallau,2972,SH,real,False,23.07.2024,2677157,1284431
102572336,10091397,502005504,Krongasse,16.4,8216 Oberhallau,2972,SH,real,False,23.07.2024,2678212,1284815
102572337,10073106,502005644,Heerengasse,17.1,8216 Oberhallau,2972,SH,real,False,19.11.2024,2678106,1284296
102572338,10073106,502005522,Heerengasse,5.1,8216 Oberhallau,2972,SH,real,False,23.07.2024,2678122,1284438
102572339,10091396,502005566,Hinterdorfstrasse,16.3,8216 Oberhallau,2972,SH,real,False,23.07.2024,2678107,1284651
102572340,10091397,502005591,Krongasse,4.1,8216 Oberhallau,2972,SH,real,False,23.07.2024,2678159,1284493
102572341,10031512,502005634,Hinterer Berghof,143.5,8216 Oberhallau,2972,SH,real,False,23.07.2024,2678018,1285893
102572342,10031512,502005665,Hinterer Berghof,146.5,8216 Oberhallau,2972,SH,real,False,23.07.2024,2677511,1285941
102572343,10091397,502005535,Krongasse,6.1,8216 Oberhallau,2972,SH,real,False,23.07.2024,2678147,1284517
102572344,10202345,502005670,Hegiackerstrasse,125.9,8216 Oberhallau,2972,SH,real,False,23.07.2024,2677671,1285399
102572345,10091396,502005476,Hinterdorfstrasse,17.1,8216 Oberhallau,2972,SH,real,False,23.07.2024,2678054,1284554
102572732,10085721,191852605,Lochstrasse,50,8200 Schaffhausen,2939,SH,real,True,15.11.2024,2689352,1285020
102573116,10072979,191852877,Zur Mühle,114.2,8239 Dörflingen,2915,SH,real,True,23.07.2024,2695773,1284294
102573162,10019789,1610194,Walther-Bringolf-Platz,5,8200 Schaffhausen,2939,SH,real,True,15.11.2024,2689787,1283703
102573175,10091105,191852929,Rietstrasse,25,8260 Stein am Rhein,2964,SH,real,True,15.11.2024,2706374,1280157
102573177,10091105,191852931,Rietstrasse,27,8260 Stein am Rhein,2964,SH,real,True,15.11.2024,2706351,1280173
102573366,10179754,191853139,Chalberweidstrasse,10,8260 Stein am Rhein,2964,SH,real,True,15.11.2024,2707322,1279907
102573739,10212493,191853382,Chilesteig,1,8212 Neuhausen am Rheinfall,2937,SH,real,False,15.11.2024,2688572,1281847
102573826,10186927,502005942,Brüelgässli,3.2,8214 Gächlingen,2901,SH,real,True,29.11.2024,2679544,1284156
102573827,10122076,502005924,Chilchgasse,10.1,8214 Gächlingen,2901,SH,real,True,29.11.2024,2679668,1284129
102573828,10110808,502005844,Im Chloster,8.1,8214 Gächlingen,2901,SH,real,True,04.12.2024,2679397,1284002
102573829,10026326,502005731,Talstrasse,2.1,8214 Gächlingen,2901,SH,real,True,06.12.2024,2679381,1284192
102573830,10122076,502005923,Chilchgasse,12.1,8214 Gächlingen,2901,SH,real,True,29.11.2024,2679673,1284105
102573831,10026326,502005730,Talstrasse,2.2,8214 Gächlingen,2901,SH,real,True,06.12.2024,2679413,1284232
102573832,10026320,502005900,Dorfstrasse,8.2,8214 Gächlingen,2901,SH,real,True,04.12.2024,2679544,1284057
102573833,10026319,502005936,Brüelstrasse,33.1,8214 Gächlingen,2901,SH,real,True,29.11.2024,2679602,1284347
102573834,10122076,502005922,Chilchgasse,5.1,8214 Gächlingen,2901,SH,real,True,29.11.2024,2679681,1284166
102573835,10026326,502005729,Talstrasse,4.1,8214 Gächlingen,2901,SH,real,True,06.12.2024,2679397,1284255
102573836,10026320,502005899,Dorfstrasse,8.3,8214 Gächlingen,2901,SH,real,True,04.12.2024,2679532,1284052
102573837,10026323,502005808,Kirchstrasse,20.1,8214 Gächlingen,2901,SH,real,False,23.07.2024,2679729,1284111
102573838,10122076,502005921,Chilchgasse,6.1,8214 Gächlingen,2901,SH,real,True,29.11.2024,2679679,1284163
102573839,10026326,502005728,Talstrasse,6.1,8214 Gächlingen,2901,SH,real,True,06.12.2024,2679323,1284255
102573840,10122076,502005919,Chilchgasse,9.2,8214 Gächlingen,2901,SH,real,True,29.11.2024,2679711,1284170
102573841,10058932,502005898,Gemeindehausplatz,5.1,8214 Gächlingen,2901,SH,real,True,04.12.2024,2679447,1284025
102573842,10122076,502005920,Chilchgasse,9.1,8214 Gächlingen,2901,SH,real,True,29.11.2024,2679686,1284163
102573843,10026326,502005727,Talstrasse,6.2,8214 Gächlingen,2901,SH,real,True,06.12.2024,2679207,1284451
102573844,10058932,502005897,Gemeindehausplatz,5.2,8214 Gächlingen,2901,SH,real,True,04.12.2024,2679476,1284040
102573845,10134705,502005706,Nebental,174.4,8225 Siblingen,2901,SH,real,True,04.12.2024,2680337,1287589
102573846,10026323,502005804,Kirchstrasse,9.1,8214 Gächlingen,2901,SH,real,True,04.12.2024,2679609,1284127
102573847,10026326,502005726,Talstrasse,6.3,8214 Gächlingen,2901,SH,real,True,06.12.2024,2679336,1284519
102573849,10058932,502005896,Gemeindehausplatz,5.3,8214 Gächlingen,2901,SH,real,True,04.12.2024,2679482,1284036
102573850,10136262,502005803,Müliweg,18.1,8214 Gächlingen,2901,SH,real,True,04.12.2024,2679903,1284412
102573851,10120396,502005791,Neunkircherstrasse,5.2,8214 Gächlingen,2901,SH,real,True,04.12.2024,2679601,1283932
102573852,10212449,502005704,Tiefenbachweg,1.1,8225 Siblingen,2901,SH,real,False,23.07.2024,2679164,1286622
102573853,10068425,502005895,Gewerbestrasse,3.1,8214 Gächlingen,2901,SH,real,True,04.12.2024,2679889,1283959
102573854,10026320,502005917,Dorfstrasse,14.1,8214 Gächlingen,2901,SH,real,True,04.12.2024,2679558,1284088
102573855,10048892,502005784,Niederwiesenstrasse,11.3,8214 Gächlingen,2901,SH,real,True,05.12.2024,2678844,1284113
102573856,10068425,502005894,Gewerbestrasse,3.2,8214 Gächlingen,2901,SH,real,True,04.12.2024,2679882,1283953
102573857,10212449,502005703,Tiefenbachweg,1.2,8225 Siblingen,2901,SH,real,False,23.07.2024,2679125,1286649
102573858,10136262,502005802,Müliweg,20.1,8214 Gächlingen,2901,SH,real,True,04.12.2024,2679894,1284431
102573859,10068425,502005892,Gewerbestrasse,3.4,8214 Gächlingen,2901,SH,real,True,04.12.2024,2679900,1283970
102573860,10212449,502005702,Tiefenbachweg,1.3,8225 Siblingen,2901,SH,real,False,23.07.2024,2679084,1286642
102573861,10068425,502005893,Gewerbestrasse,3.3,8214 Gächlingen,2901,SH,real,True,04.12.2024,2679895,1283965
102573862,10026320,502005916,Dorfstrasse,15.1,8214 Gächlingen,2901,SH,real,True,04.12.2024,2679600,1284198
102573863,10068425,502005891,Gewerbestrasse,3.5,8214 Gächlingen,2901,SH,real,True,04.12.2024,2679906,1283976
102573864,10212449,502005701,Tiefenbachweg,1.4,8225 Siblingen,2901,SH,real,False,23.07.2024,2679126,1286632
102573865,10129089,502005835,Im Tal,199.17,8214 Gächlingen,2901,SH,real,True,04.12.2024,2678851,1284595
102573866,10134705,502005709,Nebental,174.1,8225 Siblingen,2901,SH,real,True,04.12.2024,2679636,1286915
102573867,10068425,502005890,Gewerbestrasse,5.1,8214 Gächlingen,2901,SH,real,True,04.12.2024,2679922,1283924
102573868,10026327,502005725,Unterer Hof,3.1,8214 Gächlingen,2901,SH,real,True,06.12.2024,2679478,1284193
102573869,10026320,502005915,Dorfstrasse,17.1,8214 Gächlingen,2901,SH,real,True,04.12.2024,2679574,1284187
102573870,10103865,502005952,Bergstrasse,169.1,8214 Gächlingen,2901,SH,real,True,28.11.2024,2679491,1285557
102573871,10026327,502005724,Unterer Hof,4.1,8214 Gächlingen,2901,SH,real,True,06.12.2024,2679489,1284184
102573872,10068425,502005889,Gewerbestrasse,5.2,8214 Gächlingen,2901,SH,real,True,04.12.2024,2679971,1283739
102573873,10026320,502005914,Dorfstrasse,2.1,8214 Gächlingen,2901,SH,real,True,04.12.2024,2679555,1284038
102573874,10103865,502005951,Bergstrasse,170.1,8214 Gächlingen,2901,SH,real,True,28.11.2024,2679582,1285734
102573875,10117913,502005723,Vorderer Huebhof,172.2,8214 Gächlingen,2901,SH,real,True,06.12.2024,2678855,1286243
102573876,10111800,502005888,Hanenbüelstieg,2.1,8214 Gächlingen,2901,SH,real,True,04.12.2024,2680061,1284556
102573877,10129089,502005834,Im Tal,199.18,8214 Gächlingen,2901,SH,real,True,04.12.2024,2678831,1284547
102573878,10117913,502005722,Vorderer Huebhof,172.3,8214 Gächlingen,2901,SH,real,True,06.12.2024,2678851,1286239
102573879,10134705,502005708,Nebental,174.2,8225 Siblingen,2901,SH,real,True,04.12.2024,2679649,1286921
102573880,10111800,502005887,Hanenbüelstieg,3.1,8214 Gächlingen,2901,SH,real,True,04.12.2024,2680060,1284526
102573881,10117913,502005721,Vorderer Huebhof,172.4,8214 Gächlingen,2901,SH,real,True,06.12.2024,2678850,1286244
102573882,10026320,502005913,Dorfstrasse,22.1,8214 Gächlingen,2901,SH,real,True,04.12.2024,2679623,1284136
102573883,10103865,502005950,Bergstrasse,170.2,8214 Gächlingen,2901,SH,real,True,28.11.2024,2679619,1285710
102573884,10111800,502005886,Hanenbüelstieg,3.2,8214 Gächlingen,2901,SH,real,True,04.12.2024,2680050,1284519
102573885,10117913,502005720,Vorderer Huebhof,172.5,8214 Gächlingen,2901,SH,real,True,06.12.2024,2678852,1286208
102573886,10103865,502005949,Bergstrasse,170.3,8214 Gächlingen,2901,SH,real,True,28.11.2024,2679507,1285758
102573887,10134705,502005707,Nebental,174.3,8225 Siblingen,2901,SH,real,True,04.12.2024,2679599,1286926
102573888,10106940,502005885,Hanenbüelstrasse,1.1,8214 Gächlingen,2901,SH,real,True,04.12.2024,2679880,1284483
102573889,10068426,502005713,Vorderer Wetzenhof,176.1,8226 Schleitheim,2901,SH,real,True,06.12.2024,2679733,1287773
102573890,10129089,502005831,Im Tal,199.20,8214 Gächlingen,2901,SH,real,True,04.12.2024,2678803,1284497
102573891,10026320,502005912,Dorfstrasse,23.1,8214 Gächlingen,2901,SH,real,True,04.12.2024,2679598,1284207
102573892,10106940,502005884,Hanenbüelstrasse,12.1,8214 Gächlingen,2901,SH,real,True,04.12.2024,2680038,1284550
102573893,10026328,502005719,Wiesenstrasse,6.1,8214 Gächlingen,2901,SH,real,True,06.12.2024,2679531,1284324
102573894,10103865,502005948,Bergstrasse,170.4,8214 Gächlingen,2901,SH,real,True,28.11.2024,2680000,1285658
102573895,10026320,502005911,Dorfstrasse,30.1,8214 Gächlingen,2901,SH,real,True,04.12.2024,2679639,1284150
102573896,10106940,502005883,Hanenbüelstrasse,17.1,8214 Gächlingen,2901,SH,real,True,04.12.2024,2680018,1284579
102573897,10129089,502005830,Im Tal,199.21,8214 Gächlingen,2901,SH,real,True,04.12.2024,2678830,1284405
102573898,10048892,502005777,Niederwiesenstrasse,4.1,8214 Gächlingen,2901,SH,real,True,04.12.2024,2679293,1284154
102573899,10026320,502005910,Dorfstrasse,37.1,8214 Gächlingen,2901,SH,real,True,04.12.2024,2679610,1284265
102573900,10106940,502005882,Hanenbüelstrasse,19.1,8214 Gächlingen,2901,SH,real,True,04.12.2024,2680018,1284626
102573901,10103865,502005947,Bergstrasse,181.1,8214 Gächlingen,2901,SH,real,True,28.11.2024,2679605,1285256
102573902,10026324,502005776,Obere Hanenbüelstrasse,18.1,8214 Gächlingen,2901,SH,real,True,05.12.2024,2679901,1284667
102573903,10026320,502005909,Dorfstrasse,37.2,8214 Gächlingen,2901,SH,real,True,04.12.2024,2679619,1284285
102573904,10106940,502005881,Hanenbüelstrasse,21.1,8214 Gächlingen,2901,SH,real,True,04.12.2024,2680034,1284633
102573905,10026324,502005775,Obere Hanenbüelstrasse,28.1,8214 Gächlingen,2901,SH,real,True,05.12.2024,2680039,1284648
102573906,10129089,502005829,Im Tal,199.22,8214 Gächlingen,2901,SH,real,True,04.12.2024,2678691,1284846
102573907,10106940,502005880,Hanenbüelstrasse,3.1,8214 Gächlingen,2901,SH,real,True,04.12.2024,2679910,1284500
102573908,10120396,502005801,Neunkircherstrasse,1.1,8214 Gächlingen,2901,SH,real,True,04.12.2024,2679561,1284001
102573909,10026324,502005774,Obere Hanenbüelstrasse,4.1,8214 Gächlingen,2901,SH,real,True,05.12.2024,2679887,1284559
102573910,10087011,502005879,Hinterer Huebhof,215.1,8214 Gächlingen,2901,SH,real,True,04.12.2024,2678443,1286296
102573911,10103865,502005946,Bergstrasse,6.1,8214 Gächlingen,2901,SH,real,True,28.11.2024,2679960,1284451
102573912,10026320,502005908,Dorfstrasse,38.1,8214 Gächlingen,2901,SH,real,True,04.12.2024,2679652,1284195
102573913,10026324,502005773,Obere Hanenbüelstrasse,8.1,8214 Gächlingen,2901,SH,real,True,05.12.2024,2679913,1284575
102573914,10087011,502005878,Hinterer Huebhof,215.2,8214 Gächlingen,2901,SH,real,True,04.12.2024,2678437,1286318
102573915,10129089,502005827,Im Tal,199.4,8214 Gächlingen,2901,SH,real,True,04.12.2024,2679117,1284855
102573916,10120396,502005800,Neunkircherstrasse,11.1,8214 Gächlingen,2901,SH,real,True,04.12.2024,2679631,1283868
102573917,10117537,502005772,Oberer Hof,1.1,8214 Gächlingen,2901,SH,real,True,05.12.2024,2679710,1284280
102573918,10054965,502005718,Hinterer Wetzenhof,178.1,8226 Schleitheim,2901,SH,real,False,23.07.2024,2680297,1288149
102573919,10026318,502005712,Brunnenhof,214a.1,8225 Siblingen,2901,SH,real,True,29.11.2024,2679322,1286899
102573920,10026320,502005907,Dorfstrasse,41.1,8214 Gächlingen,2901,SH,real,True,04.12.2024,2679642,1284274
102573921,10117537,502005771,Oberer Hof,3.1,8214 Gächlingen,2901,SH,real,True,05.12.2024,2679753,1284249
102573922,10054965,502005717,Hinterer Wetzenhof,178.2,8226 Schleitheim,2901,SH,real,False,23.07.2024,2680315,1288178
102573923,10129089,502005826,Im Tal,199.5,8214 Gächlingen,2901,SH,real,True,04.12.2024,2679197,1284812
102573924,10120396,502005799,Neunkircherstrasse,11.2,8214 Gächlingen,2901,SH,real,True,04.12.2024,2679643,1283899
102573925,10117537,502005770,Oberer Hof,4.1,8214 Gächlingen,2901,SH,real,True,05.12.2024,2679745,1284291
102573926,10054965,502005716,Hinterer Wetzenhof,178.3,8226 Schleitheim,2901,SH,real,False,23.07.2024,2680344,1288185
102573927,10026318,502005711,Brunnenhof,214a.2,8225 Siblingen,2901,SH,real,True,29.11.2024,2679274,1286943
102573928,10054965,502005715,Hinterer Wetzenhof,178.4,8226 Schleitheim,2901,SH,real,True,04.12.2024,2680350,1288165
102573929,10161022,502005769,Postweg,2.1,8214 Gächlingen,2901,SH,real,True,05.12.2024,2679710,1284208
102573930,10026320,502005906,Dorfstrasse,41.2,8214 Gächlingen,2901,SH,real,True,04.12.2024,2679623,1284288
102573931,10129089,502005825,Im Tal,199.6,8214 Gächlingen,2901,SH,real,True,04.12.2024,2679061,1284571
102573933,10161022,502005768,Postweg,3.1,8214 Gächlingen,2901,SH,real,True,05.12.2024,2679714,1284229
102573935,10128728,502005877,Häuliforen,375.1,8214 Gächlingen,2901,SH,real,True,04.12.2024,2680285,1287807
102573936,10026318,502005700,Brunnenhof,214c,8225 Siblingen,2901,SH,real,True,15.11.2024,2679326,1286828
102573937,10161022,502005767,Postweg,4.1,8214 Gächlingen,2901,SH,real,True,05.12.2024,2679729,1284235
102573938,10026320,502005905,Dorfstrasse,45.1,8214 Gächlingen,2901,SH,real,True,04.12.2024,2679677,1284297
102573939,10128728,502005876,Häuliforen,375.2,8214 Gächlingen,2901,SH,real,True,04.12.2024,2680296,1287752
102573940,10126773,502005766,Rebweg,2.1,8214 Gächlingen,2901,SH,real,True,05.12.2024,2679671,1284469
102573941,10129089,502005824,Im Tal,199.7,8214 Gächlingen,2901,SH,real,True,04.12.2024,2679187,1284843
102573942,10026320,502005904,Dorfstrasse,51.1,8214 Gächlingen,2901,SH,real,True,04.12.2024,2679696,1284337
102573943,10128728,502005875,Häuliforen,375.3,8214 Gächlingen,2901,SH,real,True,04.12.2024,2680425,1287881
102573944,10126773,502005765,Rebweg,4.1,8214 Gächlingen,2901,SH,real,True,05.12.2024,2679719,1284428
102573945,10120396,502005796,Neunkircherstrasse,12.3,8214 Gächlingen,2901,SH,real,True,04.12.2024,2679587,1283806
102573946,10186927,502005945,Brüelgässli,1.1,8214 Gächlingen,2901,SH,real,True,29.11.2024,2679522,1284151
102573947,10128728,502005874,Häuliforen,375.4,8214 Gächlingen,2901,SH,real,True,04.12.2024,2680482,1287716
102573948,10026325,502005764,Römerstrasse,34.1,8214 Gächlingen,2901,SH,real,True,05.12.2024,2679988,1284115
102573949,10026320,502005903,Dorfstrasse,54.1,8214 Gächlingen,2901,SH,real,True,04.12.2024,2679775,1284318
102573950,10129089,502005823,Im Tal,199.8,8214 Gächlingen,2901,SH,real,True,04.12.2024,2679196,1284843
102573951,10128728,502005873,Häuliforen,375.5,8214 Gächlingen,2901,SH,real,True,04.12.2024,2680483,1287705
102573952,10026325,502005763,Römerstrasse,34.2,8214 Gächlingen,2901,SH,real,True,05.12.2024,2680006,1284115
102573953,10026320,502005902,Dorfstrasse,6.1,8214 Gächlingen,2901,SH,real,True,04.12.2024,2679561,1284045
102573954,10026321,502005710,Hürstenhof,213e.1,8225 Siblingen,2901,SH,real,True,04.12.2024,2679112,1286560
102573955,10186927,502005944,Brüelgässli,2.1,8214 Gächlingen,2901,SH,real,True,29.11.2024,2679530,1284152
102573956,10026325,502005762,Römerstrasse,37.1,8214 Gächlingen,2901,SH,real,True,05.12.2024,2679943,1284181
102573957,10114701,502005872,Im Chapf,1.1,8214 Gächlingen,2901,SH,real,True,04.12.2024,2679793,1284626
102573958,10129089,502005822,Im Tal,199.9,8214 Gächlingen,2901,SH,real,True,04.12.2024,2679012,1284600
102573960,10026325,502005761,Römerstrasse,37.2,8214 Gächlingen,2901,SH,real,True,05.12.2024,2679929,1284175
102573961,10114701,502005871,Im Chapf,13.1,8214 Gächlingen,2901,SH,real,True,04.12.2024,2679679,1284648
102573962,10186927,502005943,Brüelgässli,3.1,8214 Gächlingen,2901,SH,real,True,29.11.2024,2679540,1284155
102573963,10026320,502005901,Dorfstrasse,8.1,8214 Gächlingen,2901,SH,real,True,04.12.2024,2679537,1284058
102573964,10026325,502005760,Römerstrasse,40.1,8214 Gächlingen,2901,SH,real,True,05.12.2024,2680038,1284161
102573965,10114701,502005870,Im Chapf,13.2,8214 Gächlingen,2901,SH,real,True,04.12.2024,2679717,1284918
102573966,10120396,502005794,Neunkircherstrasse,16.1,8214 Gächlingen,2901,SH,real,True,04.12.2024,2679646,1283622
102573967,10026322,502005821,Ischlagstrasse,1.1,8214 Gächlingen,2901,SH,real,True,04.12.2024,2679646,1284297
102573968,10026325,502005759,Römerstrasse,40.2,8214 Gächlingen,2901,SH,real,True,05.12.2024,2680099,1284255
102573969,10110808,502005869,Im Chloster,15.1,8214 Gächlingen,2901,SH,real,True,04.12.2024,2679381,1283919
102573970,10110808,502005843,Im Chloster,8.2,8214 Gächlingen,2901,SH,real,True,04.12.2024,2679374,1283980
102573971,10026322,502005820,Ischlagstrasse,3.1,8214 Gächlingen,2901,SH,real,True,04.12.2024,2679660,1284329
102573972,10087013,502005758,Schulgasse,1.1,8214 Gächlingen,2901,SH,real,True,27.11.2024,2679378,1284085
102573973,10110808,502005868,Im Chloster,17.1,8214 Gächlingen,2901,SH,real,True,04.12.2024,2679357,1283906
102573974,10120396,502005793,Neunkircherstrasse,16.2,8214 Gächlingen,2901,SH,real,True,04.12.2024,2679623,1283622
102573975,10186927,502005941,Brüelgässli,7.1,8214 Gächlingen,2901,SH,real,True,29.11.2024,2679539,1284161
102573976,10087013,502005757,Schulgasse,1.2,8214 Gächlingen,2901,SH,real,True,05.12.2024,2679417,1284088
102573977,10110808,502005867,Im Chloster,19.1,8214 Gächlingen,2901,SH,real,True,04.12.2024,2679302,1283742
102573978,10129089,502005842,Im Tal,199.10,8214 Gächlingen,2901,SH,real,True,04.12.2024,2679187,1284902
102573979,10087012,502005819,Isengartenstrasse,10.1,8214 Gächlingen,2901,SH,real,True,04.12.2024,2680003,1284435
102573980,10087013,502005756,Schulgasse,1.3,8214 Gächlingen,2901,SH,real,True,05.12.2024,2679392,1284068
102573981,10110808,502005866,Im Chloster,19.2,8214 Gächlingen,2901,SH,real,True,04.12.2024,2679311,1283733
102573982,10120396,502005792,Neunkircherstrasse,5.1,8214 Gächlingen,2901,SH,real,True,04.12.2024,2679580,1283950
102573983,10186927,502005940,Brüelgässli,7.2,8214 Gächlingen,2901,SH,real,True,29.11.2024,2679543,1284177
102573984,10087013,502005755,Schulgasse,1.4,8214 Gächlingen,2901,SH,real,True,05.12.2024,2679423,1284068
102573985,10110808,502005865,Im Chloster,19.3,8214 Gächlingen,2901,SH,real,True,04.12.2024,2679313,1283731
102573986,10129089,502005841,Im Tal,199.11,8214 Gächlingen,2901,SH,real,True,04.12.2024,2679265,1284701
102573987,10087013,502005754,Schulgasse,10.1,8214 Gächlingen,2901,SH,real,True,19.11.2024,2679309,1284088
102573988,10087012,502005818,Isengartenstrasse,14.1,8214 Gächlingen,2901,SH,real,True,04.12.2024,2680050,1284448
102573989,10110808,502005864,Im Chloster,19.4,8214 Gächlingen,2901,SH,real,True,04.12.2024,2679314,1283729
102573990,10129089,502005840,Im Tal,199.12,8214 Gächlingen,2901,SH,real,True,04.12.2024,2679271,1284803
102573991,10087013,502005753,Schulgasse,11.1,8214 Gächlingen,2901,SH,real,True,06.12.2024,2679301,1284036
102573992,10186927,502005939,Brüelgässli,7.3,8214 Gächlingen,2901,SH,real,True,29.11.2024,2679520,1284168
102573993,10110808,502005863,Im Chloster,19.5,8214 Gächlingen,2901,SH,real,True,04.12.2024,2679330,1283723
102573994,10120396,502005790,Neunkircherstrasse,5.3,8214 Gächlingen,2901,SH,real,True,04.12.2024,2679607,1283964
102573995,10087013,502005752,Schulgasse,17.1,8214 Gächlingen,2901,SH,real,True,06.12.2024,2679239,1283997
102573996,10087012,502005817,Isengartenstrasse,16.1,8214 Gächlingen,2901,SH,real,True,04.12.2024,2680047,1284467
102573997,10110808,502005862,Im Chloster,3.1,8214 Gächlingen,2901,SH,real,True,04.12.2024,2679504,1283978
102573998,10129089,502005839,Im Tal,199.13,8214 Gächlingen,2901,SH,real,True,04.12.2024,2679249,1284548
102573999,10087013,502005751,Schulgasse,2.1,8214 Gächlingen,2901,SH,real,True,05.12.2024,2679368,1284115
102574000,10026319,502005938,Brüelstrasse,17.1,8214 Gächlingen,2901,SH,real,True,29.11.2024,2679525,1284274
102574001,10110808,502005861,Im Chloster,3.2,8214 Gächlingen,2901,SH,real,True,04.12.2024,2679514,1283959
102574002,10129089,502005838,Im Tal,199.14,8214 Gächlingen,2901,SH,real,True,04.12.2024,2679141,1284453
102574003,10087013,502005750,Schulgasse,32.1,8214 Gächlingen,2901,SH,real,True,06.12.2024,2678823,1284050
102574004,10087012,502005816,Isengartenstrasse,3.1,8214 Gächlingen,2901,SH,real,True,04.12.2024,2679957,1284472
102574005,10110808,502005860,Im Chloster,35.1,8214 Gächlingen,2901,SH,real,True,04.12.2024,2679142,1283877
102574006,10048892,502005789,Niederwiesenstrasse,10.1,8214 Gächlingen,2901,SH,real,True,04.12.2024,2679233,1284163
102574007,10087013,502005749,Schulgasse,32.2,8214 Gächlingen,2901,SH,real,True,06.12.2024,2678692,1284081
102574008,10026319,502005937,Brüelstrasse,24.1,8214 Gächlingen,2901,SH,real,True,29.11.2024,2679610,1284226
102574009,10110808,502005859,Im Chloster,37.1,8214 Gächlingen,2901,SH,real,True,04.12.2024,2679114,1283873
102574010,10129089,502005837,Im Tal,199.15,8214 Gächlingen,2901,SH,real,True,04.12.2024,2679321,1284800
102574011,10087013,502005748,Schulgasse,32.3,8214 Gächlingen,2901,SH,real,True,06.12.2024,2678644,1284074
102574012,10110808,502005858,Im Chloster,37.10,8214 Gächlingen,2901,SH,real,True,04.12.2024,2678524,1283994
102574013,10087012,502005815,Isengartenstrasse,3.2,8214 Gächlingen,2901,SH,real,True,04.12.2024,2679982,1284483
102574014,10048892,502005788,Niederwiesenstrasse,11.1,8214 Gächlingen,2901,SH,real,True,04.12.2024,2678930,1284218
102574015,10087013,502005747,Schulgasse,9.1,8214 Gächlingen,2901,SH,real,True,05.12.2024,2679318,1284048
102574016,10110808,502005857,Im Chloster,37.11,8214 Gächlingen,2901,SH,real,True,04.12.2024,2678535,1284075
102574017,10087012,502005814,Isengartenstrasse,4.1,8214 Gächlingen,2901,SH,real,True,04.12.2024,2679977,1284365
102574018,10048893,502005746,Schulstrasse,8.1,8214 Gächlingen,2901,SH,real,True,06.12.2024,2679493,1284129
102574019,10129089,502005836,Im Tal,199.16,8214 Gächlingen,2901,SH,real,True,04.12.2024,2679344,1284673
102574020,10110808,502005856,Im Chloster,37.12,8214 Gächlingen,2901,SH,real,True,04.12.2024,2678507,1284077
102574021,10026319,502005935,Brüelstrasse,37.1,8214 Gächlingen,2901,SH,real,True,29.11.2024,2679631,1284327
102574022,10048893,502005745,Schulstrasse,9.1,8214 Gächlingen,2901,SH,real,True,06.12.2024,2679371,1284158
102574023,10048892,502005787,Niederwiesenstrasse,11.10,8214 Gächlingen,2901,SH,real,True,05.12.2024,2678607,1284225
102574024,10110808,502005855,Im Chloster,37.13,8214 Gächlingen,2901,SH,real,True,04.12.2024,2678453,1284002
102574025,10087012,502005813,Isengartenstrasse,8.1,8214 Gächlingen,2901,SH,real,True,04.12.2024,2679977,1284419
102574026,10103866,502005744,Steinhof,195.1,8214 Gächlingen,2901,SH,real,True,06.12.2024,2680283,1284484
102574027,10048892,502005786,Niederwiesenstrasse,11.11,8214 Gächlingen,2901,SH,real,True,05.12.2024,2678503,1284236
102574028,10110808,502005854,Im Chloster,37.2,8214 Gächlingen,2901,SH,real,True,04.12.2024,2679124,1283862
102574029,10026319,502005934,Brüelstrasse,37.2,8214 Gächlingen,2901,SH,real,True,29.11.2024,2679648,1284346
102574030,10103866,502005743,Steinhof,195.2,8214 Gächlingen,2901,SH,real,True,06.12.2024,2680224,1284390
102574031,10048892,502005785,Niederwiesenstrasse,11.2,8214 Gächlingen,2901,SH,real,True,05.12.2024,2678867,1284157
102574032,10110808,502005853,Im Chloster,37.3,8214 Gächlingen,2901,SH,real,True,04.12.2024,2679101,1283862
102574033,10103866,502005742,Steinhof,195.3,8214 Gächlingen,2901,SH,real,True,06.12.2024,2680209,1284384
102574034,10087012,502005812,Isengartenstrasse,9.1,8214 Gächlingen,2901,SH,real,True,04.12.2024,2680031,1284484
102574035,10048892,502005783,Niederwiesenstrasse,11.4,8214 Gächlingen,2901,SH,real,True,05.12.2024,2678808,1284117
102574036,10026326,502005740,Talstrasse,11.1,8214 Gächlingen,2901,SH,real,True,06.12.2024,2679258,1284202
102574037,10026326,502005741,Talstrasse,1.1,8214 Gächlingen,2901,SH,real,True,06.12.2024,2679332,1284167
102574038,10026319,502005933,Brüelstrasse,37.3,8214 Gächlingen,2901,SH,real,True,29.11.2024,2679642,1284361
102574039,10048892,502005782,Niederwiesenstrasse,11.5,8214 Gächlingen,2901,SH,real,True,05.12.2024,2678807,1284214
102574040,10026326,502005739,Talstrasse,15.1,8214 Gächlingen,2901,SH,real,True,06.12.2024,2679184,1284346
102574041,10110808,502005852,Im Chloster,37.4,8214 Gächlingen,2901,SH,real,True,04.12.2024,2678845,1284011
102574042,10026323,502005811,Kirchstrasse,15.1,8214 Gächlingen,2901,SH,real,True,04.12.2024,2679733,1284182
102574043,10129089,502005833,Im Tal,199.19,8214 Gächlingen,2901,SH,real,True,04.12.2024,2678885,1284447
102574044,10026326,502005738,Talstrasse,15.2,8214 Gächlingen,2901,SH,real,True,06.12.2024,2679110,1284328
102574046,10118350,502005932,Chapfstrasse,11.1,8214 Gächlingen,2901,SH,real,True,29.11.2024,2679625,1284611
102574047,10129089,502005832,Im Tal,199.2,8214 Gächlingen,2901,SH,real,True,04.12.2024,2679094,1284611
102574048,10026326,502005737,Talstrasse,15.3,8214 Gächlingen,2901,SH,real,True,06.12.2024,2679105,1284348
102574049,10110808,502005850,Im Chloster,37.6,8214 Gächlingen,2901,SH,real,True,04.12.2024,2678616,1283999
102574050,10026323,502005810,Kirchstrasse,18.1,8214 Gächlingen,2901,SH,real,False,23.07.2024,2679735,1284122
102574051,10129089,502005828,Im Tal,199.3,8214 Gächlingen,2901,SH,real,True,23.07.2024,2679056,1284630
102574052,10026326,502005736,Talstrasse,15.4,8214 Gächlingen,2901,SH,real,True,06.12.2024,2678915,1284250
102574053,10110808,502005849,Im Chloster,37.7,8214 Gächlingen,2901,SH,real,True,04.12.2024,2678595,1283999
102574054,10118350,502005931,Chapfstrasse,11.2,8214 Gächlingen,2901,SH,real,True,29.11.2024,2679599,1284538
102574055,10026326,502005735,Talstrasse,15.5,8214 Gächlingen,2901,SH,real,True,06.12.2024,2678900,1284295
102574056,10026323,502005806,Kirchstrasse,5.1,8214 Gächlingen,2901,SH,real,True,04.12.2024,2679613,1284073
102574057,10110808,502005848,Im Chloster,37.8,8214 Gächlingen,2901,SH,real,True,04.12.2024,2678599,1284074
102574058,10026323,502005809,Kirchstrasse,2.1,8214 Gächlingen,2901,SH,real,True,04.12.2024,2679604,1283985
102574059,10026326,502005734,Talstrasse,15.6,8214 Gächlingen,2901,SH,real,True,06.12.2024,2678859,1284246
102574060,10136921,502005926,Chapfweg,8.1,8214 Gächlingen,2901,SH,real,True,29.11.2024,2679730,1284477
102574061,10110808,502005847,Im Chloster,37.9,8214 Gächlingen,2901,SH,real,True,04.12.2024,2678550,1283995
102574062,10026326,502005733,Talstrasse,15.7,8214 Gächlingen,2901,SH,real,True,06.12.2024,2678801,1284301
102574063,10118350,502005930,Chapfstrasse,11.3,8214 Gächlingen,2901,SH,real,True,29.11.2024,2679473,1284594
102574064,10026320,502005918,Dorfstrasse,10.1,8214 Gächlingen,2901,SH,real,True,04.12.2024,2679507,1284063
102574065,10110808,502005846,Im Chloster,4.1,8214 Gächlingen,2901,SH,real,True,04.12.2024,2679444,1284005
102574066,10026326,502005732,Talstrasse,15.8,8214 Gächlingen,2901,SH,real,True,06.12.2024,2678817,1284359
102574067,10118350,502005929,Chapfstrasse,14.1,8214 Gächlingen,2901,SH,real,True,29.11.2024,2679385,1284709
102574068,10134705,502005705,Nebental,174.5,8225 Siblingen,2901,SH,real,True,04.12.2024,2680936,1287437
102574069,10110808,502005845,Im Chloster,5.1,8214 Gächlingen,2901,SH,real,True,04.12.2024,2679458,1283956
102574071,10026323,502005807,Kirchstrasse,28.1,8214 Gächlingen,2901,SH,real,True,04.12.2024,2679825,1284190
102574072,10048892,502005780,Niederwiesenstrasse,11.7,8214 Gächlingen,2901,SH,real,True,05.12.2024,2678776,1284191
102574073,10118350,502005928,Chapfstrasse,6.1,8214 Gächlingen,2901,SH,real,True,29.11.2024,2679728,1284599
102574074,10048892,502005779,Niederwiesenstrasse,11.8,8214 Gächlingen,2901,SH,real,True,05.12.2024,2678746,1284176
102574075,10118350,502005927,Chapfstrasse,8.1,8214 Gächlingen,2901,SH,real,True,29.11.2024,2679721,1284600
102574076,10048892,502005778,Niederwiesenstrasse,11.9,8214 Gächlingen,2901,SH,real,True,05.12.2024,2678643,1284136
102574077,10026323,502005805,Kirchstrasse,6a.1,8214 Gächlingen,2901,SH,real,True,04.12.2024,2679634,1283981
102574078,10122076,502005925,Chilchgasse,1.1,8214 Gächlingen,2901,SH,real,True,29.11.2024,2679677,1284182
102575085,10193992,191114991,Rheinuferstrasse,1a,8200 Schaffhausen,2939,SH,real,False,15.11.2024,2689991,1283290
102575204,10086764,2028583,Im Storchen,1,8212 Neuhausen am Rheinfall,2939,SH,real,True,15.11.2024,2688712,1283386
102577397,10128815,191854578,Neuwiesenstrasse,2,8215 Hallau,2971,SH,real,True,15.11.2024,2676121,1283125
102577403,10121172,191854584,Buchbergstrasse,15,8200 Schaffhausen,2939,SH,real,True,15.11.2024,2688820,1287540
102577528,10031508,191854731,Schmalzgasse,50a,8215 Hallau,2971,SH,real,True,15.11.2024,2676139,1283180
102577531,10031508,191854732,Schmalzgasse,50b,8215 Hallau,2971,SH,real,True,15.11.2024,2676134,1283188
102577971,10237825,191855263,Randenstrasse,44a,8231 Hemmental,2939,SH,real,True,15.11.2024,2685423,1287683
102582673,10071979,502007895,Wilen,13.2,8262 Ramsen,2963,SH,real,False,23.07.2024,2703400,1283630
102582674,10193696,502008114,Im Gries,606.1,8262 Ramsen,2963,SH,real,False,23.07.2024,2702611,1284872
102582675,10031604,502008040,Pfarrhofweg,230.1,8262 Ramsen,2963,SH,real,False,23.07.2024,2703001,1285081
102582676,10087219,502008192,Fortenbach,211.3,8262 Ramsen,2963,SH,real,False,23.07.2024,2702881,1285320
102582677,10071979,502007894,Wilen,14.1,8262 Ramsen,2963,SH,real,False,23.07.2024,2703297,1283815
102582679,10087219,502008191,Fortenbach,215.1,8262 Ramsen,2963,SH,real,False,23.07.2024,2702902,1285272
102582680,10031604,502008039,Pfarrhofweg,230.2,8262 Ramsen,2963,SH,real,False,23.07.2024,2702989,1285079
102582681,10071979,502007893,Wilen,16.1,8262 Ramsen,2963,SH,real,False,23.07.2024,2703215,1283798
102582682,10031603,502008073,Moskau,312.1,8262 Ramsen,2963,SH,real,False,23.07.2024,2703736,1285348
102582683,10071979,502007884,Wilen,22.2,8262 Ramsen,2963,SH,real,False,23.07.2024,2703292,1283928
102582684,10031604,502008038,Pfarrhofweg,241b.1,8262 Ramsen,2963,SH,real,False,23.07.2024,2702975,1285061
102582685,10071979,502007892,Wilen,17.1,8262 Ramsen,2963,SH,real,False,23.07.2024,2703273,1283783
102582686,10031593,502008309,Alemannenweg,1.2,8262 Ramsen,2963,SH,real,False,23.07.2024,2703193,1282922
102582688,10031604,502008037,Pfarrhofweg,241b.2,8262 Ramsen,2963,SH,real,False,23.07.2024,2702945,1285079
102582689,10071979,502007891,Wilen,17.2,8262 Ramsen,2963,SH,real,False,23.07.2024,2703285,1283796
102582690,10031593,502008308,Alemannenweg,1.3,8262 Ramsen,2963,SH,real,False,23.07.2024,2703182,1282911
102582691,10031604,502008036,Pfarrhofweg,241b.3,8262 Ramsen,2963,SH,real,False,23.07.2024,2702933,1285058
102582693,10031595,502008261,Beeracker,403.2,8262 Ramsen,2963,SH,real,False,23.07.2024,2701935,1286100
102582694,10031593,502008307,Alemannenweg,1.4,8262 Ramsen,2963,SH,real,False,23.07.2024,2703169,1282913
102582695,10031604,502008035,Pfarrhofweg,241d.1,8262 Ramsen,2963,SH,real,False,23.07.2024,2702963,1285036
102582696,10031595,502008260,Beeracker,403.3,8262 Ramsen,2963,SH,real,False,23.07.2024,2701921,1286068
102582697,10031600,502008111,Im Gässli,174.3,8262 Ramsen,2963,SH,real,False,23.07.2024,2702701,1285075
102582698,10031603,502008071,Moskau,314b.1,8262 Ramsen,2963,SH,real,False,23.07.2024,2703791,1285464
102582699,10031604,502008034,Pfarrhofweg,243.1,8262 Ramsen,2963,SH,real,False,23.07.2024,2702904,1285041
102582700,10087218,502008259,Betteltalstrasse,438.1,8262 Ramsen,2963,SH,real,False,23.07.2024,2702718,1284704
102582702,10031593,502008306,Alemannenweg,1.5,8262 Ramsen,2963,SH,real,False,23.07.2024,2703148,1282948
102582703,10031604,502008033,Pfarrhofweg,247.1,8262 Ramsen,2963,SH,real,False,23.07.2024,2702947,1285042
102582704,10087218,502008258,Betteltalstrasse,633.1,8262 Ramsen,2963,SH,real,False,23.07.2024,2702731,1284928
102582705,10031603,502008070,Moskau,315.1,8262 Ramsen,2963,SH,real,False,23.07.2024,2703794,1285285
102582706,10031600,502008110,Im Gässli,5911,8262 Ramsen,2963,SH,real,False,23.07.2024,2702763,1285062
102582707,10071695,502008032,Poststrasse,79.1,8262 Ramsen,2963,SH,real,False,23.07.2024,2703332,1284900
102582708,10031603,502008069,Moskau,58.1,8262 Ramsen,2963,SH,real,False,23.07.2024,2703809,1285323
102582709,10087218,502008257,Betteltalstrasse,633.2,8262 Ramsen,2963,SH,real,False,23.07.2024,2702744,1284989
102582710,10071979,502007881,Wilen,22a.1,8262 Ramsen,2963,SH,real,False,23.07.2024,2703246,1283894
102582711,10179751,502008031,Püntweg,116.1,8262 Ramsen,2963,SH,real,False,23.07.2024,2703138,1284732
102582712,10031593,502008305,Alemannenweg,1.6,8262 Ramsen,2963,SH,real,False,23.07.2024,2703146,1282955
102582713,10087218,502008256,Betteltalstrasse,634.1,8262 Ramsen,2963,SH,real,False,23.07.2024,2702741,1284903
102582714,10087221,502008109,Im Moos,351.1,8262 Ramsen,2963,SH,real,False,23.07.2024,2704552,1283264
102582715,10179751,502008030,Püntweg,557.1,8262 Ramsen,2963,SH,real,False,23.07.2024,2703125,1284788
102582716,10087219,502008190,Fortenbach,237.1,8262 Ramsen,2963,SH,real,False,23.07.2024,2702915,1285165
102582717,10087218,502008255,Betteltalstrasse,634.2,8262 Ramsen,2963,SH,real,False,23.07.2024,2702756,1284867
102582718,10071979,502007880,Wilen,22e.1,8262 Ramsen,2963,SH,real,False,23.07.2024,2703318,1283977
102582719,10087223,502008029,Rebenweg,354.1,8262 Ramsen,2963,SH,real,False,23.07.2024,2702743,1284808
102582720,10031593,502008304,Alemannenweg,1.7,8262 Ramsen,2963,SH,real,False,23.07.2024,2703134,1282940
102582721,10031596,502008254,Bibermühle,1.1,8262 Ramsen,2963,SH,real,False,23.07.2024,2702522,1281915
102582722,10087221,502008108,Im Moos,351.2,8262 Ramsen,2963,SH,real,False,23.07.2024,2704609,1283212
102582723,10087223,502008028,Rebenweg,354.2,8262 Ramsen,2963,SH,real,False,23.07.2024,2702770,1284835
102582724,10087219,502008189,Fortenbach,480.1,8262 Ramsen,2963,SH,real,False,23.07.2024,2702803,1285283
102582725,10031596,502008253,Bibermühle,1.2,8262 Ramsen,2963,SH,real,False,23.07.2024,2702505,1281911
102582726,10087223,502008027,Rebenweg,430.1,8262 Ramsen,2963,SH,real,False,23.07.2024,2702755,1284758
102582727,10071979,502007879,Wilen,22e.2,8262 Ramsen,2963,SH,real,False,23.07.2024,2703296,1283950
102582728,10031603,502008068,Moskau,58.2,8262 Ramsen,2963,SH,real,False,23.07.2024,2703812,1285335
102582729,10031596,502008252,Bibermühle,1.3,8262 Ramsen,2963,SH,real,False,23.07.2024,2702474,1281870
102582730,10071979,502007878,Wilen,22e.3,8262 Ramsen,2963,SH,real,False,23.07.2024,2703281,1284086
102582731,10031605,502008026,Roseneggstrasse,378.1,8262 Ramsen,2963,SH,real,False,23.07.2024,2703599,1285075
102582732,10031596,502008251,Bibermühle,1.4,8262 Ramsen,2963,SH,real,False,23.07.2024,2701988,1281900
102582733,10179752,502007948,Unterdorf,98.1,8262 Ramsen,2963,SH,real,False,23.07.2024,2703066,1284838
102582734,10087221,502008105,Im Moos,352.1,8262 Ramsen,2963,SH,real,False,23.07.2024,2704554,1283339
102582735,10179750,502008115,Im Baumgarten,65.1,8262 Ramsen,2963,SH,real,False,23.07.2024,2703692,1284934
102582736,10031596,502008250,Bibermühle,2.1,8262 Ramsen,2963,SH,real,False,23.07.2024,2702540,1281924
102582737,10031603,502008067,Moskau,60.1,8262 Ramsen,2963,SH,real,False,23.07.2024,2703847,1285440
102582738,10087221,502008107,Im Moos,351.3,8262 Ramsen,2963,SH,real,False,23.07.2024,2704636,1283191
102582739,10071979,502007877,Wilen,22e.4,8262 Ramsen,2963,SH,real,False,23.07.2024,2703278,1284132
102582740,10031593,502008303,Alemannenweg,382.1,8262 Ramsen,2963,SH,real,False,23.07.2024,2703235,1284875
102582741,10031596,502008249,Bibermühle,4.1,8262 Ramsen,2963,SH,real,False,23.07.2024,2702597,1281952
102582742,10071693,502008093,Judebömmlistrasse,584.1,8262 Ramsen,2963,SH,real,False,23.07.2024,2703448,1285041
102582743,10031596,502008248,Bibermühle,4.2,8262 Ramsen,2963,SH,real,False,23.07.2024,2702618,1281970
102582744,10087221,502008104,Im Moos,352.2,8262 Ramsen,2963,SH,real,False,23.07.2024,2704562,1283356
102582745,10180890,502007947,Vor der Brugg,143.1,8262 Ramsen,2963,SH,real,False,23.07.2024,2702692,1284904
102582746,10113216,502007855,Wilerwisen,441.7,8262 Ramsen,2963,SH,real,False,23.07.2024,2703430,1283323
102582747,10031596,502008247,Bibermühle,4.3,8262 Ramsen,2963,SH,real,False,23.07.2024,2702614,1281987
102582748,10031593,502008302,Alemannenweg,382.2,8262 Ramsen,2963,SH,real,False,23.07.2024,2703181,1284878
102582749,10087221,502008103,Im Moos,352.3,8262 Ramsen,2963,SH,real,False,23.07.2024,2704520,1283386
102582750,10113216,502007854,Wilerwisen,441.8,8262 Ramsen,2963,SH,real,False,23.07.2024,2703459,1283312
102582751,10031596,502008246,Bibermühle,4.4,8262 Ramsen,2963,SH,real,False,23.07.2024,2702634,1282002
102582752,10180890,502007946,Vor der Brugg,143.2,8262 Ramsen,2963,SH,real,False,23.07.2024,2702718,1284882
102582753,10031596,502008245,Bibermühle,4.5,8262 Ramsen,2963,SH,real,False,23.07.2024,2702622,1282009
102582754,10113216,502007853,Wilerwisen,441.9,8262 Ramsen,2963,SH,real,False,23.07.2024,2703368,1283410
102582755,10087227,502007876,Wilerstrasse,118.1,8262 Ramsen,2963,SH,real,False,23.07.2024,2703154,1284750
102582756,10031603,502008066,Moskau,652.1,8262 Ramsen,2963,SH,real,False,23.07.2024,2703736,1285357
102582757,10071980,502007852,Winkelackerstrasse,583.1,8262 Ramsen,2963,SH,real,False,23.07.2024,2702615,1284590
102582758,10087221,502008102,Im Moos,352.4,8262 Ramsen,2963,SH,real,False,23.07.2024,2704415,1283734
102582759,10180890,502007945,Vor der Brugg,147.1,8262 Ramsen,2963,SH,real,False,23.07.2024,2702600,1284825
102582760,10031596,502008244,Bibermühle,4.6,8262 Ramsen,2963,SH,real,False,23.07.2024,2702638,1282014
102582761,10071980,502007851,Winkelackerstrasse,583.2,8262 Ramsen,2963,SH,real,False,23.07.2024,2702403,1284403
102582762,10087227,502007875,Wilerstrasse,24.1,8262 Ramsen,2963,SH,real,False,23.07.2024,2703299,1284346
102582763,10031596,502008243,Bibermühle,4.7,8262 Ramsen,2963,SH,real,False,23.07.2024,2702600,1282042
102582764,10031593,502008301,Alemannenweg,402.1,8262 Ramsen,2963,SH,real,False,23.07.2024,2703420,1284858
102582765,10071694,502008065,Oberdorf,178.1,8262 Ramsen,2963,SH,real,False,23.07.2024,2702794,1285110
102582766,10087227,502007874,Wilerstrasse,24.2,8262 Ramsen,2963,SH,real,False,23.07.2024,2703290,1284347
102582767,10155546,502007850,Winkelweg,555.1,8262 Ramsen,2963,SH,real,False,23.07.2024,2702631,1284685
102582768,10031596,502008242,Bibermühle,4.8,8262 Ramsen,2963,SH,real,False,23.07.2024,2702473,1282379
102582769,10180890,502007944,Vor der Brugg,148b.2,8262 Ramsen,2963,SH,real,False,23.07.2024,2702571,1284863
102582770,10031612,502007849,Wisliweg,245.1,8262 Ramsen,2963,SH,real,False,23.07.2024,2703161,1285253
102582771,10087227,502007873,Wilerstrasse,24.3,8262 Ramsen,2963,SH,real,False,23.07.2024,2703311,1284382
102582772,10031596,502008241,Bibermühle,6.1,8262 Ramsen,2963,SH,real,False,23.07.2024,2702575,1281924
102582773,10031593,502008300,Alemannenweg,402.2,8262 Ramsen,2963,SH,real,False,23.07.2024,2703433,1284864
102582774,10113216,502007872,Wilerwisen,441.1,8262 Ramsen,2963,SH,real,False,23.07.2024,2703446,1283344
102582775,10031612,502007848,Wisliweg,451.1,8262 Ramsen,2963,SH,real,False,23.07.2024,2703198,1285177
102582776,10031596,502008240,Bibermühle,6.2,8262 Ramsen,2963,SH,real,False,23.07.2024,2702576,1281946
102582777,10031612,502007847,Wisliweg,490.1,8262 Ramsen,2963,SH,real,False,23.07.2024,2703168,1285093
102582778,10071694,502008064,Oberdorf,180.1,8262 Ramsen,2963,SH,real,False,23.07.2024,2702806,1285107
102582779,10087221,502008101,Im Moos,352.5,8262 Ramsen,2963,SH,real,False,23.07.2024,2704339,1284083
102582780,10031596,502008239,Bibermühle,6.3,8262 Ramsen,2963,SH,real,False,23.07.2024,2702580,1281975
102582781,10187864,502008182,Hanfgartenstrasse,419b.2,8262 Ramsen,2963,SH,real,False,23.07.2024,2703172,1284685
102582782,10031612,502007846,Wisliweg,490.2,8262 Ramsen,2963,SH,real,False,23.07.2024,2703195,1285086
102582783,10179749,502008238,Biberweg,103.1,8262 Ramsen,2963,SH,real,False,23.07.2024,2702992,1284807
102582784,10071693,502008099,Judebömmlistrasse,380.1,8262 Ramsen,2963,SH,real,False,23.07.2024,2703506,1285050
102582785,10187864,502008181,Hanfgartenstrasse,509.1,8262 Ramsen,2963,SH,real,False,23.07.2024,2702875,1284838
102582786,10031612,502007845,Wisliweg,552.1,8262 Ramsen,2963,SH,real,False,23.07.2024,2703152,1285135
102582787,10179749,502008237,Biberweg,626.1,8262 Ramsen,2963,SH,real,False,23.07.2024,2702978,1284856
102582788,10071693,502008098,Judebömmlistrasse,384.1,8262 Ramsen,2963,SH,real,False,23.07.2024,2703541,1285076
102582789,10187864,502008180,Hanfgartenstrasse,528.1,8262 Ramsen,2963,SH,real,False,23.07.2024,2703082,1284755
102582790,10031612,502007844,Wisliweg,556.1,8262 Ramsen,2963,SH,real,False,23.07.2024,2703209,1284977
102582791,10071690,502008236,Brunnengasse,136.1,8262 Ramsen,2963,SH,real,False,23.07.2024,2702874,1284987
102582792,10071693,502008097,Judebömmlistrasse,535.1,8262 Ramsen,2963,SH,real,False,23.07.2024,2703392,1285065
102582793,10071691,502008179,Hauptstrasse,120.1,8262 Ramsen,2963,SH,real,False,23.07.2024,2702983,1284941
102582794,10031612,502007843,Wisliweg,651.1,8262 Ramsen,2963,SH,real,False,23.07.2024,2703199,1285117
102582795,10071690,502008235,Brunnengasse,157.1,8262 Ramsen,2963,SH,real,False,23.07.2024,2702807,1285032
102582796,10071693,502008096,Judebömmlistrasse,538.1,8262 Ramsen,2963,SH,real,False,23.07.2024,2703401,1285021
102582797,10071694,502008063,Oberdorf,180.2,8262 Ramsen,2963,SH,real,False,23.07.2024,2702817,1285101
102582798,10031613,502007842,Wydenhagweg,199.1,8262 Ramsen,2963,SH,real,False,23.07.2024,2702937,1285305
102582799,10071690,502008234,Brunnengasse,157.2,8262 Ramsen,2963,SH,real,False,23.07.2024,2702788,1285023
102582800,10113216,502007871,Wilerwisen,441.10,8262 Ramsen,2963,SH,real,False,23.07.2024,2703444,1283290
102582801,10071691,502008177,Hauptstrasse,248.1,8262 Ramsen,2963,SH,real,False,23.07.2024,2702914,1285020
102582802,10031613,502007841,Wydenhagweg,559.1,8262 Ramsen,2963,SH,real,False,23.07.2024,2702862,1285376
102582803,10071690,502008233,Brunnengasse,157.3,8262 Ramsen,2963,SH,real,False,23.07.2024,2702808,1285037
102582804,10071693,502008095,Judebömmlistrasse,562.1,8262 Ramsen,2963,SH,real,False,23.07.2024,2703465,1285079
102582805,10031593,502008299,Alemannenweg,406.1,8262 Ramsen,2963,SH,real,False,23.07.2024,2703465,1284823
102582806,10031613,502007840,Wydenhagweg,624.1,8262 Ramsen,2963,SH,real,False,23.07.2024,2702908,1285273
102582807,10071690,502008232,Brunnengasse,157.4,8262 Ramsen,2963,SH,real,False,23.07.2024,2702811,1285039
102582808,10113216,502007870,Wilerwisen,441.11,8262 Ramsen,2963,SH,real,False,23.07.2024,2703346,1283389
102582809,10071694,502008062,Oberdorf,180.3,8262 Ramsen,2963,SH,real,False,23.07.2024,2702833,1285101
102582810,10170741,502007839,Wäsmen,494.1,8262 Ramsen,2963,SH,real,False,23.07.2024,2702777,1285375
102582811,10071690,502008231,Brunnengasse,157.5,8262 Ramsen,2963,SH,real,False,23.07.2024,2702815,1285041
102582812,10071693,502008094,Judebömmlistrasse,563.1,8262 Ramsen,2963,SH,real,False,23.07.2024,2703530,1285086
102582813,10031593,502008298,Alemannenweg,425.1,8262 Ramsen,2963,SH,real,False,23.07.2024,2703466,1284810
102582814,10170741,502007838,Wäsmen,503.1,8262 Ramsen,2963,SH,real,False,23.07.2024,2702818,1285366
102582815,10071690,502008230,Brunnengasse,157.6,8262 Ramsen,2963,SH,real,False,23.07.2024,2702765,1285011
102582816,10113216,502007869,Wilerwisen,441.12,8262 Ramsen,2963,SH,real,False,23.07.2024,2703466,1283288
102582817,10071691,502008176,Hauptstrasse,248.2,8262 Ramsen,2963,SH,real,False,23.07.2024,2702925,1285020
102582818,10071691,502008178,Hauptstrasse,161.1,8262 Ramsen,2963,SH,real,False,23.07.2024,2702859,1285038
102582819,10071690,502008229,Brunnengasse,158.1,8262 Ramsen,2963,SH,real,False,23.07.2024,2702833,1285027
102582820,10071693,502008092,Judebömmlistrasse,585.1,8262 Ramsen,2963,SH,real,False,23.07.2024,2703448,1285039
102582821,10071694,502008061,Oberdorf,187a.1,8262 Ramsen,2963,SH,real,False,23.07.2024,2702803,1285192
102582822,10071691,502008172,Hauptstrasse,270.1,8262 Ramsen,2963,SH,real,False,23.07.2024,2703067,1284998
102582823,10031597,502008228,Buttelestrasse,219.1,8262 Ramsen,2963,SH,real,False,23.07.2024,2702943,1285206
102582824,10071693,502008091,Judebömmlistrasse,589.1,8262 Ramsen,2963,SH,real,False,23.07.2024,2703506,1285081
102582825,10031593,502008297,Alemannenweg,507.1,8262 Ramsen,2963,SH,real,False,23.07.2024,2703284,1284912
102582826,10031598,502008167,Hinder Hüsler,482.1,8262 Ramsen,2963,SH,real,False,23.07.2024,2703393,1284788
102582827,10031597,502008227,Buttelestrasse,221.1,8262 Ramsen,2963,SH,real,False,23.07.2024,2703112,1285271
102582828,10071693,502008090,Judebömmlistrasse,602.1,8262 Ramsen,2963,SH,real,False,23.07.2024,2703431,1285033
102582829,10071691,502008175,Hauptstrasse,248.3,8262 Ramsen,2963,SH,real,False,23.07.2024,2702930,1285036
102582830,10031599,502008161,Hofenacker,308.4,8262 Ramsen,2963,SH,real,False,23.07.2024,2702533,1287664
102582831,10031597,502008226,Buttelestrasse,221.2,8262 Ramsen,2963,SH,real,False,23.07.2024,2703106,1285225
102582832,10071693,502008089,Judebömmlistrasse,637.1,8262 Ramsen,2963,SH,real,False,23.07.2024,2703462,1285042
102582833,10071694,502008060,Oberdorf,187a.2,8262 Ramsen,2963,SH,real,False,23.07.2024,2702809,1285193
102582834,10031594,502008283,Badischhof,165.1,8262 Ramsen,2963,SH,real,False,23.07.2024,2702826,1285047
102582835,10031597,502008225,Buttelestrasse,222.1,8262 Ramsen,2963,SH,real,False,23.07.2024,2703261,1285396
102582836,10062059,502008088,Karollihof,8.1,8262 Ramsen,2963,SH,real,False,23.07.2024,2703327,1283074
102582837,10071691,502008174,Hauptstrasse,255.1,8262 Ramsen,2963,SH,real,False,23.07.2024,2702947,1285001
102582838,10087226,502007907,Wiesholz,47.1,8262 Ramsen,2963,SH,real,False,23.07.2024,2704648,1285261
102582839,10031597,502008224,Buttelestrasse,222.2,8262 Ramsen,2963,SH,real,False,23.07.2024,2703233,1285376
102582840,10113216,502007867,Wilerwisen,441.14,8262 Ramsen,2963,SH,real,False,23.07.2024,2703450,1283277
102582841,10071691,502008173,Hauptstrasse,264.1,8262 Ramsen,2963,SH,real,False,23.07.2024,2703005,1284995
102582842,10031597,502008223,Buttelestrasse,222.3,8262 Ramsen,2963,SH,real,False,23.07.2024,2703265,1285418
102582843,10087226,502007905,Wiesholz,49a.2,8262 Ramsen,2963,SH,real,False,23.07.2024,2704460,1285149
102582844,10062059,502008087,Karollihof,8.2,8262 Ramsen,2963,SH,real,False,23.07.2024,2703411,1283096
102582845,10071691,502008171,Hauptstrasse,544.1,8262 Ramsen,2963,SH,real,False,23.07.2024,2702984,1285004
102582846,10118149,502008123,Hüslerweg,397.2,8262 Ramsen,2963,SH,real,False,23.07.2024,2703503,1284743
102582847,10031597,502008222,Buttelestrasse,222.4,8262 Ramsen,2963,SH,real,False,23.07.2024,2703247,1285365
102582848,10062059,502008086,Karollihof,8.3,8262 Ramsen,2963,SH,real,False,23.07.2024,2703522,1282892
102582849,10031593,502008296,Alemannenweg,545.1,8262 Ramsen,2963,SH,real,False,23.07.2024,2703280,1284913
102582850,10031605,502008025,Roseneggstrasse,398.1,8262 Ramsen,2963,SH,real,False,23.07.2024,2703655,1285041
102582851,10031597,502008221,Buttelestrasse,222.5,8262 Ramsen,2963,SH,real,False,23.07.2024,2703243,1285364
102582852,10031601,502008085,Ledergasse,92.1,8262 Ramsen,2963,SH,real,False,23.07.2024,2703052,1284909
102582853,10071694,502008059,Oberdorf,187a.3,8262 Ramsen,2963,SH,real,False,23.07.2024,2702784,1285194
102582854,10031605,502008024,Roseneggstrasse,398.2,8262 Ramsen,2963,SH,real,False,23.07.2024,2703699,1285064
102582855,10113216,502007866,Wilerwisen,441.15,8262 Ramsen,2963,SH,real,False,23.07.2024,2703327,1283425
102582856,10031597,502008220,Buttelestrasse,234.1,8262 Ramsen,2963,SH,real,False,23.07.2024,2703002,1285182
102582857,10031593,502008295,Alemannenweg,625.1,8262 Ramsen,2963,SH,real,False,23.07.2024,2703362,1284847
102582858,10031605,502008023,Roseneggstrasse,401.1,8262 Ramsen,2963,SH,real,False,23.07.2024,2703548,1285241
102582859,10071694,502008058,Oberdorf,188d.1,8262 Ramsen,2963,SH,real,False,23.07.2024,2702715,1285252
102582860,10113216,502007865,Wilerwisen,441.16,8262 Ramsen,2963,SH,real,False,23.07.2024,2703450,1283258
102582861,10031597,502008219,Buttelestrasse,234.2,8262 Ramsen,2963,SH,real,False,23.07.2024,2703018,1285197
102582862,10031605,502008022,Roseneggstrasse,458.1,8262 Ramsen,2963,SH,real,False,23.07.2024,2703608,1285208
102582863,10031593,502008294,Alemannenweg,628.2,8262 Ramsen,2963,SH,real,False,23.07.2024,2703269,1284888
102582864,10113216,502007864,Wilerwisen,441.17,8262 Ramsen,2963,SH,real,False,23.07.2024,2703266,1283388
102582865,10031605,502008021,Roseneggstrasse,465.1,8262 Ramsen,2963,SH,real,False,23.07.2024,2703618,1285248
102582866,10031597,502008218,Buttelestrasse,234.3,8262 Ramsen,2963,SH,real,False,23.07.2024,2703027,1285207
102582867,10071694,502008057,Oberdorf,189.1,8262 Ramsen,2963,SH,real,False,23.07.2024,2702776,1285189
102582868,10113216,502007863,Wilerwisen,441.18,8262 Ramsen,2963,SH,real,False,23.07.2024,2703263,1283420
102582869,10031605,502008020,Roseneggstrasse,465.2,8262 Ramsen,2963,SH,real,False,23.07.2024,2703640,1285235
102582870,10031597,502008217,Buttelestrasse,234.4,8262 Ramsen,2963,SH,real,False,23.07.2024,2703026,1285210
102582871,10031593,502008293,Alemannenweg,642.1,8262 Ramsen,2963,SH,real,False,23.07.2024,2703290,1284865
102582872,10087224,502008019,Rychenstrasse,429.1,8262 Ramsen,2963,SH,real,False,23.07.2024,2703362,1284712
102582873,10031602,502008084,Lindenplatz,142.1,8262 Ramsen,2963,SH,real,False,23.07.2024,2702907,1284933
102582874,10031597,502008216,Buttelestrasse,236.1,8262 Ramsen,2963,SH,real,False,23.07.2024,2702915,1285168
102582875,10071694,502008056,Oberdorf,499.1,8262 Ramsen,2963,SH,real,False,23.07.2024,2702786,1285148
102582876,10087224,502008018,Rychenstrasse,504.1,8262 Ramsen,2963,SH,real,False,23.07.2024,2703274,1284697
102582877,10087222,502008083,Loomenstrasse,496.1,8262 Ramsen,2963,SH,real,False,23.07.2024,2702776,1285400
102582878,10031597,502008215,Buttelestrasse,335.1,8262 Ramsen,2963,SH,real,False,23.07.2024,2703003,1285224
102582879,10071691,502008170,Hauptstrasse,88.1,8262 Ramsen,2963,SH,real,False,23.07.2024,2703056,1284918
102582880,10087224,502008017,Rychenstrasse,505.1,8262 Ramsen,2963,SH,real,False,23.07.2024,2703294,1284716
102582881,10087222,502008081,Loomenstrasse,497.2,8262 Ramsen,2963,SH,real,False,23.07.2024,2702164,1285487
102582882,10071691,502008169,Hauptstrasse,89.1,8262 Ramsen,2963,SH,real,False,23.07.2024,2703046,1284923
102582883,10031597,502008214,Buttelestrasse,358.1,8262 Ramsen,2963,SH,real,False,23.07.2024,2703042,1285248
102582884,10087224,502008016,Rychenstrasse,505.2,8262 Ramsen,2963,SH,real,False,23.07.2024,2703304,1284708
102582885,10113216,502007862,Wilerwisen,441.19,8262 Ramsen,2963,SH,real,False,23.07.2024,2703463,1283149
102582886,10031598,502008168,Hinder Hüsler,478.1,8262 Ramsen,2963,SH,real,False,23.07.2024,2703420,1284766
102582887,10031597,502008213,Buttelestrasse,358.2,8262 Ramsen,2963,SH,real,False,23.07.2024,2703079,1285259
102582888,10087222,502008080,Loomenstrasse,546.1,8262 Ramsen,2963,SH,real,False,23.07.2024,2702806,1285403
102582889,10087224,502008015,Rychenstrasse,505.3,8262 Ramsen,2963,SH,real,False,23.07.2024,2703310,1284704
102582890,10113214,502008212,Faselroo,327.1,8262 Ramsen,2963,SH,real,False,23.07.2024,2703284,1284784
102582891,10031598,502008166,Hinder Hüsler,627.2,8262 Ramsen,2963,SH,real,False,23.07.2024,2703455,1284765
102582892,10113216,502007861,Wilerwisen,441.2,8262 Ramsen,2963,SH,real,False,23.07.2024,2703455,1283338
102582893,10071977,502008014,Schnydersäcker,440.1,8262 Ramsen,2963,SH,real,False,23.07.2024,2703862,1285095
102582894,10113214,502008211,Faselroo,327.2,8262 Ramsen,2963,SH,real,False,23.07.2024,2703285,1284772
102582895,10031593,502008292,Alemannenweg,642.2,8262 Ramsen,2963,SH,real,False,23.07.2024,2703303,1284861
102582896,10071977,502008013,Schnydersäcker,453.1,8262 Ramsen,2963,SH,real,False,23.07.2024,2703887,1285079
102582897,10031603,502008079,Moskau,292.1,8262 Ramsen,2963,SH,real,False,23.07.2024,2703729,1285326
102582898,10113214,502008210,Faselroo,342.1,8262 Ramsen,2963,SH,real,False,23.07.2024,2703262,1284793
102582899,10071977,502008012,Schnydersäcker,453.2,8262 Ramsen,2963,SH,real,False,23.07.2024,2703936,1285014
102582900,10113216,502007860,Wilerwisen,441.20,8262 Ramsen,2963,SH,real,False,23.07.2024,2703437,1283145
102582901,10113215,502008055,Petersburg,310.1,8262 Ramsen,2963,SH,real,False,23.07.2024,2703723,1284852
102582902,10113214,502008209,Faselroo,394.1,8262 Ramsen,2963,SH,real,False,23.07.2024,2703400,1284727
102582903,10071977,502008011,Schnydersäcker,454.1,8262 Ramsen,2963,SH,real,False,23.07.2024,2703792,1284948
102582904,10031603,502008078,Moskau,303.1,8262 Ramsen,2963,SH,real,False,23.07.2024,2703768,1285206
102582905,10145459,502008291,Anker-Wisli,650.1,8262 Ramsen,2963,SH,real,False,23.07.2024,2703133,1285091
102582906,10113214,502008208,Faselroo,426.1,8262 Ramsen,2963,SH,real,False,23.07.2024,2703349,1284752
102582907,10071977,502008010,Schnydersäcker,554.1,8262 Ramsen,2963,SH,real,False,23.07.2024,2703945,1284793
102582908,10031603,502008077,Moskau,304.1,8262 Ramsen,2963,SH,real,False,23.07.2024,2703873,1285454
102582909,10113215,502008054,Petersburg,310.2,8262 Ramsen,2963,SH,real,False,23.07.2024,2703721,1284881
102582910,10113214,502008207,Faselroo,428.1,8262 Ramsen,2963,SH,real,False,23.07.2024,2703319,1284705
102582911,10071977,502008009,Schnydersäcker,554.2,8262 Ramsen,2963,SH,real,False,23.07.2024,2703945,1284782
102582912,10113216,502007859,Wilerwisen,441.3,8262 Ramsen,2963,SH,real,False,23.07.2024,2703426,1283338
102582913,10087217,502008290,Ankerstrasse,223.1,8262 Ramsen,2963,SH,real,False,23.07.2024,2703047,1285055
102582914,10071977,502008008,Schnydersäcker,554.3,8262 Ramsen,2963,SH,real,False,23.07.2024,2704040,1284886
102582915,10113214,502008206,Faselroo,459.1,8262 Ramsen,2963,SH,real,False,23.07.2024,2703316,1284707
102582916,10113216,502007858,Wilerwisen,441.4,8262 Ramsen,2963,SH,real,False,23.07.2024,2703439,1283334
102582917,10113215,502008053,Petersburg,310.3,8262 Ramsen,2963,SH,real,False,23.07.2024,2703719,1284830
102582918,10071977,502008007,Schnydersäcker,554.4,8262 Ramsen,2963,SH,real,False,23.07.2024,2704071,1284673
102582919,10113216,502007857,Wilerwisen,441.5,8262 Ramsen,2963,SH,real,False,23.07.2024,2703451,1283329
102582920,10087217,502008289,Ankerstrasse,225.1,8262 Ramsen,2963,SH,real,False,23.07.2024,2703041,1285054
102582921,10113214,502008205,Faselroo,459.2,8262 Ramsen,2963,SH,real,False,23.07.2024,2703307,1284706
102582922,10031603,502008076,Moskau,304.2,8262 Ramsen,2963,SH,real,False,23.07.2024,2703852,1285483
102582923,10071977,502008006,Schnydersäcker,554.5,8262 Ramsen,2963,SH,real,False,23.07.2024,2704081,1284678
102582924,10087220,502008165,Hinterdorf,81.1,8262 Ramsen,2963,SH,real,False,23.07.2024,2703135,1284857
102582925,10113214,502008204,Faselroo,471.1,8262 Ramsen,2963,SH,real,False,23.07.2024,2703491,1284712
102582926,10031603,502008075,Moskau,309.1,8262 Ramsen,2963,SH,real,False,23.07.2024,2703820,1285540
102582927,10031606,502008005,Schulweg,229.1,8262 Ramsen,2963,SH,real,False,23.07.2024,2703016,1285034
102582928,10031599,502008164,Hofenacker,308.1,8262 Ramsen,2963,SH,real,False,23.07.2024,2702660,1287456
102582929,10179752,502007956,Unterdorf,132.1,8262 Ramsen,2963,SH,real,False,23.07.2024,2702856,1284902
102582930,10113214,502008203,Faselroo,597.1,8262 Ramsen,2963,SH,real,False,23.07.2024,2703221,1284804
102582933,10179752,502007955,Unterdorf,132.2,8262 Ramsen,2963,SH,real,False,23.07.2024,2702839,1284919
102582934,10113214,502008202,Faselroo,83.1,8262 Ramsen,2963,SH,real,False,23.07.2024,2703170,1284814
102582936,10179752,502007954,Unterdorf,132.3,8262 Ramsen,2963,SH,real,False,23.07.2024,2702832,1284919
102582938,10113214,502008201,Faselroo,83.2,8262 Ramsen,2963,SH,real,False,23.07.2024,2703177,1284852
102582940,10113215,502008052,Petersburg,310.4,8262 Ramsen,2963,SH,real,False,23.07.2024,2703733,1284828
102582941,10087219,502008200,Fortenbach,194.1,8262 Ramsen,2963,SH,real,False,23.07.2024,2702951,1285269
102582942,10179752,502007953,Unterdorf,132.4,8262 Ramsen,2963,SH,real,False,23.07.2024,2702837,1284904
102582943,10031606,502008001,Schulweg,498.1,8262 Ramsen,2963,SH,real,False,23.07.2024,2702968,1285116
102582944,10087217,502008288,Ankerstrasse,225.2,8262 Ramsen,2963,SH,real,False,23.07.2024,2703028,1285095
102582945,10087219,502008199,Fortenbach,194.2,8262 Ramsen,2963,SH,real,False,23.07.2024,2702920,1285266
102582946,10179752,502007952,Unterdorf,134.1,8262 Ramsen,2963,SH,real,False,23.07.2024,2702860,1284959
102582947,10031607,502008000,Schwedenweg,411.1,8262 Ramsen,2963,SH,real,False,23.07.2024,2703490,1284912
102582948,10087219,502008198,Fortenbach,203.1,8262 Ramsen,2963,SH,real,False,23.07.2024,2702860,1285139
102582949,10087217,502008287,Ankerstrasse,225.3,8262 Ramsen,2963,SH,real,False,23.07.2024,2703050,1285093
102582950,10179752,502007951,Unterdorf,145.1,8262 Ramsen,2963,SH,real,False,23.07.2024,2702868,1284960
102582951,10031607,502007999,Schwedenweg,413.1,8262 Ramsen,2963,SH,real,False,23.07.2024,2703525,1284936
102582952,10087226,502007912,Wiesholz,43.1,8262 Ramsen,2963,SH,real,False,23.07.2024,2704675,1285289
102582953,10087219,502008197,Fortenbach,203.2,8262 Ramsen,2963,SH,real,False,23.07.2024,2702848,1285151
102582954,10179752,502007950,Unterdorf,97.1,8262 Ramsen,2963,SH,real,False,23.07.2024,2703075,1284827
102582955,10031607,502007998,Schwedenweg,433.1,8262 Ramsen,2963,SH,real,False,23.07.2024,2703536,1284913
102582956,10087217,502008286,Ankerstrasse,294.1,8262 Ramsen,2963,SH,real,False,23.07.2024,2703099,1285200
102582957,10087219,502008196,Fortenbach,206.1,8262 Ramsen,2963,SH,real,False,23.07.2024,2702825,1285230
102582958,10179752,502007949,Unterdorf,97.2,8262 Ramsen,2963,SH,real,False,23.07.2024,2703076,1284792
102582959,10187865,502007997,Schützenstrasse,153.1,8262 Ramsen,2963,SH,real,False,23.07.2024,2702577,1284961
102582960,10087226,502007911,Wiesholz,44.1,8262 Ramsen,2963,SH,real,False,23.07.2024,2704689,1285367
102582961,10087219,502008195,Fortenbach,207.1,8262 Ramsen,2963,SH,real,False,23.07.2024,2702833,1285241
102582962,10087219,502008188,Fortenbach,510.1,8262 Ramsen,2963,SH,real,False,23.07.2024,2702832,1285272
102582963,10187865,502007996,Schützenstrasse,153.2,8262 Ramsen,2963,SH,real,False,23.07.2024,2702296,1285162
102582964,10087217,502008285,Ankerstrasse,294.2,8262 Ramsen,2963,SH,real,False,23.07.2024,2703122,1285192
102582965,10087219,502008194,Fortenbach,211.1,8262 Ramsen,2963,SH,real,False,23.07.2024,2702873,1285303
102582966,10087219,502008187,Fortenbach,510.2,8262 Ramsen,2963,SH,real,False,23.07.2024,2702817,1285258
102582967,10187865,502007995,Schützenstrasse,153.3,8262 Ramsen,2963,SH,real,False,23.07.2024,2702290,1285165
102582968,10087226,502007910,Wiesholz,44.2,8262 Ramsen,2963,SH,real,False,23.07.2024,2704680,1285376
102582969,10087219,502008186,Fortenbach,594.1,8262 Ramsen,2963,SH,real,False,23.07.2024,2702841,1285183
102582970,10087219,502008193,Fortenbach,211.2,8262 Ramsen,2963,SH,real,False,23.07.2024,2702871,1285323
102582971,10187865,502007994,Schützenstrasse,153.4,8262 Ramsen,2963,SH,real,False,23.07.2024,2702252,1285174
102582972,10087219,502008185,Fortenbach,614.1,8262 Ramsen,2963,SH,real,False,23.07.2024,2702827,1285411
102582973,10031594,502008284,Badischhof,164.1,8262 Ramsen,2963,SH,real,False,23.07.2024,2702840,1285071
102582974,10031599,502008143,Hofenacker,67.3,8262 Ramsen,2963,SH,real,False,23.07.2024,2702761,1287434
102582975,10187865,502007993,Schützenstrasse,153.5,8262 Ramsen,2963,SH,real,False,23.07.2024,2702013,1285038
102582976,10187864,502008184,Hanfgartenstrasse,405.1,8262 Ramsen,2963,SH,real,False,23.07.2024,2702902,1284816
102582977,10031599,502008160,Hofenacker,61.1,8262 Ramsen,2963,SH,real,False,23.07.2024,2702779,1287359
102582978,10031599,502008142,Hofenacker,67.4,8262 Ramsen,2963,SH,real,False,23.07.2024,2702737,1287449
102582979,10187865,502007992,Schützenstrasse,153.6,8262 Ramsen,2963,SH,real,False,23.07.2024,2702090,1285256
102582980,10187864,502008183,Hanfgartenstrasse,419.1,8262 Ramsen,2963,SH,real,False,23.07.2024,2703212,1284627
102582981,10031599,502008159,Hofenacker,61.2,8262 Ramsen,2963,SH,real,False,23.07.2024,2702794,1287328
102582982,10031599,502008141,Hofenacker,67f.1,8262 Ramsen,2963,SH,real,False,23.07.2024,2702733,1287478
102582983,10187865,502007991,Schützenstrasse,620.1,8262 Ramsen,2963,SH,real,False,23.07.2024,2702626,1284940
102582984,10180890,502007943,Vor der Brugg,150.1,8262 Ramsen,2963,SH,real,False,23.07.2024,2702622,1284900
102582985,10031599,502008158,Hofenacker,61c.1,8262 Ramsen,2963,SH,real,False,23.07.2024,2702744,1287364
102582986,10031599,502008140,Hofenacker,67f.2,8262 Ramsen,2963,SH,real,False,23.07.2024,2702670,1287511
102582987,10187865,502007990,Schützenstrasse,620.2,8262 Ramsen,2963,SH,real,False,23.07.2024,2702603,1284939
102582988,10180890,502007942,Vor der Brugg,151.1,8262 Ramsen,2963,SH,real,False,23.07.2024,2702644,1284903
102582989,10187865,502007989,Schützenstrasse,621.1,8262 Ramsen,2963,SH,real,False,23.07.2024,2702651,1284942
102582990,10031594,502008282,Badischhof,165.2,8262 Ramsen,2963,SH,real,False,23.07.2024,2702840,1285039
102582991,10071689,502008273,Bahnhofstrasse,297.2,8262 Ramsen,2963,SH,real,False,23.07.2024,2703376,1284919
102582992,10180890,502007941,Vor der Brugg,151.2,8262 Ramsen,2963,SH,real,False,23.07.2024,2702636,1284916
102582994,10087226,502007909,Wiesholz,44.3,8262 Ramsen,2963,SH,real,False,23.07.2024,2704653,1285383
102582995,10071689,502008272,Bahnhofstrasse,301.1,8262 Ramsen,2963,SH,real,False,23.07.2024,2703381,1284998
102582996,10180890,502007940,Vor der Brugg,152.1,8262 Ramsen,2963,SH,real,False,23.07.2024,2702672,1284952
102582997,10071978,502007987,Sonnenstrasse,,8262 Ramsen,2963,SH,real,False,23.07.2024,2703590,1285129
102582998,10071689,502008281,Bahnhofstrasse,274.1,8262 Ramsen,2963,SH,real,False,23.07.2024,2703159,1284941
102582999,10071689,502008271,Bahnhofstrasse,301.2,8262 Ramsen,2963,SH,real,False,23.07.2024,2703391,1285002
102583000,10180890,502007939,Vor der Brugg,152.2,8262 Ramsen,2963,SH,real,False,23.07.2024,2702666,1284973
102583001,10071978,502007986,Sonnenstrasse,407.1,8262 Ramsen,2963,SH,real,False,19.11.2024,2703491,1285178
102583002,10031599,502008157,Hofenacker,61c.2,8262 Ramsen,2963,SH,real,False,23.07.2024,2702729,1287328
102583003,10031599,502008139,Hofenacker,69.1,8262 Ramsen,2963,SH,real,False,23.07.2024,2702669,1287407
102583004,10180890,502007938,Vor der Brugg,152.3,8262 Ramsen,2963,SH,real,False,23.07.2024,2702668,1285026
102583005,10071978,502007985,Sonnenstrasse,407.2,8262 Ramsen,2963,SH,real,False,23.07.2024,2703468,1285179
102583006,10031599,502008156,Hofenacker,61c.3,8262 Ramsen,2963,SH,real,False,23.07.2024,2702730,1287324
102583007,10031599,502008138,Hofenacker,69.2,8262 Ramsen,2963,SH,real,False,23.07.2024,2702676,1287390
102583008,10180890,502007937,Vor der Brugg,375.1,8262 Ramsen,2963,SH,real,False,23.07.2024,2702524,1284721
102583009,10071978,502007984,Sonnenstrasse,408.1,8262 Ramsen,2963,SH,real,False,23.07.2024,2703606,1285147
102583010,10031599,502008155,Hofenacker,61c.4,8262 Ramsen,2963,SH,real,False,23.07.2024,2702776,1287343
102583011,10031599,502008137,Hofenacker,69.3,8262 Ramsen,2963,SH,real,False,23.07.2024,2702643,1287340
102583012,10087226,502007936,Wiesholz,1.1,8262 Ramsen,2963,SH,real,False,23.07.2024,2704621,1285330
102583013,10071978,502007983,Sonnenstrasse,420.1,8262 Ramsen,2963,SH,real,False,23.07.2024,2703350,1285203
102583014,10031599,502008154,Hofenacker,61c.5,8262 Ramsen,2963,SH,real,False,23.07.2024,2702777,1287333
102583015,10155578,502008136,Hohchrüz,491a.1,8262 Ramsen,2963,SH,real,False,23.07.2024,2703560,1284227
102583016,10071978,502007982,Sonnenstrasse,420.2,8262 Ramsen,2963,SH,real,False,23.07.2024,2703393,1285236
102583017,10087226,502007935,Wiesholz,1.2,8262 Ramsen,2963,SH,real,False,23.07.2024,2704730,1285315
102583018,10071689,502008280,Bahnhofstrasse,274.2,8262 Ramsen,2963,SH,real,False,23.07.2024,2703141,1284957
102583019,10155578,502008135,Hohchrüz,491a.2,8262 Ramsen,2963,SH,real,False,23.07.2024,2703573,1284172
102583020,10071978,502007981,Sonnenstrasse,420a.1,8262 Ramsen,2963,SH,real,False,23.07.2024,2703266,1285147
102583022,10087226,502007908,Wiesholz,44.4,8262 Ramsen,2963,SH,real,False,23.07.2024,2704642,1285402
102583023,10155578,502008134,Hohchrüz,491a.3,8262 Ramsen,2963,SH,real,False,23.07.2024,2703599,1284172
102583024,10071978,502007980,Sonnenstrasse,420c.1,8262 Ramsen,2963,SH,real,False,23.07.2024,2703227,1285111
102583025,10087226,502007933,Wiesholz,1.4,8262 Ramsen,2963,SH,real,False,23.07.2024,2704648,1285273
102583026,10155578,502008133,Hohchrüz,491a.4,8262 Ramsen,2963,SH,real,False,23.07.2024,2703603,1284174
102583027,10071689,502008279,Bahnhofstrasse,283.1,8262 Ramsen,2963,SH,real,False,23.07.2024,2703162,1284898
102583028,10071978,502007979,Sonnenstrasse,611.1,8262 Ramsen,2963,SH,real,False,23.07.2024,2703392,1285122
102583029,10071689,502008270,Bahnhofstrasse,317.1,8262 Ramsen,2963,SH,real,False,23.07.2024,2703230,1284983
102583030,10087226,502007932,Wiesholz,1.5,8262 Ramsen,2963,SH,real,False,23.07.2024,2704615,1285339
102583031,10071978,502007978,Sonnenstrasse,613.1,8262 Ramsen,2963,SH,real,False,23.07.2024,2703525,1285205
102583032,10071689,502008278,Bahnhofstrasse,288.1,8262 Ramsen,2963,SH,real,False,23.07.2024,2703422,1285008
102583033,10087226,502007931,Wiesholz,1.6,8262 Ramsen,2963,SH,real,False,23.07.2024,2704622,1285362
102583034,10155578,502008132,Hohchrüz,491a.5,8262 Ramsen,2963,SH,real,False,23.07.2024,2703605,1284176
102583035,10071978,502007977,Sonnenstrasse,615.1,8262 Ramsen,2963,SH,real,False,23.07.2024,2703381,1285120
102583036,10071689,502008277,Bahnhofstrasse,288.2,8262 Ramsen,2963,SH,real,False,23.07.2024,2703438,1285009
102583037,10087226,502007930,Wiesholz,26.1,8262 Ramsen,2963,SH,real,False,23.07.2024,2704702,1285056
102583038,10071689,502008269,Bahnhofstrasse,463.1,8262 Ramsen,2963,SH,real,False,23.07.2024,2703558,1284916
102583039,10071978,502007976,Sonnenstrasse,615.2,8262 Ramsen,2963,SH,real,False,23.07.2024,2703385,1285096
102583040,10031599,502008153,Hofenacker,61c.6,8262 Ramsen,2963,SH,real,False,23.07.2024,2702752,1287289
102583041,10087226,502007929,Wiesholz,26.2,8262 Ramsen,2963,SH,real,False,23.07.2024,2704748,1285045
102583042,10155578,502008131,Hohchrüz,577.1,8262 Ramsen,2963,SH,real,False,23.07.2024,2703993,1283808
102583043,10053529,502007975,Spiesshof,70.1,8262 Ramsen,2963,SH,real,False,23.07.2024,2702516,1288387
102583044,10087226,502007928,Wiesholz,26.3,8262 Ramsen,2963,SH,real,False,23.07.2024,2704414,1284644
102583045,10071689,502008268,Bahnhofstrasse,468.1,8262 Ramsen,2963,SH,real,False,23.07.2024,2703470,1285006
102583046,10031599,502008152,Hofenacker,61c.7,8262 Ramsen,2963,SH,real,False,23.07.2024,2702790,1287301
102583047,10053529,502007974,Spiesshof,70.2,8262 Ramsen,2963,SH,real,False,23.07.2024,2702543,1288384
102583048,10087226,502007927,Wiesholz,28.1,8262 Ramsen,2963,SH,real,False,23.07.2024,2704803,1285136
102583049,10121177,502008130,Härdlistrasse,314d.1,8262 Ramsen,2963,SH,real,False,23.07.2024,2703709,1285476
102583050,10031599,502008151,Hofenacker,61c.8,8262 Ramsen,2963,SH,real,False,23.07.2024,2702495,1287242
102583051,10053529,502007973,Spiesshof,70.3,8262 Ramsen,2963,SH,real,False,23.07.2024,2702528,1288334
102583052,10087226,502007926,Wiesholz,28.2,8262 Ramsen,2963,SH,real,False,23.07.2024,2704827,1285120
102583053,10071689,502008267,Bahnhofstrasse,469.1,8262 Ramsen,2963,SH,real,False,23.07.2024,2703476,1285007
102583054,10031599,502008150,Hofenacker,64.1,8262 Ramsen,2963,SH,real,False,23.07.2024,2702759,1287391
102583055,10087225,502007972,Steigblickstrasse,579.1,8262 Ramsen,2963,SH,real,False,23.07.2024,2702707,1284669
102583056,10087226,502007925,Wiesholz,30.1,8262 Ramsen,2963,SH,real,False,23.07.2024,2704846,1285173
102583058,10031599,502008149,Hofenacker,64.2,8262 Ramsen,2963,SH,real,False,23.07.2024,2702768,1287423
102583059,10087225,502007971,Steigblickstrasse,617.1,8262 Ramsen,2963,SH,real,False,23.07.2024,2702666,1284833
102583060,10087226,502007924,Wiesholz,31.1,8262 Ramsen,2963,SH,real,False,23.07.2024,2704700,1285093
102583061,10071689,502008265,Bahnhofstrasse,74.1,8262 Ramsen,2963,SH,real,False,23.07.2024,2703239,1284946
102583062,10087226,502007923,Wiesholz,31.2,8262 Ramsen,2963,SH,real,False,23.07.2024,2704725,1285082
102583063,10087225,502007970,Steigblickstrasse,632.1,8262 Ramsen,2963,SH,real,False,23.07.2024,2702689,1284790
102583064,10071689,502008264,Bahnhofstrasse,74.2,8262 Ramsen,2963,SH,real,False,23.07.2024,2703261,1284942
102583065,10087226,502007906,Wiesholz,49a.1,8262 Ramsen,2963,SH,real,False,23.07.2024,2704443,1285217
102583066,10087226,502007922,Wiesholz,35.1,8262 Ramsen,2963,SH,real,False,23.07.2024,2704881,1285292
102583067,10087225,502007969,Steigblickstrasse,632.2,8262 Ramsen,2963,SH,real,False,23.07.2024,2702724,1284840
102583068,10121177,502008129,Härdlistrasse,314d.2,8262 Ramsen,2963,SH,real,False,23.07.2024,2703716,1285475
102583069,10031599,502008148,Hofenacker,66.1,8262 Ramsen,2963,SH,real,False,19.11.2024,2702826,1287437
102583070,10087226,502007921,Wiesholz,35.2,8262 Ramsen,2963,SH,real,False,23.07.2024,2704847,1285270
102583071,10087225,502007968,Steigblickstrasse,639.1,8262 Ramsen,2963,SH,real,False,23.07.2024,2702692,1284751
102583072,10071689,502008263,Bahnhofstrasse,77.1,8262 Ramsen,2963,SH,real,False,23.07.2024,2703178,1284921
102583073,10071689,502008276,Bahnhofstrasse,291.1,8262 Ramsen,2963,SH,real,False,23.07.2024,2703419,1284949
102583074,10087226,502007920,Wiesholz,35.3,8262 Ramsen,2963,SH,real,False,23.07.2024,2704875,1285328
102583075,10031608,502007967,Strählmacherstrasse,475.1,8262 Ramsen,2963,SH,real,False,23.07.2024,2702696,1284622
102583076,10118149,502008128,Hüslerweg,348.1,8262 Ramsen,2963,SH,real,False,23.07.2024,2703457,1284897
102583077,10031599,502008147,Hofenacker,66.2,8262 Ramsen,2963,SH,real,False,23.07.2024,2702819,1287451
102583078,10087226,502007919,Wiesholz,36.1,8262 Ramsen,2963,SH,real,False,23.07.2024,2704799,1285408
102583079,10031609,502007966,Turnplatzweg,525.1,8262 Ramsen,2963,SH,real,False,23.07.2024,2703048,1285209
102583080,10118149,502008127,Hüslerweg,348.2,8262 Ramsen,2963,SH,real,False,23.07.2024,2703438,1284883
102583081,10031599,502008146,Hofenacker,66.3,8262 Ramsen,2963,SH,real,False,23.07.2024,2702785,1287444
102583082,10087226,502007918,Wiesholz,36.2,8262 Ramsen,2963,SH,real,False,19.11.2024,2704827,1285430
102583083,10179752,502007965,Unterdorf,107.1,8262 Ramsen,2963,SH,real,False,23.07.2024,2702977,1284921
102583084,10031595,502008262,Beeracker,403.1,8262 Ramsen,2963,SH,real,False,23.07.2024,2701959,1286054
102583085,10071689,502008275,Bahnhofstrasse,295.1,8262 Ramsen,2963,SH,real,False,23.07.2024,2703386,1284948
102583086,10087226,502007917,Wiesholz,38.1,8262 Ramsen,2963,SH,real,False,23.07.2024,2704782,1285329
102583087,10179752,502007964,Unterdorf,107.2,8262 Ramsen,2963,SH,real,False,23.07.2024,2702976,1284930
102583088,10118149,502008126,Hüslerweg,374.1,8262 Ramsen,2963,SH,real,False,23.07.2024,2703468,1284838
102583089,10031599,502008145,Hofenacker,67.1,8262 Ramsen,2963,SH,real,False,23.07.2024,2702755,1287417
102583090,10179752,502007963,Unterdorf,110.1,8262 Ramsen,2963,SH,real,False,23.07.2024,2702966,1284880
102583091,10087226,502007916,Wiesholz,38.2,8262 Ramsen,2963,SH,real,False,23.07.2024,2704792,1285327
102583092,10071689,502008274,Bahnhofstrasse,297.1,8262 Ramsen,2963,SH,real,False,23.07.2024,2703357,1284947
102583093,10179752,502007962,Unterdorf,110.2,8262 Ramsen,2963,SH,real,False,23.07.2024,2702948,1284859
102583094,10071979,502007890,Wilen,17.3,8262 Ramsen,2963,SH,real,False,23.07.2024,2703255,1283782
102583095,10087226,502007915,Wiesholz,39.1,8262 Ramsen,2963,SH,real,False,23.07.2024,2704747,1285385
102583096,10179752,502007961,Unterdorf,126.1,8262 Ramsen,2963,SH,real,False,23.07.2024,2702933,1284913
102583097,10118149,502008125,Hüslerweg,379.1,8262 Ramsen,2963,SH,real,False,23.07.2024,2703473,1284813
102583098,10087226,502007914,Wiesholz,39.2,8262 Ramsen,2963,SH,real,False,23.07.2024,2704723,1285373
102583099,10087226,502007904,Wiesholz,571.1,8262 Ramsen,2963,SH,real,False,23.07.2024,2704619,1285226
102583100,10179752,502007960,Unterdorf,126.2,8262 Ramsen,2963,SH,real,False,23.07.2024,2702904,1284915
102583101,10071979,502007889,Wilen,19.1,8262 Ramsen,2963,SH,real,False,23.07.2024,2703225,1283860
102583102,10087226,502007913,Wiesholz,39.3,8262 Ramsen,2963,SH,real,False,23.07.2024,2704775,1285378
102583103,10031603,502008074,Moskau,309.2,8262 Ramsen,2963,SH,real,False,23.07.2024,2703828,1285483
102583104,10179752,502007959,Unterdorf,127.1,8262 Ramsen,2963,SH,real,False,23.07.2024,2702933,1284907
102583105,10113215,502008051,Petersburg,323.1,8262 Ramsen,2963,SH,real,False,23.07.2024,2703669,1284724
102583106,10118149,502008124,Hüslerweg,397.1,8262 Ramsen,2963,SH,real,False,23.07.2024,2703491,1284752
102583107,10179752,502007958,Unterdorf,129.1,8262 Ramsen,2963,SH,real,False,23.07.2024,2702898,1284920
102583108,10031593,502008310,Alemannenweg,1.1,8262 Ramsen,2963,SH,real,False,23.07.2024,2703207,1282945
102583109,10118149,502008122,Hüslerweg,424.1,8262 Ramsen,2963,SH,real,False,23.07.2024,2703434,1284938
102583110,10113215,502008050,Petersburg,343.1,8262 Ramsen,2963,SH,real,False,23.07.2024,2703729,1284689
102583111,10179752,502007957,Unterdorf,130.1,8262 Ramsen,2963,SH,real,False,23.07.2024,2702894,1284843
102583112,10031603,502008072,Moskau,313.1,8262 Ramsen,2963,SH,real,False,23.07.2024,2703762,1285379
102583113,10118149,502008121,Hüslerweg,501.1,8262 Ramsen,2963,SH,real,False,23.07.2024,2703490,1284901
102583114,10113215,502008049,Petersburg,349.1,8262 Ramsen,2963,SH,real,False,23.07.2024,2704038,1284419
102583115,10031600,502008113,Im Gässli,174.1,8262 Ramsen,2963,SH,real,False,23.07.2024,2702748,1285079
102583116,10031599,502008144,Hofenacker,67.2,8262 Ramsen,2963,SH,real,False,23.07.2024,2702713,1287430
102583117,10118149,502008120,Hüslerweg,501.2,8262 Ramsen,2963,SH,real,False,23.07.2024,2703502,1284903
102583118,10113215,502008048,Petersburg,349.2,8262 Ramsen,2963,SH,real,False,23.07.2024,2704078,1284389
102583119,10087221,502008106,Im Moos,351.4,8262 Ramsen,2963,SH,real,False,23.07.2024,2704640,1283148
102583120,10087226,502007903,Wiesholz,571.2,8262 Ramsen,2963,SH,real,False,23.07.2024,2704654,1285218
102583121,10179750,502008119,Im Baumgarten,484.1,8262 Ramsen,2963,SH,real,False,23.07.2024,2703631,1284926
102583122,10113215,502008047,Petersburg,416.1,8262 Ramsen,2963,SH,real,False,23.07.2024,2703717,1284903
102583123,10071693,502008100,Judebömmlistrasse,371.1,8262 Ramsen,2963,SH,real,False,23.07.2024,2703501,1285050
102583124,10087226,502007902,Wiesholz,575.2,8262 Ramsen,2963,SH,real,False,23.07.2024,2705441,1285011
102583125,10179750,502008118,Im Baumgarten,486.1,8262 Ramsen,2963,SH,real,False,23.07.2024,2703634,1284952
102583126,10113215,502008046,Petersburg,416.2,8262 Ramsen,2963,SH,real,False,23.07.2024,2703695,1284935
102583127,10113216,502007868,Wilerwisen,441.13,8262 Ramsen,2963,SH,real,False,23.07.2024,2703344,1283424
102583128,10031611,502007901,Wiesholzerstrasse,396.1,8262 Ramsen,2963,SH,real,False,23.07.2024,2703854,1285126
102583129,10071979,502007888,Wilen,19.2,8262 Ramsen,2963,SH,real,False,23.07.2024,2703221,1283877
102583130,10113215,502008045,Petersburg,416.3,8262 Ramsen,2963,SH,real,False,23.07.2024,2703742,1284888
102583131,10087222,502008082,Loomenstrasse,497.1,8262 Ramsen,2963,SH,real,False,23.07.2024,2702202,1285534
102583132,10031611,502007900,Wiesholzerstrasse,49.1,8262 Ramsen,2963,SH,real,False,23.07.2024,2704428,1285196
102583133,10179750,502008117,Im Baumgarten,506.1,8262 Ramsen,2963,SH,real,False,23.07.2024,2703598,1284973
102583134,10113215,502008044,Petersburg,54.1,8262 Ramsen,2963,SH,real,False,23.07.2024,2703685,1284950
102583135,10113216,502007856,Wilerwisen,441.6,8262 Ramsen,2963,SH,real,False,23.07.2024,2703391,1283356
102583136,10031611,502007899,Wiesholzerstrasse,596.1,8262 Ramsen,2963,SH,real,False,23.07.2024,2703976,1285106
102583137,10071979,502007887,Wilen,19.3,8262 Ramsen,2963,SH,real,False,23.07.2024,2703228,1283897
102583138,10113215,502008043,Petersburg,560.1,8262 Ramsen,2963,SH,real,False,23.07.2024,2703752,1285030
102583139,10071979,502007898,Wilen,11.1,8262 Ramsen,2963,SH,real,False,23.07.2024,2703279,1283766
102583140,10179750,502008116,Im Baumgarten,612.1,8262 Ramsen,2963,SH,real,False,23.07.2024,2703617,1284989
102583141,10113215,502008042,Petersburg,560.2,8262 Ramsen,2963,SH,real,False,23.07.2024,2703779,1285026
102583142,10071979,502007897,Wilen,11.2,8262 Ramsen,2963,SH,real,False,23.07.2024,2703226,1283712
102583143,10071979,502007886,Wilen,19g.1,8262 Ramsen,2963,SH,real,False,23.07.2024,2703239,1283919
102583144,10113215,502008041,Petersburg,619.1,8262 Ramsen,2963,SH,real,False,23.07.2024,2703733,1284748
102583145,10071979,502007896,Wilen,13.1,8262 Ramsen,2963,SH,real,False,23.07.2024,2703320,1283765
102583166,10018456,191855738,Hardmorgenweg,21,8222 Beringen,2932,SH,real,True,15.11.2024,2685735,1283347
102583175,10018463,191855747,Oberdorf,31,8222 Beringen,2932,SH,real,True,15.11.2024,2685231,1283895
102583286,10179717,1613365,Im Bergli,22,8207 Schaffhausen,2939,SH,real,True,15.11.2024,2691309,1286317
102583384,10086475,191855983,Buchthalerstrasse,,8200 Schaffhausen,2939,SH,real,True,23.07.2024,2690769,1283423
102583812,10031925,191856452,Hoseweg,12,8260 Stein am Rhein,2964,SH,real,True,15.11.2024,2705805,1280405
102583865,10186340,502008671,Schaffhauserstrasse,12.1,8222 Beringen,2932,SH,real,False,23.07.2024,2685433,1283418
102583866,10146641,502009058,Anthoptstrasse,5.3,8222 Beringen,2932,SH,real,False,23.07.2024,2686343,1283176
102583867,10018467,502008613,Schulberg,1.1,8222 Beringen,2932,SH,real,False,23.07.2024,2685208,1283799
102583868,10087071,502008811,Klösterli,15.1,8222 Beringen,2932,SH,real,False,23.07.2024,2685102,1283576
102583869,10186340,502008670,Schaffhauserstrasse,18.1,8222 Beringen,2932,SH,real,False,23.07.2024,2685460,1283464
102583870,10018467,502008612,Schulberg,10.1,8222 Beringen,2932,SH,real,True,23.07.2024,2685163,1283822
102583871,10018446,502009057,Auf der Höhe,11.1,8222 Beringen,2932,SH,real,False,23.07.2024,2684872,1283930
102583872,10087071,502008810,Klösterli,5.1,8222 Beringen,2932,SH,real,False,23.07.2024,2685190,1283572
102583873,10186340,502008669,Schaffhauserstrasse,183.1,8222 Beringen,2932,SH,real,False,23.07.2024,2687025,1283398
102583874,10018467,502008611,Schulberg,8.1,8222 Beringen,2932,SH,real,True,23.07.2024,2685158,1283858
102583875,10018446,502009056,Auf der Höhe,4.1,8222 Beringen,2932,SH,real,False,23.07.2024,2684934,1283954
102583876,10120412,502008569,Lieblosental,106.1,8222 Beringen,2932,SH,real,False,23.07.2024,2685130,1284427
102583877,10186340,502008667,Schaffhauserstrasse,19.1,8222 Beringen,2932,SH,real,False,23.07.2024,2685471,1283512
102583879,10118354,502009053,Bahnhofstrasse,1.1,8222 Beringen,2932,SH,real,False,23.07.2024,2685007,1283309
102583880,10120412,502008783,Lieblosental,1296.1,8222 Beringen,2932,SH,real,False,23.07.2024,2685101,1284834
102583881,10186340,502008478,Schaffhauserstrasse,2.1,8222 Beringen,2932,SH,real,False,23.07.2024,2685386,1283418
102583882,10018468,502008609,Schwärziweg,10.1,8222 Beringen,2932,SH,real,True,23.07.2024,2685804,1283564
102583883,10118354,502009052,Bahnhofstrasse,1.2,8222 Beringen,2932,SH,real,False,23.07.2024,2684957,1283303
102583884,10091226,502008467,Zelgstrasse,253.1,8222 Beringen,2932,SH,real,False,23.07.2024,2685037,1283373
102583885,10186339,502008956,Gellerstrasse,95.1,8222 Beringen,2932,SH,real,False,23.07.2024,2685951,1283656
102583886,10186340,502008666,Schaffhauserstrasse,220.1,8222 Beringen,2932,SH,real,False,23.07.2024,2687321,1283259
102583887,10118354,502009051,Bahnhofstrasse,1.3,8222 Beringen,2932,SH,real,False,23.07.2024,2684968,1283306
102583888,10091226,502008469,Zelgstrasse,26.1,8222 Beringen,2932,SH,real,False,23.07.2024,2685135,1283483
102583889,10186339,502008955,Gellerstrasse,95.2,8222 Beringen,2932,SH,real,False,23.07.2024,2685941,1283678
102583890,10186340,502008665,Schaffhauserstrasse,220.2,8222 Beringen,2932,SH,real,False,23.07.2024,2687325,1283271
102583891,10118354,502009050,Bahnhofstrasse,1.4,8222 Beringen,2932,SH,real,False,23.07.2024,2684946,1283300
102583892,10186339,502008954,Gellerstrasse,97.1,8222 Beringen,2932,SH,real,False,23.07.2024,2685965,1283654
102583893,10091226,502008468,Zelgstrasse,27.1,8222 Beringen,2932,SH,real,False,23.07.2024,2685063,1283400
102583895,10118354,502009049,Bahnhofstrasse,1.5,8222 Beringen,2932,SH,real,False,23.07.2024,2684980,1283305
102583896,10091226,502008466,Zelgstrasse,28.1,8222 Beringen,2932,SH,real,False,23.07.2024,2685146,1283533
102583897,10087067,502008952,Gipsmühlewegli,2.1,8222 Beringen,2932,SH,real,False,23.07.2024,2685131,1284090
102583898,10186340,502008663,Schaffhauserstrasse,227.1,8222 Beringen,2932,SH,real,False,23.07.2024,2687453,1283292
102583899,10118354,502008917,Bahnhofstrasse,1.6,8222 Beringen,2932,SH,real,False,23.07.2024,2684866,1283300
102583900,10087067,502008951,Gipsmühlewegli,2.2,8222 Beringen,2932,SH,real,False,23.07.2024,2685152,1284088
102583901,10091226,502008464,Zelgstrasse,30.1,8222 Beringen,2932,SH,real,False,23.07.2024,2685134,1283512
102583902,10118354,502008916,Bahnhofstrasse,1.7,8222 Beringen,2932,SH,real,False,23.07.2024,2684879,1283293
102583904,10018468,502008601,Schwärziweg,19.1,8222 Beringen,2932,SH,real,False,23.07.2024,2685914,1283587
102583905,10091226,502008463,Zelgstrasse,31.1,8222 Beringen,2932,SH,real,False,23.07.2024,2685024,1283372
102583906,10118354,502008915,Bahnhofstrasse,1.8,8222 Beringen,2932,SH,real,False,23.07.2024,2684866,1283286
102583907,10186340,502008662,Schaffhauserstrasse,236.1,8222 Beringen,2932,SH,real,False,23.07.2024,2687492,1283235
102583908,10018468,502008599,Schwärziweg,25.1,8222 Beringen,2932,SH,real,False,23.07.2024,2685947,1283583
102583909,10118354,502009055,Bahnhofstrasse,28.1,8222 Beringen,2932,SH,real,True,23.07.2024,2685024,1283350
102583910,10091226,502008462,Zelgstrasse,506.1,8222 Beringen,2932,SH,real,False,23.07.2024,2684967,1283435
102583911,10018468,502008598,Schwärziweg,27.1,8222 Beringen,2932,SH,real,False,23.07.2024,2685984,1283630
102583912,10118354,502009054,Bahnhofstrasse,28.2,8222 Beringen,2932,SH,real,True,23.07.2024,2685019,1283356
102583913,10091226,502008461,Zelgstrasse,8.1,8222 Beringen,2932,SH,real,False,23.07.2024,2685232,1283504
102583914,10186340,502008660,Schaffhauserstrasse,27.1,8222 Beringen,2932,SH,real,False,23.07.2024,2685532,1283513
102583915,10018468,502008597,Schwärziweg,27b.1,8222 Beringen,2932,SH,real,False,23.07.2024,2686014,1283591
102583916,10118354,502008935,Bahnhofstrasse,9.01,8222 Beringen,2932,SH,real,False,23.07.2024,2685316,1283343
102583917,10091226,502008460,Zelgstrasse,8.2,8222 Beringen,2932,SH,real,False,23.07.2024,2685220,1283503
102583918,10018468,502008596,Schwärziweg,6.1,8222 Beringen,2932,SH,real,False,23.07.2024,2685784,1283564
102583919,10186340,502008659,Schaffhauserstrasse,27.2,8222 Beringen,2932,SH,real,False,23.07.2024,2685532,1283525
102583920,10019557,502008459,Zimmerberg,15.1,8222 Beringen,2932,SH,real,False,23.07.2024,2685225,1284108
102583921,10118354,502009048,Bahnhofstrasse,9.1,8222 Beringen,2932,SH,real,False,23.07.2024,2685305,1283329
102583922,10018468,502008595,Schwärziweg,6.2,8222 Beringen,2932,SH,real,False,23.07.2024,2685781,1283565
102583923,10186340,502008658,Schaffhauserstrasse,27.3,8222 Beringen,2932,SH,real,False,23.07.2024,2685541,1283532
102583924,10019557,502008458,Zimmerberg,15.2,8222 Beringen,2932,SH,real,False,23.07.2024,2685224,1284111
102583925,10118354,502009047,Bahnhofstrasse,9.2,8222 Beringen,2932,SH,real,False,23.07.2024,2685217,1283327
102583926,10018468,502008594,Schwärziweg,9.1,8222 Beringen,2932,SH,real,False,23.07.2024,2685829,1283605
102583927,10186340,502008657,Schaffhauserstrasse,28.1,8222 Beringen,2932,SH,real,False,23.07.2024,2685551,1283475
102583928,10019557,502008457,Zimmerberg,5.1,8222 Beringen,2932,SH,real,False,23.07.2024,2685235,1283994
102583929,10118354,502009046,Bahnhofstrasse,9.3,8222 Beringen,2932,SH,real,False,23.07.2024,2685213,1283326
102583930,10018468,502008593,Schwärziweg,9.2,8222 Beringen,2932,SH,real,False,23.07.2024,2685828,1283580
102583931,10019557,502008456,Zimmerberg,5.2,8222 Beringen,2932,SH,real,False,23.07.2024,2685264,1283995
102583932,10186340,502008656,Schaffhauserstrasse,28.2,8222 Beringen,2932,SH,real,False,23.07.2024,2685538,1283480
102583933,10118354,502009045,Bahnhofstrasse,9.4,8222 Beringen,2932,SH,real,False,23.07.2024,2685209,1283326
102583934,10018468,502008602,Schwärziweg,934a.1,8222 Beringen,2932,SH,real,False,23.07.2024,2685914,1283581
102583935,10185491,502008699,Mühleweg,97.1,8222 Beringen,2932,SH,real,False,23.07.2024,2685082,1284248
102583936,10186340,502008655,Schaffhauserstrasse,36.1,8222 Beringen,2932,SH,real,False,23.07.2024,2685598,1283437
102583937,10073635,502008889,Bahnweg,1.1,8222 Beringen,2932,SH,real,False,23.07.2024,2685670,1283318
102583938,10018469,502008592,Schönebueche,22.1,8222 Beringen,2932,SH,real,False,23.07.2024,2685530,1284059
102583939,10087072,502008769,Neugrüthalde,21.1,8222 Beringen,2932,SH,real,True,23.07.2024,2686285,1283709
102583940,10186340,502008654,Schaffhauserstrasse,40.1,8222 Beringen,2932,SH,real,False,23.07.2024,2685622,1283457
102583941,10018469,502008591,Schönebueche,22.2,8222 Beringen,2932,SH,real,False,23.07.2024,2685533,1284054
102583942,10073635,502008888,Bahnweg,806.1,8222 Beringen,2932,SH,real,False,23.07.2024,2685662,1283344
102583943,10091223,502008573,Schützeweg,1.2,8222 Beringen,2932,SH,real,False,23.07.2024,2685336,1284113
102583944,10186340,502008653,Schaffhauserstrasse,41.1,8222 Beringen,2932,SH,real,False,23.07.2024,2685644,1283533
102583945,10018469,502008590,Schönebueche,24.1,8222 Beringen,2932,SH,real,False,23.07.2024,2685553,1284094
102583946,10117541,502008559,Stalden,305.1,8222 Beringen,2932,SH,real,False,23.07.2024,2684923,1283543
102583947,10018447,502009040,Benzeweg,1.1,8222 Beringen,2932,SH,real,False,23.07.2024,2686442,1283584
102583948,10186340,502008652,Schaffhauserstrasse,51.1,8222 Beringen,2932,SH,real,False,23.07.2024,2685697,1283557
102583949,10121168,502008937,Grünau,11.1,8222 Beringen,2932,SH,real,False,23.07.2024,2685290,1283389
102583950,10185463,502008355,Talstrasse,3.1,8223 Guntmadingen,2932,SH,real,False,23.07.2024,2684039,1282062
102583951,10018447,502009044,Benzeweg,11.1,8222 Beringen,2932,SH,real,False,23.07.2024,2686262,1283623
102583952,10186340,502008651,Schaffhauserstrasse,53.1,8222 Beringen,2932,SH,real,False,23.07.2024,2685698,1283552
102583953,10121168,502008936,Grünau,12.1,8222 Beringen,2932,SH,real,False,23.07.2024,2685296,1283390
102583954,10026334,502008544,Trasadingerstrasse,1.13,8222 Beringen,2932,SH,real,False,23.07.2024,2686288,1282859
102583955,10018447,502009042,Benzeweg,3.1,8222 Beringen,2932,SH,real,False,23.07.2024,2686187,1283594
102583956,10186340,502008650,Schaffhauserstrasse,56.1,8222 Beringen,2932,SH,real,False,23.07.2024,2685754,1283473
102583957,10121168,502008934,Grünau,13.1,8222 Beringen,2932,SH,real,False,23.07.2024,2685308,1283395
102583958,10018447,502009039,Benzeweg,43a.1,8222 Beringen,2932,SH,real,False,23.07.2024,2686459,1283581
102583959,10121168,502008933,Grünau,14.1,8222 Beringen,2932,SH,real,False,23.07.2024,2685317,1283395
102583960,10026334,502008529,Trasadingerstrasse,1.8,8222 Beringen,2932,SH,real,False,23.07.2024,2686302,1282866
102583961,10186340,502008649,Schaffhauserstrasse,59.1,8222 Beringen,2932,SH,real,False,23.07.2024,2685762,1283513
102583962,10018447,502009038,Benzeweg,43b.1,8222 Beringen,2932,SH,real,False,23.07.2024,2686475,1283579
102583963,10186339,502008958,Gellerstrasse,9.2,8222 Beringen,2932,SH,real,False,23.07.2024,2685281,1283705
102583964,10121168,502008931,Grünau,15.1,8222 Beringen,2932,SH,real,False,23.07.2024,2685323,1283396
102583965,10186340,502008648,Schaffhauserstrasse,59.2,8222 Beringen,2932,SH,real,False,23.07.2024,2685759,1283536
102583966,10018447,502009037,Benzeweg,47d.1,8222 Beringen,2932,SH,real,False,23.07.2024,2686551,1283586
102583967,10087067,502008947,Gipsmühlewegli,8.3,8222 Beringen,2932,SH,real,False,23.07.2024,2685223,1284120
102583968,10121168,502008465,Grünau,15.2,8222 Beringen,2932,SH,real,False,23.07.2024,2685314,1283420
102583969,10186340,502008647,Schaffhauserstrasse,60.1,8222 Beringen,2932,SH,real,False,23.07.2024,2685763,1283394
102583970,10073645,502008582,Schützehüsliweg,21.1,8222 Beringen,2932,SH,real,False,23.07.2024,2685392,1283783
102583971,10018447,502009041,Benzeweg,484.1,8222 Beringen,2932,SH,real,False,23.07.2024,2686427,1283590
102583972,10121168,502008930,Grünau,2.1,8222 Beringen,2932,SH,real,False,23.07.2024,2685250,1283399
102583973,10186340,502008646,Schaffhauserstrasse,60.2,8222 Beringen,2932,SH,real,False,23.07.2024,2685703,1283325
102583974,10018447,502009036,Benzeweg,5.1,8222 Beringen,2932,SH,real,False,23.07.2024,2686195,1283594
102583975,10087072,502008748,Neugrüthalde,602a.1,8222 Beringen,2932,SH,real,False,23.07.2024,2686846,1283765
102583976,10121168,502008929,Grünau,3.1,8222 Beringen,2932,SH,real,False,23.07.2024,2685251,1283393
102583977,10186340,502008645,Schaffhauserstrasse,61.1,8222 Beringen,2932,SH,real,False,23.07.2024,2685789,1283529
102583978,10110810,502008737,Neuweg,45.2,8222 Beringen,2932,SH,real,False,23.07.2024,2685727,1283733
102583979,10121168,502008928,Grünau,4.1,8222 Beringen,2932,SH,real,False,23.07.2024,2685252,1283381
102583980,10018447,502009035,Benzeweg,53f.1,8222 Beringen,2932,SH,real,False,23.07.2024,2686648,1283560
102583981,10186340,502008644,Schaffhauserstrasse,62.1,8222 Beringen,2932,SH,real,False,23.07.2024,2685770,1283475
102583982,10121168,502008927,Grünau,5.1,8222 Beringen,2932,SH,real,False,23.07.2024,2685253,1283372
102583983,10110810,502008724,Neuweg,73.1,8222 Beringen,2932,SH,real,False,23.07.2024,2686015,1283743
102583984,10018447,502009034,Benzeweg,55.1,8222 Beringen,2932,SH,real,True,23.07.2024,2686665,1283565
102583985,10018462,502008714,Oberberg,10.1,8222 Beringen,2932,SH,real,False,23.07.2024,2685657,1283840
102583986,10186340,502008643,Schaffhauserstrasse,65.1,8222 Beringen,2932,SH,real,False,23.07.2024,2685806,1283501
102583987,10121168,502008926,Grünau,6.1,8222 Beringen,2932,SH,real,False,23.07.2024,2685253,1283366
102583988,10018447,502009033,Benzeweg,59.1,8222 Beringen,2932,SH,real,False,23.07.2024,2686699,1283553
102583989,10185488,502009070,Allerrietstrasse,6.1,8222 Beringen,2932,SH,real,False,23.07.2024,2687192,1283420
102583990,10186340,502008642,Schaffhauserstrasse,65.2,8222 Beringen,2932,SH,real,False,23.07.2024,2685813,1283516
102583991,10121168,502008925,Grünau,7.1,8222 Beringen,2932,SH,real,False,23.07.2024,2685260,1283387
102583992,10018447,502009032,Benzeweg,63.1,8222 Beringen,2932,SH,real,False,23.07.2024,2686728,1283549
102583993,10146641,502009059,Anthoptstrasse,5.2,8222 Beringen,2932,SH,real,False,23.07.2024,2686358,1283176
102583994,10121168,502008932,Grünau,899.1,8222 Beringen,2932,SH,real,False,23.07.2024,2685315,1283402
102583996,10018447,502009031,Benzeweg,67.1,8222 Beringen,2932,SH,real,False,23.07.2024,2686741,1283547
102583997,10118354,502008493,Bahnhofstrasse,1.9,8222 Beringen,2932,SH,real,True,23.07.2024,2684917,1283295
102583998,10087068,502008401,Guntmadingerstrasse,105.1,8223 Guntmadingen,2932,SH,real,False,23.07.2024,2684415,1282999
102583999,10026329,502008448,Bettackerweg,109.1,8223 Guntmadingen,2932,SH,real,False,23.07.2024,2684191,1282216
102584000,10186340,502008640,Schaffhauserstrasse,69.1,8222 Beringen,2932,SH,real,False,23.07.2024,2685860,1283508
102584001,10018447,502009043,Benzeweg,1122.2,8222 Beringen,2932,SH,real,False,23.07.2024,2686597,1283586
102584002,10087068,502008923,Guntmadingerstrasse,14.1,8222 Beringen,2932,SH,real,False,23.07.2024,2684971,1283529
102584003,10026329,502008431,Bettackerweg,109.3,8223 Guntmadingen,2932,SH,real,False,23.07.2024,2684142,1282199
102584004,10186340,502008639,Schaffhauserstrasse,70.1,8222 Beringen,2932,SH,real,False,23.07.2024,2685776,1283395
102584005,10026329,502008433,Bettackerweg,109.2,8223 Guntmadingen,2932,SH,real,False,23.07.2024,2684139,1282201
102584006,10087068,502008922,Guntmadingerstrasse,14.2,8222 Beringen,2932,SH,real,False,23.07.2024,2684943,1283479
102584007,10026329,502008430,Bettackerweg,109.4,8223 Guntmadingen,2932,SH,real,False,23.07.2024,2684146,1282197
102584008,10186340,502008638,Schaffhauserstrasse,72.1,8222 Beringen,2932,SH,real,False,23.07.2024,2685852,1283467
102584009,10026329,502008437,Bettackerweg,79.2,8223 Guntmadingen,2932,SH,real,False,23.07.2024,2684094,1282214
102584010,10087068,502008921,Guntmadingerstrasse,14.3,8222 Beringen,2932,SH,real,False,23.07.2024,2684943,1283475
102584011,10026329,502008449,Bettackerweg,11.1,8223 Guntmadingen,2932,SH,real,False,23.07.2024,2684170,1282247
102584012,10026334,502008344,Trasadingerstrasse,106.3,8223 Guntmadingen,2932,SH,real,False,23.07.2024,2683301,1282483
102584013,10186340,502008637,Schaffhauserstrasse,8.1,8222 Beringen,2932,SH,real,False,23.07.2024,2685388,1283442
102584014,10026329,502008443,Bettackerweg,2.1,8223 Guntmadingen,2932,SH,real,False,23.07.2024,2684068,1282154
102584015,10087068,502008920,Guntmadingerstrasse,14.4,8222 Beringen,2932,SH,real,False,23.07.2024,2684977,1283475
102584016,10087068,502008919,Guntmadingerstrasse,14.5,8222 Beringen,2932,SH,real,False,23.07.2024,2684956,1283454
102584017,10186340,502008636,Schaffhauserstrasse,81.1,8222 Beringen,2932,SH,real,False,23.07.2024,2685991,1283511
102584018,10091161,502008382,Dorfstrasse,,8223 Guntmadingen,2932,SH,real,False,23.07.2024,2683941,1282655
102584019,10026329,502008446,Bettackerweg,23c.1,8223 Guntmadingen,2932,SH,real,False,23.07.2024,2684166,1282301
102584020,10087068,502008918,Guntmadingerstrasse,31.1,8222 Beringen,2932,SH,real,False,23.07.2024,2684869,1283322
102584021,10026329,502008447,Bettackerweg,23c.2,8223 Guntmadingen,2932,SH,real,False,23.07.2024,2684174,1282292
102584022,10091161,502008423,Dorfstrasse,10.1,8223 Guntmadingen,2932,SH,real,False,23.07.2024,2683950,1282372
102584023,10186340,502008635,Schaffhauserstrasse,82.1,8222 Beringen,2932,SH,real,False,23.07.2024,2685961,1283409
102584024,10087068,502008914,Guntmadingerstrasse,37.1,8222 Beringen,2932,SH,real,False,23.07.2024,2684828,1283290
102584025,10148187,502008843,Im Benze,29.1,8222 Beringen,2932,SH,real,True,23.07.2024,2686558,1283549
102584026,10026329,502008445,Bettackerweg,23c.3,8223 Guntmadingen,2932,SH,real,False,23.07.2024,2684173,1282306
102584027,10186340,502008634,Schaffhauserstrasse,83.1,8222 Beringen,2932,SH,real,False,23.07.2024,2685994,1283512
102584028,10087068,502008913,Guntmadingerstrasse,649.1,8222 Beringen,2932,SH,real,False,23.07.2024,2684575,1283301
102584029,10026329,502008444,Bettackerweg,23c.4,8223 Guntmadingen,2932,SH,real,False,23.07.2024,2684173,1282310
102584030,10019555,502008496,Vogelhof,753.1,8222 Beringen,2932,SH,real,False,23.07.2024,2685181,1283872
102584031,10186340,502008633,Schaffhauserstrasse,84.1,8222 Beringen,2932,SH,real,False,23.07.2024,2686012,1283454
102584032,10073637,502008912,Gärtliweg,10.1,8222 Beringen,2932,SH,real,False,23.07.2024,2684938,1283772
102584033,10026329,502008440,Bettackerweg,6.1,8223 Guntmadingen,2932,SH,real,False,23.07.2024,2684118,1282190
102584034,10068427,502008393,Im Winkel,4.2,8223 Guntmadingen,2932,SH,real,False,23.07.2024,2683996,1282247
102584035,10073637,502008910,Gärtliweg,3.1,8222 Beringen,2932,SH,real,False,23.07.2024,2684988,1283718
102584036,10186340,502008631,Schaffhauserstrasse,87.1,8222 Beringen,2932,SH,real,True,23.07.2024,2686049,1283529
102584037,10019556,502008481,Wiesengasse,30.3,8222 Beringen,2932,SH,real,False,23.07.2024,2685499,1283029
102584038,10026329,502008439,Bettackerweg,6.2,8223 Guntmadingen,2932,SH,real,False,23.07.2024,2684119,1282186
102584039,10073637,502008909,Gärtliweg,5.1,8222 Beringen,2932,SH,real,False,23.07.2024,2684942,1283702
102584040,10186340,502008630,Schaffhauserstrasse,87.2,8222 Beringen,2932,SH,real,False,23.07.2024,2686041,1283514
102584041,10018460,502008826,Kehlhof,15.1,8222 Beringen,2932,SH,real,False,23.07.2024,2685072,1283780
102584042,10120411,502008908,Gässlistieg,5.1,8222 Beringen,2932,SH,real,False,23.07.2024,2686103,1283573
102584043,10026329,502008438,Bettackerweg,6.3,8223 Guntmadingen,2932,SH,real,False,23.07.2024,2684120,1282183
102584044,10186340,502008629,Schaffhauserstrasse,89.1,8222 Beringen,2932,SH,real,False,23.07.2024,2686061,1283512
102584045,10018468,502008600,Schwärziweg,24.1,8222 Beringen,2932,SH,real,False,23.07.2024,2685984,1283566
102584046,10018453,502008907,Haargasse,8.1,8222 Beringen,2932,SH,real,False,23.07.2024,2685324,1283866
102584047,10026329,502008432,Bettackerweg,79.1,8223 Guntmadingen,2932,SH,real,False,23.07.2024,2684106,1282216
102584048,10186340,502008628,Schaffhauserstrasse,90.1,8222 Beringen,2932,SH,real,False,23.07.2024,2686061,1283454
102584049,10018469,502008589,Schönebueche,24.2,8222 Beringen,2932,SH,real,False,23.07.2024,2685568,1284113
102584050,10018453,502008906,Haargasse,9.1,8222 Beringen,2932,SH,real,False,23.07.2024,2685348,1283890
102584051,10026329,502008434,Bettackerweg,83.1f,8223 Guntmadingen,2932,SH,real,False,23.07.2024,2684075,1282158
102584052,10186340,502008627,Schaffhauserstrasse,90.2,8222 Beringen,2932,SH,real,False,23.07.2024,2686080,1283467
102584053,10121168,502008924,Grünau,8.1,8222 Beringen,2932,SH,real,False,23.07.2024,2685269,1283387
102584054,10018453,502008905,Haargasse,9.2,8222 Beringen,2932,SH,real,False,23.07.2024,2685338,1283923
102584055,10026329,502008435,Bettackerweg,84a.1,8223 Guntmadingen,2932,SH,real,False,23.07.2024,2684078,1282161
102584056,10073637,502008911,Gärtliweg,12.1,8222 Beringen,2932,SH,real,False,23.07.2024,2684914,1283775
102584057,10178315,502008877,Schleitheimerstrasse,1.1,8222 Beringen,2932,SH,real,False,19.11.2024,2684743,1283727
102584058,10018454,502008904,Hagenwiesenweg,3.1,8222 Beringen,2932,SH,real,False,23.07.2024,2685442,1283403
102584059,10018455,502008898,Hard,1.1,8222 Beringen,2932,SH,real,False,19.11.2024,2687062,1282832
102584060,10026329,502008436,Bettackerweg,85.1,8223 Guntmadingen,2932,SH,real,False,23.07.2024,2684085,1282170
102584061,10073638,502008902,Haldenweg,11.1,8222 Beringen,2932,SH,real,False,23.07.2024,2684863,1284038
102584062,10178315,502008624,Schleitheimerstrasse,13.1,8222 Beringen,2932,SH,real,False,23.07.2024,2685127,1283644
102584063,10018456,502008883,Hardmorgenweg,379a.2,8222 Beringen,2932,SH,real,False,23.07.2024,2685761,1283159
102584064,10018448,502009030,Biberichweg,13.1,8222 Beringen,2932,SH,real,False,23.07.2024,2684949,1283841
102584065,10073638,502008785,Haldenweg,297.1,8222 Beringen,2932,SH,real,False,23.07.2024,2684805,1284501
102584066,10178315,502008623,Schleitheimerstrasse,18.1,8222 Beringen,2932,SH,real,False,23.07.2024,2685073,1283653
102584067,10185490,502008548,Hägliloh,237c.1,8222 Beringen,2932,SH,real,False,23.07.2024,2684970,1286706
102584068,10073638,502008900,Haldenweg,4.1,8222 Beringen,2932,SH,real,False,23.07.2024,2684857,1283925
102584069,10018448,502009029,Biberichweg,15a.1,8222 Beringen,2932,SH,real,True,23.07.2024,2684959,1283829
102584070,10019554,502008502,Unterstieg,33.1,8222 Beringen,2932,SH,real,False,23.07.2024,2685936,1283769
102584071,10178315,502008622,Schleitheimerstrasse,20.1,8222 Beringen,2932,SH,real,False,23.07.2024,2685050,1283652
102584072,10073638,502008901,Haldenweg,613.1,8222 Beringen,2932,SH,real,False,23.07.2024,2684864,1284093
102584073,10018463,502008702,Oberdorf,48.1,8222 Beringen,2932,SH,real,False,23.07.2024,2685210,1283997
102584075,10091161,502008424,Dorfstrasse,37.1,8223 Guntmadingen,2932,SH,real,False,23.07.2024,2683978,1282376
102584076,10073638,502008899,Haldenweg,672.1,8222 Beringen,2932,SH,real,False,23.07.2024,2684792,1284006
102584077,10018444,502008903,Abendhalde,1.2,8222 Beringen,2932,SH,real,False,23.07.2024,2684721,1283991
102584078,10018455,502008897,Hard,1.2,8222 Beringen,2932,SH,real,False,23.07.2024,2687006,1282774
102584079,10018448,502009028,Biberichweg,15b.1,8222 Beringen,2932,SH,real,True,23.07.2024,2684958,1283810
102584080,10073636,502009010,Durlängiweg,343.2,8222 Beringen,2932,SH,real,False,23.07.2024,2684779,1282970
102584081,10018455,502008896,Hard,1.3,8222 Beringen,2932,SH,real,True,23.07.2024,2686947,1282857
102584082,10018444,502009111,Abendhalde,1034.1,8222 Beringen,2932,SH,real,False,23.07.2024,2684481,1283895
102584083,10026334,502008342,Trasadingerstrasse,106.1,8223 Guntmadingen,2932,SH,real,False,23.07.2024,2683344,1282492
102584084,10018450,502008779,Eggeweg,541.1,8222 Beringen,2932,SH,real,False,23.07.2024,2685674,1285097
102584085,10018455,502008895,Hard,1.4,8222 Beringen,2932,SH,real,False,23.07.2024,2686963,1282870
102584086,10018444,502009102,Abendhalde,329.1,8222 Beringen,2932,SH,real,False,23.07.2024,2684584,1283931
102584087,10018448,502009027,Biberichweg,2.1,8222 Beringen,2932,SH,real,False,23.07.2024,2685122,1283831
102584088,10026335,502008336,Zelgliweg,4.2,8223 Guntmadingen,2932,SH,real,False,23.07.2024,2684077,1282286
102584089,10018455,502008894,Hard,1.5,8222 Beringen,2932,SH,real,False,23.07.2024,2687064,1282923
102584090,10018448,502009026,Biberichweg,22.1,8222 Beringen,2932,SH,real,False,23.07.2024,2684934,1283903
102584091,10018444,502009112,Abendhalde,33.1,8222 Beringen,2932,SH,real,False,23.07.2024,2684595,1283851
102584092,10026330,502008390,Lauferbergstrasse,1.1,8223 Guntmadingen,2932,SH,real,False,23.07.2024,2684302,1281094
102584093,10018455,502008893,Hard,1.6,8222 Beringen,2932,SH,real,False,23.07.2024,2686876,1282766
102584094,10018448,502009025,Biberichweg,24.1,8222 Beringen,2932,SH,real,False,23.07.2024,2684922,1283870
102584095,10018455,502008892,Hard,1.7,8222 Beringen,2932,SH,real,False,23.07.2024,2686950,1282768
102584096,10018444,502009107,Abendhalde,337.1,8222 Beringen,2932,SH,real,False,23.07.2024,2684410,1283979
102584097,10091226,502008472,Zelgstrasse,16.2,8222 Beringen,2932,SH,real,False,23.07.2024,2685153,1283417
102584098,10018455,502008891,Hard,1.8,8222 Beringen,2932,SH,real,False,19.11.2024,2686937,1282786
102584099,10026334,502008345,Trasadingerstrasse,106.2,8223 Guntmadingen,2932,SH,real,False,23.07.2024,2683300,1282480
102584100,10120412,502008787,Lieblosental,277.1,8222 Beringen,2932,SH,real,False,23.07.2024,2685169,1284573
102584101,10018444,502009105,Abendhalde,524.1,8222 Beringen,2932,SH,real,False,23.07.2024,2684691,1283873
102584102,10018455,502008890,Hard,1.9,8222 Beringen,2932,SH,real,False,23.07.2024,2686890,1282748
102584103,10120412,502008786,Lieblosental,277a.1,8222 Beringen,2932,SH,real,False,23.07.2024,2684868,1284567
102584104,10026334,502008343,Trasadingerstrasse,106.4,8223 Guntmadingen,2932,SH,real,False,23.07.2024,2683303,1282481
102584105,10018456,502008887,Hardmorgenweg,17.1,8222 Beringen,2932,SH,real,False,23.07.2024,2685716,1283190
102584106,10018444,502009099,Abendhalde,566.1,8222 Beringen,2932,SH,real,False,23.07.2024,2684637,1283985
102584107,10018448,502009023,Biberichweg,30.1,8222 Beringen,2932,SH,real,False,23.07.2024,2684901,1283875
102584108,10120412,502008800,Lieblosental,310.1,8222 Beringen,2932,SH,real,False,23.07.2024,2683464,1286790
102584109,10018456,502008886,Hardmorgenweg,17.2,8222 Beringen,2932,SH,real,False,23.07.2024,2685737,1283268
102584110,10018444,502009104,Abendhalde,581.1,8222 Beringen,2932,SH,real,False,23.07.2024,2684583,1283864
102584111,10120412,502008799,Lieblosental,310a.1,8222 Beringen,2932,SH,real,False,23.07.2024,2683450,1286793
102584112,10018456,502008885,Hardmorgenweg,17.3,8222 Beringen,2932,SH,real,True,23.07.2024,2685736,1283273
102584113,10018448,502009022,Biberichweg,32.1,8222 Beringen,2932,SH,real,False,23.07.2024,2684892,1283877
102584114,10018444,502009098,Abendhalde,590.1,8222 Beringen,2932,SH,real,False,23.07.2024,2684675,1283992
102584115,10120412,502008790,Lieblosental,316.1,8222 Beringen,2932,SH,real,False,23.07.2024,2684786,1285425
102584116,10018456,502008884,Hardmorgenweg,479.1,8222 Beringen,2932,SH,real,False,23.07.2024,2685791,1283169
102584117,10026334,502008346,Trasadingerstrasse,106a.1,8223 Guntmadingen,2932,SH,real,False,23.07.2024,2683292,1282483
102584118,10018444,502009106,Abendhalde,609.1,8222 Beringen,2932,SH,real,False,23.07.2024,2684427,1284091
102584119,10018448,502009021,Biberichweg,34.1,8222 Beringen,2932,SH,real,False,23.07.2024,2684889,1283877
102584120,10087069,502008882,Hegelweg,1.1,8222 Beringen,2932,SH,real,False,23.07.2024,2684807,1283765
102584121,10120412,502008806,Lieblosental,331.1,8222 Beringen,2932,SH,real,False,23.07.2024,2684324,1286124
102584122,10018444,502009110,Abendhalde,710.1,8222 Beringen,2932,SH,real,False,23.07.2024,2684464,1283898
102584123,10026334,502008350,Trasadingerstrasse,3.1,8223 Guntmadingen,2932,SH,real,False,23.07.2024,2683766,1282640
102584124,10120412,502008805,Lieblosental,331.2,8222 Beringen,2932,SH,real,False,23.07.2024,2684357,1286136
102584125,10087069,502008881,Hegelweg,1.2,8222 Beringen,2932,SH,real,False,23.07.2024,2684781,1283767
102584126,10018444,502009020,Abendhalde,777.1,8222 Beringen,2932,SH,real,False,23.07.2024,2684760,1283904
102584127,10018448,502008865,Biberichweg,429.1,8222 Beringen,2932,SH,real,False,23.07.2024,2685047,1283857
102584128,10120412,502008797,Lieblosental,332.1,8222 Beringen,2932,SH,real,False,23.07.2024,2684965,1285606
102584129,10018457,502008880,Herrengasse,12.1,8222 Beringen,2932,SH,real,False,23.07.2024,2685271,1283878
102584130,10026334,502009008,Trasadingerstrasse,330.1,8222 Beringen,2932,SH,real,False,23.07.2024,2684934,1282676
102584131,10018444,502009109,Abendhalde,779.1,8222 Beringen,2932,SH,real,False,23.07.2024,2684454,1283917
102584132,10018457,502008879,Herrengasse,127b.1,8222 Beringen,2932,SH,real,False,23.07.2024,2685301,1283815
102584133,10120412,502008796,Lieblosental,332.2,8222 Beringen,2932,SH,real,False,23.07.2024,2684986,1285571
102584134,10018448,502008825,Biberichweg,70.1,8222 Beringen,2932,SH,real,False,23.07.2024,2685086,1283805
102584135,10136936,502008878,Hinterer Hegelweg,2.1,8222 Beringen,2932,SH,real,False,23.07.2024,2684776,1283768
102584136,10018444,502009100,Abendhalde,782.1,8222 Beringen,2932,SH,real,False,23.07.2024,2684559,1283935
102584137,10120412,502008795,Lieblosental,332.3,8222 Beringen,2932,SH,real,False,19.11.2024,2684985,1285584
102584138,10026334,502008527,Trasadingerstrasse,335.2,8222 Beringen,2932,SH,real,True,23.07.2024,2686389,1282814
102584139,10111801,502008399,Huebpüntweg,41.1,8223 Guntmadingen,2932,SH,real,False,23.07.2024,2684348,1282490
102584140,10018444,502009103,Abendhalde,783.1,8222 Beringen,2932,SH,real,False,23.07.2024,2684609,1283925
102584141,10120412,502008794,Lieblosental,332.4,8222 Beringen,2932,SH,real,False,19.11.2024,2684984,1285587
102584142,10018448,502009024,Biberichweg,28.1,8222 Beringen,2932,SH,real,False,23.07.2024,2684904,1283875
102584143,10111801,502008398,Huebpüntweg,5.1,8223 Guntmadingen,2932,SH,real,False,23.07.2024,2684048,1282421
102584144,10087065,502009097,Allerrietstieg,10.1,8222 Beringen,2932,SH,real,False,23.07.2024,2687368,1283345
102584145,10120412,502008791,Lieblosental,339.1,8222 Beringen,2932,SH,real,False,23.07.2024,2684771,1285393
102584146,10018448,502009019,Biberichweg,39b.1,8222 Beringen,2932,SH,real,False,23.07.2024,2684777,1283869
102584147,10111801,502008400,Huebpüntweg,96.1,8223 Guntmadingen,2932,SH,real,False,23.07.2024,2684225,1282480
102584148,10120412,502008798,Lieblosental,423.1,8222 Beringen,2932,SH,real,False,23.07.2024,2683514,1286938
102584149,10087065,502009096,Allerrietstieg,14.1,8222 Beringen,2932,SH,real,False,23.07.2024,2687392,1283344
102584150,10054982,502009013,Blashalde,1.1,8222 Beringen,2932,SH,real,False,23.07.2024,2685092,1285922
102584151,10185490,502008876,Hägliloh,1.1,8222 Beringen,2932,SH,real,False,23.07.2024,2685009,1286509
102584152,10120412,502008782,Lieblosental,436.1,8222 Beringen,2932,SH,real,False,23.07.2024,2685095,1284850
102584153,10026334,502008526,Trasadingerstrasse,335.3,8222 Beringen,2932,SH,real,False,23.07.2024,2686391,1282808
102584154,10087065,502009094,Allerrietstieg,6.1,8222 Beringen,2932,SH,real,False,23.07.2024,2687349,1283351
102584155,10185490,502008874,Hägliloh,1.2,8222 Beringen,2932,SH,real,False,23.07.2024,2684577,1286566
102584156,10120412,502008568,Lieblosental,463.1,8222 Beringen,2932,SH,real,False,23.07.2024,2685193,1284460
102584157,10178315,502008618,Schleitheimerstrasse,42a.1,8222 Beringen,2932,SH,real,False,23.07.2024,2684861,1283720
102584158,10054982,502009015,Blashalde,236d.1,8222 Beringen,2932,SH,real,False,23.07.2024,2685238,1286241
102584159,10185490,502008873,Hägliloh,1.3,8222 Beringen,2932,SH,real,False,23.07.2024,2684666,1286416
102584160,10120412,502008789,Lieblosental,607.1,8222 Beringen,2932,SH,real,False,23.07.2024,2685097,1284771
102584161,10178315,502008617,Schleitheimerstrasse,42a.2,8222 Beringen,2932,SH,real,False,23.07.2024,2684848,1283726
102584162,10026334,502008525,Trasadingerstrasse,335.4,8222 Beringen,2932,SH,real,False,23.07.2024,2686387,1282907
102584163,10185490,502008875,Hägliloh,430.1,8222 Beringen,2932,SH,real,False,23.07.2024,2684747,1286489
102584164,10120412,502008788,Lieblosental,607.2,8222 Beringen,2932,SH,real,False,23.07.2024,2685096,1284736
102584165,10178315,502008616,Schleitheimerstrasse,42a.3,8222 Beringen,2932,SH,real,False,23.07.2024,2684845,1283726
102584166,10054982,502009014,Blashalde,236e.1,8222 Beringen,2932,SH,real,False,23.07.2024,2685265,1286238
102584167,10185490,502008803,Hägliloh,51.1,8222 Beringen,2932,SH,real,False,23.07.2024,2684648,1286425
102584168,10120412,502008784,Lieblosental,607c.1,8222 Beringen,2932,SH,real,True,23.07.2024,2685153,1284774
102584169,10186339,502008965,Gellerstrasse,73.1,8222 Beringen,2932,SH,real,False,23.07.2024,2685753,1283677
102584170,10185490,502008804,Hägliloh,51b.1,8222 Beringen,2932,SH,real,False,23.07.2024,2684616,1286442
102584171,10026334,502008524,Trasadingerstrasse,335.5,8222 Beringen,2932,SH,real,False,23.07.2024,2686381,1282908
102584172,10120412,502008776,Lieblosental,699.1,8222 Beringen,2932,SH,real,False,23.07.2024,2684428,1285801
102584173,10185490,502008801,Hägliloh,606.1,8222 Beringen,2932,SH,real,False,23.07.2024,2684446,1286539
102584174,10186339,502008964,Gellerstrasse,78.1,8222 Beringen,2932,SH,real,False,23.07.2024,2685783,1283628
102584175,10054982,502009018,Blashalde,236f.1,8222 Beringen,2932,SH,real,False,23.07.2024,2685220,1286268
102584176,10091162,502008388,Liiberackerweg,1.1,8223 Guntmadingen,2932,SH,real,False,23.07.2024,2684069,1282034
102584177,10185490,502008802,Hägliloh,606.2,8222 Beringen,2932,SH,real,False,23.07.2024,2684440,1286538
102584178,10186339,502008963,Gellerstrasse,81.1,8222 Beringen,2932,SH,real,False,23.07.2024,2685805,1283673
102584179,10026334,502009007,Trasadingerstrasse,362.1,8222 Beringen,2932,SH,real,False,23.07.2024,2685134,1282349
102584180,10091162,502008387,Liiberackerweg,11.1,8223 Guntmadingen,2932,SH,real,False,23.07.2024,2684013,1281999
102584181,10018458,502008872,Hägliweg,3.1,8222 Beringen,2932,SH,real,False,23.07.2024,2685875,1283528
102584182,10186339,502008962,Gellerstrasse,83.1,8222 Beringen,2932,SH,real,False,23.07.2024,2685810,1283673
102584183,10054982,502009017,Blashalde,713.1,8222 Beringen,2932,SH,real,False,23.07.2024,2685004,1285948
102584184,10118140,502008871,Höfli,3.1,8222 Beringen,2932,SH,real,False,23.07.2024,2685199,1283796
102584185,10091162,502008383,Liiberackerweg,9.1,8223 Guntmadingen,2932,SH,real,False,23.07.2024,2684025,1282008
102584186,10026334,502008536,Trasadingerstrasse,540.1,8222 Beringen,2932,SH,real,False,23.07.2024,2686088,1282600
102584187,10186339,502008961,Gellerstrasse,85.1,8222 Beringen,2932,SH,real,False,23.07.2024,2685841,1283670
102584188,10118140,502008870,Höfli,4.1,8222 Beringen,2932,SH,real,False,23.07.2024,2685188,1283795
102584189,10026331,502008380,Löhningerstrasse,3.1,8223 Guntmadingen,2932,SH,real,False,23.07.2024,2683930,1282722
102584190,10026334,502008535,Trasadingerstrasse,542.1,8222 Beringen,2932,SH,real,False,23.07.2024,2685892,1282602
102584191,10186339,502008960,Gellerstrasse,85.2,8222 Beringen,2932,SH,real,False,23.07.2024,2685844,1283699
102584192,10073640,502008869,Höhenweg,10.1,8222 Beringen,2932,SH,real,False,23.07.2024,2685053,1283732
102584193,10026331,502008379,Löhningerstrasse,3.2,8223 Guntmadingen,2932,SH,real,False,23.07.2024,2683880,1282706
102584194,10026334,502008349,Trasadingerstrasse,7.1,8223 Guntmadingen,2932,SH,real,False,23.07.2024,2682977,1282472
102584195,10186339,502008959,Gellerstrasse,9.1,8222 Beringen,2932,SH,real,False,23.07.2024,2685272,1283695
102584196,10073640,502008868,Höhenweg,17.1,8222 Beringen,2932,SH,real,False,23.07.2024,2684987,1283906
102584197,10026331,502008378,Löhningerstrasse,3.3,8223 Guntmadingen,2932,SH,real,False,23.07.2024,2683893,1282746
102584198,10026334,502008348,Trasadingerstrasse,7.2,8223 Guntmadingen,2932,SH,real,False,23.07.2024,2682954,1282447
102584199,10186339,502008957,Gellerstrasse,91.1,8222 Beringen,2932,SH,real,False,23.07.2024,2685892,1283666
102584200,10073640,502008867,Höhenweg,19.1,8222 Beringen,2932,SH,real,False,23.07.2024,2684984,1283908
102584201,10073642,502008775,Löwenhof,12.1,8222 Beringen,2932,SH,real,False,23.07.2024,2685256,1283610
102584202,10026334,502008347,Trasadingerstrasse,7.3,8223 Guntmadingen,2932,SH,real,False,23.07.2024,2682929,1282419
102584203,10186339,502008968,Gellerstrasse,913.1,8222 Beringen,2932,SH,real,False,23.07.2024,2685623,1283658
102584204,10073642,502008774,Löwenhof,12.2,8222 Beringen,2932,SH,real,False,23.07.2024,2685247,1283604
102584205,10073640,502008863,Höhenweg,30.1,8222 Beringen,2932,SH,real,False,23.07.2024,2685003,1283940
102584206,10054982,502009016,Blashalde,713.2,8222 Beringen,2932,SH,real,False,23.07.2024,2684998,1285938
102584207,10073640,502008864,Höhenweg,30a.1,8222 Beringen,2932,SH,real,False,23.07.2024,2685002,1283946
102584208,10073642,502008773,Löwenhof,4.1,8222 Beringen,2932,SH,real,False,23.07.2024,2685273,1283635
102584209,10018468,502008608,Schwärziweg,11.1,8222 Beringen,2932,SH,real,False,23.07.2024,2685839,1283578
102584210,10026334,502008479,Trasadingerstrasse,989.1,8222 Beringen,2932,SH,real,False,23.07.2024,2685785,1282574
102584211,10073640,502008866,Höhenweg,550a.1,8222 Beringen,2932,SH,real,False,23.07.2024,2685032,1283878
102584212,10073642,502008772,Löwenhof,6.1,8222 Beringen,2932,SH,real,False,23.07.2024,2685278,1283631
102584213,10018468,502008607,Schwärziweg,12.1,8222 Beringen,2932,SH,real,False,23.07.2024,2685826,1283559
102584214,10018449,502009012,Bärenacker,4.1,8222 Beringen,2932,SH,real,True,23.07.2024,2685085,1283630
102584215,10073640,502008822,Höhenweg,8a.1,8222 Beringen,2932,SH,real,False,23.07.2024,2685070,1283751
102584216,10185491,502008771,Mühleweg,6.1,8222 Beringen,2932,SH,real,False,23.07.2024,2685160,1283864
102584217,10018468,502008606,Schwärziweg,14.1,8222 Beringen,2932,SH,real,False,23.07.2024,2685865,1283554
102584218,10026334,502008566,Trasadingerstrasse,99.1,8222 Beringen,2932,SH,real,False,23.07.2024,2687073,1283258
102584219,10087070,502008858,Hülsteweg,1.1,8222 Beringen,2932,SH,real,False,23.07.2024,2686818,1283627
102584220,10068428,502008376,Neuengasse,14.1,8223 Guntmadingen,2932,SH,real,False,23.07.2024,2683901,1282229
102584221,10018468,502008605,Schwärziweg,16.1,8222 Beringen,2932,SH,real,False,23.07.2024,2685869,1283554
102584222,10091225,502008781,Unter Egg,1.1,8222 Beringen,2932,SH,real,True,23.07.2024,2685332,1284670
102584224,10068428,502008375,Neuengasse,19.1,8223 Guntmadingen,2932,SH,real,False,19.11.2024,2683846,1282197
102584225,10146649,502008523,Bömmliacker,1.1,8222 Beringen,2932,SH,real,False,23.07.2024,2686571,1283232
102584226,10146649,502008522,Bömmliacker,1.2,8222 Beringen,2932,SH,real,False,23.07.2024,2686674,1283207
102584227,10018468,502008604,Schwärziweg,16.2,8222 Beringen,2932,SH,real,False,23.07.2024,2685875,1283532
102584228,10091225,502008780,Unter Egg,1.2,8222 Beringen,2932,SH,real,True,23.07.2024,2685302,1285111
102584229,10068428,502008371,Neuengasse,4.1,8223 Guntmadingen,2932,SH,real,False,23.07.2024,2683869,1282267
102584230,10087070,502008859,Hülsteweg,14.1,8222 Beringen,2932,SH,real,False,23.07.2024,2686792,1283625
102584231,10018468,502008603,Schwärziweg,17.1,8222 Beringen,2932,SH,real,True,23.07.2024,2685898,1283616
102584232,10091225,502008520,Unter Egg,13.1,8222 Beringen,2932,SH,real,False,23.07.2024,2685346,1284261
102584233,10146649,502008521,Bömmliacker,366a.1,8222 Beringen,2932,SH,real,False,23.07.2024,2686624,1283156
102584234,10068428,502008370,Neuengasse,4.2,8223 Guntmadingen,2932,SH,real,False,23.07.2024,2683859,1282281
102584235,10087067,502008700,Gipsmühlewegli,4.1,8222 Beringen,2932,SH,real,False,23.07.2024,2685129,1284084
102584236,10087070,502008861,Hülsteweg,16.1,8222 Beringen,2932,SH,real,False,23.07.2024,2686807,1283627
102584237,10068428,502008373,Neuengasse,55.1,8223 Guntmadingen,2932,SH,real,False,23.07.2024,2683814,1282225
102584238,10019553,502008519,Unterdorf,16.1,8222 Beringen,2932,SH,real,False,23.07.2024,2685320,1283567
102584239,10087070,502008860,Hülsteweg,18.1,8222 Beringen,2932,SH,real,False,23.07.2024,2686810,1283627
102584240,10087067,502008949,Gipsmühlewegli,8.1,8222 Beringen,2932,SH,real,False,23.07.2024,2685221,1284130
102584241,10068428,502008372,Neuengasse,55a.1,8223 Guntmadingen,2932,SH,real,False,23.07.2024,2683779,1282225
102584242,10146649,502009011,Bömmliacker,3a.1,8222 Beringen,2932,SH,real,False,23.07.2024,2686572,1283156
102584243,10087070,502008856,Hülsteweg,19.1,8222 Beringen,2932,SH,real,False,23.07.2024,2686787,1283612
102584244,10068428,502008368,Neuengasse,7a.1,8223 Guntmadingen,2932,SH,real,False,23.07.2024,2683919,1282242
102584245,10087067,502008948,Gipsmühlewegli,8.2,8222 Beringen,2932,SH,real,False,23.07.2024,2685222,1284124
102584246,10087070,502008857,Hülsteweg,930.1,8222 Beringen,2932,SH,real,False,23.07.2024,2686821,1283628
102584247,10019553,502008518,Unterdorf,17.1,8222 Beringen,2932,SH,real,False,23.07.2024,2685257,1283532
102584248,10068428,502008367,Neuengasse,7b.1,8223 Guntmadingen,2932,SH,real,False,23.07.2024,2683924,1282219
102584249,10087070,502008862,Hülsteweg,931.1,8222 Beringen,2932,SH,real,False,23.07.2024,2686824,1283629
102584250,10087067,502008946,Gipsmühlewegli,8.4,8222 Beringen,2932,SH,real,False,23.07.2024,2685223,1284117
102584251,10019553,502008516,Unterdorf,18.1,8222 Beringen,2932,SH,real,False,23.07.2024,2685307,1283563
102584252,10068428,502008374,Neuengasse,7d.1,8223 Guntmadingen,2932,SH,real,False,23.07.2024,2683902,1282174
102584253,10111816,502008854,Hülstewise,11.1,8222 Beringen,2932,SH,real,False,23.07.2024,2686897,1283504
102584254,10091161,502008429,Dorfstrasse,1.1,8223 Guntmadingen,2932,SH,real,False,23.07.2024,2684012,1282448
102584255,10087067,502008945,Gipsmühlewegli,8.5,8222 Beringen,2932,SH,real,False,23.07.2024,2685224,1284114
102584256,10068428,502008369,Neuengasse,81.1,8223 Guntmadingen,2932,SH,real,False,23.07.2024,2683939,1282216
102584257,10019553,502008512,Unterdorf,33.1,8222 Beringen,2932,SH,real,False,23.07.2024,2685197,1283608
102584258,10019553,502008515,Unterdorf,2.1,8222 Beringen,2932,SH,real,False,23.07.2024,2685348,1283525
102584259,10185489,502008944,Grafensteinweg,2.1,8222 Beringen,2932,SH,real,False,23.07.2024,2685133,1283245
102584260,10087072,502008770,Neugrüthalde,11.1,8222 Beringen,2932,SH,real,False,23.07.2024,2686239,1283690
102584261,10019553,502008511,Unterdorf,37.1,8222 Beringen,2932,SH,real,False,23.07.2024,2685174,1283623
102584262,10091161,502008428,Dorfstrasse,1.2,8223 Guntmadingen,2932,SH,real,False,23.07.2024,2684008,1282481
102584263,10185489,502008943,Grafensteinweg,2.2,8222 Beringen,2932,SH,real,False,23.07.2024,2685133,1283248
102584264,10019554,502008510,Unterstieg,11.1,8222 Beringen,2932,SH,real,False,23.07.2024,2685676,1283796
102584265,10087072,502008768,Neugrüthalde,22.1,8222 Beringen,2932,SH,real,False,23.07.2024,2686303,1283662
102584266,10019553,502008514,Unterdorf,23.1,8222 Beringen,2932,SH,real,False,23.07.2024,2685223,1283556
102584267,10185489,502008942,Grafensteinweg,2.3,8222 Beringen,2932,SH,real,False,23.07.2024,2685133,1283251
102584268,10087072,502008767,Neugrüthalde,22.2,8222 Beringen,2932,SH,real,False,23.07.2024,2686298,1283662
102584269,10019554,502008509,Unterstieg,12.1,8222 Beringen,2932,SH,real,False,23.07.2024,2685675,1283734
102584270,10091161,502008427,Dorfstrasse,1.3,8223 Guntmadingen,2932,SH,real,False,19.11.2024,2684001,1282474
102584271,10185489,502008941,Grafensteinweg,2.4,8222 Beringen,2932,SH,real,False,23.07.2024,2685133,1283254
102584272,10087072,502008766,Neugrüthalde,32.1,8222 Beringen,2932,SH,real,True,23.07.2024,2686328,1283659
102584273,10019553,502008513,Unterdorf,25.1,8222 Beringen,2932,SH,real,False,23.07.2024,2685253,1283570
102584274,10019554,502008508,Unterstieg,13.1,8222 Beringen,2932,SH,real,False,23.07.2024,2685692,1283774
102584275,10185489,502008940,Grafensteinweg,2.5,8222 Beringen,2932,SH,real,False,23.07.2024,2685133,1283256
102584276,10087072,502008765,Neugrüthalde,32.2,8222 Beringen,2932,SH,real,True,23.07.2024,2686334,1283657
102584277,10091161,502008426,Dorfstrasse,1.4,8223 Guntmadingen,2932,SH,real,False,19.11.2024,2684000,1282478
102584278,10019554,502008507,Unterstieg,14.1,8222 Beringen,2932,SH,real,False,23.07.2024,2685681,1283735
102584279,10185489,502008549,Grafensteinweg,355.1,8222 Beringen,2932,SH,real,False,23.07.2024,2685039,1283004
102584280,10087072,502008763,Neugrüthalde,34.1,8222 Beringen,2932,SH,real,False,23.07.2024,2686369,1283656
102584281,10111816,502008852,Hülstewise,11.2,8222 Beringen,2932,SH,real,False,23.07.2024,2686875,1283499
102584282,10019554,502008506,Unterstieg,17.1,8222 Beringen,2932,SH,real,False,23.07.2024,2685748,1283777
102584283,10121168,502008939,Grünau,1.1,8222 Beringen,2932,SH,real,False,23.07.2024,2685249,1283408
102584284,10091161,502008425,Dorfstrasse,1.5,8223 Guntmadingen,2932,SH,real,False,19.11.2024,2683998,1282475
102584285,10087072,502008762,Neugrüthalde,40.1,8222 Beringen,2932,SH,real,True,23.07.2024,2686436,1283661
102584286,10019554,502008505,Unterstieg,17.2,8222 Beringen,2932,SH,real,False,23.07.2024,2685746,1283800
102584287,10121168,502008938,Grünau,10.1,8222 Beringen,2932,SH,real,False,23.07.2024,2685281,1283388
102584288,10111816,502008851,Hülstewise,12.1,8222 Beringen,2932,SH,real,True,23.07.2024,2686886,1283573
102584289,10087072,502008761,Neugrüthalde,41.1,8222 Beringen,2932,SH,real,False,23.07.2024,2686434,1283679
102584290,10019554,502008504,Unterstieg,19.1,8222 Beringen,2932,SH,real,False,23.07.2024,2685774,1283777
102584291,10111816,502008850,Hülstewise,14.1,8222 Beringen,2932,SH,real,False,23.07.2024,2686864,1283571
102584292,10073645,502008583,Schützehüsliweg,17.1,8222 Beringen,2932,SH,real,False,23.07.2024,2685395,1283731
102584293,10087072,502008760,Neugrüthalde,42.1,8222 Beringen,2932,SH,real,True,23.07.2024,2686457,1283662
102584294,10019554,502008503,Unterstieg,23.1,8222 Beringen,2932,SH,real,False,23.07.2024,2685824,1283792
102584295,10091161,502008422,Dorfstrasse,13.1,8223 Guntmadingen,2932,SH,real,False,23.07.2024,2684007,1282337
102584296,10087072,502008759,Neugrüthalde,46.1,8222 Beringen,2932,SH,real,False,23.07.2024,2686506,1283661
102584297,10073645,502008581,Schützehüsliweg,21.2,8222 Beringen,2932,SH,real,False,23.07.2024,2685388,1283757
102584298,10019554,502008501,Unterstieg,35.1,8222 Beringen,2932,SH,real,False,23.07.2024,2685953,1283757
102584299,10111816,502008849,Hülstewise,17.1,8222 Beringen,2932,SH,real,False,23.07.2024,2686907,1283547
102584300,10073645,502008580,Schützehüsliweg,21.3,8222 Beringen,2932,SH,real,False,23.07.2024,2685375,1283756
102584301,10087072,502008758,Neugrüthalde,48.1,8222 Beringen,2932,SH,real,False,23.07.2024,2686515,1283661
102584302,10019554,502008500,Unterstieg,35.2,8222 Beringen,2932,SH,real,False,23.07.2024,2685942,1283763
102584303,10091161,502008419,Dorfstrasse,19.1,8223 Guntmadingen,2932,SH,real,False,23.07.2024,2684021,1282255
102584304,10073645,502008579,Schützehüsliweg,3.1,8222 Beringen,2932,SH,real,False,23.07.2024,2685391,1283627
102584305,10087072,502008757,Neugrüthalde,50.1,8222 Beringen,2932,SH,real,False,23.07.2024,2686521,1283659
102584306,10111817,502008499,Usserberg,2.1,8222 Beringen,2932,SH,real,False,23.07.2024,2686162,1283621
102584307,10111816,502008853,Hülstewise,327.1,8222 Beringen,2932,SH,real,False,23.07.2024,2686899,1283505
102584308,10091223,502008574,Schützeweg,1.1,8222 Beringen,2932,SH,real,False,23.07.2024,2685351,1284099
102584309,10073645,502008578,Schützehüsliweg,5.1,8222 Beringen,2932,SH,real,False,23.07.2024,2685404,1283646
102584310,10148187,502008840,Im Benze,32.1,8222 Beringen,2932,SH,real,False,23.07.2024,2686656,1283451
102584311,10091161,502008418,Dorfstrasse,19.2,8223 Guntmadingen,2932,SH,real,False,23.07.2024,2684044,1282227
102584312,10091223,502008576,Schützeweg,12.1,8222 Beringen,2932,SH,real,False,23.07.2024,2685450,1283965
102584313,10019555,502008497,Vogelhof,1.1,8222 Beringen,2932,SH,real,False,23.07.2024,2685168,1283890
102584314,10073645,502008577,Schützehüsliweg,821.1,8222 Beringen,2932,SH,real,False,23.07.2024,2685395,1283727
102584315,10148187,502008848,Im Benze,24.1,8222 Beringen,2932,SH,real,True,23.07.2024,2686546,1283463
102584316,10091223,502008575,Schützeweg,22.1,8222 Beringen,2932,SH,real,False,23.07.2024,2685405,1284089
102584317,10091161,502008416,Dorfstrasse,25.1,8223 Guntmadingen,2932,SH,real,False,23.07.2024,2684037,1282193
102584318,10087072,502008756,Neugrüthalde,52.1,8222 Beringen,2932,SH,real,False,23.07.2024,2686537,1283661
102584319,10091161,502008417,Dorfstrasse,2.1,8223 Guntmadingen,2932,SH,real,False,23.07.2024,2683976,1282408
102584321,10091223,502008572,Schützeweg,33b.1,8222 Beringen,2932,SH,real,False,23.07.2024,2685308,1284219
102584322,10087072,502008755,Neugrüthalde,54.1,8222 Beringen,2932,SH,real,True,23.07.2024,2686566,1283659
102584323,10148187,502008847,Im Benze,25.1,8222 Beringen,2932,SH,real,True,23.07.2024,2686556,1283519
102584324,10091161,502008412,Dorfstrasse,29.1,8223 Guntmadingen,2932,SH,real,False,23.07.2024,2684096,1282137
102584325,10148187,502008846,Im Benze,26.1,8222 Beringen,2932,SH,real,True,23.07.2024,2686574,1283458
102584326,10091223,502008571,Schützeweg,4.1,8222 Beringen,2932,SH,real,False,23.07.2024,2685468,1283880
102584327,10087072,502008754,Neugrüthalde,54.2,8222 Beringen,2932,SH,real,True,23.07.2024,2686586,1283627
102584328,10091161,502008411,Dorfstrasse,3.1,8223 Guntmadingen,2932,SH,real,False,23.07.2024,2684019,1282430
102584329,10148187,502008845,Im Benze,27.1,8222 Beringen,2932,SH,real,False,23.07.2024,2686594,1283516
102584330,10087072,502008753,Neugrüthalde,56.1,8222 Beringen,2932,SH,real,True,23.07.2024,2686626,1283634
102584331,10091223,502008570,Schützeweg,40.1,8222 Beringen,2932,SH,real,False,23.07.2024,2685350,1284282
102584332,10148187,502008844,Im Benze,28.1,8222 Beringen,2932,SH,real,True,23.07.2024,2686602,1283454
102584333,10091161,502008410,Dorfstrasse,33.1,8223 Guntmadingen,2932,SH,real,False,23.07.2024,2684090,1282089
102584334,10087072,502008752,Neugrüthalde,56.2,8222 Beringen,2932,SH,real,False,23.07.2024,2686617,1283635
102584335,10091161,502008442,Dorfstrasse,20a.1,8223 Guntmadingen,2932,SH,real,False,23.07.2024,2684042,1282214
102584336,10091223,502008567,Schützeweg,6.1,8222 Beringen,2932,SH,real,False,23.07.2024,2685463,1283909
102584337,10091161,502008409,Dorfstrasse,33.2,8223 Guntmadingen,2932,SH,real,False,23.07.2024,2684082,1282075
102584338,10087072,502008751,Neugrüthalde,6.1,8222 Beringen,2932,SH,real,False,23.07.2024,2686198,1283652
102584339,10148187,502008842,Im Benze,30.1,8222 Beringen,2932,SH,real,True,23.07.2024,2686628,1283451
102584340,10091161,502008408,Dorfstrasse,4.1,8223 Guntmadingen,2932,SH,real,False,23.07.2024,2683935,1282422
102584341,10018470,502008564,Sonnenblickweg,1.1,8222 Beringen,2932,SH,real,False,23.07.2024,2687164,1283497
102584342,10087072,502008747,Neugrüthalde,602.1,8222 Beringen,2932,SH,real,False,23.07.2024,2686859,1283739
102584343,10148187,502008841,Im Benze,31.1,8222 Beringen,2932,SH,real,False,23.07.2024,2686597,1283545
102584344,10018470,502008565,Sonnenblickweg,7.1,8222 Beringen,2932,SH,real,False,23.07.2024,2687136,1283437
102584345,10091161,502008407,Dorfstrasse,4.2,8223 Guntmadingen,2932,SH,real,False,23.07.2024,2683945,1282433
102584346,10087072,502008750,Neugrüthalde,62.1,8222 Beringen,2932,SH,real,False,23.07.2024,2686631,1283635
102584347,10091161,502008441,Dorfstrasse,20b.1,8223 Guntmadingen,2932,SH,real,False,23.07.2024,2684054,1282222
102584348,10091224,502008563,Sonnhalde,13.1,8222 Beringen,2932,SH,real,False,23.07.2024,2687090,1283430
102584349,10091161,502008406,Dorfstrasse,4.3,8223 Guntmadingen,2932,SH,real,False,23.07.2024,2683915,1282458
102584350,10087072,502008764,Neugrüthalde,712.1,8222 Beringen,2932,SH,real,False,23.07.2024,2686316,1283684
102584351,10091161,502008421,Dorfstrasse,21a.1,8223 Guntmadingen,2932,SH,real,False,23.07.2024,2684002,1282172
102584352,10117541,502008562,Stalden,1.1,8222 Beringen,2932,SH,real,False,23.07.2024,2684991,1283557
102584353,10068427,502008395,Im Winkel,2.2,8223 Guntmadingen,2932,SH,real,False,23.07.2024,2683995,1282238
102584354,10019555,502008495,Vogelhof,1.2,8222 Beringen,2932,SH,real,False,23.07.2024,2685172,1283871
102584355,10087072,502008749,Neugrüthalde,94.1,8222 Beringen,2932,SH,real,True,23.07.2024,2686858,1283683
102584356,10117541,502008561,Stalden,26.1,8222 Beringen,2932,SH,real,False,23.07.2024,2684723,1283582
102584357,10091161,502008381,Dorfstrasse,51.1,8223 Guntmadingen,2932,SH,real,False,23.07.2024,2683944,1282642
102584358,10110810,502008746,Neuweg,11.1,8222 Beringen,2932,SH,real,False,23.07.2024,2685453,1283747
102584359,10148187,502008839,Im Benze,33.1,8222 Beringen,2932,SH,real,False,23.07.2024,2686639,1283511
102584360,10117541,502008560,Stalden,644.1,8222 Beringen,2932,SH,real,False,23.07.2024,2684488,1283595
102584361,10110810,502008745,Neuweg,18b.1,8222 Beringen,2932,SH,real,True,23.07.2024,2685471,1283656
102584362,10019555,502008498,Vogelhof,12.1,8222 Beringen,2932,SH,real,False,23.07.2024,2685192,1283872
102584363,10091161,502008413,Dorfstrasse,54.1,8223 Guntmadingen,2932,SH,real,False,23.07.2024,2684025,1282147
102584364,10120413,502008557,Steig,127a.1,8222 Beringen,2932,SH,real,False,23.07.2024,2685314,1283808
102584365,10110810,502008744,Neuweg,22.1,8222 Beringen,2932,SH,real,False,23.07.2024,2685492,1283689
102584366,10148187,502008838,Im Benze,34.1,8222 Beringen,2932,SH,real,False,23.07.2024,2686684,1283448
102584367,10091161,502008362,Dorfstrasse,54.2,8223 Guntmadingen,2932,SH,real,False,23.07.2024,2684024,1282127
102584368,10120413,502008556,Steig,128a.1,8222 Beringen,2932,SH,real,False,23.07.2024,2685338,1283831
102584369,10110810,502008743,Neuweg,26.1,8222 Beringen,2932,SH,real,False,23.07.2024,2685530,1283689
102584370,10091161,502008415,Dorfstrasse,54.3,8223 Guntmadingen,2932,SH,real,False,23.07.2024,2684015,1282164
102584371,10019555,502008494,Vogelhof,2.1,8222 Beringen,2932,SH,real,False,23.07.2024,2685232,1283870
102584372,10120413,502008558,Steig,15.1,8222 Beringen,2932,SH,real,False,23.07.2024,2685319,1283817
102584373,10110810,502008742,Neuweg,30.1,8222 Beringen,2932,SH,real,False,23.07.2024,2685559,1283696
102584374,10148187,502008837,Im Benze,35.1,8222 Beringen,2932,SH,real,False,23.07.2024,2686682,1283507
102584375,10120413,502008555,Steig,17.2,8222 Beringen,2932,SH,real,False,23.07.2024,2685325,1283816
102584376,10091161,502008377,Dorfstrasse,8a.1,8223 Guntmadingen,2932,SH,real,False,23.07.2024,2683961,1282227
102584377,10148187,502008836,Im Benze,37.1,8222 Beringen,2932,SH,real,False,23.07.2024,2686642,1283541
102584378,10120413,502008554,Steig,27.1,8222 Beringen,2932,SH,real,False,23.07.2024,2685422,1283867
102584379,10110810,502008741,Neuweg,30.2,8222 Beringen,2932,SH,real,False,23.07.2024,2685585,1283701
102584380,10091161,502008405,Dorfstrasse,9.1,8223 Guntmadingen,2932,SH,real,False,23.07.2024,2684025,1282374
102584381,10046604,502008486,Werkstrasse,20.1,8222 Beringen,2932,SH,real,False,23.07.2024,2685345,1283234
102584382,10120413,502008553,Steig,31.1,8222 Beringen,2932,SH,real,False,23.07.2024,2685499,1283856
102584383,10110810,502008740,Neuweg,42.1,8222 Beringen,2932,SH,real,False,23.07.2024,2685733,1283713
102584384,10091161,502008404,Dorfstrasse,9.2,8223 Guntmadingen,2932,SH,real,False,23.07.2024,2684017,1282392
102584385,10120413,502008552,Steig,6.1,8222 Beringen,2932,SH,real,False,23.07.2024,2685318,1283727
102584386,10046604,502008485,Werkstrasse,20.4,8222 Beringen,2932,SH,real,False,23.07.2024,2685439,1283298
102584387,10110810,502008739,Neuweg,42.2,8222 Beringen,2932,SH,real,False,23.07.2024,2685737,1283708
102584388,10019552,502008551,Steinacker,4.1,8222 Beringen,2932,SH,real,False,23.07.2024,2686710,1283421
102584389,10091161,502008402,Dorfstrasse,9.4,8223 Guntmadingen,2932,SH,real,False,23.07.2024,2684039,1282384
102584390,10148187,502008835,Im Benze,39.1,8222 Beringen,2932,SH,real,False,23.07.2024,2686684,1283537
102584391,10110810,502008738,Neuweg,45.1,8222 Beringen,2932,SH,real,False,23.07.2024,2685747,1283735
102584393,10149588,502008477,Wiesentalwegli,5.1,8222 Beringen,2932,SH,real,False,23.07.2024,2685528,1283568
102584394,10046604,502008492,Werkstrasse,21.2,8222 Beringen,2932,SH,real,False,23.07.2024,2684929,1283297
102584395,10110810,502008736,Neuweg,46.1,8222 Beringen,2932,SH,real,False,23.07.2024,2685759,1283676
102584396,10185463,502008384,Talstrasse,1.1,8223 Guntmadingen,2932,SH,real,False,23.07.2024,2683680,1281556
102584397,10073636,502009009,Durlängiweg,343.3,8222 Beringen,2932,SH,real,False,23.07.2024,2684770,1282908
102584398,10068427,502008397,Im Winkel,10.1,8223 Guntmadingen,2932,SH,real,False,23.07.2024,2684039,1282248
102584399,10185463,502008386,Talstrasse,110.1,8223 Guntmadingen,2932,SH,real,False,23.07.2024,2683879,1281825
102584400,10110810,502008735,Neuweg,47.1,8222 Beringen,2932,SH,real,False,23.07.2024,2685752,1283735
102584401,10212528,502008586,Ebnistieg,650.1,8222 Beringen,2932,SH,real,False,23.07.2024,2685622,1284152
102584402,10068427,502008396,Im Winkel,2.1,8223 Guntmadingen,2932,SH,real,False,23.07.2024,2683988,1282253
102584403,10185463,502008357,Talstrasse,5.1,8223 Guntmadingen,2932,SH,real,False,23.07.2024,2684032,1282055
102584404,10018450,502009006,Eggeweg,1.1,8222 Beringen,2932,SH,real,False,23.07.2024,2685534,1283731
102584405,10110810,502008734,Neuweg,48.1,8222 Beringen,2932,SH,real,False,23.07.2024,2685796,1283712
102584406,10046604,502008491,Werkstrasse,21.3,8222 Beringen,2932,SH,real,False,23.07.2024,2684950,1283294
102584407,10185463,502008356,Talstrasse,5.2,8223 Guntmadingen,2932,SH,real,False,23.07.2024,2684036,1282061
102584408,10018450,502009005,Eggeweg,17.1,8222 Beringen,2932,SH,real,False,23.07.2024,2685505,1283908
102584409,10110810,502008733,Neuweg,5.1,8222 Beringen,2932,SH,real,True,23.07.2024,2685447,1283775
102584410,10046604,502008490,Werkstrasse,27.2,8222 Beringen,2932,SH,real,True,23.07.2024,2684838,1283151
102584411,10185463,502008385,Talstrasse,94.1,8223 Guntmadingen,2932,SH,real,False,23.07.2024,2683822,1281867
102584412,10018450,502009004,Eggeweg,18.1,8222 Beringen,2932,SH,real,False,23.07.2024,2685548,1283919
102584413,10110810,502008732,Neuweg,5.2,8222 Beringen,2932,SH,real,False,23.07.2024,2685467,1283782
102584414,10046604,502008489,Werkstrasse,27.3,8222 Beringen,2932,SH,real,True,23.07.2024,2684854,1283153
102584415,10103867,502008354,Tigenweg,4.1,8223 Guntmadingen,2932,SH,real,False,23.07.2024,2684112,1282123
102584416,10018450,502009003,Eggeweg,22.1,8222 Beringen,2932,SH,real,False,23.07.2024,2685503,1283957
102584417,10110810,502008731,Neuweg,52.1,8222 Beringen,2932,SH,real,False,23.07.2024,2685832,1283712
102584418,10068427,502008394,Im Winkel,4.1,8223 Guntmadingen,2932,SH,real,False,23.07.2024,2684010,1282258
102584419,10103867,502008353,Tigenweg,57.1,8223 Guntmadingen,2932,SH,real,False,23.07.2024,2684150,1282091
102584420,10026335,502008420,Zelgliweg,1.1,8223 Guntmadingen,2932,SH,real,False,23.07.2024,2684007,1282322
102584421,10046604,502008488,Werkstrasse,27.4,8222 Beringen,2932,SH,real,True,23.07.2024,2684846,1283154
102584422,10103867,502008352,Tigenweg,57a.1,8223 Guntmadingen,2932,SH,real,False,23.07.2024,2684149,1282085
102584423,10110810,502008730,Neuweg,53.1,8222 Beringen,2932,SH,real,False,23.07.2024,2685844,1283729
102584424,10026334,502008668,Trasadingerstrasse,,8222 Beringen,2932,SH,real,False,23.07.2024,2686961,1283134
102584425,10018450,502009002,Eggeweg,28.1,8222 Beringen,2932,SH,real,False,23.07.2024,2685475,1284030
102584426,10110810,502008729,Neuweg,55.1,8222 Beringen,2932,SH,real,False,23.07.2024,2685875,1283749
102584427,10019556,502008487,Wiesengasse,11.1,8222 Beringen,2932,SH,real,False,23.07.2024,2685392,1283356
102584428,10026334,502008351,Trasadingerstrasse,1.1,8223 Guntmadingen,2932,SH,real,False,23.07.2024,2683723,1282601
102584429,10110810,502008728,Neuweg,57.1,8222 Beringen,2932,SH,real,False,23.07.2024,2685884,1283729
102584430,10136937,502008833,Industriestrasse,12.1,8222 Beringen,2932,SH,real,False,23.07.2024,2686259,1283372
102584431,10018450,502009001,Eggeweg,28.2,8222 Beringen,2932,SH,real,False,23.07.2024,2685496,1284029
102584432,10026334,502008547,Trasadingerstrasse,1.10,8222 Beringen,2932,SH,real,False,23.07.2024,2686303,1282872
102584433,10019556,502008719,Wiesengasse,20.2,8222 Beringen,2932,SH,real,False,23.07.2024,2685383,1283195
102584434,10110810,502008727,Neuweg,62.1,8222 Beringen,2932,SH,real,False,23.07.2024,2685910,1283703
102584435,10018450,502009000,Eggeweg,35.1,8222 Beringen,2932,SH,real,False,23.07.2024,2685440,1284110
102584436,10026334,502008546,Trasadingerstrasse,1.11,8222 Beringen,2932,SH,real,False,23.07.2024,2686292,1282853
102584437,10110810,502008726,Neuweg,66.1,8222 Beringen,2932,SH,real,True,23.07.2024,2685936,1283692
102584438,10136937,502009066,Industriestrasse,12.2,8222 Beringen,2932,SH,real,False,23.07.2024,2686330,1283380
102584439,10018450,502008999,Eggeweg,5.1,8222 Beringen,2932,SH,real,False,23.07.2024,2685536,1283736
102584440,10026334,502008545,Trasadingerstrasse,1.12,8222 Beringen,2932,SH,real,False,23.07.2024,2686290,1282856
102584441,10110810,502008725,Neuweg,67.1,8222 Beringen,2932,SH,real,True,23.07.2024,2685965,1283727
102584442,10019556,502008718,Wiesengasse,20.3,8222 Beringen,2932,SH,real,False,23.07.2024,2685436,1283193
102584443,10018450,502008792,Eggeweg,655.1,8222 Beringen,2932,SH,real,False,23.07.2024,2685382,1285466
102584444,10136937,502009065,Industriestrasse,12.3,8222 Beringen,2932,SH,real,False,23.07.2024,2686312,1283376
102584445,10087066,502008998,Engehofweg,11.1,8222 Beringen,2932,SH,real,False,23.07.2024,2687490,1283406
102584446,10026334,502008543,Trasadingerstrasse,1.14,8222 Beringen,2932,SH,real,False,23.07.2024,2686286,1282854
102584447,10110810,502008723,Neuweg,8.1,8222 Beringen,2932,SH,real,False,23.07.2024,2685432,1283732
102584448,10136937,502009064,Industriestrasse,12.4,8222 Beringen,2932,SH,real,False,23.07.2024,2686314,1283387
102584449,10087066,502008995,Engehofweg,1102.1,8222 Beringen,2932,SH,real,False,23.07.2024,2687521,1283448
102584450,10137915,502008722,Neuwiesenstrasse,5.1,8222 Beringen,2932,SH,real,False,23.07.2024,2685414,1283113
102584451,10026334,502008542,Trasadingerstrasse,1.15,8222 Beringen,2932,SH,real,False,23.07.2024,2686375,1282767
102584452,10073641,502008816,Kirchgasse,9.1,8222 Beringen,2932,SH,real,False,23.07.2024,2685150,1283748
102584453,10019556,502008484,Wiesengasse,30.1,8222 Beringen,2932,SH,real,False,23.07.2024,2685505,1283162
102584454,10026334,502008541,Trasadingerstrasse,1.16,8222 Beringen,2932,SH,real,False,23.07.2024,2686284,1282857
102584455,10137915,502008721,Neuwiesenstrasse,5.2,8222 Beringen,2932,SH,real,False,23.07.2024,2685414,1283109
102584456,10136937,502009067,Industriestrasse,12.5,8222 Beringen,2932,SH,real,False,23.07.2024,2686343,1283382
102584457,10026334,502008540,Trasadingerstrasse,1.17,8222 Beringen,2932,SH,real,False,23.07.2024,2686358,1282730
102584458,10087066,502008997,Engehofweg,13.1,8222 Beringen,2932,SH,real,False,23.07.2024,2687490,1283438
102584459,10137915,502008720,Neuwiesenstrasse,5.3,8222 Beringen,2932,SH,real,False,23.07.2024,2685414,1283102
102584460,10019556,502008482,Wiesengasse,30.2,8222 Beringen,2932,SH,real,False,23.07.2024,2685508,1283099
102584461,10087066,502008996,Engehofweg,13.2,8222 Beringen,2932,SH,real,False,23.07.2024,2687495,1283451
102584462,10026334,502008539,Trasadingerstrasse,1.18,8222 Beringen,2932,SH,real,False,23.07.2024,2686237,1282800
102584463,10136937,502008832,Industriestrasse,12.6,8222 Beringen,2932,SH,real,True,23.07.2024,2686286,1283344
102584464,10137915,502008716,Neuwiesenstrasse,5.4,8222 Beringen,2932,SH,real,False,23.07.2024,2685405,1283068
102584465,10018461,502008817,Kirchgängli,10.1,8222 Beringen,2932,SH,real,False,23.07.2024,2685144,1283748
102584466,10026334,502008538,Trasadingerstrasse,1.19,8222 Beringen,2932,SH,real,False,23.07.2024,2686163,1282902
102584467,10136937,502008831,Industriestrasse,12.7,8222 Beringen,2932,SH,real,True,23.07.2024,2686106,1283225
102584468,10026334,502008537,Trasadingerstrasse,1.2,8222 Beringen,2932,SH,real,False,23.07.2024,2686356,1282833
102584469,10018461,502008814,Kirchgängli,6.1,8222 Beringen,2932,SH,real,False,23.07.2024,2685139,1283692
102584470,10137915,502008715,Neuwiesenstrasse,5.5,8222 Beringen,2932,SH,real,False,23.07.2024,2685401,1283068
102584471,10019556,502008480,Wiesengasse,30.4,8222 Beringen,2932,SH,real,False,23.07.2024,2685527,1283018
102584472,10026334,502008534,Trasadingerstrasse,1.3,8222 Beringen,2932,SH,real,False,23.07.2024,2686363,1282841
102584473,10087066,502008994,Engehofweg,2.1,8222 Beringen,2932,SH,real,False,23.07.2024,2687494,1283320
102584475,10026334,502008533,Trasadingerstrasse,1.4,8222 Beringen,2932,SH,real,False,23.07.2024,2686364,1282836
102584476,10136937,502008828,Industriestrasse,12.8,8222 Beringen,2932,SH,real,False,23.07.2024,2686035,1283217
102584477,10026335,502008337,Zelgliweg,4.1,8223 Guntmadingen,2932,SH,real,False,23.07.2024,2684073,1282301
102584478,10026332,502008403,Niederhofenweg,2.1,8223 Guntmadingen,2932,SH,real,False,23.07.2024,2683981,1282388
102584479,10026334,502008532,Trasadingerstrasse,1.5,8222 Beringen,2932,SH,real,False,23.07.2024,2686306,1282860
102584480,10019556,502008483,Wiesengasse,515.1,8222 Beringen,2932,SH,real,False,23.07.2024,2685556,1283192
102584481,10087071,502008813,Klösterli,1.1,8222 Beringen,2932,SH,real,False,23.07.2024,2685213,1283575
102584482,10026332,502008366,Niederhofenweg,3.1,8223 Guntmadingen,2932,SH,real,False,23.07.2024,2683910,1282365
102584483,10136937,502008632,Industriestrasse,12.9,8222 Beringen,2932,SH,real,False,23.07.2024,2686078,1283333
102584484,10026334,502008531,Trasadingerstrasse,1.6,8222 Beringen,2932,SH,real,False,23.07.2024,2686343,1282894
102584485,10087066,502009095,Engehofweg,3.1,8222 Beringen,2932,SH,real,False,23.07.2024,2687417,1283323
102584486,10026334,502008530,Trasadingerstrasse,1.7,8222 Beringen,2932,SH,real,False,23.07.2024,2686304,1282839
102584487,10026332,502008365,Niederhofenweg,5.1,8223 Guntmadingen,2932,SH,real,False,23.07.2024,2683895,1282392
102584488,10087071,502008812,Klösterli,14.1,8222 Beringen,2932,SH,real,False,23.07.2024,2685141,1283616
102584489,10136937,502008834,Industriestrasse,344c.1,8222 Beringen,2932,SH,real,False,23.07.2024,2685916,1283342
102584490,10018462,502008692,Oberberg,1.1,8222 Beringen,2932,SH,real,False,23.07.2024,2685836,1283849
102584491,10026334,502008528,Trasadingerstrasse,1.9,8222 Beringen,2932,SH,real,False,23.07.2024,2686309,1282879
102584492,10136937,502008827,Industriestrasse,531.1,8222 Beringen,2932,SH,real,False,19.11.2024,2685955,1283168
102584493,10087066,502008993,Engehofweg,5.1,8222 Beringen,2932,SH,real,False,23.07.2024,2687465,1283367
102584495,10149588,502008476,Wiesentalwegli,5.2,8222 Beringen,2932,SH,real,False,23.07.2024,2685517,1283566
102584496,10018463,502008701,Oberdorf,48.2,8222 Beringen,2932,SH,real,False,23.07.2024,2685186,1283998
102584497,10026335,502008335,Zelgliweg,4.3,8223 Guntmadingen,2932,SH,real,False,23.07.2024,2684082,1282289
102584500,10136937,502008829,Industriestrasse,531a.1,8222 Beringen,2932,SH,real,False,19.11.2024,2685976,1283183
102584501,10087066,502008992,Engehofweg,6.1,8222 Beringen,2932,SH,real,False,23.07.2024,2687494,1283342
102584502,10018462,502008710,Oberberg,39.1,8222 Beringen,2932,SH,real,False,23.07.2024,2685984,1283843
102584503,10136937,502008830,Industriestrasse,8.2,8222 Beringen,2932,SH,real,False,23.07.2024,2686006,1283224
102584504,10018463,502008696,Oberdorf,8.1,8222 Beringen,2932,SH,real,False,23.07.2024,2685238,1283706
102584506,10018462,502008709,Oberberg,39.2,8222 Beringen,2932,SH,real,False,23.07.2024,2685991,1283876
102584507,10018460,502008824,Kehlhof,12.1,8222 Beringen,2932,SH,real,False,23.07.2024,2685097,1283786
102584508,10018463,502008950,Oberdorf,99a.1,8222 Beringen,2932,SH,real,False,23.07.2024,2685118,1284127
102584510,10018462,502008708,Oberberg,41.1,8222 Beringen,2932,SH,real,False,23.07.2024,2686007,1283831
102584511,10073643,502008588,Obere Schönebueche,1062.1,8222 Beringen,2932,SH,real,False,23.07.2024,2685597,1284126
102584512,10149588,502008475,Wiesentalwegli,5.3,8222 Beringen,2932,SH,real,False,23.07.2024,2685538,1283576
102584513,10087066,502008991,Engehofweg,6.2,8222 Beringen,2932,SH,real,False,23.07.2024,2687494,1283338
102584514,10073643,502008587,Obere Schönebueche,522.1,8222 Beringen,2932,SH,real,False,23.07.2024,2685557,1284141
102584515,10018462,502008707,Oberberg,43.1,8222 Beringen,2932,SH,real,False,23.07.2024,2686030,1283829
102584516,10091164,502008341,Wolfackerweg,3a.1,8223 Guntmadingen,2932,SH,real,False,23.07.2024,2683956,1282298
102584517,10087071,502008809,Klösterli,8.1,8222 Beringen,2932,SH,real,False,23.07.2024,2685151,1283596
102584518,10018463,502008706,Oberdorf,19.1,8222 Beringen,2932,SH,real,False,23.07.2024,2685220,1283813
102584519,10073643,502008585,Obere Schönebueche,605.1,8222 Beringen,2932,SH,real,False,23.07.2024,2685573,1284172
102584520,10018460,502008823,Kehlhof,264b.1,8222 Beringen,2932,SH,real,False,23.07.2024,2685101,1283786
102584522,10073643,502008584,Obere Schönebueche,612.1,8222 Beringen,2932,SH,real,False,23.07.2024,2685544,1284242
102584523,10087071,502008808,Klösterli,8.2,8222 Beringen,2932,SH,real,False,23.07.2024,2685150,1283613
102584524,10018463,502008705,Oberdorf,22.1,8222 Beringen,2932,SH,real,False,23.07.2024,2685251,1283819
102584525,10018460,502008821,Kehlhof,3.1,8222 Beringen,2932,SH,real,False,23.07.2024,2685062,1283743
102584526,10018464,502008695,Oberstieg,10.1,8222 Beringen,2932,SH,real,False,23.07.2024,2685638,1283803
102584527,10018451,502008990,Engeweg,10.1,8222 Beringen,2932,SH,real,False,23.07.2024,2687217,1283377
102584528,10018463,502008704,Oberdorf,37.1,8222 Beringen,2932,SH,real,False,23.07.2024,2685200,1283934
102584529,10018460,502008820,Kehlhof,3.2,8222 Beringen,2932,SH,real,False,23.07.2024,2685066,1283732
102584530,10018464,502008694,Oberstieg,10.2,8222 Beringen,2932,SH,real,False,23.07.2024,2685654,1283769
102584531,10026335,502008331,Zelgliweg,5.4,8223 Guntmadingen,2932,SH,real,False,23.07.2024,2684052,1282322
102584532,10026335,502008358,Zelgliweg,114.2,8223 Guntmadingen,2932,SH,real,False,23.07.2024,2684546,1282381
102584533,10018463,502008703,Oberdorf,47.1,8222 Beringen,2932,SH,real,False,23.07.2024,2685121,1283975
102584534,10018464,502008693,Oberstieg,19.1,8222 Beringen,2932,SH,real,False,23.07.2024,2685752,1283816
102584535,10018451,502008989,Engeweg,12.1,8222 Beringen,2932,SH,real,False,23.07.2024,2687248,1283368
102584536,10018460,502008819,Kehlhof,7.1,8222 Beringen,2932,SH,real,False,23.07.2024,2685042,1283774
102584537,10178315,502008621,Schleitheimerstrasse,20.2,8222 Beringen,2932,SH,real,False,23.07.2024,2685068,1283664
102584538,10026330,502008389,Lauferbergstrasse,1.2,8223 Guntmadingen,2932,SH,real,False,23.07.2024,2684366,1280859
102584539,10018464,502008691,Oberstieg,29.1,8222 Beringen,2932,SH,real,False,23.07.2024,2685860,1283832
102584540,10026335,502008340,Zelgliweg,2.1,8223 Guntmadingen,2932,SH,real,False,23.07.2024,2684014,1282298
102584541,10018464,502008690,Oberstieg,45d.1,8222 Beringen,2932,SH,real,False,23.07.2024,2686010,1283801
102584542,10178315,502008620,Schleitheimerstrasse,26.1,8222 Beringen,2932,SH,real,False,23.07.2024,2685016,1283658
102584543,10018451,502008988,Engeweg,14.1,8222 Beringen,2932,SH,real,False,23.07.2024,2687252,1283361
102584544,10073641,502008815,Kirchgasse,10.2,8222 Beringen,2932,SH,real,False,23.07.2024,2685145,1283736
102584545,10018464,502008689,Oberstieg,49e.1,8222 Beringen,2932,SH,real,False,23.07.2024,2686059,1283794
102584546,10178315,502008619,Schleitheimerstrasse,26.2,8222 Beringen,2932,SH,real,False,23.07.2024,2685011,1283666
102584547,10026335,502008339,Zelgliweg,2.2,8223 Guntmadingen,2932,SH,real,False,23.07.2024,2683991,1282287
102584548,10026335,502008330,Zelgliweg,5.5,8223 Guntmadingen,2932,SH,real,False,23.07.2024,2684044,1282332
102584549,10018464,502008688,Oberstieg,6.1,8222 Beringen,2932,SH,real,False,23.07.2024,2685605,1283807
102584550,10178315,502008625,Schleitheimerstrasse,267.1,8222 Beringen,2932,SH,real,False,23.07.2024,2685182,1283636
102584551,10026330,502008391,Lauferbergstrasse,6.1,8223 Guntmadingen,2932,SH,real,False,23.07.2024,2684129,1282016
102584552,10026335,502008338,Zelgliweg,2.3,8223 Guntmadingen,2932,SH,real,False,23.07.2024,2684020,1282292
102584553,10118355,502008687,Paradieserhof,5.1,8222 Beringen,2932,SH,real,False,23.07.2024,2685191,1283923
102584554,10178315,502008626,Schleitheimerstrasse,267b.1,8222 Beringen,2932,SH,real,False,23.07.2024,2685182,1283644
102584555,10018451,502008987,Engeweg,18.1,8222 Beringen,2932,SH,real,False,23.07.2024,2687292,1283353
102584556,10118355,502008686,Paradieserhof,5.2,8222 Beringen,2932,SH,real,False,23.07.2024,2685180,1283899
102584557,10026335,502008392,Zelgliweg,38.1,8223 Guntmadingen,2932,SH,real,False,23.07.2024,2684031,1282288
102584558,10118355,502008685,Paradieserhof,9.1,8222 Beringen,2932,SH,real,False,23.07.2024,2685205,1283901
102584559,10026335,502008329,Zelgliweg,53.1,8223 Guntmadingen,2932,SH,real,False,23.07.2024,2684147,1282365
102584560,10087065,502009089,Allerrietstieg,701.1,8222 Beringen,2932,SH,real,False,23.07.2024,2687258,1283458
102584561,10120412,502008793,Lieblosental,1.1,8222 Beringen,2932,SH,real,False,23.07.2024,2685112,1285870
102584562,10073641,502008818,Kirchgasse,53.1,8222 Beringen,2932,SH,real,False,23.07.2024,2685157,1283744
102584563,10018465,502008684,Postberg,21.1,8222 Beringen,2932,SH,real,False,23.07.2024,2685111,1283763
102584564,10087065,502009093,Allerrietstieg,761.1,8222 Beringen,2932,SH,real,False,23.07.2024,2687344,1283349
102584566,10125667,502008976,Eschheimertal,1302.1,8222 Beringen,2932,SH,real,False,23.07.2024,2686490,1285061
102584567,10073644,502008683,Prinzenhof,10.1,8222 Beringen,2932,SH,real,False,23.07.2024,2685135,1283973
102584568,10091226,502008473,Zelgstrasse,16.1,8222 Beringen,2932,SH,real,False,23.07.2024,2685148,1283446
102584569,10185488,502009080,Allerrietstrasse,1.1,8222 Beringen,2932,SH,real,True,23.07.2024,2687395,1283375
102584570,10125667,502008981,Eschheimertal,256.1,8222 Beringen,2932,SH,real,False,23.07.2024,2686664,1284619
102584571,10073644,502008682,Prinzenhof,11.1,8222 Beringen,2932,SH,real,False,23.07.2024,2685149,1283944
102584572,10018451,502008985,Engeweg,4.1,8222 Beringen,2932,SH,real,False,23.07.2024,2687174,1283383
102584573,10185488,502009092,Allerrietstrasse,10.1,8222 Beringen,2932,SH,real,False,23.07.2024,2687238,1283391
102584574,10125667,502008980,Eschheimertal,256.2,8222 Beringen,2932,SH,real,False,23.07.2024,2686670,1284606
102584575,10073644,502008681,Prinzenhof,12.1,8222 Beringen,2932,SH,real,False,23.07.2024,2685156,1283981
102584576,10185488,502009091,Allerrietstrasse,12.1,8222 Beringen,2932,SH,real,False,23.07.2024,2687249,1283387
102584577,10125667,502008979,Eschheimertal,256.3,8222 Beringen,2932,SH,real,False,23.07.2024,2686685,1284613
102584578,10120412,502008697,Lieblosental,106.2,8222 Beringen,2932,SH,real,False,23.07.2024,2685099,1284432
102584580,10125667,502008978,Eschheimertal,256.4,8222 Beringen,2932,SH,real,False,23.07.2024,2686673,1284581
102584581,10091226,502008517,Zelgstrasse,2.1,8222 Beringen,2932,SH,real,False,23.07.2024,2685249,1283508
102584582,10185488,502009090,Allerrietstrasse,13.1,8222 Beringen,2932,SH,real,False,23.07.2024,2687267,1283426
102584583,10073644,502008679,Prinzenhof,8.1,8222 Beringen,2932,SH,real,False,23.07.2024,2685125,1283935
102584584,10125667,502008977,Eschheimertal,256.5,8222 Beringen,2932,SH,real,False,23.07.2024,2686695,1284588
102584585,10185488,502009088,Allerrietstrasse,14.1,8222 Beringen,2932,SH,real,False,23.07.2024,2687278,1283378
102584586,10026333,502008363,Püntweg,3.1,8223 Guntmadingen,2932,SH,real,False,23.07.2024,2683975,1282102
102584587,10018451,502008984,Engeweg,6.1,8222 Beringen,2932,SH,real,False,23.07.2024,2687181,1283381
102584588,10211132,502008711,Frohloostieg,283a.1,8222 Beringen,2932,SH,real,False,23.07.2024,2685918,1283973
102584589,10185488,502009087,Allerrietstrasse,15.1,8222 Beringen,2932,SH,real,False,23.07.2024,2687281,1283424
102584590,10026333,502008364,Püntweg,44.1,8223 Guntmadingen,2932,SH,real,False,23.07.2024,2684034,1282096
102584591,10091226,502008471,Zelgstrasse,20.1,8222 Beringen,2932,SH,real,False,23.07.2024,2685147,1283475
102584592,10211132,502008975,Frohloostieg,6.1,8222 Beringen,2932,SH,real,False,23.07.2024,2686044,1283855
102584593,10026333,502008361,Püntweg,8.1,8223 Guntmadingen,2932,SH,real,False,23.07.2024,2683960,1282153
102584594,10185488,502009086,Allerrietstrasse,15.2,8222 Beringen,2932,SH,real,False,23.07.2024,2687281,1283441
102584595,10120412,502008777,Lieblosental,257.1,8222 Beringen,2932,SH,real,False,23.07.2024,2684734,1285777
102584596,10018466,502008678,Rain,12.1,8222 Beringen,2932,SH,real,False,23.07.2024,2686062,1283677
102584597,10018452,502008974,Gellerstieg,2.1,8222 Beringen,2932,SH,real,False,23.07.2024,2685741,1283519
102584598,10185488,502009085,Allerrietstrasse,16.1,8222 Beringen,2932,SH,real,False,23.07.2024,2687288,1283389
102584599,10018451,502008983,Engeweg,8.1,8222 Beringen,2932,SH,real,False,23.07.2024,2687210,1283378
102584600,10186339,502008973,Gellerstrasse,106.1,8222 Beringen,2932,SH,real,False,23.07.2024,2685997,1283639
102584601,10018466,502008677,Rain,4.1,8222 Beringen,2932,SH,real,True,23.07.2024,2686015,1283692
102584602,10120412,502008778,Lieblosental,257.2,8222 Beringen,2932,SH,real,True,23.07.2024,2684729,1285766
102584603,10185488,502009084,Allerrietstrasse,17.1,8222 Beringen,2932,SH,real,False,23.07.2024,2687292,1283417
102584604,10186339,502008953,Gellerstrasse,17.1,8222 Beringen,2932,SH,real,False,23.07.2024,2685919,1283639
102584605,10018466,502008676,Rain,8.1,8222 Beringen,2932,SH,real,False,23.07.2024,2686038,1283671
102584606,10091226,502008470,Zelgstrasse,24.1,8222 Beringen,2932,SH,real,False,23.07.2024,2685146,1283504
102584607,10185488,502009083,Allerrietstrasse,18.1,8222 Beringen,2932,SH,real,False,23.07.2024,2687310,1283402
102584608,10186339,502008972,Gellerstrasse,32.1,8222 Beringen,2932,SH,real,False,23.07.2024,2685433,1283584
102584609,10018466,502008675,Rain,9.1,8222 Beringen,2932,SH,real,False,23.07.2024,2686050,1283714
102584610,10018451,502008982,Engeweg,8.2,8222 Beringen,2932,SH,real,False,23.07.2024,2687205,1283348
102584611,10185488,502009082,Allerrietstrasse,20.1,8222 Beringen,2932,SH,real,False,23.07.2024,2687325,1283366
102584612,10186339,502008971,Gellerstrasse,43.1,8222 Beringen,2932,SH,real,False,23.07.2024,2685526,1283624
102584613,10167961,502008674,Reibacker,12.1,8222 Beringen,2932,SH,real,True,23.07.2024,2685079,1283501
102584614,10091226,502008474,Zelgstrasse,248a.1,8222 Beringen,2932,SH,real,False,23.07.2024,2685172,1283428
102584615,10185488,502009081,Allerrietstrasse,23.1,8222 Beringen,2932,SH,real,False,23.07.2024,2687365,1283409
102584616,10186339,502008970,Gellerstrasse,45.1,8222 Beringen,2932,SH,real,False,23.07.2024,2685529,1283625
102584617,10167961,502008807,Reibacker,603.1,8222 Beringen,2932,SH,real,False,23.07.2024,2685193,1283530
102584618,10185488,502009079,Allerrietstrasse,26.1,8222 Beringen,2932,SH,real,False,23.07.2024,2687402,1283366
102584619,10186339,502008969,Gellerstrasse,51.1,8222 Beringen,2932,SH,real,False,23.07.2024,2685555,1283637
102584620,10117680,502008673,Röhrenhalde,533.2,8222 Beringen,2932,SH,real,False,23.07.2024,2684552,1285482
102584621,10185488,502009078,Allerrietstrasse,27.1,8222 Beringen,2932,SH,real,False,23.07.2024,2687405,1283421
102584622,10186339,502008967,Gellerstrasse,67.1,8222 Beringen,2932,SH,real,False,23.07.2024,2685676,1283675
102584623,10091163,502008359,Rütiweg,77.1,8223 Guntmadingen,2932,SH,real,False,23.07.2024,2684406,1282187
102584624,10185488,502009077,Allerrietstrasse,29.1,8222 Beringen,2932,SH,real,True,23.07.2024,2687421,1283419
102584625,10186339,502008966,Gellerstrasse,7.1,8222 Beringen,2932,SH,real,False,23.07.2024,2685243,1283701
102584626,10091163,502008360,Rütiweg,8.1,8223 Guntmadingen,2932,SH,real,False,23.07.2024,2684329,1282156
102584627,10185488,502009076,Allerrietstrasse,3.1,8222 Beringen,2932,SH,real,False,23.07.2024,2687193,1283438
102584628,10178315,502008615,Schleitheimerstrasse,5.1,8222 Beringen,2932,SH,real,False,23.07.2024,2685177,1283637
102584629,10186340,502008672,Schaffhauserstrasse,1.1,8222 Beringen,2932,SH,real,True,23.07.2024,2685375,1283526
102584630,10185488,502009075,Allerrietstrasse,31.1,8222 Beringen,2932,SH,real,False,23.07.2024,2687443,1283430
102584631,10178315,502008614,Schleitheimerstrasse,6.1,8222 Beringen,2932,SH,real,False,23.07.2024,2685142,1283684
102584632,10185488,502009074,Allerrietstrasse,31.2,8222 Beringen,2932,SH,real,True,23.07.2024,2687446,1283451
102584633,10178315,502009108,Schleitheimerstrasse,750.1,8222 Beringen,2932,SH,real,False,23.07.2024,2684449,1283773
102584634,10185488,502009073,Allerrietstrasse,35.1,8222 Beringen,2932,SH,real,False,23.07.2024,2687451,1283429
102584635,10185488,502009072,Allerrietstrasse,4.1,8222 Beringen,2932,SH,real,False,23.07.2024,2687181,1283403
102584636,10185488,502009071,Allerrietstrasse,5.1,8222 Beringen,2932,SH,real,False,23.07.2024,2687199,1283436
102584637,10185488,502009069,Allerrietstrasse,8.1,8222 Beringen,2932,SH,real,False,23.07.2024,2687216,1283398
102584638,10185462,502009068,Altenrain,1.1,8222 Beringen,2932,SH,real,False,23.07.2024,2685296,1281855
102584639,10185462,502008454,Altenrain,1.1,8223 Guntmadingen,2932,SH,real,False,23.07.2024,2684398,1281932
102584640,10185462,502008452,Altenrain,1.2,8223 Guntmadingen,2932,SH,real,False,23.07.2024,2684470,1281863
102584641,10185462,502008451,Altenrain,1.3,8223 Guntmadingen,2932,SH,real,False,23.07.2024,2684789,1281003
102584642,10185462,502008455,Altenrain,3.1,8223 Guntmadingen,2932,SH,real,False,23.07.2024,2684332,1282105
102584643,10185462,502008450,Altenrain,6.1,8223 Guntmadingen,2932,SH,real,False,23.07.2024,2684272,1282077
102584644,10185462,502008453,Altenrain,78.1,8223 Guntmadingen,2932,SH,real,False,23.07.2024,2684411,1281922
102584645,10146641,502009063,Anthoptstrasse,4.1,8222 Beringen,2932,SH,real,False,23.07.2024,2686461,1283209
102584646,10146641,502009062,Anthoptstrasse,4.2,8222 Beringen,2932,SH,real,False,23.07.2024,2686478,1283193
102584647,10146641,502009061,Anthoptstrasse,4.3,8222 Beringen,2932,SH,real,False,23.07.2024,2686478,1283201
102584648,10146641,502009060,Anthoptstrasse,5.1,8222 Beringen,2932,SH,real,False,23.07.2024,2686370,1283123
102584823,10031941,191856653,Bahnhofstrasse,58.1,8215 Hallau,2971,SH,real,True,23.07.2024,2676446,1283068
102590071,10031574,191857041,Mühlenstrasse,7,8225 Siblingen,2953,SH,real,True,15.11.2024,2681095,1285333
102590088,10179750,191857184,Im Baumgarten,702,8262 Ramsen,2963,SH,real,True,15.11.2024,2703665,1284952
102590108,10111816,191857203,Hülstewise,11.3,8222 Beringen,2932,SH,real,True,23.07.2024,2686862,1283484
102590117,10018456,191857211,Hardmorgenweg,19.1,8222 Beringen,2932,SH,real,True,23.07.2024,2685699,1283308
102590129,10031925,191857222,Hoseweg,16,8260 Stein am Rhein,2964,SH,real,True,15.11.2024,2705786,1280426
102590144,10073638,191857231,Haldenweg,1.1,8222 Beringen,2932,SH,real,True,23.07.2024,2684799,1283985
102590338,10031571,191857570,Gewerbestrasse,14,8225 Siblingen,2953,SH,real,True,15.11.2024,2680892,1285310
102590354,10018157,502009151,Zieglerweg,21.1,8240 Thayngen,2920,SH,real,False,23.07.2024,2694769,1289632
102590355,10167071,502009990,Schlatterstrasse,g3029,8241 Barzheim,2920,SH,real,False,23.07.2024,2696022,1290795
102590356,10237810,502009829,Dorfstrasse,42.2,8236 Opfertshofen SH,2920,SH,real,False,23.07.2024,2691231,1291912
102590357,10087045,502009776,Barzheimerstrasse,160.1,8240 Thayngen,2920,SH,real,False,23.07.2024,2695476,1290459
102590358,10018157,502009150,Zieglerweg,22.1,8240 Thayngen,2920,SH,real,False,23.07.2024,2694803,1289670
102590359,10167071,502009989,Schlatterstrasse,9.1,8241 Barzheim,2920,SH,real,False,17.09.2024,2696019,1290796
102590360,10237811,502009959,Dorfstrasse,g69,8242 Bibern SH,2920,SH,real,False,23.07.2024,2692936,1292074
102590361,10237810,502009820,Dorfstrasse,7.1,8236 Opfertshofen SH,2920,SH,real,False,22.08.2024,2691725,1292627
102590362,10018157,502009149,Zieglerweg,23.1,8240 Thayngen,2920,SH,real,False,13.08.2024,2694768,1289659
102590363,10106942,502009281,Schlatterweg,22.1,8240 Thayngen,2920,SH,real,False,23.07.2024,2695224,1289657
102590364,10111812,502009613,Ebringerstrasse,107a.1,8240 Thayngen,2920,SH,real,False,23.07.2024,2696443,1289272
102590365,10026390,502009620,Drachenbrunnenweg,2.1,8240 Thayngen,2920,SH,real,False,13.08.2024,2694088,1290021
102590366,10018157,502009148,Zieglerweg,27.1,8240 Thayngen,2920,SH,real,False,23.07.2024,2694752,1289678
102590368,10087045,502009775,Barzheimerstrasse,160.2,8240 Thayngen,2920,SH,real,False,23.07.2024,2695482,1290433
102590369,10026382,502009758,Baumgartenweg,15.2,8240 Thayngen,2920,SH,real,False,23.07.2024,2695576,1289231
102590370,10018157,502009147,Zieglerweg,53.2,8240 Thayngen,2920,SH,real,False,31.08.2024,2694719,1289746
102590371,10106942,502009279,Schlatterweg,24.1,8240 Thayngen,2920,SH,real,False,23.07.2024,2695217,1289685
102590372,10111812,502009606,Ebringerstrasse,153.1,8240 Thayngen,2920,SH,real,False,23.07.2024,2696749,1289250
102590373,10087045,502009774,Barzheimerstrasse,160.3,8240 Thayngen,2920,SH,real,False,23.07.2024,2695152,1290503
102590374,10106942,502009277,Schlatterweg,26.1,8240 Thayngen,2920,SH,real,False,23.07.2024,2695218,1289698
102590375,10018157,502009146,Zieglerweg,53.1,8240 Thayngen,2920,SH,real,False,31.08.2024,2694721,1289737
102590376,10087045,502009773,Barzheimerstrasse,160.4,8240 Thayngen,2920,SH,real,False,23.07.2024,2695144,1290543
102590377,10026382,502009757,Baumgartenweg,7.1,8240 Thayngen,2920,SH,real,False,23.07.2024,2695676,1289202
102590378,10106942,502009276,Schlatterweg,29.1,8240 Thayngen,2920,SH,real,False,23.07.2024,2695182,1289705
102590379,10018157,502009145,Zieglerweg,53.3,8240 Thayngen,2920,SH,real,False,31.08.2024,2694711,1289730
102590380,10111812,502009605,Ebringerstrasse,155.1,8240 Thayngen,2920,SH,real,False,23.07.2024,2696784,1289237
102590381,10168418,502009618,Dörflingerstrasse,1.1,8240 Thayngen,2920,SH,real,False,23.07.2024,2694959,1288392
102590382,10048901,502009275,Mühlwiesstrasse,g1110,8240 Thayngen,2920,SH,real,False,23.07.2024,2695116,1289743
102590383,10018157,502009144,Zieglerweg,56.1,8240 Thayngen,2920,SH,real,False,23.07.2024,2694721,1289815
102590384,10026382,502009756,Baumgartenweg,9.1,8240 Thayngen,2920,SH,real,False,23.07.2024,2695628,1289201
102590385,10087045,502009772,Barzheimerstrasse,18.1,8240 Thayngen,2920,SH,real,False,23.07.2024,2695056,1289911
102590386,10106942,502009274,Schlatterweg,40.1,8240 Thayngen,2920,SH,real,False,21.11.2024,2695109,1289838
102590387,10018157,502009143,Zieglerweg,58.1,8240 Thayngen,2920,SH,real,False,23.07.2024,2694699,1289808
102590388,10120406,502009755,Biberstrasse,10.1,8240 Thayngen,2920,SH,real,False,23.07.2024,2695124,1289363
102590389,10168418,502009617,Dörflingerstrasse,1.2,8240 Thayngen,2920,SH,real,False,23.07.2024,2694741,1288190
102590390,10106942,502009273,Schlatterweg,40,8240 Thayngen,2920,SH,real,False,21.11.2024,2695111,1289834
102590391,10018157,502009141,Zieglerweg,g915,8240 Thayngen,2920,SH,real,False,23.07.2024,2694632,1289856
102590392,10111812,502009604,Ebringerstrasse,161.1,8240 Thayngen,2920,SH,real,False,23.07.2024,2696850,1289191
102590393,10087045,502009771,Barzheimerstrasse,22.1,8240 Thayngen,2920,SH,real,False,14.08.2024,2695078,1289942
102590394,10106942,502009272,Schlatterweg,46.1,8240 Thayngen,2920,SH,real,False,17.09.2024,2695063,1289880
102590395,10018157,502009140,Zieglerweg,64a.1,8240 Thayngen,2920,SH,real,False,23.07.2024,2694615,1289871
102590396,10120406,502009754,Biberstrasse,10.2,8240 Thayngen,2920,SH,real,False,23.07.2024,2695133,1289384
102590397,10168418,502009616,Dörflingerstrasse,,8240 Thayngen,2920,SH,real,False,06.12.2024,2694684,1288162
102590398,10106942,502009271,Schlatterweg,48.1,8240 Thayngen,2920,SH,real,False,17.09.2024,2695061,1289882
102590399,10018157,502009139,Zieglerweg,66.1,8240 Thayngen,2920,SH,real,False,23.07.2024,2694612,1289873
102590400,10111812,502009603,Ebringerstrasse,191.1,8240 Thayngen,2920,SH,real,False,23.07.2024,2697042,1289323
102590401,10087045,502009770,Barzheimerstrasse,g423,8240 Thayngen,2920,SH,real,False,23.07.2024,2695070,1289984
102590402,10120409,502009270,Schulstrasse,8,8240 Thayngen,2920,SH,real,True,15.11.2024,2695408,1289410
102590403,10018157,502009138,Zieglerweg,68.1,8240 Thayngen,2920,SH,real,False,23.07.2024,2694591,1289887
102590404,10120406,502009753,Biberstrasse,109.1,8240 Thayngen,2920,SH,real,False,23.07.2024,2694322,1289873
102590405,10087045,502009769,Barzheimerstrasse,22.3,8240 Thayngen,2920,SH,real,False,13.08.2024,2695102,1289950
102590406,10120409,502009269,Schulstrasse,3.1,8240 Thayngen,2920,SH,real,False,23.07.2024,2695345,1289397
102590407,10018157,502009137,Zieglerweg,70.1,8240 Thayngen,2920,SH,real,False,23.07.2024,2694588,1289889
102590408,10111812,502009602,Ebringerstrasse,191.2,8240 Thayngen,2920,SH,real,False,23.07.2024,2697050,1289353
102590409,10111812,502009615,Ebringerstrasse,107.1,8240 Thayngen,2920,SH,real,False,23.07.2024,2696414,1289275
102590410,10120409,502009268,Schulstrasse,3.2,8240 Thayngen,2920,SH,real,False,23.07.2024,2695347,1289410
102590411,10120406,502009752,Biberstrasse,111.1,8240 Thayngen,2920,SH,real,False,23.07.2024,2694225,1289924
102590412,10018157,502009136,Zieglerweg,72.1,8240 Thayngen,2920,SH,real,False,23.07.2024,2694568,1289901
102590413,10130701,502009768,Barzingergasse,17.1,8240 Thayngen,2920,SH,real,False,23.07.2024,2695302,1289785
102590414,10120409,502009267,Schulstrasse,4.1,8240 Thayngen,2920,SH,real,False,14.08.2024,2695425,1289389
102590415,10120406,502009751,Biberstrasse,16.2,8240 Thayngen,2920,SH,real,False,31.08.2024,2694264,1290011
102590416,10018157,502009135,Zieglerweg,74.1,8240 Thayngen,2920,SH,real,False,23.07.2024,2694463,1289930
102590417,10120409,502009266,Schulstrasse,7.1,8240 Thayngen,2920,SH,real,False,23.07.2024,2695357,1289436
102590418,10111812,502009614,Ebringerstrasse,107.2,8240 Thayngen,2920,SH,real,False,23.07.2024,2696423,1289298
102590419,10111812,502009601,Ebringerstrasse,191.3,8240 Thayngen,2920,SH,real,False,23.07.2024,2697027,1289358
102590420,10018157,502009134,Zieglerweg,8.1,8240 Thayngen,2920,SH,real,False,23.07.2024,2694855,1289643
102590421,10130548,502009766,Barzingersee,2.2,8240 Thayngen,2920,SH,real,False,23.07.2024,2696417,1290147
102590422,10087059,502009264,Schärrersgässli,1.1,8240 Thayngen,2920,SH,real,False,23.07.2024,2695461,1289179
102590423,10120406,502009750,Biberstrasse,116.2,8240 Thayngen,2920,SH,real,False,23.07.2024,2694291,1290304
102590424,10130548,502009765,Barzingersee,2.3,8240 Thayngen,2920,SH,real,False,23.07.2024,2696404,1290131
102590425,10087059,502009263,Schärrersgässli,3.2,8240 Thayngen,2920,SH,real,False,21.08.2024,2695474,1289199
102590426,10018158,502009133,Zielhagweg,g848,8240 Thayngen,2920,SH,real,False,23.07.2024,2694621,1289678
102590427,10111812,502009600,Ebringerstrasse,191.4,8240 Thayngen,2920,SH,real,False,23.07.2024,2697086,1289351
102590428,10087059,502009262,Schärrersgässli,3.1,8240 Thayngen,2920,SH,real,False,14.08.2024,2695482,1289184
102590429,10111812,502009612,Ebringerstrasse,109.1,8240 Thayngen,2920,SH,real,False,23.07.2024,2696465,1289293
102590430,10018158,502009132,Zielhagweg,18.1,8240 Thayngen,2920,SH,real,False,23.07.2024,2694590,1289704
102590431,10120406,502009749,Biberstrasse,116.3,8240 Thayngen,2920,SH,real,False,23.07.2024,2694291,1290320
102590432,10237819,502009932,Schützenweg,7.1,8242 Bibern SH,2920,SH,real,False,23.07.2024,2692623,1292319
102590433,10130548,502009764,Barzingersee,2.4,8240 Thayngen,2920,SH,real,False,23.07.2024,2696452,1290120
102590434,10018158,502009131,Zielhagweg,28.1,8240 Thayngen,2920,SH,real,False,03.09.2024,2694626,1289808
102590435,10120406,502009748,Biberstrasse,18.1,8240 Thayngen,2920,SH,real,False,17.09.2024,2694206,1290008
102590436,10237819,502009931,Schützenweg,,8242 Bibern SH,2920,SH,real,False,04.12.2024,2692474,1292463
102590437,10111812,502009611,Ebringerstrasse,109.2,8240 Thayngen,2920,SH,real,False,23.07.2024,2696446,1289272
102590438,10237821,502009803,Zollstrasse,2.1,8236 Opfertshofen SH,2920,SH,real,False,14.08.2024,2691489,1292359
102590439,10111812,502009599,Ebringerstrasse,200.1,8240 Thayngen,2920,SH,real,False,23.07.2024,2697181,1289290
102590440,10237819,502009930,Schützenweg,67a,8242 Bibern SH,2920,SH,real,False,04.12.2024,2692440,1292464
102590441,10237821,502009802,Zollstrasse,2.2,8236 Opfertshofen SH,2920,SH,real,False,20.08.2024,2691494,1292357
102590442,10130548,502009763,Barzingersee,2.5,8240 Thayngen,2920,SH,real,False,23.07.2024,2696436,1290105
102590443,10111812,502009598,Ebringerstrasse,285.1,8240 Thayngen,2920,SH,real,False,23.07.2024,2697649,1289561
102590444,10018151,502009261,Silberbergweg,1.1,8240 Thayngen,2920,SH,real,False,23.07.2024,2694496,1289363
102590445,10073624,502009762,Barzingersteig,4.1,8240 Thayngen,2920,SH,real,False,23.07.2024,2695332,1289769
102590446,10237822,502009129,Zollstrasse,33.1,8240 Thayngen,2920,SH,real,False,23.07.2024,2695394,1288695
102590447,10120406,502009747,Biberstrasse,119.1,8240 Thayngen,2920,SH,real,False,23.07.2024,2694199,1289965
102590448,10018151,502009260,Silberbergweg,12.1,8240 Thayngen,2920,SH,real,False,23.07.2024,2694591,1289387
102590449,10111812,502009610,Ebringerstrasse,109.3,8240 Thayngen,2920,SH,real,False,23.07.2024,2696462,1289267
102590450,10168418,502009128,Dörflingerstrasse,3.1,8240 Thayngen,2920,SH,real,False,21.11.2024,2695357,1288602
102590451,10120406,502009746,Biberstrasse,125.1,8240 Thayngen,2920,SH,real,False,23.07.2024,2694182,1289965
102590452,10026382,502009761,Baumgartenweg,11.1,8240 Thayngen,2920,SH,real,False,23.07.2024,2695600,1289195
102590453,10237822,502009127,Zollstrasse,33.3,8240 Thayngen,2920,SH,real,False,23.07.2024,2695341,1288601
102590454,10018151,502009259,Silberbergweg,16.1,8240 Thayngen,2920,SH,real,False,23.07.2024,2694547,1289406
102590455,10120406,502009745,Biberstrasse,141.1,8240 Thayngen,2920,SH,real,False,23.07.2024,2693981,1290077
102590456,10237822,502009126,Zollstrasse,97.1,8240 Thayngen,2920,SH,real,False,23.07.2024,2696040,1288562
102590457,10111812,502009609,Ebringerstrasse,111.1,8240 Thayngen,2920,SH,real,True,23.07.2024,2696475,1289293
102590458,10018151,502009258,Silberbergweg,18.1,8240 Thayngen,2920,SH,real,False,23.07.2024,2694569,1289398
102590459,10111812,502009597,Ebringerstrasse,285.2,8240 Thayngen,2920,SH,real,False,23.07.2024,2697644,1289554
102590460,10018151,502009257,Silberbergweg,4.1,8240 Thayngen,2920,SH,real,False,23.07.2024,2694533,1289368
102590461,10237822,502009125,Zollstrasse,97.2,8240 Thayngen,2920,SH,real,False,23.07.2024,2696035,1288550
102590462,10026382,502009760,Baumgartenweg,13.1,8240 Thayngen,2920,SH,real,False,23.07.2024,2695580,1289235
102590463,10018151,502009255,Silberbergweg,7.3,8240 Thayngen,2920,SH,real,False,03.09.2024,2694493,1289363
102590464,10120406,502009744,Biberstrasse,15.1,8240 Thayngen,2920,SH,real,False,23.07.2024,2695084,1289366
102590465,10111812,502009608,Ebringerstrasse,15.1,8240 Thayngen,2920,SH,real,False,23.07.2024,2695863,1289363
102590466,10237822,502009124,Zollstrasse,97.3,8240 Thayngen,2920,SH,real,False,23.07.2024,2695989,1288587
102590467,10018151,502009254,Silberbergweg,7.2,8240 Thayngen,2920,SH,real,False,31.08.2024,2694469,1289371
102590468,10111812,502009596,Ebringerstrasse,37.1,8240 Thayngen,2920,SH,real,False,23.07.2024,2696001,1289256
102590469,10111812,502009607,Ebringerstrasse,151.1,8240 Thayngen,2920,SH,real,False,23.07.2024,2696733,1289249
102590470,10104499,502009123,Zum Neuhof,10.1,8240 Thayngen,2920,SH,real,False,23.07.2024,2695132,1288751
102590471,10048904,502009253,Sonnenweg,g741,8240 Thayngen,2920,SH,real,False,23.07.2024,2694747,1289442
102590473,10120406,502009743,Biberstrasse,27.1,8240 Thayngen,2920,SH,real,False,23.07.2024,2695041,1289436
102590474,10104499,502009122,Zum Neuhof,10.2,8240 Thayngen,2920,SH,real,False,23.07.2024,2695138,1288721
102590475,10120406,502009739,Biberstrasse,38.1,8240 Thayngen,2920,SH,real,False,23.07.2024,2695042,1289538
102590476,10111812,502009595,Ebringerstrasse,40.4,8240 Thayngen,2920,SH,real,False,19.11.2024,2695958,1289162
102590477,10111813,502009249,Speckweg,28.1,8240 Thayngen,2920,SH,real,False,23.07.2024,2694351,1289325
102590479,10120406,502009738,Biberstrasse,54.1,8240 Thayngen,2920,SH,real,False,23.07.2024,2694942,1289705
102590481,10018141,502009427,Kesslerlochstrasse,70.1,8240 Thayngen,2920,SH,real,False,31.08.2024,2694706,1289141
102590483,10120406,502009737,Biberstrasse,6.1,8240 Thayngen,2920,SH,real,False,23.07.2024,2695142,1289356
102590484,10026383,502009420,Bietingerstrasse,10.2,8240 Thayngen,2920,SH,real,False,23.08.2024,2695687,1289246
102590485,10111812,502009594,Ebringerstrasse,54.1,8240 Thayngen,2920,SH,real,False,23.07.2024,2696112,1289292
102590486,10237810,502009849,Dorfstrasse,13.1,8236 Opfertshofen SH,2920,SH,real,False,23.07.2024,2691741,1292551
102590487,10120406,502009736,Biberstrasse,90.1,8240 Thayngen,2920,SH,real,False,05.09.2024,2694613,1289941
102590488,10120407,502009580,Erlengasse,1.3,8240 Thayngen,2920,SH,real,False,23.07.2024,2695081,1289076
102590489,10120406,502009740,Biberstrasse,34.1,8240 Thayngen,2920,SH,real,False,23.07.2024,2695093,1289502
102590490,10237812,502009629,Dorfstrasse,13a,8240 Thayngen,2920,SH,real,True,15.11.2024,2695260,1289376
102590491,10120406,502009735,Biberstrasse,90.2,8240 Thayngen,2920,SH,real,False,10.09.2024,2694587,1289968
102590492,10048900,502009409,Lohningerweg,36.1,8240 Thayngen,2920,SH,real,False,23.07.2024,2694658,1289539
102590493,10111812,502009593,Ebringerstrasse,56.1,8240 Thayngen,2920,SH,real,False,23.07.2024,2696118,1289302
102590494,10237810,502009848,Dorfstrasse,13.2,8236 Opfertshofen SH,2920,SH,real,False,23.07.2024,2691720,1292538
102590496,10117540,502009569,Franzengässli,10.1,8240 Thayngen,2920,SH,real,False,23.07.2024,2695611,1289400
102590497,10048904,502009252,Sonnenweg,1.2,8240 Thayngen,2920,SH,real,False,23.07.2024,2694752,1289426
102590498,10237810,502009847,Dorfstrasse,g51,8236 Opfertshofen SH,2920,SH,real,False,23.07.2024,2692162,1292451
102590499,10185482,502009733,Biberweg,13.2,8240 Thayngen,2920,SH,real,False,19.11.2024,2694917,1289762
102590500,10237816,502009476,Im Kloster,19.1,8240 Thayngen,2920,SH,real,False,23.07.2024,2694974,1289449
102590501,10111812,502009592,Ebringerstrasse,58.1,8240 Thayngen,2920,SH,real,False,23.07.2024,2696140,1289300
102590502,10237809,502010132,Dorfstrasse,14.1,8243 Altdorf SH,2920,SH,real,False,23.07.2024,2691468,1293345
102590504,10024929,502010094,Im Leuen,19.1,8243 Altdorf SH,2920,SH,real,False,24.08.2024,2691562,1293503
102590505,10048904,502009251,Sonnenweg,5,8240 Thayngen,2920,SH,real,False,21.11.2024,2694730,1289440
102590506,10237810,502009846,Dorfstrasse,14.1,8236 Opfertshofen SH,2920,SH,real,False,23.07.2024,2691676,1292527
102590508,10087053,502009460,Im Oberhof,29.2,8240 Thayngen,2920,SH,real,False,20.08.2024,2695542,1289461
102590509,10111812,502009591,Ebringerstrasse,6.1,8240 Thayngen,2920,SH,real,False,23.07.2024,2695774,1289257
102590510,10185482,502009729,Biberweg,13.6,8240 Thayngen,2920,SH,real,False,23.07.2024,2694923,1289817
102590511,10237810,502009845,Dorfstrasse,14.2,8236 Opfertshofen SH,2920,SH,real,False,23.07.2024,2691668,1292555
102590512,10054980,502009448,Im Tal,309.2,8240 Thayngen,2920,SH,real,False,13.08.2024,2693981,1288309
102590513,10073630,502009240,Steigstrasse,1.1,8240 Thayngen,2920,SH,real,False,23.07.2024,2695325,1289564
102590514,10018142,502009250,Landheimweg,6.3,8240 Thayngen,2920,SH,real,False,30.10.2024,2694675,1289407
102590515,10237810,502009844,Dorfstrasse,15.1,8236 Opfertshofen SH,2920,SH,real,False,31.08.2024,2691719,1292512
102590516,10073630,502009239,Steigstrasse,2.1,8240 Thayngen,2920,SH,real,False,23.07.2024,2695325,1289589
102590517,10111812,502009590,Ebringerstrasse,63.1,8240 Thayngen,2920,SH,real,False,23.07.2024,2696162,1289339
102590518,10087054,502009437,In Liblose,3.1,8240 Thayngen,2920,SH,real,False,23.08.2024,2695069,1289291
102590519,10237810,502009843,Dorfstrasse,15.2,8236 Opfertshofen SH,2920,SH,real,False,23.07.2024,2691687,1292532
102590520,10073630,502009238,Steigstrasse,21.1,8240 Thayngen,2920,SH,real,False,23.07.2024,2695206,1289739
102590521,10111813,502009248,Speckweg,g854,8240 Thayngen,2920,SH,real,False,23.07.2024,2694303,1289292
102590522,10026381,502009726,Bahnweg,34.2,8240 Thayngen,2920,SH,real,False,15.08.2024,2695760,1289142
102590523,10237809,502010131,Dorfstrasse,17.1,8243 Altdorf SH,2920,SH,real,False,23.07.2024,2691476,1293304
102590524,10073630,502009237,Steigstrasse,22.1,8240 Thayngen,2920,SH,real,False,23.07.2024,2695246,1289758
102590525,10087046,502009716,Blumenstrasse,19.1,8240 Thayngen,2920,SH,real,False,23.07.2024,2694924,1289200
102590526,10237810,502009842,Dorfstrasse,17.1,8236 Opfertshofen SH,2920,SH,real,False,23.07.2024,2691694,1292491
102590527,10111812,502009589,Ebringerstrasse,321b,8240 Thayngen,2920,SH,real,False,04.12.2024,2697471,1289929
102590528,10073630,502009236,Steigstrasse,7.1,8240 Thayngen,2920,SH,real,False,23.07.2024,2695267,1289603
102590529,10237812,502009628,Dorfstrasse,17.1,8240 Thayngen,2920,SH,real,False,23.07.2024,2695267,1289373
102590530,10167071,502009997,Schlatterstrasse,3.1,8241 Barzheim,2920,SH,real,False,17.09.2024,2696113,1290758
102590531,10111813,502009247,Speckweg,5.1,8240 Thayngen,2920,SH,real,False,23.07.2024,2694594,1289231
102590532,10087060,502009235,Stockwiesenstrasse,1.1,8240 Thayngen,2920,SH,real,False,23.07.2024,2695047,1289004
102590533,10106942,502009278,Schlatterweg,25.1,8240 Thayngen,2920,SH,real,False,23.07.2024,2695196,1289674
102590534,10087051,502009547,Gygerweg,1.1,8240 Thayngen,2920,SH,real,False,23.07.2024,2694943,1290097
102590535,10111813,502009246,Speckweg,9.1,8240 Thayngen,2920,SH,real,False,23.07.2024,2694555,1289228
102590536,10087060,502009234,Stockwiesenstrasse,g1477,8240 Thayngen,2920,SH,real,False,23.07.2024,2695376,1288803
102590537,10120409,502009265,Schulstrasse,6.1,8240 Thayngen,2920,SH,real,False,03.09.2024,2695350,1289438
102590538,10087051,502009546,Gygerweg,4.1,8240 Thayngen,2920,SH,real,False,23.07.2024,2694911,1290151
102590539,10024926,502010130,Egghof,65.1,8243 Altdorf SH,2920,SH,real,False,22.08.2024,2691215,1294598
102590540,10087060,502009233,Stockwiesenstrasse,17.3,8240 Thayngen,2920,SH,real,False,23.10.2024,2695390,1288829
102590541,10018151,502009256,Silberbergweg,5.1,8240 Thayngen,2920,SH,real,False,23.07.2024,2694481,1289383
102590542,10087051,502009545,Gygerweg,6.1,8240 Thayngen,2920,SH,real,False,23.07.2024,2694887,1290164
102590543,10087060,502009232,Stockwiesenstrasse,17.4,8240 Thayngen,2920,SH,real,False,23.10.2024,2695384,1288832
102590544,10136927,502009432,Kastenackerweg,1.1,8240 Thayngen,2920,SH,real,False,23.07.2024,2694685,1289685
102590546,10087051,502009544,Gygerweg,6.2,8240 Thayngen,2920,SH,real,False,23.07.2024,2694897,1290163
102590547,10087060,502009231,Stockwiesenstrasse,17,8240 Thayngen,2920,SH,real,False,23.07.2024,2695366,1288851
102590548,10136927,502009431,Kastenackerweg,3.1,8240 Thayngen,2920,SH,real,False,23.07.2024,2694675,1289695
102590549,10026391,502009230,Emdwiesenstrasse,17.2,8240 Thayngen,2920,SH,real,False,23.10.2024,2695383,1288875
102590550,10136849,502010044,Haldenstrasse,1.1,8241 Barzheim,2920,SH,real,False,23.07.2024,2696318,1290666
102590551,10087060,502009229,Stockwiesenstrasse,35,8240 Thayngen,2920,SH,real,False,19.11.2024,2695752,1288765
102590552,10024934,502009927,Sägistrasse,13.3,8242 Bibern SH,2920,SH,real,False,23.07.2024,2692652,1292124
102590553,10024926,502010129,Egghof,65.4,8243 Altdorf SH,2920,SH,real,False,22.08.2024,2691159,1294576
102590554,10136849,502010043,Haldenstrasse,3.1,8241 Barzheim,2920,SH,real,False,23.07.2024,2696323,1290664
102590555,10087060,502009228,Stockwiesenstrasse,31,8240 Thayngen,2920,SH,real,False,19.11.2024,2695729,1288756
102590556,10026386,502009707,Bolliweg,1.1,8240 Thayngen,2920,SH,real,False,23.07.2024,2695307,1289662
102590557,10136927,502009430,Kastenackerweg,7.1,8240 Thayngen,2920,SH,real,False,23.07.2024,2694656,1289752
102590558,10087060,502009227,Stockwiesenstrasse,33,8240 Thayngen,2920,SH,real,False,19.11.2024,2695708,1288784
102590559,10136849,502010042,Haldenstrasse,g3075,8241 Barzheim,2920,SH,real,False,23.07.2024,2696481,1290415
102590560,10018141,502009429,Kesslerlochstrasse,g567,8240 Thayngen,2920,SH,real,False,23.07.2024,2694346,1289123
102590561,10046603,502009226,Tonwerkstrasse,2,8240 Thayngen,2920,SH,real,True,23.07.2024,2695184,1288947
102590562,10024927,502010125,Föhrenhof,69,8243 Altdorf SH,2920,SH,real,False,20.11.2024,2690927,1294518
102590563,10122247,502009889,Haldenweg,3.1,8242 Hofen SH,2920,SH,real,False,03.09.2024,2692692,1293241
102590564,10024926,502010128,Egghof,65.3,8243 Altdorf SH,2920,SH,real,False,22.08.2024,2691201,1294600
102590565,10018153,502009225,Stofflerstrasse,2.2,8240 Thayngen,2920,SH,real,False,16.08.2024,2694977,1290016
102590566,10122247,502009888,Haldenweg,5.1,8242 Hofen SH,2920,SH,real,False,03.09.2024,2692722,1293235
102590567,10158544,502009939,Mülackerstrasse,10.1,8242 Bibern SH,2920,SH,real,False,03.09.2024,2692756,1292064
102590568,10073629,502009428,Schenenbüelweg,23,8240 Thayngen,2920,SH,real,False,15.11.2024,2694387,1289131
102590569,10018153,502009224,Stofflerstrasse,2.1,8240 Thayngen,2920,SH,real,False,16.08.2024,2694968,1290053
102590570,10136930,502009543,Reckenstrasse,12.1,8240 Thayngen,2920,SH,real,False,19.11.2024,2695479,1289545
102590571,10125417,502009902,Bruggwiesenstrasse,4.1,8242 Hofen SH,2920,SH,real,False,14.08.2024,2692850,1293146
102590572,10086745,502009958,Eggrüti,63.1,8242 Bibern SH,2920,SH,real,False,23.07.2024,2692615,1291667
102590573,10018153,502009223,Stofflerstrasse,22.1,8240 Thayngen,2920,SH,real,False,13.08.2024,2694736,1290083
102590574,10073626,502009542,Hammenweg,13.1,8240 Thayngen,2920,SH,real,False,23.07.2024,2695454,1289600
102590575,10018144,502009382,Neuhausweg,g920,8240 Thayngen,2920,SH,real,False,23.07.2024,2694942,1289412
102590576,10018141,502009426,Kesslerlochstrasse,g1049,8240 Thayngen,2920,SH,real,False,23.07.2024,2694714,1289141
102590577,10018154,502009222,Sunnebüelweg,2.1,8240 Thayngen,2920,SH,real,False,13.08.2024,2694720,1289264
102590578,10073626,502009541,Hammenweg,15.1,8240 Thayngen,2920,SH,real,False,23.07.2024,2695464,1289611
102590579,10086745,502009957,Eggrüti,63.2,8242 Bibern SH,2920,SH,real,False,23.07.2024,2692618,1291547
102590580,10072967,502010073,Hüslibach,g86,8243 Altdorf SH,2920,SH,real,False,23.07.2024,2692217,1293524
102590581,10073631,502009221,Sägistieg,5.1,8240 Thayngen,2920,SH,real,False,23.07.2024,2694945,1289575
102590582,10073626,502009540,Hammenweg,15.2,8240 Thayngen,2920,SH,real,False,23.07.2024,2695459,1289599
102590583,10058933,502009425,Kirchplatz,g263,8240 Thayngen,2920,SH,real,False,23.07.2024,2695430,1289299
102590584,10121048,502009376,Oberbildweg,14.1,8240 Thayngen,2920,SH,real,False,03.09.2024,2694735,1289650
102590585,10073631,502009220,Sägistieg,5.2,8240 Thayngen,2920,SH,real,False,23.07.2024,2694953,1289602
102590586,10073626,502009539,Hammenweg,17.1,8240 Thayngen,2920,SH,real,False,23.07.2024,2695505,1289599
102590587,10237812,502009626,Dorfstrasse,20.1,8240 Thayngen,2920,SH,real,False,31.08.2024,2695351,1289318
102590588,10168418,502009588,Dörflingerstrasse,3,8240 Thayngen,2920,SH,real,False,21.11.2024,2695381,1288590
102590589,10254787,502009929,Mülwisstrasse,4,8242 Bibern SH,2920,SH,real,False,15.11.2024,2692529,1292195
102590590,10073626,502009538,Hammenweg,20.1,8240 Thayngen,2920,SH,real,False,13.08.2024,2695536,1289572
102590591,10026387,502009624,Brühlstrasse,19.1,8240 Thayngen,2920,SH,real,False,17.09.2024,2695371,1289260
102590592,10073627,502009424,Klosterstieg,1.1,8240 Thayngen,2920,SH,real,False,23.07.2024,2694940,1289566
102590593,10073626,502009537,Hammenweg,20.2,8240 Thayngen,2920,SH,real,False,10.09.2024,2695521,1289574
102590594,10254787,502009928,Mülwisstrasse,6,8242 Bibern SH,2920,SH,real,False,15.11.2024,2692541,1292157
102590595,10237810,502009831,Dorfstrasse,36.2,8236 Opfertshofen SH,2920,SH,real,False,23.07.2024,2691555,1292341
102590596,10073626,502009536,Hammenweg,12.1,8240 Thayngen,2920,SH,real,False,16.11.2024,2695500,1289554
102590597,10026391,502009587,Emdwiesenstrasse,29.2,8240 Thayngen,2920,SH,real,False,23.07.2024,2695459,1288725
102590598,10254787,502009926,Mülwisstrasse,4.1,8242 Bibern SH,2920,SH,real,False,23.07.2024,2692513,1292187
102590599,10111811,502009781,Barterweg,25.1,8240 Thayngen,2920,SH,real,False,23.07.2024,2695815,1289411
102590600,10073627,502009423,Klosterstieg,5.1,8240 Thayngen,2920,SH,real,False,23.07.2024,2694967,1289565
102590601,10136930,502009535,Reckenstrasse,20.3,8240 Thayngen,2920,SH,real,False,10.09.2024,2695519,1289535
102590602,10185474,502009925,Thayngerstrasse,g104,8242 Bibern SH,2920,SH,real,False,23.07.2024,2693305,1291770
102590603,10073627,502009422,Klosterstieg,9.1,8240 Thayngen,2920,SH,real,False,23.07.2024,2695007,1289543
102590604,10158544,502009971,Mülackerstrasse,4.2,8242 Bibern SH,2920,SH,real,False,20.11.2024,2692789,1292029
102590605,10087045,502010061,Barzheimerstrasse,110.1,8241 Barzheim,2920,SH,real,False,21.11.2024,2696046,1290718
102590606,10073626,502009534,Hammenweg,21.1,8240 Thayngen,2920,SH,real,False,23.07.2024,2695537,1289604
102590607,10024932,502009970,Bohl,5.1,8242 Bibern SH,2920,SH,real,False,14.08.2024,2692896,1292005
102590608,10118139,502009421,Kochenwiesliweg,10.1,8240 Thayngen,2920,SH,real,False,31.08.2024,2695649,1289252
102590609,10120406,502009619,Biberstrasse,g431,8240 Thayngen,2920,SH,real,False,23.07.2024,2694163,1290065
102590610,10073626,502009533,Hammenweg,21.2,8240 Thayngen,2920,SH,real,False,23.07.2024,2695557,1289604
102590612,10026391,502009586,Emdwiesenstrasse,g805,8240 Thayngen,2920,SH,real,False,23.07.2024,2695402,1288973
102590613,10130548,502009767,Barzingersee,2.1,8240 Thayngen,2920,SH,real,False,23.07.2024,2696375,1290170
102590614,10073626,502009532,Hammenweg,21.3,8240 Thayngen,2920,SH,real,False,23.07.2024,2695541,1289638
102590615,10167070,502010006,Mittlerfeldstrasse,1.3,8241 Barzheim,2920,SH,real,False,23.07.2024,2696153,1290666
102590616,10026391,502009585,Emdwiesenstrasse,g811,8240 Thayngen,2920,SH,real,False,23.07.2024,2695465,1289039
102590617,10026382,502009759,Baumgartenweg,15.1,8240 Thayngen,2920,SH,real,False,23.07.2024,2695547,1289221
102590618,10073626,502009531,Hammenweg,29.1,8240 Thayngen,2920,SH,real,False,23.07.2024,2695639,1289624
102590619,10024932,502009969,Bohl,8.1,8242 Bibern SH,2920,SH,real,False,23.07.2024,2692857,1292013
102590620,10108010,502009667,Buechetellenweg,g420,8240 Thayngen,2920,SH,real,False,23.07.2024,2695157,1290053
102590621,10120408,502009419,Kreuzplatz,1.1,8240 Thayngen,2920,SH,real,False,23.07.2024,2695166,1289267
102590622,10073626,502009530,Hammenweg,30.1,8240 Thayngen,2920,SH,real,False,23.07.2024,2695622,1289592
102590623,10185474,502009923,Thayngerstrasse,g122,8242 Bibern SH,2920,SH,real,False,23.07.2024,2693494,1291339
102590624,10026391,502009584,Emdwiesenstrasse,g806,8240 Thayngen,2920,SH,real,False,23.07.2024,2695399,1289025
102590625,10026388,502009662,Chlenglerweg,10.1,8240 Thayngen,2920,SH,real,False,23.07.2024,2696017,1289354
102590626,10073626,502009529,Hammenweg,31.1,8240 Thayngen,2920,SH,real,False,23.07.2024,2695670,1289641
102590627,10185474,502009922,Thayngerstrasse,66.1,8242 Bibern SH,2920,SH,real,False,23.07.2024,2693572,1290781
102590628,10087046,502009418,Blumenstrasse,1,8240 Thayngen,2920,SH,real,False,23.07.2024,2695085,1289285
102590629,10026388,502009649,Chlenglerweg,2.1,8240 Thayngen,2920,SH,real,False,23.07.2024,2695958,1289330
102590630,10073626,502009528,Hammenweg,31.2,8240 Thayngen,2920,SH,real,False,23.07.2024,2695646,1289624
102590631,10024932,502009968,Bohl,8.2,8242 Bibern SH,2920,SH,real,False,23.07.2024,2692777,1291878
102590632,10026391,502009583,Emdwiesenstrasse,17.1,8240 Thayngen,2920,SH,real,False,23.10.2024,2695379,1288899
102590633,10111806,502010112,Höfen,6.1,8243 Altdorf SH,2920,SH,real,False,23.07.2024,2691393,1293275
102590634,10237818,502009363,Rebbergstrasse,104.3,8240 Thayngen,2920,SH,real,False,23.07.2024,2696438,1289389
102590635,10237814,502009565,Frohsinnweg,3.1,8240 Thayngen,2920,SH,real,False,23.07.2024,2694756,1289348
102590637,10026394,502009518,Hüttenlebenweg,30.1,8240 Thayngen,2920,SH,real,False,23.07.2024,2694198,1289901
102590638,10237817,502009936,Rebbergstrasse,11.1,8242 Bibern SH,2920,SH,real,False,23.07.2024,2693301,1292143
102590639,10185474,502009921,Thayngerstrasse,66.2,8242 Bibern SH,2920,SH,real,False,23.07.2024,2693565,1290779
102590640,10120407,502009582,Erlengasse,1.1,8240 Thayngen,2920,SH,real,False,23.07.2024,2694958,1289012
102590641,10237810,502009851,Dorfstrasse,12.1,8236 Opfertshofen SH,2920,SH,real,False,31.08.2024,2691656,1292574
102590642,10237818,502009362,Rebbergstrasse,119.1,8240 Thayngen,2920,SH,real,False,23.07.2024,2696462,1289436
102590643,10167070,502010003,Mittlerfeldstrasse,10.3,8241 Barzheim,2920,SH,real,False,23.07.2024,2696174,1290655
102590644,10048900,502009416,Lohningerweg,,8240 Thayngen,2920,SH,real,False,23.07.2024,2694621,1289413
102590645,10024931,502010030,Im Dorf,6.1,8241 Barzheim,2920,SH,real,False,14.08.2024,2696124,1290734
102590646,10237817,502009935,Rebbergstrasse,13.1,8242 Bibern SH,2920,SH,real,False,23.07.2024,2693171,1292178
102590647,10237814,502009564,Frohsinnweg,g1521,8240 Thayngen,2920,SH,real,False,23.07.2024,2694783,1289514
102590648,10237811,502009953,Dorfstrasse,g117,8242 Bibern SH,2920,SH,real,False,23.07.2024,2693015,1292020
102590649,10087052,502009415,Im Gatter,38.1,8240 Thayngen,2920,SH,real,False,23.11.2024,2694670,1289351
102590650,10237818,502009361,Rebbergstrasse,130.1,8240 Thayngen,2920,SH,real,False,23.07.2024,2696569,1289359
102590651,10120407,502009581,Erlengasse,3,8240 Thayngen,2920,SH,real,True,15.11.2024,2695062,1289048
102590652,10026385,502009712,Bohlstrasse,17.1,8240 Thayngen,2920,SH,real,False,23.07.2024,2694781,1288889
102590653,10237818,502009360,Rebbergstrasse,135.1,8240 Thayngen,2920,SH,real,False,23.07.2024,2696646,1289384
102590654,10120403,502009946,Hauptstrasse,14,8242 Bibern SH,2920,SH,real,False,21.11.2024,2692767,1292184
102590655,10185474,502009920,Thayngerstrasse,66.3,8242 Bibern SH,2920,SH,real,False,23.07.2024,2693569,1290773
102590656,10087052,502009414,Im Gatter,38.2,8240 Thayngen,2920,SH,real,False,23.11.2024,2694681,1289349
102590657,10018157,502009155,Zieglerweg,15.1,8240 Thayngen,2920,SH,real,False,23.07.2024,2694810,1289630
102590658,10237818,502009359,Rebbergstrasse,139.1,8240 Thayngen,2920,SH,real,False,23.07.2024,2696692,1289383
102590659,10073628,502009413,Liblosenweg,5.2,8240 Thayngen,2920,SH,real,False,31.08.2024,2695057,1289396
102590660,10018143,502009399,Mühlegasse,11.1,8240 Thayngen,2920,SH,real,False,13.08.2024,2695180,1289405
102590661,10018157,502009142,Zieglerweg,64.1,8240 Thayngen,2920,SH,real,False,23.07.2024,2694639,1289861
102590662,10237818,502009358,Rebbergstrasse,141.1,8240 Thayngen,2920,SH,real,False,23.07.2024,2696717,1289362
102590663,10054971,502010088,Lindenhof,66.2,8243 Altdorf SH,2920,SH,real,False,17.09.2024,2691332,1294359
102590664,10018440,502009130,Zimmerweg,10.1,8240 Thayngen,2920,SH,real,False,23.07.2024,2694747,1289697
102590665,10026385,502009711,Bohlstrasse,16.8,8240 Thayngen,2920,SH,real,False,11.09.2024,2694803,1288829
102590666,10237818,502009357,Rebbergstrasse,147.1,8240 Thayngen,2920,SH,real,False,23.07.2024,2696780,1289361
102590667,10120407,502009579,Erlengasse,10.1,8240 Thayngen,2920,SH,real,False,22.08.2024,2694959,1288973
102590668,10185474,502009919,Thayngerstrasse,66.4,8242 Bibern SH,2920,SH,real,False,23.07.2024,2693560,1290833
102590669,10054981,502009119,Zum Waldhof,120.1,8240 Thayngen,2920,SH,real,False,23.07.2024,2695629,1288369
102590670,10237818,502009356,Rebbergstrasse,173.1,8240 Thayngen,2920,SH,real,False,23.07.2024,2696868,1289410
102590671,10054971,502010087,Lindenhof,66.3,8243 Altdorf SH,2920,SH,real,False,22.08.2024,2691250,1294305
102590672,10237813,502009956,Frohsinnweg,4.1,8242 Bibern SH,2920,SH,real,False,15.08.2024,2693049,1291953
102590673,10237818,502009355,Rebbergstrasse,18.1,8240 Thayngen,2920,SH,real,False,23.07.2024,2695769,1289387
102590674,10120407,502009578,Erlengasse,12.1,8240 Thayngen,2920,SH,real,False,23.07.2024,2694980,1288963
102590675,10167068,502010018,Hegaustrasse,5.2,8241 Barzheim,2920,SH,real,False,21.11.2024,2696151,1290876
102590676,10018143,502009398,Mühlegasse,g1244,8240 Thayngen,2920,SH,real,False,23.07.2024,2695170,1289443
102590677,10054971,502010086,Lindenhof,g72,8243 Altdorf SH,2920,SH,real,False,23.07.2024,2691379,1294049
102590678,10237818,502009354,Rebbergstrasse,g862,8240 Thayngen,2920,SH,real,False,23.07.2024,2695754,1289349
102590679,10087061,502009166,Wixlenweg,8.2,8240 Thayngen,2920,SH,real,False,31.08.2024,2694729,1289995
102590680,10185474,502009918,Thayngerstrasse,66.5,8242 Bibern SH,2920,SH,real,False,23.07.2024,2693470,1290802
102590681,10120407,502009577,Erlengasse,14.1,8240 Thayngen,2920,SH,real,False,23.07.2024,2694955,1288922
102590682,10024933,502009942,Himmetwislistrasse,5.1,8242 Bibern SH,2920,SH,real,False,03.09.2024,2693065,1292144
102590683,10237818,502009353,Rebbergstrasse,26.1,8240 Thayngen,2920,SH,real,False,23.07.2024,2695833,1289376
102590684,10026385,502009710,Bohlstrasse,4.1,8240 Thayngen,2920,SH,real,False,23.07.2024,2694927,1289006
102590685,10115148,502009412,Lochgässli,3.1,8240 Thayngen,2920,SH,real,False,23.07.2024,2695271,1289311
102590686,10026389,502009636,Chnübrecherweg,4.2,8240 Thayngen,2920,SH,real,False,23.07.2024,2695176,1289849
102590687,10237818,502009352,Rebbergstrasse,3.1,8240 Thayngen,2920,SH,real,False,31.08.2024,2695701,1289330
102590688,10018143,502009397,Mühlegasse,6.1,8240 Thayngen,2920,SH,real,False,23.07.2024,2695211,1289407
102590689,10048900,502009411,Lohningerweg,11.1,8240 Thayngen,2920,SH,real,False,23.07.2024,2694847,1289494
102590690,10024954,502009898,Chuttlerstrasse,12.4,8242 Hofen SH,2920,SH,real,False,23.07.2024,2692540,1293256
102590691,10237818,502009351,Rebbergstrasse,44.1,8240 Thayngen,2920,SH,real,False,23.07.2024,2695980,1289413
102590692,10237814,502009563,Frohsinnweg,10.1,8240 Thayngen,2920,SH,real,False,22.08.2024,2694814,1289378
102590693,10054981,502009117,Zum Waldhof,120.3,8240 Thayngen,2920,SH,real,False,23.07.2024,2695638,1288307
102590694,10120407,502009576,Erlengasse,16.5,8240 Thayngen,2920,SH,real,False,11.09.2024,2694928,1288892
102590695,10237818,502009350,Rebbergstrasse,46.1,8240 Thayngen,2920,SH,real,False,13.08.2024,2696004,1289420
102590696,10046603,502009219,Tonwerkstrasse,15.1,8240 Thayngen,2920,SH,real,False,23.07.2024,2695273,1289075
102590697,10048900,502009410,Lohningerweg,25.1,8240 Thayngen,2920,SH,real,False,23.07.2024,2694757,1289499
102590698,10129730,502009697,Bröckligraben,6.1,8240 Thayngen,2920,SH,real,False,23.07.2024,2695233,1289792
102590699,10237818,502009349,Rebbergstrasse,5.1,8240 Thayngen,2920,SH,real,False,23.07.2024,2695727,1289361
102590700,10018143,502009396,Mühlegasse,7.1,8240 Thayngen,2920,SH,real,False,23.07.2024,2695179,1289395
102590701,10129730,502009696,Bröckligraben,8.1,8240 Thayngen,2920,SH,real,False,23.07.2024,2695239,1289795
102590702,10120407,502009575,Erlengasse,16.7,8240 Thayngen,2920,SH,real,False,22.08.2024,2694897,1288890
102590703,10237818,502009348,Rebbergstrasse,5.2,8240 Thayngen,2920,SH,real,False,23.07.2024,2695717,1289360
102590704,10026385,502009709,Bohlstrasse,4.2,8240 Thayngen,2920,SH,real,False,23.07.2024,2694933,1289036
102590705,10087047,502009695,Bröckliweg,1.1,8240 Thayngen,2920,SH,real,False,23.07.2024,2695281,1289852
102590706,10048900,502009408,Lohningerweg,37.1,8240 Thayngen,2920,SH,real,False,23.07.2024,2694615,1289487
102590707,10237818,502009347,Rebbergstrasse,5.3,8240 Thayngen,2920,SH,real,False,23.07.2024,2695718,1289364
102590708,10237814,502009562,Frohsinnweg,12.1,8240 Thayngen,2920,SH,real,False,13.08.2024,2694814,1289375
102590709,10087047,502009694,Bröckliweg,3.1,8240 Thayngen,2920,SH,real,False,23.07.2024,2695276,1289871
102590710,10120407,502009574,Erlengasse,16.3,8240 Thayngen,2920,SH,real,False,11.09.2024,2694916,1288869
102590712,10026387,502009218,Brühlstrasse,19.2,8240 Thayngen,2920,SH,real,False,17.09.2024,2695324,1289131
102590713,10087047,502009693,Bröckliweg,3.2,8240 Thayngen,2920,SH,real,False,23.07.2024,2695248,1289859
102590714,10048900,502009407,Lohningerweg,37.2,8240 Thayngen,2920,SH,real,False,23.07.2024,2694636,1289510
102590715,10237818,502009345,Rebbergstrasse,54.1,8240 Thayngen,2920,SH,real,False,23.07.2024,2696124,1289457
102590716,10018143,502009395,Mühlegasse,5,8240 Thayngen,2920,SH,real,False,19.11.2024,2695192,1289370
102590717,10087047,502009692,Bröckliweg,3.3,8240 Thayngen,2920,SH,real,False,23.07.2024,2695277,1289853
102590718,10120407,502009573,Erlengasse,16.6,8240 Thayngen,2920,SH,real,False,22.08.2024,2694898,1288857
102590719,10237818,502009344,Rebbergstrasse,55.1,8240 Thayngen,2920,SH,real,False,23.07.2024,2696043,1289488
102590720,10026385,502009708,Bohlstrasse,5.1,8240 Thayngen,2920,SH,real,False,23.07.2024,2694910,1288932
102590721,10087047,502009691,Bröckliweg,3.4,8240 Thayngen,2920,SH,real,False,23.07.2024,2695245,1289843
102590722,10048900,502009406,Lohningerweg,37.3,8240 Thayngen,2920,SH,real,False,23.07.2024,2694603,1289493
102590723,10237818,502009343,Rebbergstrasse,65b.1,8240 Thayngen,2920,SH,real,False,23.07.2024,2696157,1289510
102590724,10046603,502009217,Tonwerkstrasse,19.1,8240 Thayngen,2920,SH,real,False,23.07.2024,2695324,1289060
102590725,10087047,502009690,Bröckliweg,3.5,8240 Thayngen,2920,SH,real,False,23.07.2024,2695261,1289903
102590726,10120407,502009572,Erlengasse,16.4,8240 Thayngen,2920,SH,real,False,22.08.2024,2694969,1288910
102590727,10237814,502009561,Frohsinnweg,9.1,8240 Thayngen,2920,SH,real,False,23.07.2024,2694749,1289347
102590728,10237818,502009342,Rebbergstrasse,74.1,8240 Thayngen,2920,SH,real,False,23.07.2024,2696228,1289486
102590729,10018155,502009197,Wanngasse,6.1,8240 Thayngen,2920,SH,real,False,14.08.2024,2695515,1289296
102590730,10048900,502009405,Lohningerweg,52.2,8240 Thayngen,2920,SH,real,False,13.08.2024,2694519,1289502
102590731,10018143,502009394,Mühlegasse,5.1,8240 Thayngen,2920,SH,real,False,19.11.2024,2695178,1289376
102590732,10237818,502009341,Rebbergstrasse,83.1,8240 Thayngen,2920,SH,real,False,23.07.2024,2696272,1289488
102590733,10086747,502009917,Weinbergstrasse,12.1,8242 Bibern SH,2920,SH,real,False,23.07.2024,2692972,1292134
102590734,10120407,502009571,Erlengasse,16.1,8240 Thayngen,2920,SH,real,False,22.08.2024,2694966,1288890
102590735,10046603,502009216,Tonwerkstrasse,4.1,8240 Thayngen,2920,SH,real,False,23.07.2024,2695324,1289000
102590736,10237818,502009340,Rebbergstrasse,85.2,8240 Thayngen,2920,SH,real,False,20.11.2024,2696293,1289512
102590737,10086747,502009916,Weinbergstrasse,12.2,8242 Bibern SH,2920,SH,real,False,23.07.2024,2692959,1292133
102590738,10048900,502009404,Lohningerweg,g1475,8240 Thayngen,2920,SH,real,False,23.07.2024,2694317,1289526
102590739,10129454,502009393,Mühleweg,4.1,8240 Thayngen,2920,SH,real,False,23.07.2024,2695119,1289437
102590741,10086747,502009915,Weinbergstrasse,13.1,8242 Bibern SH,2920,SH,real,False,05.09.2024,2692990,1292174
102590742,10048900,502009403,Lohningerweg,99.1,8240 Thayngen,2920,SH,real,False,23.07.2024,2694241,1289367
102590743,10024927,502010127,Föhrenhof,68.1,8243 Altdorf SH,2920,SH,real,False,19.09.2024,2690750,1294491
102590744,10237818,502009338,Rebbergstrasse,85.3,8240 Thayngen,2920,SH,real,False,23.07.2024,2696318,1289551
102590745,10086747,502009914,Weinbergstrasse,g28,8242 Bibern SH,2920,SH,real,False,23.07.2024,2693003,1292136
102590746,10120407,502009570,Erlengasse,16.2,8240 Thayngen,2920,SH,real,False,03.09.2024,2694946,1288870
102590748,10086747,502009913,Weinbergstrasse,6.1,8242 Bibern SH,2920,SH,real,False,17.09.2024,2693004,1292144
102590749,10237818,502009337,Rebbergstrasse,g331,8240 Thayngen,2920,SH,real,False,23.07.2024,2696397,1289601
102590750,10087055,502009402,Merzenbrunnenweg,4.1,8240 Thayngen,2920,SH,real,False,23.07.2024,2695203,1289567
102590751,10129454,502009392,Mühleweg,4.2,8240 Thayngen,2920,SH,real,False,23.07.2024,2695127,1289429
102590752,10086747,502009912,Weinbergstrasse,16.1,8242 Bibern SH,2920,SH,real,False,03.09.2024,2693053,1292095
102590753,10237818,502009336,Rebbergstrasse,89.1,8240 Thayngen,2920,SH,real,False,23.07.2024,2696302,1289509
102590754,10087055,502009401,Merzenbrunnenweg,g539,8240 Thayngen,2920,SH,real,False,23.07.2024,2695173,1289556
102590755,10086747,502009911,Weinbergstrasse,2.3,8242 Bibern SH,2920,SH,real,False,03.09.2024,2692868,1292167
102590756,10026386,502009706,Bolliweg,14.1,8240 Thayngen,2920,SH,real,False,23.07.2024,2695284,1289749
102590757,10237818,502009335,Rebbergstrasse,92.1,8240 Thayngen,2920,SH,real,False,23.07.2024,2696328,1289436
102590758,10018155,502009568,Wanngasse,25.3,8240 Thayngen,2920,SH,real,False,22.08.2024,2695627,1289389
102590759,10086747,502009910,Weinbergstrasse,2.2,8242 Bibern SH,2920,SH,real,False,11.09.2024,2692864,1292152
102590760,10046603,502009215,Tonwerkstrasse,g833,8240 Thayngen,2920,SH,real,False,23.07.2024,2695311,1288983
102590761,10237818,502009334,Rebbergstrasse,92.2,8240 Thayngen,2920,SH,real,False,23.07.2024,2696340,1289419
102590762,10048901,502009400,Mühlwiesstrasse,g459,8240 Thayngen,2920,SH,real,False,23.07.2024,2695098,1289662
102590763,10086747,502009909,Weinbergstrasse,2.1,8242 Bibern SH,2920,SH,real,False,31.08.2024,2692882,1292146
102590764,10024927,502010126,Föhrenhof,g98,8243 Altdorf SH,2920,SH,real,False,23.07.2024,2690744,1294538
102590765,10237818,502009333,Rebbergstrasse,96.1,8240 Thayngen,2920,SH,real,False,23.07.2024,2696371,1289421
102590766,10087050,502009567,Freihofstrasse,6.1,8240 Thayngen,2920,SH,real,False,23.07.2024,2694983,1289272
102590767,10185483,502009677,Buchbergstrasse,24.3,8240 Thayngen,2920,SH,real,False,23.07.2024,2695831,1289501
102590768,10087055,502009391,Merzenbrunnenweg,12.1,8240 Thayngen,2920,SH,real,False,14.08.2024,2695103,1289688
102590769,10237818,502009332,Rebbergstrasse,96.2,8240 Thayngen,2920,SH,real,False,23.07.2024,2696359,1289425
102590770,10167070,502010008,Mittlerfeldstrasse,1.2,8241 Barzheim,2920,SH,real,False,14.08.2024,2696134,1290683
102590771,10087048,502009676,Buchhaldenweg,10.1,8240 Thayngen,2920,SH,real,False,03.09.2024,2695042,1290150
102590772,10026386,502009705,Bolliweg,16.1,8240 Thayngen,2920,SH,real,False,23.07.2024,2695289,1289780
102590773,10108012,502009331,Reckholdersbüelweg,4.1,8240 Thayngen,2920,SH,real,False,23.07.2024,2695392,1289658
102590774,10167070,502010007,Mittlerfeldstrasse,1.1,8241 Barzheim,2920,SH,real,False,10.09.2024,2696141,1290672
102590775,10087048,502009675,Buchhaldenweg,18.1,8240 Thayngen,2920,SH,real,False,03.09.2024,2695053,1290150
102590777,10054972,502010085,Regelsrüti,67.1,8243 Altdorf SH,2920,SH,real,False,22.08.2024,2690626,1294254
102590778,10237814,502009566,Frohsinnweg,11.1,8240 Thayngen,2920,SH,real,False,23.07.2024,2694708,1289374
102590779,10087048,502009674,Buchhaldenweg,16.1,8240 Thayngen,2920,SH,real,False,03.09.2024,2695047,1290150
102590780,10048901,502009390,Mühlwiesstrasse,3,8240 Thayngen,2920,SH,real,False,19.11.2024,2695052,1289699
102590781,10054972,502010084,Regelsrüti,67.2,8243 Altdorf SH,2920,SH,real,False,03.09.2024,2690594,1294262
102590782,10087048,502009673,Buchhaldenweg,2.1,8240 Thayngen,2920,SH,real,False,05.09.2024,2694960,1290144
102590783,10172660,502010082,Unterdorf,6.1,8243 Altdorf SH,2920,SH,real,False,23.07.2024,2691471,1293274
102590784,10167070,502010005,Mittlerfeldstrasse,10.1,8241 Barzheim,2920,SH,real,False,23.07.2024,2696153,1290629
102590785,10072985,502009813,Reiathof,38.1,8236 Opfertshofen SH,2920,SH,real,False,23.07.2024,2690955,1291608
102590786,10087048,502009672,Buchhaldenweg,22b.1,8240 Thayngen,2920,SH,real,False,23.07.2024,2695095,1290137
102590787,10048901,502009389,Mühlwiesstrasse,1.1,8240 Thayngen,2920,SH,real,False,19.11.2024,2695041,1289692
102590788,10167070,502010004,Mittlerfeldstrasse,10.2,8241 Barzheim,2920,SH,real,False,23.07.2024,2696139,1290609
102590789,10072985,502009812,Reiathof,38.2,8236 Opfertshofen SH,2920,SH,real,False,23.07.2024,2690998,1291607
102590790,10087048,502009671,Buchhaldenweg,4.1,8240 Thayngen,2920,SH,real,False,05.09.2024,2694971,1290139
102590791,10026386,502009704,Bolliweg,17.1,8240 Thayngen,2920,SH,real,False,23.07.2024,2695228,1289776
102590792,10087052,502009498,Im Gatter,23.1,8240 Thayngen,2920,SH,real,False,23.07.2024,2694857,1289301
102590793,10072985,502009811,Reiathof,39.1,8236 Opfertshofen SH,2920,SH,real,False,23.07.2024,2690942,1291564
102590794,10087048,502009670,Buchhaldenweg,50.1,8240 Thayngen,2920,SH,real,False,10.09.2024,2695327,1290257
102590795,10172660,502010081,Unterdorf,6.2,8243 Altdorf SH,2920,SH,real,False,23.07.2024,2691471,1293279
102590796,10087052,502009497,Im Gatter,32.1,8240 Thayngen,2920,SH,real,False,22.08.2024,2694747,1289329
102590797,10072985,502009810,Reiathof,40.1,8236 Opfertshofen SH,2920,SH,real,False,23.07.2024,2690924,1291567
102590798,10024927,502010124,Föhrenhof,69.1,8243 Altdorf SH,2920,SH,real,False,20.11.2024,2690923,1294530
102590799,10087048,502009669,Buchhaldenweg,50.2,8240 Thayngen,2920,SH,real,False,10.09.2024,2695355,1290289
102590800,10087052,502009496,Im Gatter,32.2,8240 Thayngen,2920,SH,real,False,10.09.2024,2694736,1289339
102590801,10072985,502009809,Reiathof,40.2,8236 Opfertshofen SH,2920,SH,real,False,23.07.2024,2690909,1291566
102590802,10048901,502009388,Mühlwiesstrasse,1,8240 Thayngen,2920,SH,real,False,19.11.2024,2695036,1289695
102590803,10087045,502009668,Barzheimerstrasse,g700,8240 Thayngen,2920,SH,real,False,23.07.2024,2695472,1290274
102590804,10087052,502009495,Im Gatter,37.1,8240 Thayngen,2920,SH,real,False,14.08.2024,2694712,1289274
102590805,10072985,502009808,Reiathof,40.3,8236 Opfertshofen SH,2920,SH,real,False,23.07.2024,2690908,1291562
102590806,10026386,502009703,Bolliweg,20.1,8240 Thayngen,2920,SH,real,False,23.07.2024,2695279,1289807
102590807,10087045,502009666,Barzheimerstrasse,g751,8240 Thayngen,2920,SH,real,False,23.07.2024,2695183,1290033
102590808,10087052,502009494,Im Gatter,38.4,8240 Thayngen,2920,SH,real,False,23.11.2024,2694703,1289345
102590809,10072985,502009807,Reiathof,40.4,8236 Opfertshofen SH,2920,SH,real,False,23.07.2024,2690921,1291552
102590810,10172660,502010080,Unterdorf,6.3,8243 Altdorf SH,2920,SH,real,False,23.07.2024,2691501,1293252
102590811,10108010,502009665,Buechetellenweg,7.2,8240 Thayngen,2920,SH,real,False,05.09.2024,2695022,1290067
102590812,10087052,502009493,Im Gatter,38.3,8240 Thayngen,2920,SH,real,False,23.11.2024,2694693,1289346
102590813,10072985,502009806,Reiathof,40.5,8236 Opfertshofen SH,2920,SH,real,False,23.07.2024,2690851,1291513
102590814,10024927,502010123,Föhrenhof,69.2,8243 Altdorf SH,2920,SH,real,False,20.11.2024,2690935,1294522
102590815,10185486,502009664,Schlattergasse,g932,8240 Thayngen,2920,SH,real,False,23.07.2024,2695031,1290027
102590816,10087052,502009492,Im Gatter,39.1,8240 Thayngen,2920,SH,real,False,14.08.2024,2694685,1289273
102590817,10072985,502009805,Reiathof,40.6,8236 Opfertshofen SH,2920,SH,real,False,23.07.2024,2690849,1291511
102590818,10048901,502009387,Mühlwiesstrasse,9.1,8240 Thayngen,2920,SH,real,False,23.07.2024,2695079,1289729
102590819,10108010,502009663,Buechetellenweg,9d.1,8240 Thayngen,2920,SH,real,False,23.07.2024,2695018,1290105
102590820,10087052,502009491,Im Gatter,39.2,8240 Thayngen,2920,SH,real,False,14.08.2024,2694665,1289279
102590821,10072985,502009804,Reiathof,40.7,8236 Opfertshofen SH,2920,SH,real,False,23.07.2024,2690654,1291571
102590822,10172660,502010079,Unterdorf,7.1,8243 Altdorf SH,2920,SH,real,False,23.07.2024,2691528,1293270
102590823,10072984,502009856,Bützistrasse,18.1,8236 Opfertshofen SH,2920,SH,real,False,31.08.2024,2691411,1292393
102590824,10087052,502009490,Im Gatter,8.1,8240 Thayngen,2920,SH,real,False,23.07.2024,2694968,1289383
102590825,10087057,502009330,Reiatstrasse,g916,8240 Thayngen,2920,SH,real,False,11.09.2024,2694044,1289968
102590826,10026386,502009702,Bolliweg,5.1,8240 Thayngen,2920,SH,real,False,23.07.2024,2695278,1289673
102590827,10072984,502009855,Bützistrasse,g52,8236 Opfertshofen SH,2920,SH,real,False,23.07.2024,2691535,1292534
102590828,10087057,502009329,Reiatstrasse,102.2,8240 Thayngen,2920,SH,real,False,23.07.2024,2694042,1289969
102590829,10087052,502009489,Im Gatter,27.2,8240 Thayngen,2920,SH,real,False,15.08.2024,2694791,1289269
102590830,10172660,502010078,Unterdorf,7.2,8243 Altdorf SH,2920,SH,real,False,23.07.2024,2691570,1293276
102590831,10166494,502010049,Chirchegass,g3009,8241 Barzheim,2920,SH,real,False,23.07.2024,2696217,1290736
102590832,10125415,502009877,Im Gässli,1.1,8242 Hofen SH,2920,SH,real,False,15.08.2024,2692743,1293102
102590833,10087057,502009328,Reiatstrasse,102.3,8240 Thayngen,2920,SH,real,False,23.07.2024,2694039,1289970
102590834,10024927,502010122,Föhrenhof,69.3,8243 Altdorf SH,2920,SH,real,False,20.11.2024,2690931,1294574
102590835,10166494,502010048,Chirchegass,10.1,8241 Barzheim,2920,SH,real,False,14.08.2024,2696215,1290703
102590836,10024955,502009876,Oberhof,11.1,8242 Hofen SH,2920,SH,real,False,20.11.2024,2692738,1293124
102590837,10087057,502009327,Reiatstrasse,102.1,8240 Thayngen,2920,SH,real,False,11.09.2024,2694035,1289978
102590838,10024934,502009938,Sägistrasse,2.1,8242 Bibern SH,2920,SH,real,False,20.11.2024,2692750,1292096
102590839,10166494,502010047,Chirchegass,g3017,8241 Barzheim,2920,SH,real,False,23.07.2024,2696191,1290812
102590840,10054979,502009488,Im Hammen,11.1,8240 Thayngen,2920,SH,real,False,23.07.2024,2695460,1289683
102590841,10087057,502009326,Reiatstrasse,51.1,8240 Thayngen,2920,SH,real,False,23.07.2024,2694070,1289730
102590842,10026386,502009701,Bolliweg,7.1,8240 Thayngen,2920,SH,real,False,13.08.2024,2695277,1289683
102590843,10166494,502010046,Chirchegass,7.1,8241 Barzheim,2920,SH,real,False,14.08.2024,2696237,1290795
102590844,10087057,502009325,Reiatstrasse,51.10,8240 Thayngen,2920,SH,real,False,23.07.2024,2693998,1289800
102590845,10018138,502009487,Im Hugligrund,930.1,8240 Thayngen,2920,SH,real,False,23.07.2024,2695437,1288230
102590846,10128948,502009560,Grenzstrasse,72.3,8240 Thayngen,2920,SH,real,False,22.08.2024,2695695,1288550
102590847,10166494,502010045,Chirchegass,3,8241 Barzheim,2920,SH,real,False,21.11.2024,2696171,1290795
102590848,10087057,502009324,Reiatstrasse,51.11,8240 Thayngen,2920,SH,real,False,23.07.2024,2694131,1289622
102590849,10018138,502009486,Im Hugligrund,930.10,8240 Thayngen,2920,SH,real,False,23.07.2024,2695596,1286516
102590850,10024934,502009937,Sägistrasse,4,8242 Bibern SH,2920,SH,real,True,15.11.2024,2692732,1292104
102590851,10026388,502009661,Chlenglerweg,10.2,8240 Thayngen,2920,SH,real,False,23.07.2024,2696014,1289347
102590852,10087057,502009323,Reiatstrasse,51.12,8240 Thayngen,2920,SH,real,False,23.07.2024,2694132,1289611
102590853,10018138,502009485,Im Hugligrund,930.2,8240 Thayngen,2920,SH,real,False,23.07.2024,2695455,1288249
102590854,10125417,502009904,Bruggwiesenstrasse,g38,8242 Hofen SH,2920,SH,real,False,23.07.2024,2692912,1293148
102590855,10026388,502009660,Chlenglerweg,110.1,8240 Thayngen,2920,SH,real,False,23.07.2024,2696664,1289272
102590856,10128948,502009559,Grenzstrasse,84.1,8240 Thayngen,2920,SH,real,False,23.07.2024,2695852,1288578
102590857,10087057,502009322,Reiatstrasse,51.13,8240 Thayngen,2920,SH,real,False,23.07.2024,2694112,1289591
102590858,10018138,502009484,Im Hugligrund,930.3,8240 Thayngen,2920,SH,real,False,23.07.2024,2695430,1288209
102590859,10026388,502009659,Chlenglerweg,115.1,8240 Thayngen,2920,SH,real,False,23.07.2024,2696723,1289295
102590860,10087057,502009321,Reiatstrasse,51.14,8240 Thayngen,2920,SH,real,False,23.07.2024,2693896,1289658
102590861,10125417,502009903,Bruggwiesenstrasse,10.2,8242 Hofen SH,2920,SH,real,False,23.07.2024,2693153,1292864
102590862,10018138,502009483,Im Hugligrund,g618,8240 Thayngen,2920,SH,real,False,23.07.2024,2695338,1288151
102590863,10026388,502009658,Chlenglerweg,116.1,8240 Thayngen,2920,SH,real,False,23.07.2024,2696742,1289273
102590864,10186338,502009386,Münchbrunnenstrasse,26.1,8240 Thayngen,2920,SH,real,False,23.07.2024,2696264,1289388
102590865,10087057,502009320,Reiatstrasse,51.2,8240 Thayngen,2920,SH,real,False,23.07.2024,2694049,1289737
102590866,10018138,502009482,Im Hugligrund,930.5,8240 Thayngen,2920,SH,real,False,23.07.2024,2695024,1288238
102590867,10026388,502009657,Chlenglerweg,13.1,8240 Thayngen,2920,SH,real,False,23.07.2024,2696035,1289395
102590868,10172660,502010077,Unterdorf,7.3,8243 Altdorf SH,2920,SH,real,False,23.07.2024,2691601,1293278
102590869,10087057,502009319,Reiatstrasse,51.3,8240 Thayngen,2920,SH,real,False,23.07.2024,2694050,1289748
102590870,10018138,502009481,Im Hugligrund,930.6,8240 Thayngen,2920,SH,real,False,23.07.2024,2694937,1288043
102590872,10128948,502009558,Grenzstrasse,86.1,8240 Thayngen,2920,SH,real,False,23.07.2024,2695915,1288508
102590873,10087057,502009318,Reiatstrasse,51.4,8240 Thayngen,2920,SH,real,False,23.07.2024,2694035,1289740
102590874,10018138,502009480,Im Hugligrund,930.7,8240 Thayngen,2920,SH,real,False,23.07.2024,2695381,1287370
102590875,10026388,502009655,Chlenglerweg,136.1,8240 Thayngen,2920,SH,real,False,23.07.2024,2696818,1289254
102590876,10018144,502009385,Neuhausweg,15.1,8240 Thayngen,2920,SH,real,False,23.07.2024,2694905,1289424
102590877,10087057,502009317,Reiatstrasse,51.5,8240 Thayngen,2920,SH,real,False,23.07.2024,2694013,1289766
102590878,10018138,502009479,Im Hugligrund,g657,8240 Thayngen,2920,SH,real,False,23.07.2024,2695257,1286597
102590880,10237809,502010076,Dorfstrasse,,8243 Altdorf SH,2920,SH,real,False,04.12.2024,2691565,1293174
102590881,10087057,502009316,Reiatstrasse,51.6,8240 Thayngen,2920,SH,real,False,23.07.2024,2694031,1289807
102590882,10018138,502009478,Im Hugligrund,930.9,8240 Thayngen,2920,SH,real,False,23.07.2024,2694989,1286564
102590883,10026388,502009653,Chlenglerweg,14.1,8240 Thayngen,2920,SH,real,False,04.09.2024,2696043,1289357
102590884,10086743,502010056,Brunnegass,11.3,8241 Barzheim,2920,SH,real,False,14.08.2024,2696332,1290746
102590885,10087057,502009315,Reiatstrasse,51.7,8240 Thayngen,2920,SH,real,False,23.07.2024,2694017,1289807
102590886,10118351,502010015,Im Junkholz,1.1,8241 Barzheim,2920,SH,real,False,23.07.2024,2695879,1290384
102590887,10026388,502009652,Chlenglerweg,18.1,8240 Thayngen,2920,SH,real,False,23.07.2024,2696100,1289365
102590888,10128948,502009557,Grenzstrasse,86.2,8240 Thayngen,2920,SH,real,False,23.07.2024,2695874,1288508
102590889,10087057,502009314,Reiatstrasse,51.8,8240 Thayngen,2920,SH,real,False,23.07.2024,2694008,1289804
102590890,10118351,502010014,Im Junkholz,1.2,8241 Barzheim,2920,SH,real,False,23.07.2024,2695866,1290360
102590891,10026388,502009651,Chlenglerweg,18.2,8240 Thayngen,2920,SH,real,False,23.07.2024,2696099,1289370
102590892,10018144,502009384,Neuhausweg,12.1,8240 Thayngen,2920,SH,real,False,17.09.2024,2694943,1289376
102590893,10087057,502009313,Reiatstrasse,51.9,8240 Thayngen,2920,SH,real,False,23.07.2024,2693982,1289770
102590894,10118351,502010013,Im Junkholz,17.1,8241 Barzheim,2920,SH,real,False,23.07.2024,2695997,1290343
102590895,10026388,502009650,Chlenglerweg,18.3,8240 Thayngen,2920,SH,real,False,23.07.2024,2696100,1289354
102590896,10161002,502009988,Untere Junkholzstrasse,11.1,8241 Barzheim,2920,SH,real,False,23.07.2024,2696000,1290260
102590897,10048902,502009312,Rietstrasse,29.1,8240 Thayngen,2920,SH,real,False,19.11.2024,2694663,1289013
102590898,10118351,502010012,Im Junkholz,19.1,8241 Barzheim,2920,SH,real,False,23.07.2024,2696193,1290334
102590899,10026388,502009648,Chlenglerweg,2.2,8240 Thayngen,2920,SH,real,False,23.07.2024,2695910,1289206
102590900,10086743,502010055,Brunnegass,11.1,8241 Barzheim,2920,SH,real,False,15.08.2024,2696374,1290725
102590901,10048902,502009311,Rietstrasse,49.1,8240 Thayngen,2920,SH,real,False,14.08.2024,2694477,1289019
102590902,10237816,502009477,Im Kloster,16.1,8240 Thayngen,2920,SH,real,False,23.07.2024,2695018,1289466
102590903,10026388,502009647,Chlenglerweg,2.3,8240 Thayngen,2920,SH,real,False,23.07.2024,2695924,1289199
102590904,10161002,502009987,Untere Junkholzstrasse,11.2,8241 Barzheim,2920,SH,real,False,23.07.2024,2696084,1290173
102590905,10128948,502009310,Grenzstrasse,72.1,8240 Thayngen,2920,SH,real,False,19.09.2024,2695684,1288526
102590906,10237816,502009475,Im Kloster,15.1,8240 Thayngen,2920,SH,real,False,24.08.2024,2694971,1289448
102590907,10026388,502009646,Chlenglerweg,28.1,8240 Thayngen,2920,SH,real,False,23.07.2024,2696137,1289358
102590908,10018144,502009383,Neuhausweg,g745,8240 Thayngen,2920,SH,real,False,23.07.2024,2694941,1289390
102590909,10237816,502009474,Im Kloster,15.2,8240 Thayngen,2920,SH,real,False,10.09.2024,2694968,1289446
102590910,10018148,502009309,Rohrhaldenweg,10.1,8240 Thayngen,2920,SH,real,False,14.08.2024,2695691,1288525
102590911,10026388,502009645,Chlenglerweg,5.1,8240 Thayngen,2920,SH,real,False,23.07.2024,2695952,1289379
102590912,10128948,502009556,Grenzstrasse,88.1,8240 Thayngen,2920,SH,real,False,22.08.2024,2695913,1288513
102590913,10237816,502009473,Im Kloster,17.1,8240 Thayngen,2920,SH,real,False,24.08.2024,2694966,1289445
102590914,10161002,502009986,Untere Junkholzstrasse,7.1,8241 Barzheim,2920,SH,real,False,23.07.2024,2695945,1290308
102590915,10167068,502010017,Hegaustrasse,5.7,8241 Barzheim,2920,SH,real,False,21.11.2024,2696175,1290867
102590916,10026388,502009644,Chlenglerweg,66.1,8240 Thayngen,2920,SH,real,False,23.07.2024,2696364,1289309
102590917,10237816,502009472,Im Kloster,g95,8240 Thayngen,2920,SH,real,False,23.07.2024,2694963,1289444
102590918,10086743,502010054,Brunnegass,11.2,8241 Barzheim,2920,SH,real,False,14.08.2024,2696366,1290758
102590919,10167068,502010016,Hegaustrasse,5.1,8241 Barzheim,2920,SH,real,False,21.11.2024,2696137,1290878
102590920,10026388,502009643,Chlenglerweg,72.1,8240 Thayngen,2920,SH,real,False,23.07.2024,2696418,1289337
102590921,10073628,502009471,Liblosenweg,2.1,8240 Thayngen,2920,SH,real,False,23.07.2024,2695061,1289392
102590922,10147639,502009506,Im Gablemacher,11.1,8240 Thayngen,2920,SH,real,False,23.07.2024,2694480,1289628
102590923,10128948,502009555,Grenzstrasse,88.2,8240 Thayngen,2920,SH,real,False,23.07.2024,2695930,1288587
102590924,10026388,502009642,Chlenglerweg,78.1,8240 Thayngen,2920,SH,real,False,23.07.2024,2696485,1289340
102590925,10161002,502009985,Untere Junkholzstrasse,9.1,8241 Barzheim,2920,SH,real,False,23.07.2024,2695963,1290291
102590926,10147639,502009505,Im Gablemacher,25.1,8240 Thayngen,2920,SH,real,False,23.07.2024,2694421,1289647
102590927,10237816,502009470,Im Kloster,22.1,8240 Thayngen,2920,SH,real,False,23.07.2024,2695005,1289476
102590928,10026388,502009641,Chlenglerweg,8.1,8240 Thayngen,2920,SH,real,False,23.07.2024,2696014,1289354
102590929,10237816,502009469,Im Kloster,32.1,8240 Thayngen,2920,SH,real,False,23.07.2024,2694966,1289526
102590930,10121048,502009381,Oberbildweg,1.1,8240 Thayngen,2920,SH,real,False,13.08.2024,2694743,1289573
102590931,10147639,502009504,Im Gablemacher,4.1,8240 Thayngen,2920,SH,real,False,23.07.2024,2694491,1289575
102590932,10026389,502009640,Chnübrecherweg,10.1,8240 Thayngen,2920,SH,real,False,23.07.2024,2695148,1289907
102590933,10237815,502010097,Im Kloster,6.1,8243 Altdorf SH,2920,SH,real,False,23.07.2024,2691413,1293363
102590934,10185484,502009554,Guggenbüelweg,1.1,8240 Thayngen,2920,SH,real,False,23.07.2024,2695509,1289208
102590935,10172659,502010098,Im Garten,5.1,8243 Altdorf SH,2920,SH,real,False,24.08.2024,2691325,1293288
102590936,10087045,502009639,Barzheimerstrasse,22.2,8240 Thayngen,2920,SH,real,False,31.08.2024,2695131,1289976
102590937,10237816,502009468,Im Kloster,5.1,8240 Thayngen,2920,SH,real,False,17.09.2024,2694977,1289384
102590938,10087052,502009503,Im Gatter,10.2,8240 Thayngen,2920,SH,real,False,14.08.2024,2694957,1289381
102590939,10237809,502010075,Dorfstrasse,g75,8243 Altdorf SH,2920,SH,real,False,23.07.2024,2691953,1293493
102590940,10026389,502009638,Chnübrecherweg,13.1,8240 Thayngen,2920,SH,real,False,23.07.2024,2695084,1289909
102590941,10237815,502010096,Im Kloster,8.1,8243 Altdorf SH,2920,SH,real,False,23.07.2024,2691404,1293386
102590943,10086743,502010053,Brunnegass,g3082,8241 Barzheim,2920,SH,real,False,23.07.2024,2696311,1290700
102590944,10111806,502010111,Höfen,8.1,8243 Altdorf SH,2920,SH,real,False,23.07.2024,2691429,1293233
102590945,10121048,502009380,Oberbildweg,10.1,8240 Thayngen,2920,SH,real,False,23.07.2024,2694757,1289636
102590946,10237816,502009467,Im Kloster,9.1,8240 Thayngen,2920,SH,real,False,23.07.2024,2694978,1289404
102590948,10111806,502010110,Höfen,8.2,8243 Altdorf SH,2920,SH,real,False,23.07.2024,2691412,1293223
102590949,10185484,502009553,Guggenbüelweg,17.1,8240 Thayngen,2920,SH,real,False,13.08.2024,2695636,1289178
102590950,10129090,502010095,Wannenacker,g96,8243 Altdorf SH,2920,SH,real,False,23.07.2024,2691746,1293636
102590951,10087052,502009500,Im Gatter,19.1,8240 Thayngen,2920,SH,real,False,23.07.2024,2694896,1289291
102590952,10111806,502010109,Höfen,8.3,8243 Altdorf SH,2920,SH,real,False,23.07.2024,2691390,1293237
102590953,10129090,502010074,Wannenacker,5,8243 Altdorf SH,2920,SH,real,False,20.11.2024,2692001,1293618
102590954,10087052,502009499,Im Gatter,22.1,8240 Thayngen,2920,SH,real,False,23.07.2024,2694852,1289341
102590955,10024929,502010093,Im Leuen,3.1,8243 Altdorf SH,2920,SH,real,False,14.08.2024,2691479,1293549
102590956,10086743,502010052,Brunnegass,16,8241 Barzheim,2920,SH,real,False,21.11.2024,2696469,1290666
102590957,10237809,502010108,Dorfstrasse,g71,8243 Altdorf SH,2920,SH,real,False,23.07.2024,2692239,1293045
102590958,10018155,502009208,Wanngasse,23.2,8240 Thayngen,2920,SH,real,False,23.07.2024,2695601,1289366
102590959,10024929,502010092,Im Leuen,3.2,8243 Altdorf SH,2920,SH,real,False,23.07.2024,2691427,1293809
102590960,10121048,502009379,Oberbildweg,11.1,8240 Thayngen,2920,SH,real,False,14.08.2024,2694727,1289614
102590961,10072967,502010107,Hüslibach,3.1,8243 Altdorf SH,2920,SH,real,False,23.07.2024,2691601,1293340
102590962,10018155,502009207,Wanngasse,23.3,8240 Thayngen,2920,SH,real,False,23.07.2024,2695587,1289378
102590963,10024929,502010091,Im Leuen,g73,8243 Altdorf SH,2920,SH,real,False,23.07.2024,2691537,1293440
102590964,10185484,502009552,Guggenbüelweg,18.1,8240 Thayngen,2920,SH,real,False,23.07.2024,2695635,1289133
102590965,10072967,502010106,Hüslibach,7.1,8243 Altdorf SH,2920,SH,real,False,23.07.2024,2691620,1293416
102590966,10018155,502009206,Wanngasse,25.1,8240 Thayngen,2920,SH,real,False,23.07.2024,2695625,1289359
102590967,10024929,502010090,Im Leuen,4.1,8243 Altdorf SH,2920,SH,real,False,14.08.2024,2691541,1293438
102590968,10086743,502010051,Brunnegass,18,8241 Barzheim,2920,SH,real,False,21.11.2024,2696481,1290693
102590969,10072967,502010105,Hüslibach,7.2,8243 Altdorf SH,2920,SH,real,False,23.07.2024,2691606,1293407
102590970,10018155,502009205,Wanngasse,25.2,8240 Thayngen,2920,SH,real,False,23.07.2024,2695628,1289364
102590971,10018155,502009214,Wanngasse,13.1,8240 Thayngen,2920,SH,real,False,23.07.2024,2695542,1289346
102590972,10024929,502010089,Im Leuen,9.1,8243 Altdorf SH,2920,SH,real,False,22.08.2024,2691586,1293464
102590973,10026394,502009523,Hüttenlebenweg,12.1,8240 Thayngen,2920,SH,real,False,23.07.2024,2694141,1289843
102590974,10087044,502009204,Aeckerlistrasse,24.1,8240 Thayngen,2920,SH,real,False,19.11.2024,2695643,1289355
102590975,10120409,502009466,Schulstrasse,g1154,8240 Thayngen,2920,SH,real,False,23.07.2024,2695455,1289406
102590976,10121048,502009378,Oberbildweg,12.1,8240 Thayngen,2920,SH,real,False,23.07.2024,2694754,1289657
102590977,10026394,502009522,Hüttenlebenweg,19.1,8240 Thayngen,2920,SH,real,False,23.07.2024,2694106,1289893
102590978,10087044,502009203,Aeckerlistrasse,24,8240 Thayngen,2920,SH,real,False,19.11.2024,2695657,1289358
102590979,10120409,502009465,Schulstrasse,10.2,8240 Thayngen,2920,SH,real,False,23.07.2024,2695455,1289456
102590980,10185484,502009551,Guggenbüelweg,2.1,8240 Thayngen,2920,SH,real,False,13.08.2024,2695493,1289165
102590981,10026394,502009521,Hüttenlebenweg,20.1,8240 Thayngen,2920,SH,real,False,23.07.2024,2694151,1289872
102590982,10087044,502009202,Aeckerlistrasse,24.4,8240 Thayngen,2920,SH,real,False,19.11.2024,2695675,1289350
102590983,10087053,502009464,Im Oberhof,22.1,8240 Thayngen,2920,SH,real,False,23.07.2024,2695565,1289404
102590984,10018155,502009213,Wanngasse,g278,8240 Thayngen,2920,SH,real,False,23.07.2024,2695552,1289306
102590985,10026394,502009520,Hüttenlebenweg,20.2,8240 Thayngen,2920,SH,real,False,23.07.2024,2694145,1289911
102590986,10087044,502009201,Aeckerlistrasse,24.2,8240 Thayngen,2920,SH,real,False,19.11.2024,2695659,1289365
102590987,10087053,502009463,Im Oberhof,23.1,8240 Thayngen,2920,SH,real,False,23.07.2024,2695517,1289441
102590988,10086743,502010050,Brunnegass,g3048,8241 Barzheim,2920,SH,real,False,12.09.2024,2696661,1290473
102590989,10026394,502009519,Hüttenlebenweg,21.1,8240 Thayngen,2920,SH,real,False,23.07.2024,2694083,1289892
102590990,10018155,502009200,Wanngasse,37.1,8240 Thayngen,2920,SH,real,False,23.07.2024,2695678,1289327
102590991,10087053,502009462,Im Oberhof,23.2,8240 Thayngen,2920,SH,real,False,23.07.2024,2695516,1289452
102590992,10121048,502009377,Oberbildweg,13.1,8240 Thayngen,2920,SH,real,False,03.09.2024,2694725,1289616
102590993,10026394,502009517,Hüttenlebenweg,32.1,8240 Thayngen,2920,SH,real,False,23.07.2024,2694170,1289849
102590994,10018155,502009199,Wanngasse,g3,8240 Thayngen,2920,SH,real,False,23.07.2024,2695722,1289320
102590995,10087053,502009461,Im Oberhof,29.3,8240 Thayngen,2920,SH,real,False,20.08.2024,2695575,1289423
102590996,10018155,502009212,Wanngasse,16.2,8240 Thayngen,2920,SH,real,False,13.08.2024,2695568,1289295
102590997,10026394,502009516,Hüttenlebenweg,38.1,8240 Thayngen,2920,SH,real,False,23.07.2024,2694163,1289931
102590998,10018155,502009198,Wanngasse,6.2,8240 Thayngen,2920,SH,real,False,14.08.2024,2695492,1289303
102590999,10087053,502009459,Im Oberhof,29.1,8240 Thayngen,2920,SH,real,False,13.08.2024,2695580,1289438
102591000,10129730,502009700,Bröckligraben,10.1,8240 Thayngen,2920,SH,real,False,23.07.2024,2695245,1289799
102591001,10026394,502009515,Hüttenlebenweg,38.2,8240 Thayngen,2920,SH,real,False,23.07.2024,2694166,1289930
102591002,10087047,502009689,Bröckliweg,5.1,8240 Thayngen,2920,SH,real,False,23.07.2024,2695251,1289880
102591003,10087053,502009458,Im Oberhof,34.1,8240 Thayngen,2920,SH,real,False,23.07.2024,2695586,1289441
102591004,10185484,502009550,Guggenbüelweg,23.1,8240 Thayngen,2920,SH,real,False,13.08.2024,2695681,1289176
102591005,10087047,502009688,Bröckliweg,9.1,8240 Thayngen,2920,SH,real,False,23.07.2024,2695230,1289891
102591006,10026394,502009514,Hüttenlebenweg,40.1,8240 Thayngen,2920,SH,real,False,23.07.2024,2694181,1289925
102591007,10087053,502009457,Im Oberhof,34.2,8240 Thayngen,2920,SH,real,False,23.07.2024,2695621,1289444
102591008,10018155,502009211,Wanngasse,16.1,8240 Thayngen,2920,SH,real,False,13.08.2024,2695581,1289295
102591009,10087047,502009687,Bröckliweg,9.2,8240 Thayngen,2920,SH,real,False,23.07.2024,2695235,1289887
102591010,10024954,502009893,Chuttlerstrasse,4.4,8242 Hofen SH,2920,SH,real,False,23.07.2024,2692294,1292932
102591011,10087053,502009456,Im Oberhof,34.3,8240 Thayngen,2920,SH,real,False,23.07.2024,2695623,1289451
102591012,10185484,502009549,Guggenbüelweg,4.1,8240 Thayngen,2920,SH,real,False,13.08.2024,2695529,1289175
102591013,10026387,502009686,Brühlstrasse,282a,8240 Thayngen,2920,SH,real,False,23.07.2024,2695299,1289220
102591014,10120403,502009892,Hauptstrasse,1,8242 Hofen SH,2920,SH,real,True,20.11.2024,2692298,1292715
102591015,10087053,502009455,Im Oberhof,g37,8240 Thayngen,2920,SH,real,False,23.07.2024,2695621,1289473
102591016,10129730,502009699,Bröckligraben,2.1,8240 Thayngen,2920,SH,real,False,23.07.2024,2695188,1289758
102591017,10026387,502009685,Brühlstrasse,g282,8240 Thayngen,2920,SH,real,False,23.07.2024,2695260,1289226
102591018,10120403,502009891,Hauptstrasse,1.1,8242 Hofen SH,2920,SH,real,False,20.11.2024,2692287,1292716
102591019,10087053,502009454,Im Oberhof,4.1,8240 Thayngen,2920,SH,real,False,23.07.2024,2695522,1289348
102591020,10121048,502009375,Oberbildweg,14.2,8240 Thayngen,2920,SH,real,False,03.09.2024,2694744,1289672
102591021,10026387,502009684,Brühlstrasse,g287,8240 Thayngen,2920,SH,real,False,23.07.2024,2695318,1289219
102591022,10024954,502009890,Chuttlerstrasse,,8242 Hofen SH,2920,SH,real,False,04.12.2024,2692458,1293517
102591023,10087053,502009453,Im Oberhof,5.1,8240 Thayngen,2920,SH,real,False,23.07.2024,2695487,1289371
102591024,10018155,502009210,Wanngasse,17.1,8240 Thayngen,2920,SH,real,False,23.07.2024,2695560,1289368
102591025,10185483,502009683,Buchbergstrasse,g374,8240 Thayngen,2920,SH,real,False,23.07.2024,2695576,1289540
102591026,10237812,502009630,Dorfstrasse,1.1,8240 Thayngen,2920,SH,real,False,23.07.2024,2695173,1289284
102591027,10087053,502009452,Im Oberhof,g1451,8240 Thayngen,2920,SH,real,False,23.07.2024,2695462,1289364
102591028,10129730,502009698,Bröckligraben,4.1,8240 Thayngen,2920,SH,real,False,23.07.2024,2695226,1289789
102591029,10185483,502009682,Buchbergstrasse,13.1,8240 Thayngen,2920,SH,real,False,03.09.2024,2695693,1289551
102591030,10237809,502010134,Dorfstrasse,11.1,8243 Altdorf SH,2920,SH,real,False,23.07.2024,2691516,1293411
102591031,10072968,502010011,Im Russler,53.1,8241 Barzheim,2920,SH,real,False,23.07.2024,2695000,1290755
102591032,10185484,502009548,Guggenbüelweg,6.1,8240 Thayngen,2920,SH,real,False,23.07.2024,2695553,1289161
102591033,10185483,502009681,Buchbergstrasse,14.1,8240 Thayngen,2920,SH,real,False,03.09.2024,2695717,1289540
102591034,10237809,502010133,Dorfstrasse,12.1,8243 Altdorf SH,2920,SH,real,False,23.07.2024,2691466,1293419
102591035,10054980,502009451,Im Tal,309.1,8240 Thayngen,2920,SH,real,False,23.07.2024,2693975,1288220
102591036,10018155,502009209,Wanngasse,23.1,8240 Thayngen,2920,SH,real,False,23.07.2024,2695601,1289363
102591037,10185483,502009680,Buchbergstrasse,17.1,8240 Thayngen,2920,SH,real,False,13.08.2024,2695745,1289525
102591038,10237810,502009850,Dorfstrasse,12.2,8236 Opfertshofen SH,2920,SH,real,False,31.08.2024,2691657,1292594
102591039,10054980,502009450,Im Tal,g617,8240 Thayngen,2920,SH,real,False,23.07.2024,2694326,1287097
102591040,10121048,502009374,Oberbildweg,16.1,8240 Thayngen,2920,SH,real,False,03.09.2024,2694720,1289661
102591041,10185483,502009679,Buchbergstrasse,24.1,8240 Thayngen,2920,SH,real,False,23.07.2024,2695807,1289460
102591042,10054981,502009118,Zum Waldhof,120.2,8240 Thayngen,2920,SH,real,False,23.07.2024,2695658,1288347
102591043,10054980,502009449,Im Tal,309.3,8240 Thayngen,2920,SH,real,False,17.09.2024,2693982,1288297
102591044,10237811,502009967,Dorfstrasse,18.1,8242 Bibern SH,2920,SH,real,False,10.09.2024,2692800,1292057
102591045,10185483,502009678,Buchbergstrasse,24.2,8240 Thayngen,2920,SH,real,False,23.07.2024,2695810,1289501
102591046,10237815,502010103,Im Kloster,g50,8243 Altdorf SH,2920,SH,real,False,23.07.2024,2691407,1293340
102591047,10054980,502009447,Im Tal,309.4,8240 Thayngen,2920,SH,real,False,23.07.2024,2693981,1288341
102591048,10072969,502009933,Rosegghof,64.2,8242 Bibern SH,2920,SH,real,False,23.07.2024,2693478,1292205
102591049,10086747,502009908,Weinbergstrasse,16.3,8242 Bibern SH,2920,SH,real,False,03.09.2024,2693100,1292071
102591050,10072966,502010102,Im Bohl,22.1,8243 Altdorf SH,2920,SH,real,False,22.08.2024,2691303,1293393
102591052,10086747,502009907,Weinbergstrasse,23.1,8242 Bibern SH,2920,SH,real,False,23.07.2024,2693120,1292139
102591054,10024930,502010101,Neustrasse,g58,8243 Altdorf SH,2920,SH,real,False,23.07.2024,2691241,1293511
102591055,10054980,502009445,Im Tal,309.7,8240 Thayngen,2920,SH,real,False,23.07.2024,2694342,1287608
102591056,10237811,502009966,Dorfstrasse,18.2,8242 Bibern SH,2920,SH,real,False,14.08.2024,2692795,1292049
102591057,10086747,502009906,Weinbergstrasse,16.2,8242 Bibern SH,2920,SH,real,False,03.09.2024,2693106,1292082
102591058,10072966,502010100,Im Bohl,5.2,8243 Altdorf SH,2920,SH,real,False,14.08.2024,2691352,1293308
102591059,10054980,502009444,Im Tal,g1350,8240 Thayngen,2920,SH,real,False,23.07.2024,2694554,1287437
102591060,10018149,502009307,Rosengartenweg,6.1,8240 Thayngen,2920,SH,real,False,23.07.2024,2695295,1289409
102591061,10086747,502009905,Weinbergstrasse,g33,8242 Bibern SH,2920,SH,real,False,23.07.2024,2692927,1292137
102591062,10072966,502010099,Im Bohl,14.3,8243 Altdorf SH,2920,SH,real,False,24.08.2024,2691327,1293358
102591063,10018139,502009443,Im Winkel,11.1,8240 Thayngen,2920,SH,real,False,13.08.2024,2695486,1289292
102591064,10237811,502009965,Dorfstrasse,18.3,8242 Bibern SH,2920,SH,real,False,14.08.2024,2692786,1292047
102591065,10237809,502010072,Dorfstrasse,g64,8243 Altdorf SH,2920,SH,real,False,23.07.2024,2691254,1293196
102591066,10024931,502010035,Im Dorf,3.1,8241 Barzheim,2920,SH,real,False,17.09.2024,2696194,1290739
102591067,10018139,502009442,Im Winkel,4.1,8240 Thayngen,2920,SH,real,False,23.07.2024,2695475,1289269
102591069,10018156,502009196,Wippelstrasse,10.1,8240 Thayngen,2920,SH,real,False,23.07.2024,2693864,1289266
102591070,10024931,502010034,Im Dorf,3.3,8241 Barzheim,2920,SH,real,False,17.09.2024,2696206,1290746
102591071,10018139,502009441,Im Winkel,5.1,8240 Thayngen,2920,SH,real,False,23.07.2024,2695501,1289247
102591073,10018156,502009195,Wippelstrasse,10.10,8240 Thayngen,2920,SH,real,False,23.07.2024,2693907,1289330
102591074,10185485,502009440,In Büte,8.1,8240 Thayngen,2920,SH,real,False,23.08.2024,2695080,1289793
102591075,10024931,502010033,Im Dorf,3.2,8241 Barzheim,2920,SH,real,False,14.08.2024,2696203,1290721
102591076,10237810,502009841,Dorfstrasse,29.1,8236 Opfertshofen SH,2920,SH,real,False,17.09.2024,2691678,1292484
102591077,10018156,502009194,Wippelstrasse,10.11,8240 Thayngen,2920,SH,real,False,23.07.2024,2693877,1289209
102591078,10185485,502009439,In Büte,g195,8240 Thayngen,2920,SH,real,False,23.07.2024,2695081,1289775
102591079,10024931,502010032,Im Dorf,g3042,8241 Barzheim,2920,SH,real,False,23.07.2024,2696109,1290715
102591080,10237811,502009964,Dorfstrasse,20.1,8242 Bibern SH,2920,SH,real,False,23.07.2024,2692852,1292057
102591081,10018156,502009193,Wippelstrasse,10.12,8240 Thayngen,2920,SH,real,False,23.07.2024,2693887,1289406
102591082,10186334,502010010,In Gmeindgärte,3.1,8241 Barzheim,2920,SH,real,False,23.07.2024,2696254,1290797
102591083,10024931,502010031,Im Dorf,g3043,8241 Barzheim,2920,SH,real,False,23.07.2024,2696107,1290710
102591084,10018156,502009192,Wippelstrasse,10.13,8240 Thayngen,2920,SH,real,False,23.07.2024,2693931,1289404
102591085,10048903,502009304,Schaffhauserstrasse,10.1,8240 Thayngen,2920,SH,real,False,14.08.2024,2694683,1289266
102591086,10186334,502010009,In Gmeindgärte,7.1,8241 Barzheim,2920,SH,real,False,23.07.2024,2696268,1290833
102591087,10024931,502010029,Im Dorf,6.3,8241 Barzheim,2920,SH,real,False,15.08.2024,2696097,1290742
102591088,10018156,502009191,Wippelstrasse,10.14,8240 Thayngen,2920,SH,real,False,23.07.2024,2693980,1289241
102591089,10048903,502009303,Schaffhauserstrasse,17.1,8240 Thayngen,2920,SH,real,False,23.07.2024,2694606,1289276
102591090,10087054,502009438,In Liblose,1.2,8240 Thayngen,2920,SH,real,False,23.08.2024,2695077,1289298
102591091,10024931,502010028,Im Dorf,7.1,8241 Barzheim,2920,SH,real,False,23.07.2024,2696138,1290687
102591092,10018156,502009190,Wippelstrasse,10.15,8240 Thayngen,2920,SH,real,False,23.07.2024,2693992,1289280
102591093,10237810,502009840,Dorfstrasse,20.1,8236 Opfertshofen SH,2920,SH,real,False,23.07.2024,2691667,1292516
102591094,10087054,502009436,In Liblose,7.1,8240 Thayngen,2920,SH,real,False,23.08.2024,2695039,1289328
102591095,10192055,502010027,Gänzlerweg,10.2,8241 Barzheim,2920,SH,real,False,21.11.2024,2696172,1290675
102591096,10018156,502009189,Wippelstrasse,10.16,8240 Thayngen,2920,SH,real,False,23.07.2024,2693988,1289251
102591097,10048903,502009302,Schaffhauserstrasse,19.1,8240 Thayngen,2920,SH,real,False,23.07.2024,2694582,1289277
102591098,10018140,502009435,Industriestrasse,11.1,8240 Thayngen,2920,SH,real,False,31.08.2024,2694740,1288978
102591099,10024931,502010026,Im Dorf,9.1,8241 Barzheim,2920,SH,real,False,20.08.2024,2696119,1290693
102591100,10018156,502009188,Wippelstrasse,10.17,8240 Thayngen,2920,SH,real,False,23.07.2024,2693899,1289437
102591101,10237810,502009839,Dorfstrasse,22.1,8236 Opfertshofen SH,2920,SH,real,False,31.08.2024,2691628,1292504
102591102,10026385,502009434,Bohlstrasse,20,8240 Thayngen,2920,SH,real,False,15.11.2024,2694635,1288920
102591103,10167068,502010025,Hegaustrasse,5.9,8241 Barzheim,2920,SH,real,False,21.11.2024,2696145,1290868
102591104,10018156,502009187,Wippelstrasse,10.18,8240 Thayngen,2920,SH,real,False,23.07.2024,2693511,1288802
102591105,10048903,502009301,Schaffhauserstrasse,23.1,8240 Thayngen,2920,SH,real,False,23.07.2024,2694556,1289276
102591106,10018140,502009433,Industriestrasse,14.1,8240 Thayngen,2920,SH,real,False,23.07.2024,2694665,1288831
102591107,10024931,502010024,Im Dorf,g3050,8241 Barzheim,2920,SH,real,False,23.10.2024,2696181,1290899
102591108,10018156,502009186,Wippelstrasse,10.2,8240 Thayngen,2920,SH,real,False,23.07.2024,2693840,1289242
102591109,10167067,502010066,Alte Strasse,10.8,8241 Barzheim,2920,SH,real,False,14.08.2024,2695936,1290608
102591110,10186929,502009245,Stammlerbühlstrasse,12.1,8240 Thayngen,2920,SH,real,False,23.07.2024,2696095,1288692
102591111,10167068,502010023,Hegaustrasse,5.8,8241 Barzheim,2920,SH,real,False,21.11.2024,2696152,1290872
102591112,10018156,502009185,Wippelstrasse,10.3,8240 Thayngen,2920,SH,real,False,23.07.2024,2693810,1289240
102591113,10237812,502009627,Dorfstrasse,20.2,8240 Thayngen,2920,SH,real,False,31.08.2024,2695340,1289332
102591114,10186929,502009244,Stammlerbühlstrasse,12.2,8240 Thayngen,2920,SH,real,False,10.09.2024,2696033,1288688
102591115,10167068,502010022,Hegaustrasse,5.5,8241 Barzheim,2920,SH,real,False,21.11.2024,2696147,1290871
102591116,10018156,502009184,Wippelstrasse,10.4,8240 Thayngen,2920,SH,real,False,23.07.2024,2693861,1289235
102591117,10167067,502010065,Alte Strasse,10.7,8241 Barzheim,2920,SH,real,False,23.07.2024,2696050,1290604
102591118,10186929,502009243,Stammlerbühlstrasse,15.1,8240 Thayngen,2920,SH,real,False,23.07.2024,2695887,1288715
102591119,10018156,502009183,Wippelstrasse,10.5,8240 Thayngen,2920,SH,real,False,23.07.2024,2693880,1289243
102591120,10167068,502010021,Hegaustrasse,5.4,8241 Barzheim,2920,SH,real,False,21.11.2024,2696149,1290873
102591121,10237810,502009838,Dorfstrasse,23.1,8236 Opfertshofen SH,2920,SH,real,False,23.07.2024,2691661,1292438
102591122,10186929,502009242,Stammlerbühlstrasse,9.1,8240 Thayngen,2920,SH,real,False,23.07.2024,2695987,1288608
102591123,10167068,502010020,Hegaustrasse,5.3,8241 Barzheim,2920,SH,real,False,21.11.2024,2696154,1290875
102591124,10018156,502009182,Wippelstrasse,10.6,8240 Thayngen,2920,SH,real,False,23.07.2024,2693868,1289231
102591125,10167067,502010064,Alte Strasse,12,8241 Barzheim,2920,SH,real,True,23.07.2024,2695919,1290574
102591126,10186929,502009241,Stammlerbühlstrasse,9.2,8240 Thayngen,2920,SH,real,False,23.07.2024,2695988,1288600
102591127,10018156,502009181,Wippelstrasse,10.7,8240 Thayngen,2920,SH,real,False,23.07.2024,2693906,1289294
102591128,10167068,502010019,Hegaustrasse,5.6,8241 Barzheim,2920,SH,real,False,21.11.2024,2696175,1290854
102591129,10024933,502009984,Himmetwislistrasse,23,8242 Bibern SH,2920,SH,real,False,20.11.2024,2692852,1292251
102591130,10026383,502009728,Bietingerstrasse,11.1,8240 Thayngen,2920,SH,real,False,23.07.2024,2695712,1289267
102591131,10018156,502009180,Wippelstrasse,10.8,8240 Thayngen,2920,SH,real,False,23.07.2024,2693780,1289332
102591132,10121048,502009373,Oberbildweg,19.1,8240 Thayngen,2920,SH,real,False,23.07.2024,2694676,1289633
102591133,10237811,502009963,Dorfstrasse,16.3,8242 Bibern SH,2920,SH,real,False,17.09.2024,2692919,1292026
102591134,10026383,502009727,Bietingerstrasse,34.1,8240 Thayngen,2920,SH,real,False,15.08.2024,2695772,1289156
102591135,10018156,502009179,Wippelstrasse,10.9,8240 Thayngen,2920,SH,real,False,23.07.2024,2693839,1289214
102591136,10121048,502009372,Oberbildweg,2.1,8240 Thayngen,2920,SH,real,False,23.07.2024,2694834,1289560
102591137,10086744,502009983,Am Rahn,6.1,8242 Bibern SH,2920,SH,real,False,15.08.2024,2692882,1292206
102591138,10026383,502009725,Bietingerstrasse,40.3,8240 Thayngen,2920,SH,real,False,19.11.2024,2695923,1289164
102591139,10048903,502009178,Schaffhauserstrasse,g582,8240 Thayngen,2920,SH,real,False,23.07.2024,2694094,1289295
102591140,10121048,502009371,Oberbildweg,2.2,8240 Thayngen,2920,SH,real,False,23.07.2024,2694838,1289558
102591141,10086744,502009982,Am Rahn,6.2,8242 Bibern SH,2920,SH,real,False,15.08.2024,2692881,1292248
102591142,10026383,502009724,Bietingerstrasse,40.2,8240 Thayngen,2920,SH,real,False,19.11.2024,2695925,1289176
102591143,10106943,502009177,Wistenstrasse,20.1,8240 Thayngen,2920,SH,real,False,23.07.2024,2694763,1290151
102591144,10121048,502009370,Oberbildweg,4.1,8240 Thayngen,2920,SH,real,False,23.07.2024,2694793,1289597
102591145,10086744,502009981,Am Rahn,8.1,8242 Bibern SH,2920,SH,real,False,23.07.2024,2692887,1292203
102591146,10026383,502009723,Bietingerstrasse,40.1,8240 Thayngen,2920,SH,real,False,19.11.2024,2695930,1289154
102591147,10106943,502009176,Wistenstrasse,g1310,8240 Thayngen,2920,SH,real,False,23.07.2024,2694748,1290103
102591148,10237811,502009962,Dorfstrasse,16.1,8242 Bibern SH,2920,SH,real,False,23.07.2024,2692903,1292033
102591149,10024955,502009875,Oberhof,g8,8242 Hofen SH,2920,SH,real,False,23.07.2024,2692707,1293180
102591150,10026383,502009722,Bietingerstrasse,34.7,8240 Thayngen,2920,SH,real,False,23.07.2024,2695939,1289010
102591151,10237811,502009961,Dorfstrasse,16.2,8242 Bibern SH,2920,SH,real,False,23.07.2024,2692914,1292017
102591152,10106943,502009175,Wistenstrasse,g1147,8240 Thayngen,2920,SH,real,False,23.07.2024,2694944,1290087
102591153,10024955,502009874,Oberhof,14.2,8242 Hofen SH,2920,SH,real,False,23.07.2024,2692710,1293188
102591154,10026383,502009721,Bietingerstrasse,6.1,8240 Thayngen,2920,SH,real,False,13.08.2024,2695664,1289264
102591155,10086744,502009980,Am Rahn,8.2,8242 Bibern SH,2920,SH,real,False,23.07.2024,2692897,1292196
102591156,10106943,502009174,Wistenstrasse,30.1,8240 Thayngen,2920,SH,real,False,31.08.2024,2694609,1290242
102591157,10024955,502009873,Oberhof,14.3,8242 Hofen SH,2920,SH,real,False,23.07.2024,2692699,1293169
102591158,10024967,502009859,Birkenstrasse,2.1,8236 Opfertshofen SH,2920,SH,real,False,23.10.2024,2691677,1292692
102591159,10106943,502009173,Wistenstrasse,30.2,8240 Thayngen,2920,SH,real,False,23.07.2024,2694575,1290196
102591160,10024955,502009872,Oberhof,14.4,8242 Hofen SH,2920,SH,real,False,23.07.2024,2692698,1293182
102591161,10086744,502009979,Am Rahn,8.3,8242 Bibern SH,2920,SH,real,False,23.07.2024,2692924,1292207
102591162,10024967,502009858,Birkenstrasse,2.2,8236 Opfertshofen SH,2920,SH,real,False,23.10.2024,2691655,1292694
102591163,10106943,502009172,Wistenstrasse,30.3,8240 Thayngen,2920,SH,real,False,23.07.2024,2694509,1290205
102591164,10122247,502009871,Haldenweg,2,8242 Hofen SH,2920,SH,real,False,26.11.2024,2692699,1293190
102591165,10237810,502009837,Dorfstrasse,28.1,8236 Opfertshofen SH,2920,SH,real,False,23.07.2024,2691575,1292416
102591166,10024967,502009857,Birkenstrasse,6.1,8236 Opfertshofen SH,2920,SH,real,False,14.08.2024,2691624,1292687
102591167,10106943,502009171,Wistenstrasse,8.1,8240 Thayngen,2920,SH,real,False,23.07.2024,2694898,1290112
102591168,10025644,502009797,Bahnhofstrasse,1.1,8240 Thayngen,2920,SH,real,False,23.07.2024,2695150,1289240
102591169,10122247,502009870,Haldenweg,2.1,8242 Hofen SH,2920,SH,real,False,26.11.2024,2692685,1293190
102591170,10087046,502009720,Blumenstrasse,14.1,8240 Thayngen,2920,SH,real,False,23.07.2024,2694929,1289258
102591171,10106943,502009170,Wistenstrasse,8.2,8240 Thayngen,2920,SH,real,False,23.07.2024,2694893,1290115
102591172,10024955,502009869,Oberhof,16.1,8242 Hofen SH,2920,SH,real,False,23.07.2024,2692717,1293154
102591173,10237810,502009836,Dorfstrasse,28.2,8236 Opfertshofen SH,2920,SH,real,False,22.08.2024,2691562,1292416
102591174,10087046,502009719,Blumenstrasse,15.1,8240 Thayngen,2920,SH,real,False,23.07.2024,2694955,1289203
102591175,10087061,502009169,Wixlenweg,4.1,8240 Thayngen,2920,SH,real,False,23.07.2024,2694670,1290087
102591176,10025644,502009796,Bahnhofstrasse,19.1,8240 Thayngen,2920,SH,real,False,17.09.2024,2695173,1289177
102591177,10024955,502009868,Oberhof,g53,8242 Hofen SH,2920,SH,real,False,23.07.2024,2692699,1293147
102591178,10087046,502009718,Blumenstrasse,15.2,8240 Thayngen,2920,SH,real,False,23.07.2024,2694961,1289204
102591179,10087061,502009168,Wixlenweg,4.2,8240 Thayngen,2920,SH,real,False,23.07.2024,2694543,1290114
102591180,10018143,502009625,Mühlegasse,3.1,8240 Thayngen,2920,SH,real,False,23.08.2024,2695183,1289362
102591181,10024955,502009867,Oberhof,19.1,8242 Hofen SH,2920,SH,real,False,23.07.2024,2692755,1293082
102591182,10087046,502009717,Blumenstrasse,17.1,8240 Thayngen,2920,SH,real,False,23.07.2024,2694952,1289212
102591183,10087061,502009167,Wixlenweg,8.1,8240 Thayngen,2920,SH,real,False,13.08.2024,2694700,1290057
102591184,10025644,502009795,Bahnhofstrasse,251a.1,8240 Thayngen,2920,SH,real,False,23.07.2024,2695195,1289173
102591185,10120403,502009866,Hauptstrasse,g43,8242 Hofen SH,2920,SH,real,False,23.07.2024,2692749,1292984
102591186,10087046,502009715,Blumenstrasse,40.1,8240 Thayngen,2920,SH,real,False,13.08.2024,2694696,1289233
102591187,10087061,502009165,Wixlenweg,8.3,8240 Thayngen,2920,SH,real,False,31.08.2024,2694748,1290000
102591188,10025644,502009794,Bahnhofstrasse,24.1,8240 Thayngen,2920,SH,real,False,23.07.2024,2695073,1289192
102591189,10122247,502009865,Haldenweg,6,8242 Hofen SH,2920,SH,real,False,20.11.2024,2692757,1293205
102591190,10087046,502009714,Blumenstrasse,42.1,8240 Thayngen,2920,SH,real,False,10.09.2024,2694716,1289248
102591191,10167068,502010041,Hegaustrasse,11.1,8241 Barzheim,2920,SH,real,False,23.07.2024,2696217,1291066
102591192,10237810,502009835,Dorfstrasse,32.1,8236 Opfertshofen SH,2920,SH,real,False,22.08.2024,2691550,1292390
102591193,10024955,502009864,Oberhof,2.2,8242 Hofen SH,2920,SH,real,False,14.08.2024,2692783,1293225
102591194,10186337,502009713,Blumenweg,g417,8240 Thayngen,2920,SH,real,False,23.07.2024,2694859,1289172
102591196,10048902,502009793,Rietstrasse,2,8240 Thayngen,2920,SH,real,False,19.11.2024,2694907,1289064
102591197,10024955,502009863,Oberhof,22.1,8242 Hofen SH,2920,SH,real,False,23.07.2024,2692713,1293137
102591198,10024932,502009978,Bohl,,8242 Bibern SH,2920,SH,real,False,23.07.2024,2692869,1291985
102591199,10167068,502010039,Hegaustrasse,11.3,8241 Barzheim,2920,SH,real,False,23.07.2024,2696099,1291087
102591200,10237812,502009623,Dorfstrasse,32.1,8240 Thayngen,2920,SH,real,False,13.08.2024,2695352,1289327
102591201,10024955,502009862,Oberhof,22.2,8242 Hofen SH,2920,SH,real,False,21.11.2024,2692734,1293140
102591202,10024932,502009977,Bohl,12.1,8242 Bibern SH,2920,SH,real,False,20.11.2024,2692925,1291970
102591203,10167068,502010038,Hegaustrasse,6.1,8241 Barzheim,2920,SH,real,False,14.08.2024,2696203,1290830
102591204,10025644,502009792,Bahnhofstrasse,48.1,8240 Thayngen,2920,SH,real,False,23.07.2024,2694857,1289155
102591205,10024955,502009861,Oberhof,26.1,8242 Hofen SH,2920,SH,real,False,23.07.2024,2692696,1293099
102591206,10024932,502009976,Bohl,12,8242 Bibern SH,2920,SH,real,False,20.11.2024,2692911,1291978
102591207,10237810,502009834,Dorfstrasse,35.1,8236 Opfertshofen SH,2920,SH,real,False,22.08.2024,2691523,1292293
102591208,10054970,502010121,Hegistrasse,2.1,8243 Altdorf SH,2920,SH,real,False,03.09.2024,2691125,1293236
102591209,10024955,502009860,Oberhof,g22,8242 Hofen SH,2920,SH,real,False,23.07.2024,2692736,1293153
102591210,10024932,502009975,Bohl,12.2,8242 Bibern SH,2920,SH,real,False,20.11.2024,2692934,1291967
102591211,10025644,502009791,Bahnhofstrasse,31.3,8240 Thayngen,2920,SH,real,False,19.11.2024,2694968,1289100
102591212,10054970,502010120,Hegistrasse,2.2,8243 Altdorf SH,2920,SH,real,False,03.09.2024,2691145,1293214
102591213,10024932,502009974,Bohl,g47,8242 Bibern SH,2920,SH,real,False,23.07.2024,2692916,1291954
102591214,10087056,502009369,Palmenweg,1.1,8240 Thayngen,2920,SH,real,False,23.07.2024,2695022,1289453
102591215,10237810,502009833,Dorfstrasse,35.3,8236 Opfertshofen SH,2920,SH,real,False,22.08.2024,2691550,1292289
102591216,10165970,502010119,Wiechserstrasse,g97,8243 Altdorf SH,2920,SH,real,False,23.07.2024,2690906,1293414
102591217,10024932,502009973,Bohl,11.5,8242 Bibern SH,2920,SH,real,False,23.07.2024,2692937,1291867
102591218,10087056,502009368,Palmenweg,2.1,8240 Thayngen,2920,SH,real,False,03.09.2024,2695042,1289412
102591219,10025644,502009790,Bahnhofstrasse,31.2,8240 Thayngen,2920,SH,real,False,19.11.2024,2694967,1289086
102591220,10024933,502009945,Himmetwislistrasse,17.1,8242 Bibern SH,2920,SH,real,False,31.08.2024,2692945,1292212
102591221,10158544,502009972,Mülackerstrasse,4.1,8242 Bibern SH,2920,SH,real,False,20.11.2024,2692799,1292028
102591222,10237810,502009832,Dorfstrasse,36.1,8236 Opfertshofen SH,2920,SH,real,False,23.07.2024,2691548,1292338
102591223,10018145,502009367,Pflanzweg,2.1,8240 Thayngen,2920,SH,real,False,23.07.2024,2694536,1289275
102591224,10024933,502009944,Himmetwislistrasse,g76,8242 Bibern SH,2920,SH,real,False,23.07.2024,2692939,1292215
102591225,10025644,502009789,Bahnhofstrasse,29,8240 Thayngen,2920,SH,real,False,19.11.2024,2695012,1289115
102591226,10087044,502009801,Aeckerlistrasse,17.1,8240 Thayngen,2920,SH,real,False,13.08.2024,2695665,1289459
102591227,10024969,502009817,Püntstrasse,1.1,8236 Opfertshofen SH,2920,SH,real,False,11.09.2024,2691589,1292467
102591228,10024933,502009943,Himmetwislistrasse,2.1,8242 Bibern SH,2920,SH,real,False,23.07.2024,2693158,1292152
102591229,10026387,502009788,Brühlstrasse,19.6,8240 Thayngen,2920,SH,real,False,17.09.2024,2695429,1289119
102591230,10087044,502009800,Aeckerlistrasse,17.2,8240 Thayngen,2920,SH,real,False,23.07.2024,2695664,1289472
102591231,10024969,502009816,Püntstrasse,1.2,8236 Opfertshofen SH,2920,SH,real,False,14.08.2024,2691565,1292482
102591232,10024933,502009941,Himmetwislistrasse,7.1,8242 Bibern SH,2920,SH,real,False,03.09.2024,2693061,1292145
102591233,10026381,502009787,Bahnweg,5.1,8240 Thayngen,2920,SH,real,False,13.08.2024,2695546,1289131
102591234,10087044,502009799,Aeckerlistrasse,24.3,8240 Thayngen,2920,SH,real,False,19.11.2024,2695661,1289373
102591235,10024933,502009940,Himmetwislistrasse,g106,8242 Bibern SH,2920,SH,real,False,23.07.2024,2693118,1292170
102591236,10024969,502009815,Püntstrasse,11.1,8236 Opfertshofen SH,2920,SH,real,False,14.08.2024,2691603,1292596
102591237,10237810,502009830,Dorfstrasse,42.1,8236 Opfertshofen SH,2920,SH,real,False,23.07.2024,2691293,1292141
102591238,10087044,502009798,Aeckerlistrasse,9.1,8240 Thayngen,2920,SH,real,False,15.08.2024,2695647,1289514
102591239,10024969,502009814,Püntstrasse,g47,8236 Opfertshofen SH,2920,SH,real,False,23.07.2024,2691567,1292531
102591240,10167069,502010037,Hinterdorfstrasse,g3037,8241 Barzheim,2920,SH,real,False,23.07.2024,2696106,1290767
102591241,10185484,502009786,Guggenbüelweg,5.5,8240 Thayngen,2920,SH,real,False,14.08.2024,2695559,1289160
102591242,10167067,502010071,Alte Strasse,10.3,8241 Barzheim,2920,SH,real,False,14.08.2024,2696008,1290630
102591243,10167069,502010036,Hinterdorfstrasse,6.1,8241 Barzheim,2920,SH,real,False,14.08.2024,2696059,1290721
102591244,10018147,502009366,Ratsteig,5.1,8240 Thayngen,2920,SH,real,False,23.07.2024,2695347,1289382
102591245,10026381,502009785,Bahnweg,9.1,8240 Thayngen,2920,SH,real,False,23.07.2024,2695589,1289132
102591246,10167067,502010070,Alte Strasse,10.6,8241 Barzheim,2920,SH,real,False,14.08.2024,2695969,1290631
102591247,10026393,502009524,Hugisauweg,6.1,8240 Thayngen,2920,SH,real,False,23.07.2024,2696224,1289251
102591249,10237810,502009828,Dorfstrasse,42.3,8236 Opfertshofen SH,2920,SH,real,False,23.07.2024,2691194,1291917
102591250,10167067,502010069,Alte Strasse,10.2,8241 Barzheim,2920,SH,real,False,14.08.2024,2695956,1290600
102591251,10024928,502010118,Häldeli,44.1,8243 Altdorf SH,2920,SH,real,False,23.07.2024,2690956,1293615
102591252,10237818,502009364,Rebbergstrasse,104.2,8240 Thayngen,2920,SH,real,False,23.07.2024,2696447,1289376
102591253,10185484,502009784,Guggenbüelweg,9.1,8240 Thayngen,2920,SH,real,False,14.08.2024,2695574,1289156
102591254,10167067,502010068,Alte Strasse,10.4,8241 Barzheim,2920,SH,real,False,14.08.2024,2695969,1290577
102591255,10024928,502010117,Häldeli,44.2,8243 Altdorf SH,2920,SH,real,False,23.07.2024,2690947,1293615
102591257,10237810,502009827,Dorfstrasse,42.4,8236 Opfertshofen SH,2920,SH,real,False,23.07.2024,2691516,1291630
102591258,10167067,502010067,Alte Strasse,10.1,8241 Barzheim,2920,SH,real,False,14.08.2024,2695945,1290633
102591259,10024928,502010116,Häldeli,29.2,8243 Altdorf SH,2920,SH,real,False,14.08.2024,2691047,1293818
102591260,10120403,502009886,Hauptstrasse,10.1,8242 Hofen SH,2920,SH,real,False,31.08.2024,2692815,1293082
102591261,10087044,502009783,Aeckerlistrasse,18.1,8240 Thayngen,2920,SH,real,False,14.08.2024,2695727,1289399
102591262,10024928,502010115,Häldeli,46.1,8243 Altdorf SH,2920,SH,real,False,10.09.2024,2691029,1293845
102591263,10048903,502009300,Schaffhauserstrasse,26.1,8240 Thayngen,2920,SH,real,False,10.09.2024,2694548,1289333
102591264,10120403,502009955,Hauptstrasse,3.1,8242 Bibern SH,2920,SH,real,False,14.08.2024,2692874,1292116
102591265,10237810,502009826,Dorfstrasse,43.1,8236 Opfertshofen SH,2920,SH,real,False,31.08.2024,2691485,1292222
102591266,10111806,502010114,Höfen,1.1,8243 Altdorf SH,2920,SH,real,False,23.07.2024,2691441,1293284
102591267,10048903,502009299,Schaffhauserstrasse,28.1,8240 Thayngen,2920,SH,real,False,15.08.2024,2694519,1289358
102591268,10237810,502009825,Dorfstrasse,g56,8236 Opfertshofen SH,2920,SH,real,False,23.07.2024,2691695,1292708
102591269,10120403,502009885,Hauptstrasse,20.1,8242 Hofen SH,2920,SH,real,False,31.08.2024,2692842,1293199
102591270,10111806,502010113,Höfen,1.2,8243 Altdorf SH,2920,SH,real,False,23.07.2024,2691450,1293309
102591271,10048903,502009298,Schaffhauserstrasse,33.1,8240 Thayngen,2920,SH,real,False,09.08.2024,2694494,1289321
102591272,10111811,502009782,Barterweg,20.1,8240 Thayngen,2920,SH,real,False,23.07.2024,2695784,1289416
102591273,10120403,502009884,Hauptstrasse,24.1,8242 Hofen SH,2920,SH,real,False,31.08.2024,2692899,1293244
102591274,10026389,502009637,Chnübrecherweg,4.1,8240 Thayngen,2920,SH,real,False,23.07.2024,2695179,1289855
102591275,10048903,502009297,Schaffhauserstrasse,4.1,8240 Thayngen,2920,SH,real,False,15.08.2024,2694684,1289167
102591276,10237810,502009824,Dorfstrasse,5.1,8236 Opfertshofen SH,2920,SH,real,False,03.09.2024,2691738,1292723
102591277,10237819,502009954,Schützenweg,g49,8242 Bibern SH,2920,SH,real,False,23.07.2024,2692359,1292480
102591279,10048903,502009296,Schaffhauserstrasse,40.1,8240 Thayngen,2920,SH,real,False,23.07.2024,2694452,1289355
102591280,10111811,502009780,Barterweg,29.1,8240 Thayngen,2920,SH,real,False,14.08.2024,2695836,1289442
102591281,10120403,502009883,Hauptstrasse,31.2,8242 Hofen SH,2920,SH,real,False,03.09.2024,2692849,1293290
102591282,10106942,502009634,Schlatterweg,5.1,8240 Thayngen,2920,SH,real,False,31.08.2024,2695113,1289831
102591283,10048903,502009295,Schaffhauserstrasse,40.2,8240 Thayngen,2920,SH,real,False,10.09.2024,2694458,1289356
102591284,10120403,502009882,Hauptstrasse,37.1,8242 Hofen SH,2920,SH,real,False,23.07.2024,2692856,1293311
102591285,10087045,502009779,Barzheimerstrasse,1.1,8240 Thayngen,2920,SH,real,False,23.07.2024,2695024,1289619
102591286,10026389,502009633,Chnübrecherweg,6.1,8240 Thayngen,2920,SH,real,False,23.07.2024,2695159,1289865
102591287,10048903,502009294,Schaffhauserstrasse,55.1,8240 Thayngen,2920,SH,real,False,14.08.2024,2694282,1289340
102591288,10237810,502009823,Dorfstrasse,g55,8236 Opfertshofen SH,2920,SH,real,False,23.07.2024,2691866,1292816
102591289,10120403,502009881,Hauptstrasse,41.1,8242 Hofen SH,2920,SH,real,False,03.09.2024,2692934,1293386
102591290,10026389,502009632,Chnübrecherweg,6.2,8240 Thayngen,2920,SH,real,False,23.07.2024,2695152,1289868
102591291,10048903,502009293,Schaffhauserstrasse,55.2,8240 Thayngen,2920,SH,real,False,11.09.2024,2694260,1289327
102591292,10087045,502009778,Barzheimerstrasse,1.2,8240 Thayngen,2920,SH,real,False,23.07.2024,2695021,1289592
102591293,10120403,502009880,Hauptstrasse,41.2,8242 Hofen SH,2920,SH,real,False,15.08.2024,2692961,1293419
102591294,10026389,502009631,Chnübrecherweg,8.1,8240 Thayngen,2920,SH,real,False,23.07.2024,2695174,1289898
102591295,10048903,502009292,Schaffhauserstrasse,8.1,8240 Thayngen,2920,SH,real,False,14.08.2024,2694686,1289231
102591296,10237810,502009822,Dorfstrasse,5.4,8236 Opfertshofen SH,2920,SH,real,False,23.07.2024,2692083,1292777
102591297,10054976,502009854,Chrailerstrasse,63.2,8236 Opfertshofen SH,2920,SH,real,False,31.08.2024,2692248,1291875
102591298,10120403,502009952,Hauptstrasse,g75,8242 Bibern SH,2920,SH,real,False,23.07.2024,2692588,1292226
102591299,10087058,502009291,Schaffhauserzelgweg,3.1,8240 Thayngen,2920,SH,real,False,14.08.2024,2694391,1289374
102591300,10087045,502009777,Barzheimerstrasse,10.1,8240 Thayngen,2920,SH,real,False,23.07.2024,2695055,1289760
102591301,10054976,502009853,Chrailerstrasse,63.1,8236 Opfertshofen SH,2920,SH,real,False,31.08.2024,2692294,1291876
102591302,10120403,502009879,Hauptstrasse,63.2,8242 Hofen SH,2920,SH,real,False,03.09.2024,2693065,1293587
102591303,10087058,502009290,Schaffhauserzelgweg,7.1,8240 Thayngen,2920,SH,real,False,23.07.2024,2694351,1289378
102591304,10237810,502009821,Dorfstrasse,g58,8236 Opfertshofen SH,2920,SH,real,False,23.07.2024,2692119,1292833
102591305,10054976,502009852,Chrailerstrasse,63.3,8236 Opfertshofen SH,2920,SH,real,False,23.07.2024,2692273,1292076
102591306,10120403,502009878,Hauptstrasse,36.3,8242 Hofen SH,2920,SH,real,False,03.09.2024,2693041,1293544
102591307,10018150,502009289,Schelmenstieg,7.1,8240 Thayngen,2920,SH,real,False,23.07.2024,2696051,1289425
102591308,10087045,502010063,Barzheimerstrasse,110,8241 Barzheim,2920,SH,real,False,21.11.2024,2696054,1290714
102591309,10024954,502009901,Chuttlerstrasse,11,8242 Hofen SH,2920,SH,real,False,20.11.2024,2692606,1293216
102591310,10120403,502009951,Hauptstrasse,7.1,8242 Bibern SH,2920,SH,real,False,23.07.2024,2692651,1292286
102591311,10073629,502009288,Schenenbüelweg,14.1,8240 Thayngen,2920,SH,real,False,14.08.2024,2694384,1289255
102591313,10024954,502009900,Chuttlerstrasse,11.2,8242 Hofen SH,2920,SH,real,False,20.11.2024,2692602,1293228
102591314,10120403,502009950,Hauptstrasse,8.1,8242 Bibern SH,2920,SH,real,False,23.07.2024,2692662,1292207
102591315,10185486,502009287,Schlattergasse,110.1,8240 Thayngen,2920,SH,real,False,23.07.2024,2694744,1290597
102591316,10087045,502010062,Barzheimerstrasse,101.1,8241 Barzheim,2920,SH,real,False,19.11.2024,2696041,1290693
102591317,10024954,502009899,Chuttlerstrasse,11.1,8242 Hofen SH,2920,SH,real,False,20.11.2024,2692573,1293255
102591318,10024934,502009949,Sägistrasse,8.2,8242 Bibern SH,2920,SH,real,False,23.07.2024,2692700,1292150
102591319,10185486,502009286,Schlattergasse,110.2,8240 Thayngen,2920,SH,real,False,23.07.2024,2694500,1290514
102591320,10237812,502009621,Dorfstrasse,6.2,8240 Thayngen,2920,SH,real,False,23.07.2024,2695225,1289297
102591321,10024954,502009897,Chuttlerstrasse,11.3,8242 Hofen SH,2920,SH,real,False,20.11.2024,2692580,1293290
102591322,10120403,502009948,Hauptstrasse,9.3,8242 Bibern SH,2920,SH,real,False,31.08.2024,2692666,1292245
102591323,10185486,502009285,Schlattergasse,16.1,8240 Thayngen,2920,SH,real,False,23.07.2024,2694984,1290068
102591324,10087045,502010060,Barzheimerstrasse,101.3,8241 Barzheim,2920,SH,real,False,14.08.2024,2696040,1290667
102591325,10024954,502009896,Chuttlerstrasse,4.1,8242 Hofen SH,2920,SH,real,False,23.07.2024,2692706,1293057
102591326,10120403,502009947,Hauptstrasse,9.1,8242 Bibern SH,2920,SH,real,False,03.09.2024,2692666,1292257
102591327,10185486,502009284,Schlattergasse,4.1,8240 Thayngen,2920,SH,real,False,13.08.2024,2695059,1289974
102591328,10024934,502009960,Sägistrasse,2,8242 Bibern SH,2920,SH,real,False,20.11.2024,2692773,1292117
102591329,10212495,502009895,Altdorferstrasse,g50,8242 Hofen SH,2920,SH,real,False,23.07.2024,2692409,1292938
102591330,10192057,502009527,Heereberg,1.1,8240 Thayngen,2920,SH,real,False,23.07.2024,2696209,1289629
102591331,10185486,502009283,Schlattergasse,g929,8240 Thayngen,2920,SH,real,False,23.07.2024,2695047,1289991
102591332,10087045,502010059,Barzheimerstrasse,101.2,8241 Barzheim,2920,SH,real,False,14.08.2024,2696026,1290680
102591333,10120403,502009894,Hauptstrasse,g44,8242 Hofen SH,2920,SH,real,False,23.07.2024,2692480,1292756
102591334,10192057,502009526,Heereberg,1.2,8240 Thayngen,2920,SH,real,False,23.07.2024,2696172,1289611
102591335,10185486,502009282,Schlattergasse,4.3,8240 Thayngen,2920,SH,real,False,23.07.2024,2695041,1289999
102591336,10087045,502010058,Barzheimerstrasse,9.5,8241 Barzheim,2920,SH,real,False,17.09.2024,2696016,1290774
102591337,10026394,502009513,Hüttenlebenweg,40.2,8240 Thayngen,2920,SH,real,False,23.07.2024,2694178,1289926
102591338,10192057,502009525,Heereberg,1.3,8240 Thayngen,2920,SH,real,False,23.07.2024,2696104,1289820
102591339,10237810,502009819,Dorfstrasse,g32,8236 Opfertshofen SH,2920,SH,real,False,23.07.2024,2691737,1292580
102591340,10167071,502010002,Schlatterstrasse,12.1,8241 Barzheim,2920,SH,real,False,23.07.2024,2696106,1290858
102591341,10026394,502009512,Hüttenlebenweg,42.1,8240 Thayngen,2920,SH,real,False,23.07.2024,2694200,1289906
102591342,10073632,502009164,Wydenweg,1.1,8240 Thayngen,2920,SH,real,False,23.07.2024,2694633,1289199
102591343,10087045,502010057,Barzheimerstrasse,g3047,8241 Barzheim,2920,SH,real,False,23.07.2024,2695863,1290659
102591344,10167071,502010001,Schlatterstrasse,16.2,8241 Barzheim,2920,SH,real,False,14.08.2024,2696084,1290844
102591345,10026394,502009511,Hüttenlebenweg,44.1,8240 Thayngen,2920,SH,real,False,23.07.2024,2694168,1289929
102591346,10073632,502009163,Wydenweg,14.1,8240 Thayngen,2920,SH,real,False,03.09.2024,2694478,1289218
102591347,10237810,502009818,Dorfstrasse,,8236 Opfertshofen SH,2920,SH,real,False,04.12.2024,2692005,1292575
102591348,10167071,502010000,Schlatterstrasse,18.1,8241 Barzheim,2920,SH,real,False,14.08.2024,2696054,1290851
102591349,10026394,502009510,Hüttenlebenweg,46.1,8240 Thayngen,2920,SH,real,False,23.07.2024,2694175,1289927
102591350,10073632,502009162,Wydenweg,16.3,8240 Thayngen,2920,SH,real,False,11.09.2024,2694461,1289239
102591351,10167071,502009999,Schlatterstrasse,g3059,8241 Barzheim,2920,SH,real,False,23.07.2024,2696073,1290858
102591352,10026394,502009509,Hüttenlebenweg,6.1,8240 Thayngen,2920,SH,real,False,23.07.2024,2694133,1289787
102591353,10073632,502009161,Wydenweg,16.2,8240 Thayngen,2920,SH,real,False,23.07.2024,2694458,1289239
102591354,10167071,502009998,Schlatterstrasse,18.2,8241 Barzheim,2920,SH,real,False,17.09.2024,2696042,1290870
102591355,10026395,502009508,Im Abt,1.1,8240 Thayngen,2920,SH,real,False,23.07.2024,2696175,1289354
102591356,10073632,502009160,Wydenweg,16.1,8240 Thayngen,2920,SH,real,False,11.09.2024,2694465,1289217
102591357,10167071,502009996,Schlatterstrasse,g3036,8241 Barzheim,2920,SH,real,False,23.07.2024,2696111,1290783
102591358,10026395,502009507,Im Abt,g332,8240 Thayngen,2920,SH,real,False,23.07.2024,2696201,1289312
102591359,10073632,502009159,Wydenweg,16.4,8240 Thayngen,2920,SH,real,False,11.09.2024,2694472,1289218
102591360,10167071,502009995,Schlatterstrasse,9.6,8241 Barzheim,2920,SH,real,False,18.09.2024,2696023,1290782
102591361,10072966,502010104,Im Bohl,11.1,8243 Altdorf SH,2920,SH,real,False,22.08.2024,2691303,1293311
102591362,10073632,502009158,Wydenweg,5.1,8240 Thayngen,2920,SH,real,False,23.07.2024,2694628,1289200
102591363,10167071,502009994,Schlatterstrasse,9.5,8241 Barzheim,2920,SH,real,False,17.09.2024,2696022,1290779
102591364,10054981,502009116,Zum Waldhof,120.4,8240 Thayngen,2920,SH,real,False,23.07.2024,2695629,1288287
102591365,10018157,502009157,Zieglerweg,1.1,8240 Thayngen,2920,SH,real,False,23.07.2024,2694868,1289569
102591366,10167071,502009993,Schlatterstrasse,9.2,8241 Barzheim,2920,SH,real,False,17.09.2024,2696034,1290841
102591367,10054981,502009115,Zum Waldhof,120.5,8240 Thayngen,2920,SH,real,False,23.07.2024,2695623,1288269
102591368,10018157,502009156,Zieglerweg,12.1,8240 Thayngen,2920,SH,real,False,23.07.2024,2694867,1289662
102591369,10167071,502009992,Schlatterstrasse,9.3,8241 Barzheim,2920,SH,real,False,17.09.2024,2696044,1290810
102591370,10054981,502009114,Zum Waldhof,120.6,8240 Thayngen,2920,SH,real,False,23.07.2024,2695495,1288416
102591371,10018157,502009154,Zieglerweg,15.2,8240 Thayngen,2920,SH,real,False,23.07.2024,2694787,1289621
102591372,10167071,502009991,Schlatterstrasse,9.4,8241 Barzheim,2920,SH,real,False,17.09.2024,2696007,1290846
102591373,10072969,502009934,Rosegghof,64.1,8242 Bibern SH,2920,SH,real,False,23.07.2024,2693475,1292231
102591374,10018157,502009153,Zieglerweg,19.1,8240 Thayngen,2920,SH,real,False,23.07.2024,2694787,1289641
102591375,10018157,502009152,Zieglerweg,2.1,8240 Thayngen,2920,SH,real,False,23.07.2024,2694889,1289586
102591404,10246557,191857631,Winkelweg,2,8224 Löhningen,2903,SH,real,False,15.11.2024,2683425,1283920
102591413,10246557,191857648,Winkelweg,4,8224 Löhningen,2903,SH,real,False,15.11.2024,2683424,1283888
102591414,10246557,191857649,Winkelweg,6,8224 Löhningen,2903,SH,real,False,15.11.2024,2683425,1283880
102591415,10246557,191857650,Winkelweg,8,8224 Löhningen,2903,SH,real,False,15.11.2024,2683438,1283891
102591416,10246557,191857651,Winkelweg,10,8224 Löhningen,2903,SH,real,False,15.11.2024,2683445,1283888
102591417,10246557,191857652,Winkelweg,12,8224 Löhningen,2903,SH,real,False,15.11.2024,2683461,1283893
102591418,10246557,191857653,Winkelweg,14,8224 Löhningen,2903,SH,real,False,15.11.2024,2683469,1283890
102591420,10246557,191857655,Winkelweg,16,8224 Löhningen,2903,SH,real,False,15.11.2024,2683462,1283922
102591422,10091166,191857657,Fabrikstrasse,9,8224 Löhningen,2903,SH,real,False,19.11.2024,2683411,1283893
102591426,10246557,191857631,Winkelweg,2a,8224 Löhningen,2903,SH,real,False,15.11.2024,2683439,1283920
102591432,10246558,191857666,Zaunfabrik,2,8224 Löhningen,2903,SH,real,False,15.11.2024,2683418,1283855
102591433,10246558,191857667,Zaunfabrik,4,8224 Löhningen,2903,SH,real,False,15.11.2024,2683442,1283858
102591434,10246558,191857668,Zaunfabrik,6,8224 Löhningen,2903,SH,real,False,15.11.2024,2683464,1283859
102591435,10246558,191857669,Zaunfabrik,8,8224 Löhningen,2903,SH,real,False,15.11.2024,2683487,1283861
102591437,10246558,191857671,Zaunfabrik,7,8224 Löhningen,2903,SH,real,False,15.11.2024,2683489,1283887
102592497,10146641,191857710,Anthoptstrasse,6,8222 Beringen,2932,SH,real,False,15.11.2024,2686456,1283235
102592509,10072985,191857721,Reiathof,,8236 Opfertshofen SH,2920,SH,real,True,23.07.2024,2691507,1291589
102592511,10018142,191857723,Landheimweg,6.1,8240 Thayngen,2920,SH,real,True,30.10.2024,2694726,1289405
102592512,10054980,191857724,Im Tal,309.6,8240 Thayngen,2920,SH,real,True,23.07.2024,2693464,1288125
102592513,10026383,191857725,Bietingerstrasse,40,8240 Thayngen,2920,SH,real,True,19.11.2024,2695891,1289169
102592515,10026388,191857727,Chlenglerweg,110.2,8240 Thayngen,2920,SH,real,False,23.07.2024,2696669,1289297
102592516,10120406,191857728,Biberstrasse,50.1,8240 Thayngen,2920,SH,real,True,23.07.2024,2694981,1289660
102592517,10118351,191857729,Im Junkholz,6.1,8241 Barzheim,2920,SH,real,True,23.07.2024,2695934,1290346
102592523,10237814,191857761,Frohsinnweg,21,8240 Thayngen,2920,SH,real,True,21.11.2024,2694738,1289419
102592592,10085757,191857941,Wiesenweg,16,8200 Schaffhausen,2939,SH,real,True,15.11.2024,2689709,1284615
102592623,10017867,191858041,Hofstettenstrasse,24.1,8212 Neuhausen am Rheinfall,2937,SH,real,True,23.07.2024,2687420,1281830
102592662,10113214,191858184,Faselroo,703,8262 Ramsen,2963,SH,real,True,15.11.2024,2703293,1284748
102592664,10113214,191858185,Faselroo,703.1,8262 Ramsen,2963,SH,real,True,23.07.2024,2703284,1284747
102592874,10073096,502010255,Rhigüetliweg,7.1,8260 Stein am Rhein,2964,SH,real,False,23.07.2024,2707596,1279587
102592875,10071982,502010154,Brodlaubegass,11.1,8260 Stein am Rhein,2964,SH,real,False,23.07.2024,2706704,1279837
102592876,10091105,502010590,Rietstrasse,40.1,8260 Stein am Rhein,2964,SH,real,False,23.07.2024,2706234,1280243
102592877,10110819,502010548,Espiweg,36.1,8260 Stein am Rhein,2964,SH,real,False,23.07.2024,2706302,1279680
102592878,10091105,502010150,Rietstrasse,42.1,8260 Stein am Rhein,2964,SH,real,False,23.07.2024,2706194,1280246
102592879,10125668,502010329,Im Randen,1.2,8260 Stein am Rhein,2964,SH,real,False,23.07.2024,2705506,1280945
102592880,10090058,502010434,Mühlenstrasse,14.2,8260 Stein am Rhein,2964,SH,real,False,23.07.2024,2707001,1279966
102592881,10110819,502010384,Espiweg,36.2,8260 Stein am Rhein,2964,SH,real,False,23.07.2024,2706306,1279706
102592882,10091105,502010149,Rietstrasse,44.1,8260 Stein am Rhein,2964,SH,real,False,23.07.2024,2706191,1280246
102592883,10125668,502010222,Im Randen,1.20,8260 Stein am Rhein,2964,SH,real,False,23.07.2024,2705327,1281152
102592884,10071982,502010422,Brodlaubegass,13.1,8260 Stein am Rhein,2964,SH,real,False,23.07.2024,2706707,1279841
102592886,10091105,502010147,Rietstrasse,44.2,8260 Stein am Rhein,2964,SH,real,False,23.07.2024,2706185,1280275
102592887,10125668,502010499,Im Randen,1.21,8260 Stein am Rhein,2964,SH,real,False,23.07.2024,2705343,1281210
102592888,10090058,502010234,Mühlenstrasse,15.1,8260 Stein am Rhein,2964,SH,real,False,23.07.2024,2706912,1279968
102592889,10110819,502010404,Espiweg,38.1,8260 Stein am Rhein,2964,SH,real,False,23.07.2024,2706275,1279641
102592890,10091105,502010485,Rietstrasse,45.1,8260 Stein am Rhein,2964,SH,real,False,23.07.2024,2706139,1280237
102592891,10125668,502010276,Im Randen,1.22,8260 Stein am Rhein,2964,SH,real,False,23.07.2024,2705274,1281175
102592892,10090058,502010570,Mühlenstrasse,16.1,8260 Stein am Rhein,2964,SH,real,False,23.07.2024,2706946,1279979
102592893,10110819,502010461,Espiweg,40.1,8260 Stein am Rhein,2964,SH,real,False,23.07.2024,2706263,1279670
102592894,10125668,502010192,Im Randen,1.23,8260 Stein am Rhein,2964,SH,real,False,23.07.2024,2705104,1281115
102592895,10031617,502010248,Bruggsteg,14.1,8260 Stein am Rhein,2964,SH,real,False,23.07.2024,2706824,1279262
102592896,10091105,502010371,Rietstrasse,8.1,8260 Stein am Rhein,2964,SH,real,False,23.07.2024,2706572,1280091
102592897,10110819,502010270,Espiweg,41.1,8260 Stein am Rhein,2964,SH,real,False,23.07.2024,2706313,1279566
102592898,10090058,502010527,Mühlenstrasse,7.1,8260 Stein am Rhein,2964,SH,real,False,23.07.2024,2706993,1279881
102592899,10125668,502010465,Im Randen,1.3,8260 Stein am Rhein,2964,SH,real,False,23.07.2024,2705577,1280936
102592900,10161532,502010598,Rietweg,1.1,8260 Stein am Rhein,2964,SH,real,False,23.07.2024,2706297,1280307
102592901,10110819,502010257,Espiweg,42.1,8260 Stein am Rhein,2964,SH,real,False,23.07.2024,2706268,1279613
102592902,10031617,502010466,Bruggsteg,18.1,8260 Stein am Rhein,2964,SH,real,False,23.07.2024,2706846,1279299
102592903,10125668,502010626,Im Randen,1.4,8260 Stein am Rhein,2964,SH,real,False,23.07.2024,2705629,1280896
102592904,10161532,502010513,Rietweg,10.1,8260 Stein am Rhein,2964,SH,real,False,23.07.2024,2706232,1280386
102592905,10110819,502010246,Espiweg,43.1,8260 Stein am Rhein,2964,SH,real,False,23.07.2024,2706318,1279593
102592906,10090058,502010325,Mühlenstrasse,8.1,8260 Stein am Rhein,2964,SH,real,False,23.07.2024,2707111,1279830
102592907,10073090,502010223,Grossi Schanz,22.1,8260 Stein am Rhein,2964,SH,real,False,23.07.2024,2706690,1279993
102592908,10161532,502010382,Rietweg,10.2,8260 Stein am Rhein,2964,SH,real,False,23.07.2024,2706224,1280432
102592909,10110819,502010179,Espiweg,43.2,8260 Stein am Rhein,2964,SH,real,False,23.07.2024,2706312,1279582
102592910,10031922,502010182,Hanfacker,22.1,8260 Stein am Rhein,2964,SH,real,False,23.07.2024,2706007,1279280
102592911,10087230,502010368,Burgackerstrasse,4.1,8260 Stein am Rhein,2964,SH,real,False,23.07.2024,2706613,1279193
102592913,10031938,502010484,Understadt,21.2,8260 Stein am Rhein,2964,SH,real,False,23.07.2024,2706596,1279822
102592914,10110819,502010298,Espiweg,45.1,8260 Stein am Rhein,2964,SH,real,False,23.07.2024,2706308,1279574
102592915,10031928,502010373,Neugass,7.1,8260 Stein am Rhein,2964,SH,real,False,23.07.2024,2706734,1279769
102592916,10161532,502010582,Rietweg,8.1,8260 Stein am Rhein,2964,SH,real,False,23.07.2024,2706248,1280364
102592917,10193350,502010359,Chlosterhof,9.2,8260 Stein am Rhein,2964,SH,real,False,23.07.2024,2706794,1279645
102592918,10110819,502010244,Espiweg,45.2,8260 Stein am Rhein,2964,SH,real,False,23.07.2024,2706296,1279555
102592919,10071983,502010428,Burgwisstrasse,6.1,8260 Stein am Rhein,2964,SH,real,False,23.07.2024,2706746,1278990
102592920,10031935,502010480,Roseberg,15.2,8260 Stein am Rhein,2964,SH,real,False,23.07.2024,2706520,1279308
102592921,10090056,502010593,Hohrainstrasse,15.2,8260 Stein am Rhein,2964,SH,real,False,23.07.2024,2706006,1280412
102592922,10053532,502010424,Faleberg,2.1,8260 Stein am Rhein,2964,SH,real,False,23.07.2024,2707450,1280849
102592923,10031935,502010139,Roseberg,15.3,8260 Stein am Rhein,2964,SH,real,False,23.07.2024,2706512,1279298
102592924,10071983,502010250,Burgwisstrasse,6.2,8260 Stein am Rhein,2964,SH,real,False,23.07.2024,2706759,1278991
102592925,10031925,502010254,Hoseweg,10.1,8260 Stein am Rhein,2964,SH,real,False,23.07.2024,2705777,1280355
102592926,10031935,502010315,Roseberg,7.1,8260 Stein am Rhein,2964,SH,real,False,23.07.2024,2706556,1279284
102592927,10053532,502010407,Faleberg,2.2,8260 Stein am Rhein,2964,SH,real,False,23.07.2024,2707414,1280833
102592928,10046637,502010213,Huberlistrasse,7.2,8260 Stein am Rhein,2964,SH,real,False,23.07.2024,2706123,1280515
102592929,10071983,502010491,Burgwisstrasse,6.3,8260 Stein am Rhein,2964,SH,real,False,23.07.2024,2706745,1278970
102592931,10053532,502010409,Faleberg,2.3,8260 Stein am Rhein,2964,SH,real,False,23.07.2024,2707402,1280821
102592932,10091104,502010436,Rhigass,3.1,8260 Stein am Rhein,2964,SH,real,False,23.07.2024,2706740,1279663
102592933,10031929,502010374,Niderfeldstrasse,19.1,8260 Stein am Rhein,2964,SH,real,False,23.07.2024,2705904,1280341
102592934,10180892,502010481,Römerweg,5.1,8260 Stein am Rhein,2964,SH,real,False,23.07.2024,2706752,1279379
102592935,10118150,502010350,Fischmarkt,3.1,8260 Stein am Rhein,2964,SH,real,False,23.07.2024,2706748,1279637
102592936,10031935,502010189,Roseberg,15.1,8260 Stein am Rhein,2964,SH,real,False,23.07.2024,2706508,1279323
102592937,10195169,502010225,Bächli,1.2,8260 Stein am Rhein,2964,SH,real,False,23.07.2024,2707736,1280578
102592938,10031936,502010495,Schiffländi,1081.2,8260 Stein am Rhein,2964,SH,real,False,23.07.2024,2706496,1279884
102592939,10118150,502010400,Fischmarkt,3.2,8260 Stein am Rhein,2964,SH,real,False,23.07.2024,2706759,1279614
102592940,10091106,502010162,Schluecht,497.14,8260 Stein am Rhein,2964,SH,real,False,23.07.2024,2706361,1281022
102592941,10179754,502010323,Chalberweidstrasse,2a.1,8260 Stein am Rhein,2964,SH,real,False,23.07.2024,2707156,1279877
102592943,10118150,502010310,Fischmarkt,3.3,8260 Stein am Rhein,2964,SH,real,False,23.07.2024,2706773,1279644
102592944,10190665,502010232,Stammerstrasse,15.1,8260 Stein am Rhein,2964,SH,real,False,23.07.2024,2705903,1280409
102592946,10091106,502010141,Schluecht,497.10,8260 Stein am Rhein,2964,SH,real,False,23.07.2024,2706340,1280738
102592947,10046636,502010345,Flurweg,1a,8260 Stein am Rhein,2964,SH,real,False,15.11.2024,2706518,1279197
102592948,10031923,502010142,Hemishoferstrasse,32.1,8260 Stein am Rhein,2964,SH,real,False,23.07.2024,2706299,1280135
102592949,10179754,502010487,Chalberweidstrasse,2a.2,8260 Stein am Rhein,2964,SH,real,False,23.07.2024,2707110,1279845
102592950,10091106,502010376,Schluecht,497.11,8260 Stein am Rhein,2964,SH,real,False,23.07.2024,2706321,1280599
102592951,10046636,502010312,Flurweg,3.1,8260 Stein am Rhein,2964,SH,real,False,23.07.2024,2706491,1279191
102592952,10031923,502010606,Hemishoferstrasse,74.1,8260 Stein am Rhein,2964,SH,real,False,23.07.2024,2705986,1280300
102592953,10073095,502010591,Oberdörfli,13.1,8260 Stein am Rhein,2964,SH,real,False,23.07.2024,2706722,1280079
102592954,10091106,502010159,Schluecht,497.12,8260 Stein am Rhein,2964,SH,real,False,23.07.2024,2706134,1280819
102592955,10046636,502010410,Flurweg,5.1,8260 Stein am Rhein,2964,SH,real,False,23.07.2024,2706463,1279244
102592956,10073091,502010430,Hohenklingenstrasse,1.4,8260 Stein am Rhein,2964,SH,real,False,23.07.2024,2706707,1280606
102592957,10073093,502010408,Klingenstrasse,5.1,8260 Stein am Rhein,2964,SH,real,False,23.07.2024,2706967,1280045
102592958,10091106,502010296,Schluecht,497.13,8260 Stein am Rhein,2964,SH,real,False,23.07.2024,2706030,1280808
102592959,10046636,502010196,Flurweg,7.1,8260 Stein am Rhein,2964,SH,real,False,23.07.2024,2706384,1279272
102592960,10031919,502010435,Degerfelderweg,12.1,8260 Stein am Rhein,2964,SH,real,False,23.07.2024,2706218,1279249
102592961,10031929,502010170,Niderfeldstrasse,16.1,8260 Stein am Rhein,2964,SH,real,False,23.07.2024,2705945,1280360
102592962,10091106,502010210,Schluecht,497.15,8260 Stein am Rhein,2964,SH,real,False,23.07.2024,2706020,1281037
102592963,10179755,502010577,Fronhofgass,1.1,8260 Stein am Rhein,2964,SH,real,False,23.07.2024,2706598,1279875
102592964,10087229,502010300,Blaurockstrasse,24b.1,8260 Stein am Rhein,2964,SH,real,False,23.07.2024,2706630,1280249
102592965,10073095,502010145,Oberdörfli,1.1,8260 Stein am Rhein,2964,SH,real,False,23.07.2024,2706706,1279993
102592966,10091106,502010419,Schluecht,497.16,8260 Stein am Rhein,2964,SH,real,False,23.07.2024,2706440,1281515
102592967,10179755,502010572,Fronhofgass,1.2,8260 Stein am Rhein,2964,SH,real,False,23.07.2024,2706573,1279894
102592969,10073095,502010558,Oberdörfli,1.2,8260 Stein am Rhein,2964,SH,real,False,23.07.2024,2706705,1279988
102592970,10073090,502010263,Grossi Schanz,4.1,8260 Stein am Rhein,2964,SH,real,False,23.07.2024,2706934,1279788
102592971,10091106,502010303,Schluecht,497.2,8260 Stein am Rhein,2964,SH,real,False,23.07.2024,2706237,1280705
102592972,10087229,502010224,Blaurockstrasse,33.3,8260 Stein am Rhein,2964,SH,real,False,23.07.2024,2706474,1280213
102592973,10179754,502010306,Chalberweidstrasse,2a.3,8260 Stein am Rhein,2964,SH,real,False,23.07.2024,2707157,1279815
102592974,10073090,502010394,Grossi Schanz,4.2,8260 Stein am Rhein,2964,SH,real,False,23.07.2024,2706930,1279815
102592975,10091106,502010630,Schluecht,497.3,8260 Stein am Rhein,2964,SH,real,False,23.07.2024,2706234,1280714
102592976,10031927,502010506,Köhlerweid,5.1,8260 Stein am Rhein,2964,SH,real,False,23.07.2024,2706051,1279234
102592977,10073095,502010519,Oberdörfli,15.1,8260 Stein am Rhein,2964,SH,real,False,23.07.2024,2706759,1280107
102592978,10073090,502010395,Grossi Schanz,4.3,8260 Stein am Rhein,2964,SH,real,False,23.07.2024,2706933,1279817
102592980,10179756,502010421,Langstuck,8.1,8260 Stein am Rhein,2964,SH,real,False,23.07.2024,2706882,1279977
102592981,10179754,502010467,Chalberweidstrasse,4.1,8260 Stein am Rhein,2964,SH,real,False,23.07.2024,2707240,1279895
102592982,10087233,502010262,Guldifuess,11.1,8260 Stein am Rhein,2964,SH,real,False,23.07.2024,2707049,1280204
102592983,10087229,502010457,Blaurockstrasse,8.1,8260 Stein am Rhein,2964,SH,real,False,23.07.2024,2706824,1280135
102592984,10071982,502010567,Brodlaubegass,14.1,8260 Stein am Rhein,2964,SH,real,False,23.07.2024,2706751,1279863
102592986,10087233,502010314,Guldifuess,15a.1,8260 Stein am Rhein,2964,SH,real,False,23.07.2024,2707087,1280136
102592987,10121178,502010271,Bleiki,1.1,8260 Stein am Rhein,2964,SH,real,False,23.07.2024,2707707,1280904
102592988,10195169,502010226,Bächli,1.1,8260 Stein am Rhein,2964,SH,real,False,23.07.2024,2707748,1280578
102592989,10179754,502010476,Chalberweidstrasse,8.1,8260 Stein am Rhein,2964,SH,real,False,23.07.2024,2707286,1279901
102592990,10087233,502010348,Guldifuess,17.1,8260 Stein am Rhein,2964,SH,real,False,23.07.2024,2707161,1280209
102592991,10031615,502010219,Bockrain,11.1,8260 Stein am Rhein,2964,SH,real,False,23.07.2024,2706295,1280392
102592992,10117741,502010321,Oehningerstrasse,15.2,8260 Stein am Rhein,2964,SH,real,False,23.07.2024,2707008,1279797
102592993,10087233,502010185,Guldifuess,21.1,8260 Stein am Rhein,2964,SH,real,False,23.07.2024,2707163,1280236
102592994,10087231,502010426,Charregass,15.1,8260 Stein am Rhein,2964,SH,real,False,23.07.2024,2706626,1279410
102592995,10117741,502010418,Oehningerstrasse,24.1,8260 Stein am Rhein,2964,SH,real,False,23.07.2024,2707286,1279626
102592996,10031615,502010378,Bockrain,11.2,8260 Stein am Rhein,2964,SH,real,False,23.07.2024,2706352,1280472
102592997,10087233,502010405,Guldifuess,23.1,8260 Stein am Rhein,2964,SH,real,False,23.07.2024,2707189,1280411
102592998,10113217,502010245,Chirchhofplatz,2.1,8260 Stein am Rhein,2964,SH,real,False,23.07.2024,2706757,1279668
102592999,10073098,502010581,Wisegässli,1.5,8260 Stein am Rhein,2964,SH,real,False,23.07.2024,2707296,1280686
102593000,10031615,502010194,Bockrain,11.3,8260 Stein am Rhein,2964,SH,real,False,23.07.2024,2706357,1280473
102593002,10117741,502010252,Oehningerstrasse,75.1,8260 Stein am Rhein,2964,SH,real,False,23.07.2024,2707899,1279893
102593003,10071984,502010231,Chlingeweg,3.1,8260 Stein am Rhein,2964,SH,real,False,23.07.2024,2706856,1280148
102593004,10031616,502010529,Bollstieg,10.1,8260 Stein am Rhein,2964,SH,real,False,23.07.2024,2707433,1279768
102593005,10031922,502010143,Hanfacker,12.1,8260 Stein am Rhein,2964,SH,real,False,23.07.2024,2706034,1279358
102593006,10031931,502010566,Orichhöhe,12.1,8260 Stein am Rhein,2964,SH,real,False,23.07.2024,2707474,1279660
102593007,10031616,502010510,Bollstieg,12.1,8260 Stein am Rhein,2964,SH,real,False,23.07.2024,2707417,1279830
102593008,10071984,502010146,Chlingeweg,3.2,8260 Stein am Rhein,2964,SH,real,False,23.07.2024,2706896,1280142
102593009,10031922,502010370,Hanfacker,17.1,8260 Stein am Rhein,2964,SH,real,False,23.07.2024,2706031,1279299
102593010,10187867,502010268,Eschenzerstrasse,2.1,8260 Stein am Rhein,2964,SH,real,False,23.07.2024,2706655,1279280
102593011,10187866,502010206,Uf Burg,5.1,8260 Stein am Rhein,2964,SH,real,False,23.07.2024,2706714,1279409
102593012,10071984,502010580,Chlingeweg,6.1,8260 Stein am Rhein,2964,SH,real,False,23.07.2024,2706852,1280192
102593013,10031922,502010168,Hanfacker,30.1,8260 Stein am Rhein,2964,SH,real,False,23.07.2024,2706053,1279242
102593014,10110819,502010351,Espiweg,32.1,8260 Stein am Rhein,2964,SH,real,False,23.07.2024,2706385,1279656
102593015,10187866,502010365,Uf Burg,5.2,8260 Stein am Rhein,2964,SH,real,False,23.07.2024,2706722,1279424
102593016,10031939,502010261,Wagenhauserstrasse,12.1,8260 Stein am Rhein,2964,SH,real,False,23.07.2024,2706475,1279483
102593017,10031922,502010621,Hanfacker,32.1,8260 Stein am Rhein,2964,SH,real,False,23.07.2024,2706084,1279240
102593018,10125668,502010292,Im Randen,1.5,8260 Stein am Rhein,2964,SH,real,False,23.07.2024,2705533,1281038
102593019,10179758,502010521,Undergass,10.1,8260 Stein am Rhein,2964,SH,real,False,23.07.2024,2706632,1279761
102593020,10031930,502010620,Obergass,13a.1,8260 Stein am Rhein,2964,SH,real,False,23.07.2024,2706767,1279740
102593021,10179753,502010554,Alte Zollstrasse,19.1,8260 Stein am Rhein,2964,SH,real,False,23.07.2024,2707547,1279813
102593022,10031922,502010631,Hanfacker,34.1,8260 Stein am Rhein,2964,SH,real,False,23.07.2024,2706108,1279272
102593023,10179758,502010443,Undergass,10.2,8260 Stein am Rhein,2964,SH,real,False,23.07.2024,2706639,1279762
102593024,10125668,502010625,Im Randen,1.6,8260 Stein am Rhein,2964,SH,real,False,23.07.2024,2705635,1280993
102593025,10031939,502010595,Wagenhauserstrasse,13.1,8260 Stein am Rhein,2964,SH,real,False,23.07.2024,2706425,1279449
102593026,10031922,502010413,Hanfacker,6.1,8260 Stein am Rhein,2964,SH,real,False,23.07.2024,2706101,1279342
102593027,10179753,502010556,Alte Zollstrasse,36.1,8260 Stein am Rhein,2964,SH,real,False,23.07.2024,2707733,1279843
102593028,10179758,502010328,Undergass,12.1,8260 Stein am Rhein,2964,SH,real,False,23.07.2024,2706608,1279780
102593029,10031930,502010508,Obergass,32.1,8260 Stein am Rhein,2964,SH,real,False,23.07.2024,2706778,1279833
102593030,10031923,502010186,Hemishoferstrasse,10.1,8260 Stein am Rhein,2964,SH,real,False,19.11.2024,2706500,1280032
102593031,10125668,502010275,Im Randen,1.7,8260 Stein am Rhein,2964,SH,real,False,23.07.2024,2705603,1281027
102593032,10031923,502010205,Hemishoferstrasse,18.2,8260 Stein am Rhein,2964,SH,real,False,23.07.2024,2706384,1280067
102593033,10031939,502010200,Wagenhauserstrasse,22.1,8260 Stein am Rhein,2964,SH,real,False,23.07.2024,2706456,1279521
102593034,10031923,502010602,Hemishoferstrasse,10.2,8260 Stein am Rhein,2964,SH,real,False,23.07.2024,2706479,1280025
102593035,10179753,502010267,Alte Zollstrasse,4.1,8260 Stein am Rhein,2964,SH,real,False,23.07.2024,2707393,1279712
102593036,10031923,502010137,Hemishoferstrasse,20.1,8260 Stein am Rhein,2964,SH,real,False,23.07.2024,2706358,1280015
102593037,10031930,502010211,Obergass,9.1,8260 Stein am Rhein,2964,SH,real,False,23.07.2024,2706799,1279754
102593038,10179758,502010468,Undergass,17.1,8260 Stein am Rhein,2964,SH,real,False,23.07.2024,2706575,1279790
102593039,10031923,502010240,Hemishoferstrasse,24.1,8260 Stein am Rhein,2964,SH,real,False,23.07.2024,2706334,1280088
102593040,10125668,502010396,Im Randen,1.8,8260 Stein am Rhein,2964,SH,real,False,23.07.2024,2705655,1280982
102593041,10031939,502010155,Wagenhauserstrasse,23.1,8260 Stein am Rhein,2964,SH,real,False,23.07.2024,2706322,1279428
102593042,10179758,502010488,Undergass,22.1,8260 Stein am Rhein,2964,SH,real,False,23.07.2024,2706582,1279804
102593043,10031923,502010632,Hemishoferstrasse,283a.2,8260 Stein am Rhein,2964,SH,real,False,23.07.2024,2706523,1279908
102593044,10125668,502010540,Im Randen,1.9,8260 Stein am Rhein,2964,SH,real,False,23.07.2024,2705485,1281049
102593045,10179758,502010144,Undergass,22.2,8260 Stein am Rhein,2964,SH,real,False,23.07.2024,2706588,1279818
102593046,10031930,502010174,Obergass,9.2,8260 Stein am Rhein,2964,SH,real,False,23.07.2024,2706798,1279739
102593047,10179753,502010455,Alte Zollstrasse,44.1,8260 Stein am Rhein,2964,SH,real,False,23.07.2024,2707715,1279762
102593048,10031923,502010214,Hemishoferstrasse,283b.2,8260 Stein am Rhein,2964,SH,real,False,23.07.2024,2706531,1279913
102593049,10179758,502010427,Undergass,5.1,8260 Stein am Rhein,2964,SH,real,False,23.07.2024,2706624,1279719
102593050,10031939,502010156,Wagenhauserstrasse,23.2,8260 Stein am Rhein,2964,SH,real,False,23.07.2024,2706316,1279428
102593051,10113218,502010459,Im Riet,15.1,8260 Stein am Rhein,2964,SH,real,False,23.07.2024,2706263,1280265
102593052,10031923,502010278,Hemishoferstrasse,283b.3,8260 Stein am Rhein,2964,SH,real,False,23.07.2024,2706552,1279926
102593053,10154306,502010391,Underi Müli,6.1,8260 Stein am Rhein,2964,SH,real,False,23.07.2024,2706924,1279632
102593054,10031930,502010364,Obergass,9.3,8260 Stein am Rhein,2964,SH,real,False,23.07.2024,2706791,1279744
102593055,10071981,502010614,Bahnhofstrasse,13.1,8260 Stein am Rhein,2964,SH,real,False,23.07.2024,2706429,1279327
102593056,10031923,502010618,Hemishoferstrasse,283c.2,8260 Stein am Rhein,2964,SH,real,False,23.07.2024,2706497,1279946
102593057,10031938,502010176,Understadt,21.1,8260 Stein am Rhein,2964,SH,real,False,23.07.2024,2706605,1279827
102593058,10031939,502010390,Wagenhauserstrasse,23.3,8260 Stein am Rhein,2964,SH,real,False,23.07.2024,2706312,1279436
102593059,10113218,502010195,Im Riet,19.1,8260 Stein am Rhein,2964,SH,real,False,23.07.2024,2706207,1280287
102593060,10031923,502010627,Hemishoferstrasse,38.1,8260 Stein am Rhein,2964,SH,real,False,23.07.2024,2706242,1280142
102593061,10031938,502010349,Understadt,7.1,8260 Stein am Rhein,2964,SH,real,False,23.07.2024,2706632,1279782
102593062,10090059,502010160,Oberstadt,5.1,8260 Stein am Rhein,2964,SH,real,False,23.07.2024,2706787,1279734
102593063,10071981,502010188,Bahnhofstrasse,13.2,8260 Stein am Rhein,2964,SH,real,False,23.07.2024,2706375,1279368
102593064,10031923,502010561,Hemishoferstrasse,46.1,8260 Stein am Rhein,2964,SH,real,False,23.07.2024,2706216,1280142
102593065,10031938,502010247,Understadt,7.2,8260 Stein am Rhein,2964,SH,real,False,23.07.2024,2706635,1279765
102593066,10031939,502010565,Wagenhauserstrasse,29.1,8260 Stein am Rhein,2964,SH,real,False,23.07.2024,2706306,1279498
102593067,10113218,502010243,Im Riet,20.1,8260 Stein am Rhein,2964,SH,real,False,23.07.2024,2706210,1280318
102593068,10031923,502010478,Hemishoferstrasse,46.2,8260 Stein am Rhein,2964,SH,real,False,23.07.2024,2706191,1280170
102593069,10031939,502010615,Wagenhauserstrasse,10.1,8260 Stein am Rhein,2964,SH,real,False,23.07.2024,2706499,1279445
102593070,10117741,502010269,Oehningerstrasse,11.1,8260 Stein am Rhein,2964,SH,real,False,23.07.2024,2707059,1279768
102593071,10113218,502010178,Im Riet,23.1,8260 Stein am Rhein,2964,SH,real,False,23.07.2024,2706193,1280324
102593072,10031923,502010332,Hemishoferstrasse,46.3,8260 Stein am Rhein,2964,SH,real,False,23.07.2024,2706160,1280130
102593073,10031939,502010369,Wagenhauserstrasse,10.2,8260 Stein am Rhein,2964,SH,real,False,23.07.2024,2706500,1279472
102593074,10031939,502010448,Wagenhauserstrasse,32.1,8260 Stein am Rhein,2964,SH,real,False,23.07.2024,2706402,1279555
102593075,10071981,502010559,Bahnhofstrasse,18.1,8260 Stein am Rhein,2964,SH,real,False,23.07.2024,2706219,1279436
102593076,10071984,502010463,Chlingeweg,8.1,8260 Stein am Rhein,2964,SH,real,False,23.07.2024,2706857,1280229
102593077,10031923,502010616,Hemishoferstrasse,58.1,8260 Stein am Rhein,2964,SH,real,False,23.07.2024,2706137,1280202
102593078,10117741,502010496,Oehningerstrasse,11.2,8260 Stein am Rhein,2964,SH,real,False,23.07.2024,2707058,1279778
102593079,10031614,502010545,Bim Wisegässli,6.1,8260 Stein am Rhein,2964,SH,real,False,23.07.2024,2706550,1280176
102593080,10071984,502010372,Chlingeweg,9.1,8260 Stein am Rhein,2964,SH,real,False,23.07.2024,2706807,1280226
102593081,10031923,502010573,Hemishoferstrasse,58.2,8260 Stein am Rhein,2964,SH,real,False,23.07.2024,2706135,1280149
102593082,10031939,502010167,Wagenhauserstrasse,33.1,8260 Stein am Rhein,2964,SH,real,False,23.07.2024,2706296,1279503
102593083,10031614,502010542,Bim Wisegässli,8.1,8260 Stein am Rhein,2964,SH,real,False,23.07.2024,2706520,1280190
102593084,10031619,502010546,Chlini Schanz,31.1,8260 Stein am Rhein,2964,SH,real,False,23.07.2024,2706764,1279864
102593085,10031939,502010538,Wagenhauserstrasse,36.1,8260 Stein am Rhein,2964,SH,real,False,23.07.2024,2706353,1279544
102593086,10031923,502010305,Hemishoferstrasse,64.1,8260 Stein am Rhein,2964,SH,real,False,23.07.2024,2706083,1280251
102593087,10090057,502010523,Kaltenbacherstrasse,12.1,8260 Stein am Rhein,2964,SH,real,False,23.07.2024,2706505,1279167
102593088,10031619,502010295,Chlini Schanz,31.2,8260 Stein am Rhein,2964,SH,real,False,23.07.2024,2706765,1279870
102593089,10031923,502010307,Hemishoferstrasse,66.1,8260 Stein am Rhein,2964,SH,real,False,23.07.2024,2706076,1280254
102593090,10117741,502010207,Oehningerstrasse,18.1,8260 Stein am Rhein,2964,SH,real,False,23.07.2024,2707216,1279671
102593091,10090057,502010401,Kaltenbacherstrasse,14.1,8260 Stein am Rhein,2964,SH,real,False,23.07.2024,2706444,1279184
102593092,10031619,502010571,Chlini Schanz,33.1,8260 Stein am Rhein,2964,SH,real,False,23.07.2024,2706750,1279880
102593093,10031939,502010416,Wagenhauserstrasse,39.1,8260 Stein am Rhein,2964,SH,real,False,23.07.2024,2706248,1279514
102593094,10031923,502010563,Hemishoferstrasse,7.1,8260 Stein am Rhein,2964,SH,real,False,23.07.2024,2706515,1279966
102593095,10090057,502010431,Kaltenbacherstrasse,16.1,8260 Stein am Rhein,2964,SH,real,False,23.07.2024,2706426,1279232
102593096,10031619,502010172,Chlini Schanz,6.1,8260 Stein am Rhein,2964,SH,real,False,23.07.2024,2706856,1279827
102593097,10117741,502010576,Oehningerstrasse,18.2,8260 Stein am Rhein,2964,SH,real,False,23.07.2024,2707182,1279678
102593098,10031923,502010249,Hemishoferstrasse,7.2,8260 Stein am Rhein,2964,SH,real,False,23.07.2024,2706425,1279952
102593099,10031614,502010628,Bim Wisegässli,8.2,8260 Stein am Rhein,2964,SH,real,False,23.07.2024,2706522,1280193
102593100,10193350,502010412,Chlosterhof,5.1,8260 Stein am Rhein,2964,SH,real,False,23.07.2024,2706752,1279659
102593101,10117741,502010258,Oehningerstrasse,20.1,8260 Stein am Rhein,2964,SH,real,False,23.07.2024,2707230,1279667
102593102,10031923,502010564,Hemishoferstrasse,70.1,8260 Stein am Rhein,2964,SH,real,False,23.07.2024,2706018,1280289
102593103,10090057,502010259,Kaltenbacherstrasse,20,8260 Stein am Rhein,2964,SH,real,False,23.07.2024,2706416,1279169
102593104,10193350,502010265,Chlosterhof,9.1,8260 Stein am Rhein,2964,SH,real,False,23.07.2024,2706773,1279608
102593105,10031939,502010177,Wagenhauserstrasse,41.2,8260 Stein am Rhein,2964,SH,real,False,23.07.2024,2706244,1279522
102593106,10031923,502010343,Hemishoferstrasse,93.1,8260 Stein am Rhein,2964,SH,real,False,23.07.2024,2705724,1280433
102593108,10087232,502010560,Chnebelgässli,13.1,8260 Stein am Rhein,2964,SH,real,False,23.07.2024,2706804,1279404
102593109,10117741,502010140,Oehningerstrasse,21.1,8260 Stein am Rhein,2964,SH,real,False,23.07.2024,2707241,1279730
102593110,10031923,502010318,Hemishoferstrasse,93.2,8260 Stein am Rhein,2964,SH,real,False,23.07.2024,2705697,1280434
102593111,10087229,502010516,Blaurockstrasse,11.1,8260 Stein am Rhein,2964,SH,real,False,23.07.2024,2706760,1280110
102593112,10031939,502010528,Wagenhauserstrasse,41.1,8260 Stein am Rhein,2964,SH,real,False,23.07.2024,2706223,1279529
102593113,10031939,502010494,Wagenhauserstrasse,44.1,8260 Stein am Rhein,2964,SH,real,False,23.07.2024,2706230,1279589
102593114,10031923,502010520,Hemishoferstrasse,93.3,8260 Stein am Rhein,2964,SH,real,False,23.07.2024,2705640,1280390
102593115,10090057,502010339,Kaltenbacherstrasse,28.2,8260 Stein am Rhein,2964,SH,real,False,23.07.2024,2706362,1279095
102593117,10117741,502010187,Oehningerstrasse,21.2,8260 Stein am Rhein,2964,SH,real,False,23.07.2024,2707270,1279692
102593118,10031923,502010617,Hemishoferstrasse,93.4,8260 Stein am Rhein,2964,SH,real,False,23.07.2024,2705597,1280462
102593119,10087229,502010164,Blaurockstrasse,13.1,8260 Stein am Rhein,2964,SH,real,False,23.07.2024,2706732,1280115
102593120,10087232,502010411,Chnebelgässli,3.1,8260 Stein am Rhein,2964,SH,real,False,23.07.2024,2706725,1279294
102593121,10031939,502010238,Wagenhauserstrasse,45.1,8260 Stein am Rhein,2964,SH,real,False,23.07.2024,2706199,1279541
102593122,10031923,502010330,Hemishoferstrasse,93.5,8260 Stein am Rhein,2964,SH,real,False,23.07.2024,2705650,1280621
102593123,10090057,502010474,Kaltenbacherstrasse,42.1,8260 Stein am Rhein,2964,SH,real,False,23.07.2024,2706250,1278872
102593124,10087232,502010505,Chnebelgässli,5.1,8260 Stein am Rhein,2964,SH,real,False,23.07.2024,2706756,1279315
102593125,10117741,502010483,Oehningerstrasse,22.1,8260 Stein am Rhein,2964,SH,real,False,23.07.2024,2707257,1279653
102593126,10031923,502010490,Hemishoferstrasse,93.6,8260 Stein am Rhein,2964,SH,real,False,23.07.2024,2705559,1280456
102593127,10087229,502010622,Blaurockstrasse,14.1,8260 Stein am Rhein,2964,SH,real,False,23.07.2024,2706753,1280168
102593128,10031916,502010543,Chnebelstrasse,3.1,8260 Stein am Rhein,2964,SH,real,False,23.07.2024,2706688,1279209
102593129,10031939,502010451,Wagenhauserstrasse,49.1,8260 Stein am Rhein,2964,SH,real,False,23.07.2024,2706155,1279506
102593130,10107218,502010624,Hofwisenstrasse,15.1,8260 Stein am Rhein,2964,SH,real,False,23.07.2024,2706490,1278738
102593131,10087229,502010579,Blaurockstrasse,14.2,8260 Stein am Rhein,2964,SH,real,False,23.07.2024,2706749,1280200
102593132,10031916,502010297,Chnebelstrasse,5.1,8260 Stein am Rhein,2964,SH,real,False,23.07.2024,2706687,1279202
102593133,10031939,502010611,Wagenhauserstrasse,8.1,8260 Stein am Rhein,2964,SH,real,False,23.07.2024,2706501,1279444
102593134,10107218,502010199,Hofwisenstrasse,21.1,8260 Stein am Rhein,2964,SH,real,False,23.07.2024,2706308,1278817
102593135,10090057,502010361,Kaltenbacherstrasse,44.1,8260 Stein am Rhein,2964,SH,real,False,23.07.2024,2706164,1278894
102593136,10031916,502010613,Chnebelstrasse,6.1,8260 Stein am Rhein,2964,SH,real,False,23.07.2024,2706655,1279214
102593137,10117741,502010338,Oehningerstrasse,28.1,8260 Stein am Rhein,2964,SH,real,False,23.07.2024,2707345,1279610
102593138,10107218,502010352,Hofwisenstrasse,21.2,8260 Stein am Rhein,2964,SH,real,False,23.07.2024,2706265,1278806
102593139,10090057,502010449,Kaltenbacherstrasse,46.1,8260 Stein am Rhein,2964,SH,real,False,23.07.2024,2706194,1278865
102593140,10073089,502010184,Choligass,5.1,8260 Stein am Rhein,2964,SH,real,False,23.07.2024,2706600,1279833
102593141,10031939,502010379,Wagenhauserstrasse,8.2,8260 Stein am Rhein,2964,SH,real,False,23.07.2024,2706514,1279465
102593142,10073091,502010320,Hohenklingenstrasse,1.1,8260 Stein am Rhein,2964,SH,real,False,23.07.2024,2706631,1280544
102593143,10087229,502010475,Blaurockstrasse,18.1,8260 Stein am Rhein,2964,SH,real,False,23.07.2024,2706688,1280183
102593144,10073091,502010415,Hohenklingenstrasse,1.6,8260 Stein am Rhein,2964,SH,real,False,23.07.2024,2706747,1280866
102593145,10117741,502010294,Oehningerstrasse,28.2,8260 Stein am Rhein,2964,SH,real,False,23.07.2024,2707336,1279569
102593146,10073091,502010340,Hohenklingenstrasse,1.2,8260 Stein am Rhein,2964,SH,real,False,23.07.2024,2706589,1280545
102593147,10073093,502010353,Klingenstrasse,1.1,8260 Stein am Rhein,2964,SH,real,False,23.07.2024,2706923,1280098
102593148,10090056,502010525,Hohrainstrasse,15.1,8260 Stein am Rhein,2964,SH,real,False,23.07.2024,2706009,1280410
102593149,10073098,502010603,Wisegässli,1.2,8260 Stein am Rhein,2964,SH,real,False,19.11.2024,2706531,1280037
102593150,10073091,502010569,Hohenklingenstrasse,1.3,8260 Stein am Rhein,2964,SH,real,False,23.07.2024,2706672,1280556
102593151,10087229,502010574,Blaurockstrasse,19.1,8260 Stein am Rhein,2964,SH,real,False,23.07.2024,2706669,1280137
102593152,10090056,502010524,Hohrainstrasse,15.3,8260 Stein am Rhein,2964,SH,real,False,23.07.2024,2706003,1280413
102593153,10117741,502010190,Oehningerstrasse,28.3,8260 Stein am Rhein,2964,SH,real,False,23.07.2024,2707355,1279549
102593154,10073091,502010344,Hohenklingenstrasse,1.5,8260 Stein am Rhein,2964,SH,real,False,23.07.2024,2706932,1280641
102593155,10031927,502010562,Köhlerweid,1.2,8260 Stein am Rhein,2964,SH,real,False,23.07.2024,2706081,1279188
102593156,10090056,502010522,Hohrainstrasse,17.1,8260 Stein am Rhein,2964,SH,real,False,23.07.2024,2705997,1280416
102593157,10117741,502010383,Oehningerstrasse,30.1,8260 Stein am Rhein,2964,SH,real,False,23.07.2024,2707402,1279531
102593158,10031917,502010385,Chrüzerwis,15.1,8260 Stein am Rhein,2964,SH,real,False,23.07.2024,2706171,1279264
102593159,10087229,502010439,Blaurockstrasse,25.1,8260 Stein am Rhein,2964,SH,real,False,23.07.2024,2706587,1280183
102593160,10090056,502010609,Hohrainstrasse,17.2,8260 Stein am Rhein,2964,SH,real,False,23.07.2024,2706000,1280415
102593161,10073098,502010334,Wisegässli,1.3,8260 Stein am Rhein,2964,SH,real,False,19.11.2024,2706517,1280027
102593162,10031917,502010497,Chrüzerwis,18.1,8260 Stein am Rhein,2964,SH,real,False,23.07.2024,2706109,1279216
102593163,10031927,502010301,Köhlerweid,10.1,8260 Stein am Rhein,2964,SH,real,False,23.07.2024,2706034,1279206
102593164,10090056,502010586,Hohrainstrasse,25.1,8260 Stein am Rhein,2964,SH,real,False,23.07.2024,2705939,1280450
102593165,10117741,502010138,Oehningerstrasse,30.2,8260 Stein am Rhein,2964,SH,real,False,23.07.2024,2707406,1279520
102593166,10031917,502010389,Chrüzerwis,19.1,8260 Stein am Rhein,2964,SH,real,False,23.07.2024,2706156,1279219
102593167,10087229,502010555,Blaurockstrasse,26.1,8260 Stein am Rhein,2964,SH,real,False,23.07.2024,2706616,1280238
102593168,10090056,502010594,Hohrainstrasse,25.2,8260 Stein am Rhein,2964,SH,real,False,23.07.2024,2705936,1280451
102593169,10073098,502010327,Wisegässli,1.4,8260 Stein am Rhein,2964,SH,real,False,23.07.2024,2707315,1280680
102593170,10031917,502010502,Chrüzerwis,7.1,8260 Stein am Rhein,2964,SH,real,False,23.07.2024,2706250,1279310
102593171,10031927,502010277,Köhlerweid,10.2,8260 Stein am Rhein,2964,SH,real,False,23.07.2024,2706008,1279179
102593172,10090056,502010584,Hohrainstrasse,27.1,8260 Stein am Rhein,2964,SH,real,False,23.07.2024,2705934,1280453
102593173,10117741,502010601,Oehningerstrasse,35.1,8260 Stein am Rhein,2964,SH,real,False,23.07.2024,2707463,1279609
102593174,10031918,502010347,Chupferwise,6.1,8260 Stein am Rhein,2964,SH,real,False,23.07.2024,2706399,1280104
102593175,10087229,502010202,Blaurockstrasse,28.1,8260 Stein am Rhein,2964,SH,real,False,23.07.2024,2706580,1280252
102593176,10090056,502010204,Hohrainstrasse,35.2,8260 Stein am Rhein,2964,SH,real,False,23.07.2024,2705869,1280497
102593177,10117741,502010197,Oehningerstrasse,35.2,8260 Stein am Rhein,2964,SH,real,False,23.07.2024,2707451,1279630
102593178,10031918,502010193,Chupferwise,6.2,8260 Stein am Rhein,2964,SH,real,False,23.07.2024,2706392,1280134
102593179,10031927,502010587,Köhlerweid,11.1,8260 Stein am Rhein,2964,SH,real,False,23.07.2024,2706002,1279227
102593180,10090056,502010526,Hohrainstrasse,5.1,8260 Stein am Rhein,2964,SH,real,False,23.07.2024,2706073,1280385
102593181,10073098,502010568,Wisegässli,1.6,8260 Stein am Rhein,2964,SH,real,False,19.11.2024,2706502,1280058
102593182,10180891,502010169,Chäferstieg,6.1,8260 Stein am Rhein,2964,SH,real,False,23.07.2024,2706996,1280221
102593184,10090056,502010583,Hohrainstrasse,7.1,8260 Stein am Rhein,2964,SH,real,False,23.07.2024,2706069,1280386
102593185,10117741,502010380,Oehningerstrasse,43.1,8260 Stein am Rhein,2964,SH,real,False,23.07.2024,2707551,1279629
102593186,10031927,502010165,Köhlerweid,12.1,8260 Stein am Rhein,2964,SH,real,False,23.07.2024,2705997,1279229
102593187,10190664,502010183,Degerfelderstrasse,5.1,8260 Stein am Rhein,2964,SH,real,False,23.07.2024,2706242,1279064
102593188,10031924,502010537,Hoppihohstrasse,3.1,8260 Stein am Rhein,2964,SH,real,False,23.07.2024,2706036,1280283
102593189,10073098,502010477,Wisegässli,11.1,8260 Stein am Rhein,2964,SH,real,False,23.07.2024,2706593,1280128
102593191,10031931,502010239,Orichhöhe,10.1,8260 Stein am Rhein,2964,SH,real,False,23.07.2024,2707436,1279656
102593192,10031919,502010486,Degerfelderweg,10.1,8260 Stein am Rhein,2964,SH,real,False,23.07.2024,2706228,1279247
102593193,10117741,502010322,Oehningerstrasse,59.1,8260 Stein am Rhein,2964,SH,real,False,23.07.2024,2707720,1279728
102593194,10031924,502010452,Hoppihohstrasse,6.1,8260 Stein am Rhein,2964,SH,real,False,23.07.2024,2706071,1280267
102593195,10031927,502010166,Köhlerweid,13.1,8260 Stein am Rhein,2964,SH,real,False,23.07.2024,2705992,1279232
102593196,10031919,502010515,Degerfelderweg,10.2,8260 Stein am Rhein,2964,SH,real,False,23.07.2024,2706221,1279248
102593197,10031925,502010280,Hoseweg,11.1,8260 Stein am Rhein,2964,SH,real,False,23.07.2024,2705791,1280346
102593198,10073098,502010403,Wisegässli,16.1,8260 Stein am Rhein,2964,SH,real,False,23.07.2024,2706678,1280091
102593199,10031927,502010171,Köhlerweid,14.1,8260 Stein am Rhein,2964,SH,real,False,23.07.2024,2705987,1279234
102593200,10031919,502010381,Degerfelderweg,13.1,8260 Stein am Rhein,2964,SH,real,False,23.07.2024,2706212,1279197
102593201,10046637,502010335,Huberlistrasse,11.1,8260 Stein am Rhein,2964,SH,real,False,23.07.2024,2706046,1280420
102593202,10117741,502010498,Oehningerstrasse,6.1,8260 Stein am Rhein,2964,SH,real,False,23.07.2024,2706954,1279717
102593203,10087229,502010135,Blaurockstrasse,30.1,8260 Stein am Rhein,2964,SH,real,False,23.07.2024,2706550,1280252
102593204,10031919,502010136,Degerfelderweg,14.1,8260 Stein am Rhein,2964,SH,real,False,23.07.2024,2706192,1279286
102593205,10046637,502010313,Huberlistrasse,13.1,8260 Stein am Rhein,2964,SH,real,False,23.07.2024,2706015,1280435
102593206,10073098,502010209,Wisegässli,285b.2,8260 Stein am Rhein,2964,SH,real,False,23.07.2024,2706557,1280001
102593207,10031927,502010173,Köhlerweid,15.1,8260 Stein am Rhein,2964,SH,real,False,23.07.2024,2705982,1279236
102593208,10031919,502010444,Degerfelderweg,18.1,8260 Stein am Rhein,2964,SH,real,False,23.07.2024,2706192,1279239
102593209,10117741,502010493,Oehningerstrasse,65.1,8260 Stein am Rhein,2964,SH,real,False,23.07.2024,2707788,1279813
102593210,10091108,502010284,Zwinglistrasse,12.1,8260 Stein am Rhein,2964,SH,real,False,23.07.2024,2706966,1280294
102593211,10087229,502010440,Blaurockstrasse,32.1,8260 Stein am Rhein,2964,SH,real,False,23.07.2024,2706525,1280269
102593212,10031919,502010423,Degerfelderweg,19.1,8260 Stein am Rhein,2964,SH,real,False,23.07.2024,2706165,1279194
102593213,10073098,502010288,Wisegässli,285b.3,8260 Stein am Rhein,2964,SH,real,False,23.07.2024,2706568,1280002
102593214,10046637,502010181,Huberlistrasse,21.1,8260 Stein am Rhein,2964,SH,real,False,23.07.2024,2705971,1280491
102593215,10031927,502010503,Köhlerweid,16.1,8260 Stein am Rhein,2964,SH,real,False,23.07.2024,2705977,1279237
102593216,10031919,502010242,Degerfelderweg,2.1,8260 Stein am Rhein,2964,SH,real,False,23.07.2024,2706297,1279272
102593217,10117741,502010356,Oehningerstrasse,7.1,8260 Stein am Rhein,2964,SH,real,False,23.07.2024,2707021,1279774
102593219,10087229,502010386,Blaurockstrasse,32.2,8260 Stein am Rhein,2964,SH,real,False,23.07.2024,2706541,1280264
102593220,10031919,502010454,Degerfelderweg,20.1,8260 Stein am Rhein,2964,SH,real,False,23.07.2024,2706184,1279221
102593221,10073098,502010575,Wisegässli,285b.4,8260 Stein am Rhein,2964,SH,real,False,23.07.2024,2706562,1279986
102593222,10046637,502010220,Huberlistrasse,26.2,8260 Stein am Rhein,2964,SH,real,False,23.07.2024,2705936,1280850
102593223,10031927,502010450,Köhlerweid,22.1,8260 Stein am Rhein,2964,SH,real,False,23.07.2024,2705938,1279213
102593224,10031919,502010453,Degerfelderweg,22.1,8260 Stein am Rhein,2964,SH,real,False,23.07.2024,2706182,1279218
102593225,10073098,502010460,Wisegässli,285b.5,8260 Stein am Rhein,2964,SH,real,False,23.07.2024,2706565,1279973
102593226,10046637,502010158,Huberlistrasse,26.3,8260 Stein am Rhein,2964,SH,real,False,23.07.2024,2705924,1280894
102593227,10087229,502010286,Blaurockstrasse,33.1,8260 Stein am Rhein,2964,SH,real,False,23.07.2024,2706471,1280232
102593228,10031919,502010388,Degerfelderweg,40.1,8260 Stein am Rhein,2964,SH,real,False,23.07.2024,2705965,1279147
102593229,10117741,502010175,Oehningerstrasse,75.2,8260 Stein am Rhein,2964,SH,real,False,23.07.2024,2707860,1280159
102593230,10046637,502010287,Huberlistrasse,3.1,8260 Stein am Rhein,2964,SH,real,False,23.07.2024,2706188,1280463
102593231,10031927,502010469,Köhlerweid,24.1,8260 Stein am Rhein,2964,SH,real,False,23.07.2024,2705963,1279199
102593232,10031919,502010337,Degerfelderweg,44.1,8260 Stein am Rhein,2964,SH,real,False,23.07.2024,2705891,1279156
102593233,10073098,502010509,Wisegässli,8.2,8260 Stein am Rhein,2964,SH,real,False,23.07.2024,2706631,1280085
102593234,10046637,502010623,Huberlistrasse,5.1,8260 Stein am Rhein,2964,SH,real,False,23.07.2024,2706149,1280507
102593235,10087229,502010549,Blaurockstrasse,33.2,8260 Stein am Rhein,2964,SH,real,False,23.07.2024,2706463,1280219
102593236,10031919,502010256,Degerfelderweg,44.2,8260 Stein am Rhein,2964,SH,real,False,23.07.2024,2705912,1279210
102593237,10117741,502010458,Oehningerstrasse,77.1,8260 Stein am Rhein,2964,SH,real,False,23.07.2024,2707947,1279852
102593238,10046637,502010578,Huberlistrasse,7.1,8260 Stein am Rhein,2964,SH,real,False,23.07.2024,2706100,1280401
102593239,10031927,502010397,Köhlerweid,25.1,8260 Stein am Rhein,2964,SH,real,False,23.07.2024,2705971,1279196
102593240,10031919,502010253,Degerfelderweg,44.3,8260 Stein am Rhein,2964,SH,real,False,23.07.2024,2705857,1279239
102593241,10073098,502010514,Wisegässli,8.3,8260 Stein am Rhein,2964,SH,real,False,23.07.2024,2706629,1280066
102593242,10031926,502010237,Im Boll,12.1,8260 Stein am Rhein,2964,SH,real,False,23.07.2024,2707344,1279846
102593243,10087229,502010597,Blaurockstrasse,35.1,8260 Stein am Rhein,2964,SH,real,False,23.07.2024,2706443,1280241
102593244,10031919,502010367,Degerfelderweg,9.1,8260 Stein am Rhein,2964,SH,real,False,23.07.2024,2706231,1279183
102593245,10117741,502010319,Oehningerstrasse,79.1,8260 Stein am Rhein,2964,SH,real,False,23.07.2024,2707930,1279886
102593246,10031926,502010512,Im Boll,16.1,8260 Stein am Rhein,2964,SH,real,False,23.07.2024,2707302,1279847
102593247,10087229,502010299,Blaurockstrasse,36b.1,8260 Stein am Rhein,2964,SH,real,False,23.07.2024,2706452,1280268
102593248,10031920,502010629,Erlenhof,1.2,8260 Stein am Rhein,2964,SH,real,False,23.07.2024,2707375,1280496
102593249,10117741,502010208,Oehningerstrasse,79.2,8260 Stein am Rhein,2964,SH,real,False,23.07.2024,2707868,1280161
102593250,10031926,502010636,Im Boll,16.2,8260 Stein am Rhein,2964,SH,real,False,23.07.2024,2707299,1279859
102593251,10031927,502010399,Köhlerweid,26.1,8260 Stein am Rhein,2964,SH,real,False,23.07.2024,2705973,1279195
102593252,10031920,502010470,Erlenhof,1.3,8260 Stein am Rhein,2964,SH,real,False,23.07.2024,2707351,1280487
102593253,10091107,502010596,Zollikof,7.1,8260 Stein am Rhein,2964,SH,real,False,23.07.2024,2707056,1279642
102593254,10031926,502010534,Im Boll,24.1,8260 Stein am Rhein,2964,SH,real,False,23.07.2024,2707200,1279807
102593255,10087229,502010221,Blaurockstrasse,40.1,8260 Stein am Rhein,2964,SH,real,False,23.07.2024,2706422,1280321
102593256,10031920,502010218,Erlenhof,1.4,8260 Stein am Rhein,2964,SH,real,False,23.07.2024,2707344,1280482
102593257,10091107,502010157,Zollikof,8.1,8260 Stein am Rhein,2964,SH,real,False,23.07.2024,2707093,1279613
102593258,10031926,502010433,Im Boll,6.1,8260 Stein am Rhein,2964,SH,real,False,23.07.2024,2707359,1279844
102593259,10087229,502010456,Blaurockstrasse,40.2,8260 Stein am Rhein,2964,SH,real,False,23.07.2024,2706451,1280357
102593260,10187867,502010441,Eschenzerstrasse,1.1,8260 Stein am Rhein,2964,SH,real,False,23.07.2024,2706662,1279318
102593261,10031931,502010432,Orichhöhe,10.2,8260 Stein am Rhein,2964,SH,real,False,23.07.2024,2707434,1279626
102593262,10125668,502010354,Im Randen,1.1,8260 Stein am Rhein,2964,SH,real,False,23.07.2024,2705493,1280924
102593263,10087229,502010377,Blaurockstrasse,51.1,8260 Stein am Rhein,2964,SH,real,False,23.07.2024,2706400,1280380
102593264,10187867,502010201,Eschenzerstrasse,1.2,8260 Stein am Rhein,2964,SH,real,False,23.07.2024,2706676,1279307
102593265,10031940,502010633,Zum Nägelisee,10.1,8260 Stein am Rhein,2964,SH,real,False,23.07.2024,2706226,1279155
102593266,10125668,502010283,Im Randen,1.10,8260 Stein am Rhein,2964,SH,real,False,23.07.2024,2705673,1280962
102593267,10031927,502010393,Köhlerweid,27.1,8260 Stein am Rhein,2964,SH,real,False,23.07.2024,2705980,1279191
102593268,10091108,502010215,Zwinglistrasse,22.1,8260 Stein am Rhein,2964,SH,real,False,23.07.2024,2706845,1280264
102593269,10031940,502010291,Zum Nägelisee,10.2,8260 Stein am Rhein,2964,SH,real,False,23.07.2024,2706243,1279131
102593270,10031932,502010592,Rathausplatz,2.1,8260 Stein am Rhein,2964,SH,real,False,23.07.2024,2706742,1279727
102593271,10087229,502010600,Blaurockstrasse,51.2,8260 Stein am Rhein,2964,SH,real,False,23.07.2024,2706396,1280432
102593272,10091108,502010511,Zwinglistrasse,29.1,8260 Stein am Rhein,2964,SH,real,False,23.07.2024,2706789,1280253
102593273,10031931,502010605,Orichhöhe,13.1,8260 Stein am Rhein,2964,SH,real,False,23.07.2024,2707489,1279704
102593274,10110819,502010398,Espiweg,34.2,8260 Stein am Rhein,2964,SH,real,False,23.07.2024,2706364,1279715
102593275,10091108,502010447,Zwinglistrasse,3.1,8260 Stein am Rhein,2964,SH,real,False,23.07.2024,2707055,1280251
102593276,10031927,502010442,Köhlerweid,28.1,8260 Stein am Rhein,2964,SH,real,False,23.07.2024,2705983,1279190
102593277,10031940,502010355,Zum Nägelisee,4.1,8260 Stein am Rhein,2964,SH,real,False,23.07.2024,2706290,1279166
102593278,10125668,502010536,Im Randen,1.11,8260 Stein am Rhein,2964,SH,real,False,23.07.2024,2705476,1281097
102593279,10091108,502010479,Zwinglistrasse,30.1,8260 Stein am Rhein,2964,SH,real,False,23.07.2024,2706764,1280274
102593280,10087229,502010241,Blaurockstrasse,6.1,8260 Stein am Rhein,2964,SH,real,False,23.07.2024,2706846,1280145
102593281,10031932,502010264,Rathausplatz,3.1,8260 Stein am Rhein,2964,SH,real,False,23.07.2024,2706707,1279673
102593282,10031931,502010445,Orichhöhe,15.1,8260 Stein am Rhein,2964,SH,real,False,23.07.2024,2707503,1279696
102593283,10091108,502010532,Zwinglistrasse,30.2,8260 Stein am Rhein,2964,SH,real,False,23.07.2024,2706769,1280375
102593284,10031927,502010346,Köhlerweid,29,8260 Stein am Rhein,2964,SH,real,False,15.11.2024,2705994,1279204
102593285,10125668,502010358,Im Randen,1.12,8260 Stein am Rhein,2964,SH,real,False,23.07.2024,2705328,1280958
102593286,10091108,502010437,Zwinglistrasse,12.2,8260 Stein am Rhein,2964,SH,real,False,23.07.2024,2706971,1280412
102593287,10091108,502010293,Zwinglistrasse,32.1,8260 Stein am Rhein,2964,SH,real,False,23.07.2024,2706746,1280305
102593288,10125668,502010539,Im Randen,1.13,8260 Stein am Rhein,2964,SH,real,False,23.07.2024,2705719,1281018
102593289,10087229,502010148,Blaurockstrasse,7.1,8260 Stein am Rhein,2964,SH,real,False,23.07.2024,2706811,1280097
102593290,10091108,502010229,Zwinglistrasse,12.3,8260 Stein am Rhein,2964,SH,real,False,23.07.2024,2706910,1280416
102593291,10091108,502010282,Zwinglistrasse,36.1,8260 Stein am Rhein,2964,SH,real,False,23.07.2024,2706734,1280288
102593292,10031927,502010464,Köhlerweid,6.1,8260 Stein am Rhein,2964,SH,real,False,23.07.2024,2706043,1279237
102593293,10179757,502010251,Rhigüetli,1.1,8260 Stein am Rhein,2964,SH,real,False,23.07.2024,2707785,1279409
102593294,10091108,502010472,Zwinglistrasse,12.4,8260 Stein am Rhein,2964,SH,real,False,23.07.2024,2706891,1280446
102593295,10091108,502010212,Zwinglistrasse,38.1,8260 Stein am Rhein,2964,SH,real,False,23.07.2024,2706721,1280358
102593296,10031927,502010462,Köhlerweid,8.1,8260 Stein am Rhein,2964,SH,real,False,23.07.2024,2706036,1279240
102593297,10125668,502010230,Im Randen,1.14,8260 Stein am Rhein,2964,SH,real,False,23.07.2024,2705740,1281007
102593298,10091108,502010152,Zwinglistrasse,40.1,8260 Stein am Rhein,2964,SH,real,False,23.07.2024,2706651,1280318
102593299,10031931,502010619,Orichhöhe,17.1,8260 Stein am Rhein,2964,SH,real,False,23.07.2024,2707498,1279724
102593300,10031927,502010504,Köhlerweid,9.1,8260 Stein am Rhein,2964,SH,real,False,23.07.2024,2706028,1279244
102593301,10179757,502010336,Rhigüetli,1.3,8260 Stein am Rhein,2964,SH,real,False,23.07.2024,2707823,1279387
102593302,10091108,502010227,Zwinglistrasse,41.1,8260 Stein am Rhein,2964,SH,real,False,23.07.2024,2706615,1280290
102593303,10091108,502010551,Zwinglistrasse,14.1,8260 Stein am Rhein,2964,SH,real,False,23.07.2024,2706922,1280291
102593304,10113219,502010547,Landhusweg,1.1,8260 Stein am Rhein,2964,SH,real,False,23.07.2024,2707551,1279827
102593305,10031933,502010553,Rhiweg,15.1,8260 Stein am Rhein,2964,SH,real,False,23.07.2024,2706734,1279484
102593306,10179757,502010357,Rhigüetli,1.2,8260 Stein am Rhein,2964,SH,real,False,23.07.2024,2707807,1279441
102593307,10091108,502010235,Zwinglistrasse,19.1,8260 Stein am Rhein,2964,SH,real,False,23.07.2024,2706910,1280222
102593308,10031933,502010273,Rhiweg,15.2,8260 Stein am Rhein,2964,SH,real,False,23.07.2024,2706737,1279484
102593309,10113219,502010550,Landhusweg,9.1,8260 Stein am Rhein,2964,SH,real,False,23.07.2024,2707450,1279810
102593310,10091108,502010635,Zwinglistrasse,44.1,8260 Stein am Rhein,2964,SH,real,False,23.07.2024,2706629,1280383
102593311,10031931,502010366,Orichhöhe,18.1,8260 Stein am Rhein,2964,SH,real,False,23.07.2024,2707545,1279660
102593312,10031933,502010417,Rhiweg,22.1,8260 Stein am Rhein,2964,SH,real,False,23.07.2024,2706762,1279468
102593314,10125668,502010290,Im Randen,1.15,8260 Stein am Rhein,2964,SH,real,False,23.07.2024,2705432,1281128
102593315,10187867,502010302,Eschenzerstrasse,15.1,8260 Stein am Rhein,2964,SH,real,False,23.07.2024,2706828,1279191
102593316,10031933,502010535,Rhiweg,26.1,8260 Stein am Rhein,2964,SH,real,False,23.07.2024,2706783,1279454
102593317,10091106,502010304,Schluecht,497.5,8260 Stein am Rhein,2964,SH,real,False,23.07.2024,2706213,1280666
102593318,10091108,502010471,Zwinglistrasse,44.2,8260 Stein am Rhein,2964,SH,real,False,23.07.2024,2706597,1280429
102593319,10031931,502010599,Orichhöhe,20.1,8260 Stein am Rhein,2964,SH,real,False,23.07.2024,2707552,1279639
102593320,10031933,502010151,Rhiweg,26.2,8260 Stein am Rhein,2964,SH,real,False,23.07.2024,2706810,1279422
102593321,10179756,502010637,Langstuck,5.1,8260 Stein am Rhein,2964,SH,real,False,23.07.2024,2706821,1279990
102593322,10179757,502010309,Rhigüetli,1.4,8260 Stein am Rhein,2964,SH,real,False,23.07.2024,2707837,1279389
102593323,10187867,502010634,Eschenzerstrasse,31.1,8260 Stein am Rhein,2964,SH,real,False,23.07.2024,2706830,1279154
102593324,10031933,502010260,Rhiweg,34.1,8260 Stein am Rhein,2964,SH,real,False,23.07.2024,2706836,1279355
102593325,10091106,502010533,Schluecht,497.6,8260 Stein am Rhein,2964,SH,real,False,23.07.2024,2706225,1280625
102593326,10125668,502010363,Im Randen,1.16,8260 Stein am Rhein,2964,SH,real,False,23.07.2024,2705274,1281005
102593327,10031931,502010482,Orichhöhe,24.1,8260 Stein am Rhein,2964,SH,real,False,23.07.2024,2707614,1279668
102593328,10031933,502010163,Rhiweg,34.2,8260 Stein am Rhein,2964,SH,real,False,23.07.2024,2706865,1279348
102593329,10091108,502010392,Zwinglistrasse,44.3,8260 Stein am Rhein,2964,SH,real,False,23.07.2024,2706571,1280440
102593330,10179756,502010518,Langstuck,7.1,8260 Stein am Rhein,2964,SH,real,False,23.07.2024,2706847,1280004
102593331,10187867,502010279,Eschenzerstrasse,35.1,8260 Stein am Rhein,2964,SH,real,False,23.07.2024,2706850,1279170
102593332,10031933,502010274,Rhiweg,38.1,8260 Stein am Rhein,2964,SH,real,False,23.07.2024,2706891,1279315
102593333,10091106,502010544,Schluecht,497.7,8260 Stein am Rhein,2964,SH,real,False,23.07.2024,2706179,1280676
102593334,10073096,502010317,Rhigüetliweg,1.1,8260 Stein am Rhein,2964,SH,real,False,23.07.2024,2707467,1279436
102593335,10031931,502010552,Orichhöhe,24.2,8260 Stein am Rhein,2964,SH,real,False,23.07.2024,2707616,1279644
102593336,10031933,502010507,Rhiweg,38.2,8260 Stein am Rhein,2964,SH,real,False,23.07.2024,2706896,1279310
102593337,10125668,502010517,Im Randen,1.17,8260 Stein am Rhein,2964,SH,real,False,23.07.2024,2705391,1281153
102593338,10179756,502010362,Langstuck,9.1,8260 Stein am Rhein,2964,SH,real,False,23.07.2024,2706842,1280019
102593339,10187867,502010285,Eschenzerstrasse,39.1,8260 Stein am Rhein,2964,SH,real,False,23.07.2024,2706869,1279185
102593340,10091105,502010387,Rietstrasse,22.1,8260 Stein am Rhein,2964,SH,real,False,23.07.2024,2706427,1280269
102593341,10091108,502010604,Zwinglistrasse,5.1,8260 Stein am Rhein,2964,SH,real,False,23.07.2024,2707039,1280253
102593342,10091106,502010541,Schluecht,497.8,8260 Stein am Rhein,2964,SH,real,False,23.07.2024,2706176,1280679
102593343,10031931,502010588,Orichhöhe,6.1,8260 Stein am Rhein,2964,SH,real,False,23.07.2024,2707353,1279659
102593344,10091105,502010402,Rietstrasse,23.1,8260 Stein am Rhein,2964,SH,real,False,23.07.2024,2706395,1280206
102593345,10073096,502010607,Rhigüetliweg,2.1,8260 Stein am Rhein,2964,SH,real,False,23.07.2024,2707536,1279556
102593346,10091106,502010308,Schluecht,497.9,8260 Stein am Rhein,2964,SH,real,False,23.07.2024,2706293,1280758
102593347,10110819,502010612,Espiweg,20.1,8260 Stein am Rhein,2964,SH,real,False,19.11.2024,2706559,1279556
102593348,10091105,502010414,Rietstrasse,24.1,8260 Stein am Rhein,2964,SH,real,False,23.07.2024,2706408,1280265
102593349,10091108,502010473,Zwinglistrasse,5.2,8260 Stein am Rhein,2964,SH,real,False,23.07.2024,2707035,1280229
102593350,10031937,502010501,Spittelmüli,3.1,8260 Stein am Rhein,2964,SH,real,False,23.07.2024,2706936,1279854
102593351,10031931,502010341,Orichhöhe,7b.1,8260 Stein am Rhein,2964,SH,real,False,23.07.2024,2707400,1279675
102593352,10091105,502010492,Rietstrasse,28.1,8260 Stein am Rhein,2964,SH,real,False,23.07.2024,2706364,1280240
102593353,10073096,502010326,Rhigüetliweg,3.1,8260 Stein am Rhein,2964,SH,real,False,23.07.2024,2707553,1279559
102593354,10110819,502010585,Espiweg,28.1,8260 Stein am Rhein,2964,SH,real,False,23.07.2024,2706497,1279577
102593355,10031616,502010375,Bollstieg,16.1,8260 Stein am Rhein,2964,SH,real,False,23.07.2024,2707439,1279836
102593356,10091105,502010153,Rietstrasse,30.1,8260 Stein am Rhein,2964,SH,real,False,23.07.2024,2706328,1280219
102593357,10125668,502010530,Im Randen,1.18,8260 Stein am Rhein,2964,SH,real,False,23.07.2024,2705810,1280938
102593358,10031931,502010438,Orichhöhe,8.1,8260 Stein am Rhein,2964,SH,real,False,23.07.2024,2707401,1279654
102593359,10090058,502010429,Mühlenstrasse,11.1,8260 Stein am Rhein,2964,SH,real,False,23.07.2024,2706963,1279944
102593360,10091105,502010610,Rietstrasse,32.1,8260 Stein am Rhein,2964,SH,real,False,23.07.2024,2706297,1280220
102593361,10091108,502010557,Zwinglistrasse,5.3,8260 Stein am Rhein,2964,SH,real,False,23.07.2024,2707027,1280214
102593362,10031931,502010342,Orichhöhe,9b.1,8260 Stein am Rhein,2964,SH,real,False,23.07.2024,2707431,1279679
102593363,10031616,502010425,Bollstieg,2.1,8260 Stein am Rhein,2964,SH,real,False,23.07.2024,2707305,1279769
102593364,10091105,502010289,Rietstrasse,32.2,8260 Stein am Rhein,2964,SH,real,False,23.07.2024,2706305,1280230
102593365,10073096,502010531,Rhigüetliweg,6.1,8260 Stein am Rhein,2964,SH,real,False,23.07.2024,2707698,1279536
102593366,10110819,502010311,Espiweg,32.2,8260 Stein am Rhein,2964,SH,real,False,23.07.2024,2706393,1279669
102593367,10091105,502010589,Rietstrasse,38.1,8260 Stein am Rhein,2964,SH,real,False,23.07.2024,2706237,1280243
102593368,10090058,502010198,Mühlenstrasse,14.1,8260 Stein am Rhein,2964,SH,real,False,23.07.2024,2707011,1279989
102593369,10125668,502010216,Im Randen,1.19,8260 Stein am Rhein,2964,SH,real,False,23.07.2024,2705375,1281172
102593371,10091108,502010233,Zwinglistrasse,5.4,8260 Stein am Rhein,2964,SH,real,False,23.07.2024,2707019,1280320
102593372,10110819,502010500,Espiweg,33.1,8260 Stein am Rhein,2964,SH,real,False,23.07.2024,2706370,1279589
102593373,10192063,502010446,Rabewis,447.3,8260 Stein am Rhein,2964,SH,real,False,23.07.2024,2707403,1280504
102593374,10110819,502010331,Espiweg,34.1,8260 Stein am Rhein,2964,SH,real,False,23.07.2024,2706366,1279684
102593375,10192063,502010180,Rabewis,447.4,8260 Stein am Rhein,2964,SH,real,False,23.07.2024,2707364,1280348
102593376,10192063,502010161,Rabewis,447.5,8260 Stein am Rhein,2964,SH,real,False,23.07.2024,2707732,1280442
102593395,10031514,191858512,Wasseristrasse,,8216 Oberhallau,2972,SH,real,True,19.11.2024,2677956,1284170
102593490,10113212,502010838,Grabenstrasse,24.2,8225 Siblingen,2953,SH,real,False,23.07.2024,2681212,1285544
102593491,10080408,502010778,Hauptstrasse,51.2,8225 Siblingen,2953,SH,real,False,23.07.2024,2681203,1285371
102593492,10080410,502010711,Raabuck,4.1,8225 Siblingen,2953,SH,real,False,23.07.2024,2681376,1285259
102593493,10031578,502010677,Schoopacker,14.1,8225 Siblingen,2953,SH,real,False,23.07.2024,2681374,1286049
102593494,10080411,502010689,Rietstrasse,92.7,8225 Siblingen,2953,SH,real,False,23.07.2024,2681834,1284718
102593495,10080410,502010710,Raabuck,8.1,8225 Siblingen,2953,SH,real,False,23.07.2024,2681362,1285181
102593496,10080408,502010777,Hauptstrasse,51.3,8225 Siblingen,2953,SH,real,False,23.07.2024,2681176,1285348
102593497,10073369,502010869,Fohrenhof,142b.14,8225 Siblingen,2953,SH,real,False,23.07.2024,2682091,1284544
102593498,10085778,502010881,Burghaldenstrasse,220.1,8225 Siblingen,2953,SH,real,False,23.07.2024,2681652,1285621
102593499,10110818,502010709,Raastrasse,16.1,8225 Siblingen,2953,SH,real,False,23.07.2024,2681176,1285335
102593500,10080408,502010776,Hauptstrasse,55.1,8225 Siblingen,2953,SH,real,False,23.07.2024,2681115,1285409
102593501,10031578,502010676,Schoopacker,2.1,8225 Siblingen,2953,SH,real,False,23.07.2024,2681361,1285971
102593502,10110818,502010708,Raastrasse,22.1,8225 Siblingen,2953,SH,real,False,23.07.2024,2681161,1285242
102593503,10031578,502010679,Schoopacker,11.1,8225 Siblingen,2953,SH,real,False,23.07.2024,2681381,1286009
102593504,10080408,502010775,Hauptstrasse,56.1,8225 Siblingen,2953,SH,real,False,23.07.2024,2681157,1285418
102593505,10073369,502010868,Fohrenhof,142b.15,8225 Siblingen,2953,SH,real,False,23.07.2024,2682260,1284592
102593506,10031577,502010707,Randenstrasse,132.1,8225 Siblingen,2953,SH,real,False,23.07.2024,2682428,1286636
102593507,10073369,502010867,Fohrenhof,142b.16,8225 Siblingen,2953,SH,real,False,23.07.2024,2682158,1284536
102593508,10080408,502010774,Hauptstrasse,57.1,8225 Siblingen,2953,SH,real,False,23.07.2024,2681084,1285395
102593509,10031578,502010675,Schoopacker,2.2,8225 Siblingen,2953,SH,real,False,23.07.2024,2681344,1285995
102593510,10031577,502010706,Randenstrasse,132.2,8225 Siblingen,2953,SH,real,False,23.07.2024,2682347,1286552
102593511,10080408,502010773,Hauptstrasse,57.2,8225 Siblingen,2953,SH,real,False,23.07.2024,2681075,1285384
102593512,10031578,502010674,Schoopacker,21.1,8225 Siblingen,2953,SH,real,False,23.07.2024,2681390,1286096
102593513,10122646,502010668,Schulstrasse,10.1,8225 Siblingen,2953,SH,real,False,23.07.2024,2681058,1285622
102593514,10031577,502010705,Randenstrasse,132.3,8225 Siblingen,2953,SH,real,False,23.07.2024,2682978,1286671
102593515,10080408,502010772,Hauptstrasse,57.3,8225 Siblingen,2953,SH,real,False,23.07.2024,2681100,1285397
102593516,10031571,502010854,Gewerbestrasse,6.1,8225 Siblingen,2953,SH,real,False,23.07.2024,2680986,1285280
102593517,10073369,502010866,Fohrenhof,142b.17,8225 Siblingen,2953,SH,real,False,23.07.2024,2682204,1284531
102593518,10031577,502010704,Randenstrasse,132.4,8225 Siblingen,2953,SH,real,False,23.07.2024,2683294,1287071
102593519,10031569,502010908,Am Stei,122.1,8225 Siblingen,2953,SH,real,False,23.07.2024,2680805,1285145
102593520,10031579,502010654,Siblingerhöhe,171.6,8225 Siblingen,2953,SH,real,False,23.07.2024,2679695,1286545
102593521,10031578,502010673,Schoopacker,21.2,8225 Siblingen,2953,SH,real,False,23.07.2024,2681383,1286077
102593522,10080408,502010770,Hauptstrasse,61.1,8225 Siblingen,2953,SH,real,False,23.07.2024,2681052,1285403
102593523,10031569,502010907,Am Stei,122.2,8225 Siblingen,2953,SH,real,False,23.07.2024,2680825,1285175
102593524,10113212,502010837,Grabenstrasse,24.3,8225 Siblingen,2953,SH,real,False,23.07.2024,2681213,1285553
102593525,10073369,502010865,Fohrenhof,142b.18,8225 Siblingen,2953,SH,real,False,23.07.2024,2682293,1284521
102593526,10031577,502010703,Randenstrasse,140.1,8225 Siblingen,2953,SH,real,False,23.07.2024,2682507,1287197
102593527,10113212,502010836,Grabenstrasse,24.4,8225 Siblingen,2953,SH,real,False,23.07.2024,2681232,1285525
102593528,10031569,502010905,Am Stei,122.4,8225 Siblingen,2953,SH,real,False,23.07.2024,2680782,1285186
102593529,10080408,502010769,Hauptstrasse,62.1,8225 Siblingen,2953,SH,real,False,23.07.2024,2681094,1285447
102593530,10031578,502010672,Schoopacker,26.1,8225 Siblingen,2953,SH,real,True,23.07.2024,2681308,1286139
102593531,10113212,502010835,Grabenstrasse,31.1,8225 Siblingen,2953,SH,real,False,23.07.2024,2681176,1285595
102593532,10031577,502010702,Randenstrasse,140.2,8225 Siblingen,2953,SH,real,False,23.07.2024,2682492,1287218
102593533,10080408,502010768,Hauptstrasse,66.1,8225 Siblingen,2953,SH,real,False,23.07.2024,2680997,1285477
102593534,10073369,502010864,Fohrenhof,142b.2,8225 Siblingen,2953,SH,real,False,23.07.2024,2681853,1284774
102593535,10113212,502010834,Grabenstrasse,31.2,8225 Siblingen,2953,SH,real,False,23.07.2024,2681161,1285591
102593536,10080408,502010767,Hauptstrasse,66.2,8225 Siblingen,2953,SH,real,False,23.07.2024,2680986,1285462
102593537,10031578,502010671,Schoopacker,28.1,8225 Siblingen,2953,SH,real,False,23.07.2024,2681282,1286144
102593538,10031569,502010904,Am Stei,122.5,8225 Siblingen,2953,SH,real,False,23.07.2024,2680916,1284888
102593539,10113212,502010833,Grabenstrasse,31.3,8225 Siblingen,2953,SH,real,False,23.07.2024,2681148,1285600
102593540,10080408,502010766,Hauptstrasse,70.1,8225 Siblingen,2953,SH,real,False,23.07.2024,2680947,1285483
102593541,10031569,502010903,Am Stei,122.6,8225 Siblingen,2953,SH,real,False,23.07.2024,2680830,1284539
102593542,10073369,502010863,Fohrenhof,142b.3,8225 Siblingen,2953,SH,real,False,23.07.2024,2681906,1284667
102593543,10080408,502010765,Hauptstrasse,70.2,8225 Siblingen,2953,SH,real,False,23.07.2024,2680959,1285483
102593544,10113212,502010832,Grabenstrasse,32.1,8225 Siblingen,2953,SH,real,False,23.07.2024,2681218,1285571
102593545,10031577,502010701,Randenstrasse,140.3,8225 Siblingen,2953,SH,real,False,23.07.2024,2682457,1287236
102593546,10031578,502010670,Schoopacker,33.1,8225 Siblingen,2953,SH,real,False,23.07.2024,2681371,1286163
102593547,10080408,502010764,Hauptstrasse,70.3,8225 Siblingen,2953,SH,real,False,23.07.2024,2680899,1285472
102593548,10113212,502010831,Grabenstrasse,32a.1,8225 Siblingen,2953,SH,real,False,23.07.2024,2681228,1285549
102593549,10031569,502010902,Am Stei,13.1,8225 Siblingen,2953,SH,real,False,23.07.2024,2680980,1285296
102593550,10073369,502010862,Fohrenhof,142b.4,8225 Siblingen,2953,SH,real,False,23.07.2024,2682023,1284612
102593551,10080408,502010763,Hauptstrasse,70a.1,8225 Siblingen,2953,SH,real,False,23.07.2024,2680988,1285438
102593552,10113212,502010830,Grabenstrasse,33.1,8225 Siblingen,2953,SH,real,False,23.07.2024,2681148,1285639
102593553,10031578,502010669,Schoopacker,4.1,8225 Siblingen,2953,SH,real,False,23.07.2024,2681338,1285996
102593554,10080408,502010762,Hauptstrasse,8.1,8225 Siblingen,2953,SH,real,False,23.07.2024,2681496,1285182
102593555,10031569,502010901,Am Stei,6.1,8225 Siblingen,2953,SH,real,False,23.07.2024,2680967,1285354
102593556,10113212,502010829,Grabenstrasse,40.1,8225 Siblingen,2953,SH,real,False,23.07.2024,2681222,1285607
102593557,10080408,502010761,Hauptstrasse,8.2,8225 Siblingen,2953,SH,real,False,23.07.2024,2681510,1285202
102593558,10031577,502010700,Randenstrasse,140.4,8225 Siblingen,2953,SH,real,False,23.07.2024,2682542,1287239
102593559,10073369,502010861,Fohrenhof,142b.5,8225 Siblingen,2953,SH,real,False,23.07.2024,2682194,1284598
102593560,10031569,502010900,Am Stei,6.2,8225 Siblingen,2953,SH,real,False,23.07.2024,2680942,1285342
102593561,10080408,502010760,Hauptstrasse,8.3,8225 Siblingen,2953,SH,real,False,23.07.2024,2681520,1285191
102593562,10113212,502010828,Grabenstrasse,47.1,8225 Siblingen,2953,SH,real,False,23.07.2024,2681213,1285691
102593563,10073369,502010860,Fohrenhof,142b.6,8225 Siblingen,2953,SH,real,False,23.07.2024,2682224,1284596
102593564,10031577,502010699,Randenstrasse,140.5,8225 Siblingen,2953,SH,real,False,23.07.2024,2682382,1287074
102593565,10031573,502010759,Heppenacker,1.1,8225 Siblingen,2953,SH,real,False,23.07.2024,2681297,1285613
102593566,10113212,502010827,Grabenstrasse,49.1,8225 Siblingen,2953,SH,real,False,23.07.2024,2681215,1285703
102593567,10122646,502010667,Schulstrasse,12.1,8225 Siblingen,2953,SH,real,False,23.07.2024,2681097,1285616
102593568,10031569,502010899,Am Stei,6.3,8225 Siblingen,2953,SH,real,False,23.07.2024,2680971,1285362
102593569,10031573,502010758,Heppenacker,1.2,8225 Siblingen,2953,SH,real,False,23.07.2024,2681315,1285644
102593570,10073369,502010859,Fohrenhof,142b.7,8225 Siblingen,2953,SH,real,False,23.07.2024,2681964,1284575
102593571,10113212,502010826,Grabenstrasse,5.1,8225 Siblingen,2953,SH,real,False,23.07.2024,2681119,1285481
102593572,10179744,502010757,Hofackerstrasse,10.1,8225 Siblingen,2953,SH,real,False,23.07.2024,2681285,1285480
102593573,10085777,502010898,Auf der Breite,1.1,8225 Siblingen,2953,SH,real,False,23.07.2024,2681278,1285460
102593575,10113212,502010825,Grabenstrasse,5.2,8225 Siblingen,2953,SH,real,False,23.07.2024,2681096,1285484
102593576,10179744,502010756,Hofackerstrasse,15.1,8225 Siblingen,2953,SH,real,False,23.07.2024,2681261,1285661
102593577,10073369,502010858,Fohrenhof,142b.8,8225 Siblingen,2953,SH,real,False,23.07.2024,2681938,1284583
102593578,10031577,502010698,Randenstrasse,140.6,8225 Siblingen,2953,SH,real,False,23.07.2024,2682295,1286901
102593579,10113212,502010824,Grabenstrasse,5.3,8225 Siblingen,2953,SH,real,False,23.07.2024,2681084,1285469
102593580,10122646,502010665,Schulstrasse,3.1,8225 Siblingen,2953,SH,real,False,23.07.2024,2681032,1285495
102593581,10085777,502010897,Auf der Breite,17.1,8225 Siblingen,2953,SH,real,False,23.07.2024,2681443,1285422
102593582,10113212,502010823,Grabenstrasse,50.1,8225 Siblingen,2953,SH,real,False,23.07.2024,2681265,1285665
102593583,10179744,502010755,Hofackerstrasse,15.2,8225 Siblingen,2953,SH,real,False,23.07.2024,2681268,1285614
102593585,10073369,502010857,Fohrenhof,142b.9,8225 Siblingen,2953,SH,real,False,23.07.2024,2681991,1284565
102593586,10031577,502010697,Randenstrasse,8.1,8225 Siblingen,2953,SH,real,False,23.07.2024,2681360,1285621
102593587,10113212,502010822,Grabenstrasse,50.2,8225 Siblingen,2953,SH,real,False,23.07.2024,2681272,1285663
102593588,10179744,502010754,Hofackerstrasse,3.1,8225 Siblingen,2953,SH,real,False,23.07.2024,2681206,1285440
102593589,10122646,502010664,Schulstrasse,7.1,8225 Siblingen,2953,SH,real,False,23.07.2024,2681037,1285570
102593590,10085777,502010896,Auf der Breite,2.1,8225 Siblingen,2953,SH,real,False,23.07.2024,2681254,1285421
102593591,10113212,502010821,Grabenstrasse,50.3,8225 Siblingen,2953,SH,real,False,23.07.2024,2681285,1285656
102593592,10179744,502010753,Hofackerstrasse,3.2,8225 Siblingen,2953,SH,real,False,23.07.2024,2681211,1285486
102593593,10031571,502010856,Gewerbestrasse,16.1,8225 Siblingen,2953,SH,real,False,23.07.2024,2680809,1285395
102593594,10031577,502010696,Randenstrasse,8.2,8225 Siblingen,2953,SH,real,False,23.07.2024,2681341,1285677
102593595,10113212,502010820,Grabenstrasse,54.1,8225 Siblingen,2953,SH,real,False,23.07.2024,2681299,1285707
102593596,10073370,502010752,Im Winkel,3.1,8225 Siblingen,2953,SH,real,False,23.07.2024,2681166,1285381
102593597,10122646,502010663,Schulstrasse,7.2,8225 Siblingen,2953,SH,real,False,23.07.2024,2680991,1285579
102593598,10080411,502010695,Rietstrasse,92.1,8225 Siblingen,2953,SH,real,False,23.07.2024,2681537,1284816
102593599,10113212,502010819,Grabenstrasse,54.2,8225 Siblingen,2953,SH,real,False,23.07.2024,2681324,1285697
102593600,10031571,502010855,Gewerbestrasse,16.2,8225 Siblingen,2953,SH,real,False,23.07.2024,2680762,1285319
102593601,10080409,502010751,In der Au,13.1,8225 Siblingen,2953,SH,real,False,23.07.2024,2681179,1285211
102593602,10085777,502010895,Auf der Breite,2.2,8225 Siblingen,2953,SH,real,False,23.07.2024,2681257,1285430
102593603,10113212,502010818,Grabenstrasse,55.1,8225 Siblingen,2953,SH,real,False,23.07.2024,2681243,1285755
102593604,10031579,502010662,Siblingerhöhe,171.1,8225 Siblingen,2953,SH,real,False,23.07.2024,2679726,1286522
102593605,10080409,502010750,In der Au,21.1,8225 Siblingen,2953,SH,real,False,23.07.2024,2681085,1285187
102593606,10080411,502010694,Rietstrasse,92.2,8225 Siblingen,2953,SH,real,False,23.07.2024,2681537,1284827
102593607,10113212,502010817,Grabenstrasse,59.1,8225 Siblingen,2953,SH,real,False,23.07.2024,2681249,1285785
102593608,10031579,502010661,Siblingerhöhe,171.10,8225 Siblingen,2953,SH,real,False,23.07.2024,2679686,1286561
102593609,10080409,502010749,In der Au,23.1,8225 Siblingen,2953,SH,real,False,23.07.2024,2681088,1285186
102593610,10085777,502010894,Auf der Breite,7.1,8225 Siblingen,2953,SH,real,False,23.07.2024,2681335,1285448
102593611,10192061,502010853,Ghahof,137.1,8225 Siblingen,2953,SH,real,False,23.07.2024,2681227,1286778
102593612,10113212,502010816,Grabenstrasse,60.1,8225 Siblingen,2953,SH,real,False,23.07.2024,2681298,1285751
102593613,10080409,502010748,In der Au,26.1,8225 Siblingen,2953,SH,real,False,23.07.2024,2681140,1285145
102593614,10080411,502010693,Rietstrasse,92.3,8225 Siblingen,2953,SH,real,False,23.07.2024,2681640,1284832
102593615,10031579,502010660,Siblingerhöhe,171.11,8225 Siblingen,2953,SH,real,False,23.07.2024,2679706,1286567
102593616,10113212,502010815,Grabenstrasse,8.1,8225 Siblingen,2953,SH,real,False,23.07.2024,2681167,1285453
102593617,10080409,502010747,In der Au,26.2,8225 Siblingen,2953,SH,real,False,23.07.2024,2681118,1285110
102593618,10085777,502010893,Auf der Breite,7.2,8225 Siblingen,2953,SH,real,False,23.07.2024,2681325,1285462
102593619,10187862,502010814,Gruberhof,34.1,8225 Siblingen,2953,SH,real,False,23.07.2024,2680819,1285789
102593620,10192061,502010852,Ghahof,167.1,8225 Siblingen,2953,SH,real,False,23.07.2024,2681300,1286473
102593621,10085777,502010892,Auf der Breite,9.1,8225 Siblingen,2953,SH,real,False,23.07.2024,2681339,1285447
102593622,10080409,502010746,In der Au,26.3,8225 Siblingen,2953,SH,real,False,23.07.2024,2681103,1285049
102593623,10187862,502010813,Gruberhof,34.2,8225 Siblingen,2953,SH,real,False,23.07.2024,2680827,1285761
102593624,10031579,502010659,Siblingerhöhe,171.12,8225 Siblingen,2953,SH,real,False,23.07.2024,2679975,1286226
102593625,10080411,502010691,Rietstrasse,92.5,8225 Siblingen,2953,SH,real,False,23.07.2024,2681762,1284696
102593626,10080409,502010745,In der Au,26.4,8225 Siblingen,2953,SH,real,False,23.07.2024,2681121,1285017
102593627,10080411,502010690,Rietstrasse,92.6,8225 Siblingen,2953,SH,real,False,23.07.2024,2681787,1284750
102593628,10187862,502010812,Gruberhof,34.3,8225 Siblingen,2953,SH,real,False,23.07.2024,2680820,1285747
102593629,10192061,502010851,Ghahof,167.2,8225 Siblingen,2953,SH,real,False,23.07.2024,2681472,1287309
102593630,10080409,502010744,In der Au,6.1,8225 Siblingen,2953,SH,real,False,23.07.2024,2681098,1285218
102593631,10031570,502010888,Breitestrasse,15.1,8225 Siblingen,2953,SH,real,False,23.07.2024,2681478,1285438
102593632,10031579,502010658,Siblingerhöhe,171.2,8225 Siblingen,2953,SH,real,False,23.07.2024,2679699,1286519
102593633,10187862,502010811,Gruberhof,34.4,8225 Siblingen,2953,SH,real,False,23.07.2024,2680864,1285815
102593634,10080409,502010743,In der Au,6.2,8225 Siblingen,2953,SH,real,False,23.07.2024,2681095,1285224
102593635,10031570,502010887,Breitestrasse,18.1,8225 Siblingen,2953,SH,real,False,23.07.2024,2681524,1285499
102593636,10113212,502010850,Grabenstrasse,11a.1,8225 Siblingen,2953,SH,real,False,23.07.2024,2681103,1285546
102593637,10187862,502010810,Gruberhof,34.5,8225 Siblingen,2953,SH,real,False,23.07.2024,2680859,1285759
102593638,10180889,502010742,Lettengarten,1.1,8225 Siblingen,2953,SH,real,False,23.07.2024,2681531,1285265
102593639,10080411,502010688,Rietstrasse,92.8,8225 Siblingen,2953,SH,real,False,23.07.2024,2681847,1284631
102593640,10113212,502010849,Grabenstrasse,13.1,8225 Siblingen,2953,SH,real,False,23.07.2024,2681126,1285545
102593641,10031572,502010809,Gruberstrasse,3.1,8225 Siblingen,2953,SH,real,False,23.07.2024,2681176,1285651
102593642,10180889,502010741,Lettengarten,10.1,8225 Siblingen,2953,SH,real,False,23.07.2024,2681601,1285184
102593643,10031570,502010886,Breitestrasse,21.1,8225 Siblingen,2953,SH,real,False,23.07.2024,2681480,1285362
102593644,10031572,502010808,Gruberstrasse,5.1,8225 Siblingen,2953,SH,real,False,23.07.2024,2681167,1285685
102593645,10031579,502010656,Siblingerhöhe,171.4,8225 Siblingen,2953,SH,real,False,23.07.2024,2679698,1286540
102593646,10180889,502010740,Lettengarten,11.1,8225 Siblingen,2953,SH,real,False,23.07.2024,2681622,1285230
102593647,10080411,502010687,Rietstrasse,93.1,8225 Siblingen,2953,SH,real,False,23.07.2024,2681536,1284927
102593648,10103230,502010807,Halde,183.1,8225 Siblingen,2953,SH,real,False,23.07.2024,2681799,1285754
102593649,10031579,502010655,Siblingerhöhe,171.5,8225 Siblingen,2953,SH,real,False,23.07.2024,2679718,1286547
102593650,10180889,502010739,Lettengarten,15.1,8225 Siblingen,2953,SH,real,False,23.07.2024,2681687,1285259
102593651,10031570,502010885,Breitestrasse,3.1,8225 Siblingen,2953,SH,real,False,23.07.2024,2681424,1285333
102593653,10113212,502010846,Grabenstrasse,17.1,8225 Siblingen,2953,SH,real,False,23.07.2024,2681117,1285564
102593654,10180889,502010738,Lettengarten,15.2,8225 Siblingen,2953,SH,real,False,23.07.2024,2681729,1285272
102593655,10080411,502010686,Rietstrasse,93.2,8225 Siblingen,2953,SH,real,False,23.07.2024,2681525,1285009
102593656,10031579,502010653,Siblingerhöhe,171.7,8225 Siblingen,2953,SH,real,False,23.07.2024,2679693,1286549
102593657,10103230,502010805,Halde,183.3,8225 Siblingen,2953,SH,real,False,23.07.2024,2682043,1285617
102593658,10180889,502010737,Lettengarten,2.1,8225 Siblingen,2953,SH,real,False,23.07.2024,2681575,1285255
102593659,10113212,502010845,Grabenstrasse,17.2,8225 Siblingen,2953,SH,real,False,23.07.2024,2681122,1285593
102593660,10031570,502010884,Breitestrasse,3.2,8225 Siblingen,2953,SH,real,False,23.07.2024,2681425,1285357
102593661,10080408,502010804,Hauptstrasse,1.1,8225 Siblingen,2953,SH,real,False,23.07.2024,2681541,1285170
102593662,10180889,502010736,Lettengarten,3.1,8225 Siblingen,2953,SH,real,False,23.07.2024,2681515,1285236
102593663,10210845,502010685,Rogackerweg,8.1,8225 Siblingen,2953,SH,real,False,23.07.2024,2680977,1285552
102593664,10031579,502010652,Siblingerhöhe,171.8,8225 Siblingen,2953,SH,real,False,23.07.2024,2679689,1286555
102593665,10080408,502010803,Hauptstrasse,12.1,8225 Siblingen,2953,SH,real,False,23.07.2024,2681465,1285219
102593666,10180889,502010735,Lettengarten,4.1,8225 Siblingen,2953,SH,real,False,23.07.2024,2681549,1285288
102593667,10031570,502010883,Breitestrasse,3.3,8225 Siblingen,2953,SH,real,False,23.07.2024,2681428,1285362
102593668,10113212,502010844,Grabenstrasse,17.3,8225 Siblingen,2953,SH,real,False,23.07.2024,2681108,1285591
102593669,10080408,502010802,Hauptstrasse,12.2,8225 Siblingen,2953,SH,real,False,23.07.2024,2681471,1285226
102593670,10031574,502010734,Mühlenstrasse,12.1,8225 Siblingen,2953,SH,real,False,23.07.2024,2681044,1285313
102593671,10104510,502010889,Rosenacker,187.2,8225 Siblingen,2953,SH,real,False,23.07.2024,2680594,1285844
102593672,10031579,502010651,Siblingerhöhe,171.9,8225 Siblingen,2953,SH,real,False,23.07.2024,2679701,1286418
102593673,10031574,502010733,Mühlenstrasse,12.2,8225 Siblingen,2953,SH,real,False,23.07.2024,2681039,1285276
102593674,10080408,502010801,Hauptstrasse,21.1,8225 Siblingen,2953,SH,real,False,23.07.2024,2681405,1285290
102593675,10031570,502010882,Breitestrasse,9.1,8225 Siblingen,2953,SH,real,False,23.07.2024,2681466,1285426
102593676,10031574,502010732,Mühlenstrasse,13.1,8225 Siblingen,2953,SH,real,False,23.07.2024,2681092,1285254
102593677,10113212,502010843,Grabenstrasse,18.2,8225 Siblingen,2953,SH,real,False,23.07.2024,2681231,1285517
102593678,10080408,502010800,Hauptstrasse,22.1,8225 Siblingen,2953,SH,real,False,23.07.2024,2681445,1285270
102593679,10104510,502010890,Rosenacker,187.3,8225 Siblingen,2953,SH,real,False,23.07.2024,2680569,1285869
102593680,10031574,502010731,Mühlenstrasse,3.1,8225 Siblingen,2953,SH,real,False,23.07.2024,2681115,1285364
102593681,10080408,502010771,Hauptstrasse,59.1,8225 Siblingen,2953,SH,real,False,23.07.2024,2681055,1285417
102593682,10080408,502010799,Hauptstrasse,25.1,8225 Siblingen,2953,SH,real,False,23.07.2024,2681395,1285326
102593683,10104510,502010891,Rosenacker,187.4,8225 Siblingen,2953,SH,real,False,23.07.2024,2680593,1285881
102593685,10031569,502010906,Am Stei,122.3,8225 Siblingen,2953,SH,real,False,23.07.2024,2680793,1285177
102593686,10080408,502010798,Hauptstrasse,25.2,8225 Siblingen,2953,SH,real,False,23.07.2024,2681376,1285306
102593687,10085778,502010880,Burghaldenstrasse,220.2,8225 Siblingen,2953,SH,real,False,23.07.2024,2681682,1285586
102593688,10080411,502010692,Rietstrasse,92.4,8225 Siblingen,2953,SH,real,False,23.07.2024,2681731,1284728
102593689,10031574,502010729,Mühlenstrasse,8.1,8225 Siblingen,2953,SH,real,False,23.07.2024,2681080,1285354
102593690,10080408,502010797,Hauptstrasse,26.1,8225 Siblingen,2953,SH,real,False,23.07.2024,2681419,1285364
102593691,10031579,502010657,Siblingerhöhe,171.3,8225 Siblingen,2953,SH,real,False,23.07.2024,2679700,1286536
102593692,10104510,502010684,Rosenacker,187.5,8225 Siblingen,2953,SH,real,False,23.07.2024,2680625,1285897
102593693,10031574,502010728,Mühlenstrasse,8.2,8225 Siblingen,2953,SH,real,False,23.07.2024,2681054,1285353
102593694,10080408,502010796,Hauptstrasse,29.1,8225 Siblingen,2953,SH,real,False,23.07.2024,2681364,1285304
102593695,10113212,502010848,Grabenstrasse,13.2,8225 Siblingen,2953,SH,real,False,23.07.2024,2681111,1285535
102593696,10085778,502010879,Burghaldenstrasse,220.3,8225 Siblingen,2953,SH,real,False,23.07.2024,2681786,1285554
102593698,10080408,502010795,Hauptstrasse,3.1,8225 Siblingen,2953,SH,real,False,23.07.2024,2681496,1285163
102593699,10113212,502010847,Grabenstrasse,16.1,8225 Siblingen,2953,SH,real,False,23.07.2024,2681170,1285515
102593700,10031574,502010726,Mühlenstrasse,9.2,8225 Siblingen,2953,SH,real,False,23.07.2024,2681112,1285311
102593701,10104510,502010683,Rosenacker,187.6,8225 Siblingen,2953,SH,real,False,23.07.2024,2680657,1285896
102593702,10080408,502010794,Hauptstrasse,30.1,8225 Siblingen,2953,SH,real,False,23.07.2024,2681373,1285359
102593703,10053254,502010725,Nebental,134.1,8225 Siblingen,2953,SH,real,False,23.07.2024,2679688,1286777
102593704,10104510,502010682,Rosenacker,187.7,8225 Siblingen,2953,SH,real,False,23.07.2024,2680583,1286241
102593705,10135339,502010650,Untere Burghalde,2.1,8225 Siblingen,2953,SH,real,False,23.07.2024,2681617,1285466
102593707,10053254,502010724,Nebental,134.2,8225 Siblingen,2953,SH,real,False,23.07.2024,2679467,1286836
102593708,10085778,502010878,Burghaldenstrasse,220.4,8225 Siblingen,2953,SH,real,False,23.07.2024,2681811,1285495
102593709,10080408,502010792,Hauptstrasse,30.3,8225 Siblingen,2953,SH,real,False,23.07.2024,2681390,1285405
102593710,10113212,502010842,Grabenstrasse,20.1,8225 Siblingen,2953,SH,real,False,23.07.2024,2681180,1285534
102593711,10143056,502010723,Obere Burghalde,10.1,8225 Siblingen,2953,SH,real,False,23.07.2024,2681534,1285662
102593712,10080408,502010791,Hauptstrasse,34.1,8225 Siblingen,2953,SH,real,False,23.07.2024,2681359,1285391
102593713,10104510,502010681,Rosenacker,187.8,8225 Siblingen,2953,SH,real,False,23.07.2024,2680575,1286242
102593714,10143056,502010722,Obere Burghalde,15.1,8225 Siblingen,2953,SH,real,False,23.07.2024,2681592,1285623
102593715,10135339,502010649,Untere Burghalde,32.1,8225 Siblingen,2953,SH,real,False,23.07.2024,2681455,1285720
102593716,10080408,502010790,Hauptstrasse,35.1,8225 Siblingen,2953,SH,real,False,23.07.2024,2681310,1285318
102593717,10073369,502010877,Fohrenhof,142.1,8225 Siblingen,2953,SH,real,False,23.07.2024,2682199,1284957
102593718,10135339,502010648,Untere Burghalde,4.1,8225 Siblingen,2953,SH,real,False,23.07.2024,2681696,1285457
102593719,10031575,502010721,Obere Mühle,138.1,8225 Siblingen,2953,SH,real,False,23.07.2024,2681608,1286299
102593720,10113212,502010840,Grabenstrasse,23.1,8225 Siblingen,2953,SH,real,False,23.07.2024,2681157,1285585
102593721,10031578,502010680,Schoopacker,1.1,8225 Siblingen,2953,SH,real,False,23.07.2024,2681355,1285898
102593722,10080408,502010789,Hauptstrasse,37.1,8225 Siblingen,2953,SH,real,False,23.07.2024,2681287,1285321
102593723,10031575,502010720,Obere Mühle,138.10,8225 Siblingen,2953,SH,real,False,23.07.2024,2681920,1286744
102593724,10135339,502010647,Untere Burghalde,4.2,8225 Siblingen,2953,SH,real,False,23.07.2024,2681786,1285450
102593725,10080408,502010788,Hauptstrasse,40.1,8225 Siblingen,2953,SH,real,False,23.07.2024,2681301,1285378
102593726,10073369,502010876,Fohrenhof,142.2,8225 Siblingen,2953,SH,real,False,23.07.2024,2682211,1285014
102593727,10031575,502010719,Obere Mühle,138.2,8225 Siblingen,2953,SH,real,False,23.07.2024,2681623,1286342
102593728,10113212,502010839,Grabenstrasse,24.1,8225 Siblingen,2953,SH,real,False,23.07.2024,2681182,1285545
102593729,10073369,502010875,Fohrenhof,142.3,8225 Siblingen,2953,SH,real,False,23.07.2024,2682223,1285015
102593730,10080408,502010787,Hauptstrasse,41.1,8225 Siblingen,2953,SH,real,False,23.07.2024,2681268,1285344
102593732,10135339,502010646,Untere Burghalde,5.1,8225 Siblingen,2953,SH,real,False,23.07.2024,2681523,1285554
102593733,10073369,502010874,Fohrenhof,142b.1,8225 Siblingen,2953,SH,real,False,23.07.2024,2681899,1284762
102593734,10031575,502010717,Obere Mühle,138.4,8225 Siblingen,2953,SH,real,False,23.07.2024,2681922,1286682
102593735,10135339,502010645,Untere Burghalde,6.1,8225 Siblingen,2953,SH,real,False,23.07.2024,2681572,1285532
102593736,10080408,502010786,Hauptstrasse,42.1,8225 Siblingen,2953,SH,real,False,23.07.2024,2681282,1285410
102593737,10031575,502010716,Obere Mühle,138.5,8225 Siblingen,2953,SH,real,False,23.07.2024,2681950,1286669
102593738,10073369,502010873,Fohrenhof,142b.10,8225 Siblingen,2953,SH,real,False,23.07.2024,2681900,1284601
102593739,10087212,502010644,Waldhof,136.1,8225 Siblingen,2953,SH,real,False,23.07.2024,2680425,1286713
102593740,10080408,502010785,Hauptstrasse,43.1,8225 Siblingen,2953,SH,real,False,23.07.2024,2681261,1285368
102593741,10080408,502010784,Hauptstrasse,43.2,8225 Siblingen,2953,SH,real,False,23.07.2024,2681241,1285359
102593742,10073369,502010872,Fohrenhof,142b.11,8225 Siblingen,2953,SH,real,False,23.07.2024,2681893,1284602
102593743,10031575,502010715,Obere Mühle,138.6,8225 Siblingen,2953,SH,real,False,23.07.2024,2681871,1286732
102593744,10087212,502010643,Waldhof,136.2,8225 Siblingen,2953,SH,real,False,23.07.2024,2680516,1286890
102593745,10080408,502010783,Hauptstrasse,44.1,8225 Siblingen,2953,SH,real,False,23.07.2024,2681260,1285429
102593746,10073369,502010871,Fohrenhof,142b.12,8225 Siblingen,2953,SH,real,False,23.07.2024,2681874,1284614
102593747,10031575,502010714,Obere Mühle,138.7,8225 Siblingen,2953,SH,real,False,23.07.2024,2681920,1286706
102593748,10087212,502010642,Waldhof,136.3,8225 Siblingen,2953,SH,real,False,23.07.2024,2680318,1286535
102593749,10080408,502010782,Hauptstrasse,48.1,8225 Siblingen,2953,SH,real,False,23.07.2024,2681222,1285424
102593750,10087212,502010641,Waldhof,136.4,8225 Siblingen,2953,SH,real,False,23.07.2024,2680186,1286621
102593751,10031578,502010678,Schoopacker,13.1,8225 Siblingen,2953,SH,real,False,23.07.2024,2681343,1286026
102593752,10031575,502010713,Obere Mühle,138.8,8225 Siblingen,2953,SH,real,False,23.07.2024,2681953,1286680
102593753,10080408,502010781,Hauptstrasse,5.1,8225 Siblingen,2953,SH,real,False,23.07.2024,2681422,1285167
102593754,10179745,502010640,Wasenacker,2.1,8225 Siblingen,2953,SH,real,False,23.07.2024,2681166,1285748
102593755,10031575,502010712,Obere Mühle,138.9,8225 Siblingen,2953,SH,real,False,23.07.2024,2681897,1286740
102593756,10073369,502010870,Fohrenhof,142b.13,8225 Siblingen,2953,SH,real,False,23.07.2024,2682038,1284552
102593757,10080408,502010780,Hauptstrasse,5.2,8225 Siblingen,2953,SH,real,False,23.07.2024,2681408,1285193
102593758,10179745,502010639,Wasenacker,3.1,8225 Siblingen,2953,SH,real,False,23.07.2024,2681134,1285793
102593759,10080408,502010779,Hauptstrasse,51.1,8225 Siblingen,2953,SH,real,False,23.07.2024,2681200,1285357
102593760,10179745,502010638,Wasenacker,4.1,8225 Siblingen,2953,SH,real,False,23.07.2024,2681178,1285744
102593761,10113212,502010841,Grabenstrasse,20.2,8225 Siblingen,2953,SH,real,False,23.07.2024,2681180,1285540
102593866,10018450,191858703,Eggeweg,16b,8222 Beringen,2932,SH,real,True,15.11.2024,2685541,1283889
102593867,10018450,191858703,Eggeweg,16c,8222 Beringen,2932,SH,real,True,15.11.2024,2685543,1283890
102593868,10018450,191858703,Eggeweg,16a,8222 Beringen,2932,SH,real,True,15.11.2024,2685539,1283889
102593873,10091222,191858707,Schulstrasse,426h.1,8222 Beringen,2932,SH,real,True,23.07.2024,2685320,1283944
102593898,10017857,191858743,Chlaffentalstrasse,108.3,8212 Neuhausen am Rheinfall,2937,SH,real,True,23.07.2024,2686662,1280761
102593905,10195169,191858761,Bächli,1.3,8260 Stein am Rhein,2964,SH,real,True,23.07.2024,2707745,1280680
102593971,10258970,191858865,Im RhyTech,5,8212 Neuhausen am Rheinfall,2937,SH,real,True,15.11.2024,2688115,1282040
102598022,10147321,191859501,Ifangweg,4,8219 Trasadingen,2973,SH,real,True,15.11.2024,2674184,1280245
102598340,10026326,191859801,Talstrasse,15.9,8214 Gächlingen,2901,SH,real,True,23.07.2024,2679232,1284281
102598458,10178590,191859952,Staanackerstrasse,2.1,8232 Merishausen,2936,SH,real,True,23.07.2024,2687884,1290123
102598650,10193646,191860149,Am Gässli,8,8219 Trasadingen,2973,SH,real,True,15.11.2024,2674313,1280255
102598912,10091406,191860431,Haslacherstrasse,10,8217 Wilchingen,2974,SH,real,True,15.11.2024,2677146,1280593
102598922,10103236,191860441,Mettlenstrasse,35,8217 Wilchingen,2974,SH,real,True,15.11.2024,2676981,1280081
102598932,10086481,191860487,Fischerhäuserstrasse,27,8200 Schaffhausen,2939,SH,real,True,15.11.2024,2690460,1283555
102598933,10086481,191860488,Fischerhäuserstrasse,27b,8200 Schaffhausen,2939,SH,real,True,15.11.2024,2690475,1283551
102598934,10086481,191860488,Fischerhäuserstrasse,27a,8200 Schaffhausen,2939,SH,real,True,15.11.2024,2690472,1283549
102598937,10018443,191860503,Steigstrasse,14.8,8233 Bargen SH,2931,SH,real,True,23.07.2024,2686613,1294871
102598938,10018443,191860504,Steigstrasse,14.7,8233 Bargen SH,2931,SH,real,True,23.07.2024,2686593,1294820
102602197,10087225,191861966,Steigblickstrasse,,8262 Ramsen,2963,SH,planned,False,23.07.2024,2702694,1284809
102602198,10087225,191861967,Steigblickstrasse,,8262 Ramsen,2963,SH,planned,False,23.07.2024,2702694,1284809
102602235,10018157,191862031,Zieglerweg,,8240 Thayngen,2920,SH,real,True,23.07.2024,2694748,1289642
102602242,10118139,191862046,Kochenwiesliweg,,8240 Thayngen,2920,SH,real,True,23.07.2024,2695543,1289273
102602284,10237819,191862092,Schützenweg,11,8242 Bibern SH,2920,SH,real,True,15.11.2024,2692589,1292336
102602285,10237819,191862093,Schützenweg,,8242 Bibern SH,2920,SH,planned,False,23.07.2024,2692582,1292317
102602296,10017860,191862104,Engestrasse,7.1,8212 Neuhausen am Rheinfall,2937,SH,real,True,19.11.2024,2688372,1282250
102603201,10120410,191862444,Hoftalstrasse,9.1,8233 Bargen SH,2931,SH,real,False,23.07.2024,2687504,1294349
102603457,10085772,191862785,Obere Espilibuck,4,8226 Schleitheim,2952,SH,real,True,15.11.2024,2678547,1289738
102603458,10032580,191862786,Seewihof,,8226 Schleitheim,2952,SH,real,False,23.07.2024,2680192,1291363
102603460,10032571,191862788,Lendenbergstrasse,54d,8226 Schleitheim,2952,SH,real,False,15.11.2024,2677676,1289225
102603462,10208692,191862790,Im Geeren,4,8226 Schleitheim,2952,SH,real,True,15.11.2024,2677923,1288865
102603902,10018679,191863164,Lebernstrasse,22b,8207 Schaffhausen,2939,SH,real,True,15.11.2024,2691773,1286801
102606572,10086472,191864351,Blautraubenstrasse,27,8200 Schaffhausen,2939,SH,real,True,15.11.2024,2690285,1284298
102606744,10179716,191864544,Hermann Rorschach-Strasse,36,8200 Schaffhausen,2939,SH,real,True,15.11.2024,2688506,1283690
102607152,10032578,191864875,Schwarzwaldstrasse,51,8226 Schleitheim,2952,SH,real,True,15.11.2024,2676992,1288920
102607262,10017860,191864928,Engestrasse,27a.1,8212 Neuhausen am Rheinfall,2937,SH,real,True,19.11.2024,2688138,1282354
102607270,10046603,191864934,Tonwerkstrasse,8,8240 Thayngen,2920,SH,real,True,15.11.2024,2695280,1289001
102607522,10104921,191865022,Staanackerstrasse,7.2,8234 Stetten SH,2919,SH,real,True,23.07.2024,2691743,1288222
102607524,10087043,191865024,Tubackackerstrasse,21.1,8234 Stetten SH,2919,SH,real,True,23.07.2024,2691592,1287931
102607525,10087043,191865025,Tubackackerstrasse,1a.1,8234 Stetten SH,2919,SH,real,True,23.07.2024,2691754,1288152
102607537,10091255,191865049,Mattenstrasse,12.2,8212 Neuhausen am Rheinfall,2937,SH,real,True,23.07.2024,2688788,1282135
102607778,10120406,191865312,Biberstrasse,33,8240 Thayngen,2920,SH,real,True,15.11.2024,2695049,1289487
102608012,10031614,191865502,Bim Wisegässli,4.1,8260 Stein am Rhein,2964,SH,real,True,23.07.2024,2706577,1280162
102608151,10072976,191865693,Im Schützerhus,5.1,8239 Dörflingen,2915,SH,real,True,23.07.2024,2696467,1285068
102608208,10026323,191865766,Kirchstrasse,34a,8214 Gächlingen,2901,SH,real,True,15.11.2024,2679862,1284210
102608209,10026323,191865767,Kirchstrasse,34b,8214 Gächlingen,2901,SH,real,True,15.11.2024,2679868,1284216
102608210,10026323,191865768,Kirchstrasse,40a,8214 Gächlingen,2901,SH,real,True,15.11.2024,2679881,1284228
102608213,10026323,191865771,Kirchstrasse,40b,8214 Gächlingen,2901,SH,real,True,15.11.2024,2679887,1284234
102608931,10113215,191866558,Petersburg,343a,8262 Ramsen,2963,SH,real,True,23.07.2024,2703715,1284750
102609076,10017871,191866768,Löwensteinstrasse,12.1,8212 Neuhausen am Rheinfall,2937,SH,real,True,19.11.2024,2688718,1283261
102609077,10108019,191866769,Löwenstein,23c.1,8212 Neuhausen am Rheinfall,2937,SH,real,True,19.11.2024,2688678,1283064
102609131,10091249,191866846,Felsstrasse,6.2,8212 Neuhausen am Rheinfall,2937,SH,real,True,19.11.2024,2688176,1282196
102609135,10019581,191866850,Durachstrasse,,8232 Merishausen,2936,SH,real,True,23.07.2024,2687928,1290703
102609137,10018165,191866852,Wildenstrasse,7,8212 Neuhausen am Rheinfall,2937,SH,real,True,15.11.2024,2688562,1281789
102609165,10118142,191866869,Heimstrasse,8.2,8212 Neuhausen am Rheinfall,2937,SH,real,True,23.07.2024,2688986,1281654
102609254,10124089,191866939,Auffahrtstrasse,19,8215 Hallau,2971,SH,real,True,15.11.2024,2676280,1283549
102609259,10031502,191866942,Leebenstrasse,19,8215 Hallau,2971,SH,real,True,15.11.2024,2676845,1283337
102609280,10031508,191866973,Schmalzgasse,61,8215 Hallau,2971,SH,real,True,15.11.2024,2676035,1283060
102609326,10031508,191867093,Schmalzgasse,63,8215 Hallau,2971,SH,real,True,15.11.2024,2676042,1283044
102609328,10031508,191867095,Schmalzgasse,65,8215 Hallau,2971,SH,real,True,15.11.2024,2676023,1283035
102609329,10031508,191867096,Schmalzgasse,67,8215 Hallau,2971,SH,real,True,15.11.2024,2676014,1283054
102609354,10071980,191867119,Winkelackerstrasse,5831,8262 Ramsen,2963,SH,real,True,23.07.2024,2702624,1284583
102609421,10113199,1612447,Mattenweg,6a,8200 Schaffhausen,2939,SH,real,True,15.11.2024,2689782,1284707
102609564,10165913,191867388,Hardstrasse,10.2,8263 Buch SH,2961,SH,real,True,23.07.2024,2701206,1286388
102609574,10017855,502012133,Birchstrasse,38.1,8212 Neuhausen am Rheinfall,2937,SH,real,True,23.07.2024,2687011,1281449
102609575,10058934,502012033,Industrieplatz,2k.5,8212 Neuhausen am Rheinfall,2937,SH,real,True,25.07.2024,2688751,1281443
102609576,10091257,502011992,Randenstrasse,4.1,8212 Neuhausen am Rheinfall,2937,SH,real,True,25.07.2024,2688540,1282604
102609577,10046612,502011873,Zollstrasse,97.2,8212 Neuhausen am Rheinfall,2937,SH,real,False,23.07.2024,2687101,1281044
102609578,10121171,502012057,Hegaustrasse,32.1,8212 Neuhausen am Rheinfall,2937,SH,real,True,23.07.2024,2688470,1282832
102609579,10017869,502012017,Langrietstrasse,17.1,8212 Neuhausen am Rheinfall,2937,SH,real,True,25.07.2024,2687243,1281433
102609581,10108020,502011872,Zubastrasse,14.7,8212 Neuhausen am Rheinfall,2937,SH,real,True,26.07.2024,2688684,1282466
102609582,10017855,502012132,Birchstrasse,38.2,8212 Neuhausen am Rheinfall,2937,SH,real,True,23.07.2024,2687000,1281449
102609583,10017869,502012016,Langrietstrasse,31.1,8212 Neuhausen am Rheinfall,2937,SH,real,True,25.07.2024,2687095,1281334
102609584,10046606,502011990,Rheinfallstrasse,26.2,8212 Neuhausen am Rheinfall,2937,SH,real,True,30.07.2024,2688305,1281859
102609585,10108020,502011871,Zubastrasse,14.8,8212 Neuhausen am Rheinfall,2937,SH,real,True,26.07.2024,2688728,1282430
102609586,10121171,502012056,Hegaustrasse,40.1,8212 Neuhausen am Rheinfall,2937,SH,real,True,23.07.2024,2688499,1282931
102609587,10017869,502012015,Langrietstrasse,93.1,8212 Neuhausen am Rheinfall,2937,SH,real,True,25.07.2024,2686775,1281200
102609588,10186343,502011989,Rheingoldstrasse,28.1,8212 Neuhausen am Rheinfall,2937,SH,real,True,25.07.2024,2688855,1281792
102609589,10108020,502011870,Zubastrasse,14.9,8212 Neuhausen am Rheinfall,2937,SH,real,True,26.07.2024,2688653,1282380
102609590,10017855,502012131,Birchstrasse,40.1,8212 Neuhausen am Rheinfall,2937,SH,real,True,23.07.2024,2687000,1281425
102609591,10017870,502012014,Laufengasse,18.4,8212 Neuhausen am Rheinfall,2937,SH,real,True,26.07.2024,2688405,1281580
102609592,10186343,502011988,Rheingoldstrasse,47.3,8212 Neuhausen am Rheinfall,2937,SH,real,True,25.07.2024,2688881,1281940
102609593,10108020,502011869,Zubastrasse,17.2,8212 Neuhausen am Rheinfall,2937,SH,real,True,26.07.2024,2688727,1282435
102609594,10178592,502012130,Bohnenbergstrasse,10.1,8212 Neuhausen am Rheinfall,2937,SH,real,True,23.07.2024,2688361,1282713
102609595,10108019,502012013,Löwenstein,23.12,8212 Neuhausen am Rheinfall,2937,SH,real,True,25.07.2024,2688801,1283075
102609596,10212537,502011987,Rheinquai,601.2,8212 Neuhausen am Rheinfall,2937,SH,real,True,25.07.2024,2689139,1281987
102609597,10178594,502012028,Irchelstrasse,8.1,8212 Neuhausen am Rheinfall,2937,SH,real,True,25.07.2024,2687577,1281622
102609598,10017867,502012054,Hofstettenstrasse,22.1,8212 Neuhausen am Rheinfall,2937,SH,real,True,23.07.2024,2687465,1281845
102609599,10017871,502012012,Löwensteinstrasse,16.1,8212 Neuhausen am Rheinfall,2937,SH,real,True,25.07.2024,2688727,1283219
102609600,10212537,502011986,Rheinquai,601.3,8212 Neuhausen am Rheinfall,2937,SH,real,True,25.07.2024,2689114,1281995
102609601,10017868,502012027,Klettgauerstrasse,34.1,8212 Neuhausen am Rheinfall,2937,SH,real,False,23.07.2024,2688212,1282097
102609602,10178592,502012129,Bohnenbergstrasse,6.1,8212 Neuhausen am Rheinfall,2937,SH,real,True,23.07.2024,2688369,1282743
102609603,10017871,502012011,Löwensteinstrasse,8.1,8212 Neuhausen am Rheinfall,2937,SH,real,True,25.07.2024,2688733,1283290
102609604,10017877,502011985,Rheinstrasse,46.1,8212 Neuhausen am Rheinfall,2937,SH,real,True,25.07.2024,2688936,1281599
102609605,10017868,502012026,Klettgauerstrasse,49.1,8212 Neuhausen am Rheinfall,2937,SH,real,True,23.07.2024,2688079,1282213
102609606,10017867,502012053,Hofstettenstrasse,27.1,8212 Neuhausen am Rheinfall,2937,SH,real,True,23.07.2024,2687336,1281733
102609607,10091255,502012010,Mattenstrasse,11.1,8212 Neuhausen am Rheinfall,2937,SH,real,True,25.07.2024,2688757,1282154
102609609,10017868,502012025,Klettgauerstrasse,69.1,8212 Neuhausen am Rheinfall,2937,SH,real,True,23.07.2024,2688040,1282302
102609610,10074396,502012128,Brunnenwiesenstrasse,14.1,8212 Neuhausen am Rheinfall,2937,SH,real,True,23.07.2024,2687906,1281848
102609611,10091255,502012009,Mattenstrasse,9.1,8212 Neuhausen am Rheinfall,2937,SH,real,True,25.07.2024,2688746,1282134
102609613,10017868,502012024,Klettgauerstrasse,88.1,8212 Neuhausen am Rheinfall,2937,SH,real,True,25.07.2024,2688068,1282683
102609614,10074396,502012127,Brunnenwiesenstrasse,18.1,8212 Neuhausen am Rheinfall,2937,SH,real,True,23.07.2024,2687856,1281773
102609615,10017873,502012008,Mittelstrasse,2.1,8212 Neuhausen am Rheinfall,2937,SH,real,True,26.07.2024,2688562,1282545
102609616,10017877,502011982,Rheinstrasse,56.1,8212 Neuhausen am Rheinfall,2937,SH,real,True,23.07.2024,2688951,1281664
102609617,10017868,502012023,Klettgauerstrasse,91.1,8212 Neuhausen am Rheinfall,2937,SH,real,False,23.07.2024,2687831,1282782
102609618,10128949,502012051,Hohfluhstrasse,21.7,8212 Neuhausen am Rheinfall,2937,SH,real,True,23.07.2024,2688236,1282775
102609619,10017873,502012007,Mittelstrasse,3.1,8212 Neuhausen am Rheinfall,2937,SH,real,True,23.07.2024,2688543,1282559
102609620,10017877,502011981,Rheinstrasse,58.1,8212 Neuhausen am Rheinfall,2937,SH,real,True,23.07.2024,2688954,1281667
102609621,10017868,502012022,Klettgauerstrasse,91.2,8212 Neuhausen am Rheinfall,2937,SH,real,False,23.07.2024,2687879,1282760
102609622,10074396,502012126,Brunnenwiesenstrasse,25.1,8212 Neuhausen am Rheinfall,2937,SH,real,True,23.07.2024,2687811,1281684
102609623,10017874,502012006,Neubergstrasse,11.1,8212 Neuhausen am Rheinfall,2937,SH,real,True,23.07.2024,2687954,1282075
102609624,10017877,502011980,Rheinstrasse,75.2,8212 Neuhausen am Rheinfall,2937,SH,real,True,23.07.2024,2688979,1281802
102609625,10091253,502012021,Krummstrasse,1.1,8212 Neuhausen am Rheinfall,2937,SH,real,True,23.07.2024,2688067,1282349
102609626,10128949,502012050,Hohfluhstrasse,21.8,8212 Neuhausen am Rheinfall,2937,SH,real,False,23.07.2024,2688188,1282844
102609627,10017874,502012005,Neubergstrasse,33.1,8212 Neuhausen am Rheinfall,2937,SH,real,True,23.07.2024,2687797,1281878
102609628,10046607,502011868,Rheinweg,39.1,8200 Schaffhausen,2937,SH,real,False,23.07.2024,2688939,1282688
102609630,10074396,502012125,Brunnenwiesenstrasse,51.1,8212 Neuhausen am Rheinfall,2937,SH,real,True,23.07.2024,2687546,1281430
102609631,10017874,502012004,Neubergstrasse,4.1,8212 Neuhausen am Rheinfall,2937,SH,real,False,23.07.2024,2687941,1282119
102609632,10017853,502012146,Beckenburgstrasse,10.1,8212 Neuhausen am Rheinfall,2937,SH,real,True,23.07.2024,2688375,1282076
102609633,10128949,502012049,Hohfluhstrasse,21.9,8212 Neuhausen am Rheinfall,2937,SH,real,False,23.07.2024,2688116,1282830
102609634,10017869,502012019,Langrietstrasse,101.5,8212 Neuhausen am Rheinfall,2937,SH,real,True,25.07.2024,2686467,1280888
102609635,10017874,502012003,Neubergstrasse,47.1,8212 Neuhausen am Rheinfall,2937,SH,real,True,23.07.2024,2687757,1281830
102609636,10046607,502011867,Rheinweg,6.1,8200 Schaffhausen,2937,SH,real,True,23.07.2024,2688905,1283018
102609637,10074396,502012124,Brunnenwiesenstrasse,55.1,8212 Neuhausen am Rheinfall,2937,SH,real,True,23.07.2024,2687499,1281402
102609638,10017869,502012018,Langrietstrasse,112.10,8212 Neuhausen am Rheinfall,2937,SH,real,True,23.07.2024,2685998,1280866
102609639,10212525,502012002,Nohlstrasse,640.2,8212 Neuhausen am Rheinfall,2937,SH,real,False,23.07.2024,2687860,1280865
102609640,10017853,502012145,Beckenburgstrasse,13.2,8212 Neuhausen am Rheinfall,2937,SH,real,True,23.07.2024,2688408,1282149
102609641,10074396,502012123,Brunnenwiesenstrasse,60.1,8212 Neuhausen am Rheinfall,2937,SH,real,True,23.07.2024,2687392,1281419
102609642,10017860,502012091,Engestrasse,54.1,8212 Neuhausen am Rheinfall,2937,SH,real,True,23.07.2024,2688100,1282528
102609643,10212525,502012001,Nohlstrasse,640.3,8212 Neuhausen am Rheinfall,2937,SH,real,True,25.07.2024,2687772,1281003
102609644,10118357,502011979,Rhenaniastrasse,3.1,8212 Neuhausen am Rheinfall,2937,SH,real,True,23.07.2024,2687994,1282023
102609645,10132131,502012122,Buchenstrasse,40.1,8212 Neuhausen am Rheinfall,2937,SH,real,False,23.07.2024,2688428,1283000
102609646,10091249,502012090,Felsstrasse,6.1,8212 Neuhausen am Rheinfall,2937,SH,real,True,23.07.2024,2688168,1282198
102609647,10106945,502011978,Rosenbergstrasse,107.1,8212 Neuhausen am Rheinfall,2937,SH,real,True,23.07.2024,2688518,1282911
102609648,10091256,502012000,Pestalozzistrasse,26.2,8212 Neuhausen am Rheinfall,2937,SH,real,False,23.07.2024,2688919,1281852
102609649,10132131,502012121,Buchenstrasse,42.1,8212 Neuhausen am Rheinfall,2937,SH,real,True,23.07.2024,2688448,1283023
102609650,10017862,502012089,Florastrasse,2.1,8212 Neuhausen am Rheinfall,2937,SH,real,True,23.07.2024,2688950,1281827
102609651,10106945,502011977,Rosenbergstrasse,111.1,8212 Neuhausen am Rheinfall,2937,SH,real,True,23.07.2024,2688509,1282969
102609652,10046609,502011928,Sonnenbergstrasse,15.2,8212 Neuhausen am Rheinfall,2937,SH,real,True,23.07.2024,2688143,1282484
102609653,10128949,502012048,Hohfluhstrasse,25.1,8212 Neuhausen am Rheinfall,2937,SH,real,True,23.07.2024,2688291,1282734
102609654,10106945,502011976,Rosenbergstrasse,115.2,8212 Neuhausen am Rheinfall,2937,SH,real,True,23.07.2024,2688513,1283050
102609655,10212482,502012165,Aazheimerhof,1.1,8212 Neuhausen am Rheinfall,2937,SH,real,True,25.07.2024,2686154,1280809
102609656,10046609,502011927,Sonnenbergstrasse,41.2,8212 Neuhausen am Rheinfall,2937,SH,real,True,23.07.2024,2688126,1282608
102609657,10132131,502012119,Buchenstrasse,45.1,8212 Neuhausen am Rheinfall,2937,SH,real,True,23.07.2024,2688504,1283242
102609658,10106945,502011975,Rosenbergstrasse,115.3,8212 Neuhausen am Rheinfall,2937,SH,real,True,25.07.2024,2688514,1283013
102609659,10178593,502012088,Flurlingerweg,1.1,8212 Neuhausen am Rheinfall,2937,SH,real,True,25.07.2024,2689131,1281717
102609660,10046609,502011926,Sonnenbergstrasse,41.3,8212 Neuhausen am Rheinfall,2937,SH,real,True,23.07.2024,2688128,1282605
102609661,10132131,502012118,Buchenstrasse,47.1,8212 Neuhausen am Rheinfall,2937,SH,real,True,23.07.2024,2688498,1283248
102609662,10074400,502012064,Hardstrasse,21.1,8212 Neuhausen am Rheinfall,2937,SH,real,True,19.11.2024,2687844,1282126
102609663,10212482,502012164,Aazheimerhof,1.10,8212 Neuhausen am Rheinfall,2937,SH,real,True,25.07.2024,2686089,1280748
102609664,10046609,502011925,Sonnenbergstrasse,5.1,8212 Neuhausen am Rheinfall,2937,SH,real,True,23.07.2024,2688192,1282394
102609665,10128949,502012047,Hohfluhstrasse,27.1,8212 Neuhausen am Rheinfall,2937,SH,real,True,23.07.2024,2688303,1282701
102609666,10106945,502011974,Rosenbergstrasse,17.1,8212 Neuhausen am Rheinfall,2937,SH,real,True,23.07.2024,2688311,1282187
102609667,10178593,502012087,Flurlingerweg,40a.1,8212 Neuhausen am Rheinfall,2937,SH,real,True,25.07.2024,2689188,1281886
102609668,10046609,502011924,Sonnenbergstrasse,6.1,8212 Neuhausen am Rheinfall,2937,SH,real,False,23.07.2024,2688194,1282426
102609669,10132131,502012117,Buchenstrasse,49.1,8212 Neuhausen am Rheinfall,2937,SH,real,True,23.07.2024,2688509,1283270
102609670,10106945,502011973,Rosenbergstrasse,26.1,8212 Neuhausen am Rheinfall,2937,SH,real,False,23.07.2024,2688425,1282200
102609671,10018161,502011923,Strassackerstrasse,6.1,8212 Neuhausen am Rheinfall,2937,SH,real,False,23.07.2024,2688170,1282290
102609672,10212482,502012163,Aazheimerhof,1.11,8212 Neuhausen am Rheinfall,2937,SH,real,True,25.07.2024,2686092,1280748
102609673,10074401,502012045,Höhenweg,7.1,8212 Neuhausen am Rheinfall,2937,SH,real,True,26.07.2024,2688504,1282086
102609674,10106945,502011972,Rosenbergstrasse,35.2,8212 Neuhausen am Rheinfall,2937,SH,real,True,25.07.2024,2688485,1282361
102609675,10017863,502012086,Freyastrasse,13.1,8212 Neuhausen am Rheinfall,2937,SH,real,True,25.07.2024,2688952,1282130
102609676,10046610,502011922,Säntisweg,11.2,8212 Neuhausen am Rheinfall,2937,SH,real,True,25.07.2024,2687778,1282003
102609678,10106945,502011971,Rosenbergstrasse,35.3,8212 Neuhausen am Rheinfall,2937,SH,real,True,25.07.2024,2688535,1282380
102609679,10212482,502012162,Aazheimerhof,1.2,8212 Neuhausen am Rheinfall,2937,SH,real,True,25.07.2024,2686141,1280805
102609680,10046610,502011921,Säntisweg,5.1,8212 Neuhausen am Rheinfall,2937,SH,real,True,25.07.2024,2687816,1281955
102609681,10074401,502012043,Höhenweg,9.3,8212 Neuhausen am Rheinfall,2937,SH,real,False,23.07.2024,2688525,1282105
102609682,10106945,502011970,Rosenbergstrasse,48.1,8212 Neuhausen am Rheinfall,2937,SH,real,True,25.07.2024,2688530,1282493
102609684,10018162,502011920,Tannenstrasse,13.2,8212 Neuhausen am Rheinfall,2937,SH,real,True,23.07.2024,2688172,1283072
102609685,10058934,502012042,Industrieplatz,1w.1,8212 Neuhausen am Rheinfall,2937,SH,real,False,23.07.2024,2688737,1281311
102609686,10121171,502012059,Hegaustrasse,24.1,8212 Neuhausen am Rheinfall,2937,SH,real,True,23.07.2024,2688468,1282772
102609687,10212482,502012161,Aazheimerhof,1.3,8212 Neuhausen am Rheinfall,2937,SH,real,False,23.07.2024,2686159,1280787
102609688,10018162,502011919,Tannenstrasse,13.3,8212 Neuhausen am Rheinfall,2937,SH,real,True,19.11.2024,2688117,1283061
102609689,10132131,502012116,Buchenstrasse,64.1,8212 Neuhausen am Rheinfall,2937,SH,real,True,23.07.2024,2688537,1283239
102609690,10106945,502011969,Rosenbergstrasse,49.1,8212 Neuhausen am Rheinfall,2937,SH,real,False,23.07.2024,2688482,1282485
102609691,10108018,502012084,Galgenbuckstrasse,10.1,8212 Neuhausen am Rheinfall,2937,SH,real,True,26.07.2024,2688253,1282545
102609692,10018162,502011918,Tannenstrasse,21.1,8212 Neuhausen am Rheinfall,2937,SH,real,False,23.07.2024,2688362,1283093
102609693,10058934,502012041,Industrieplatz,2k.1,8212 Neuhausen am Rheinfall,2937,SH,real,True,25.07.2024,2688739,1281460
102609694,10121171,502012058,Hegaustrasse,30.1,8212 Neuhausen am Rheinfall,2937,SH,real,True,23.07.2024,2688469,1282820
102609695,10212482,502012160,Aazheimerhof,1.4,8212 Neuhausen am Rheinfall,2937,SH,real,False,23.07.2024,2686170,1280777
102609696,10123289,502012115,Buchweg,1481.3,8212 Neuhausen am Rheinfall,2937,SH,real,False,23.07.2024,2687695,1280592
102609697,10018162,502011917,Tannenstrasse,23.1,8212 Neuhausen am Rheinfall,2937,SH,real,True,26.07.2024,2688378,1283105
102609698,10106945,502011968,Rosenbergstrasse,57.3,8212 Neuhausen am Rheinfall,2937,SH,real,True,25.07.2024,2688495,1282594
102609699,10017864,502012083,Gartenstrasse,8.1,8212 Neuhausen am Rheinfall,2937,SH,real,True,26.07.2024,2688976,1281916
102609700,10058934,502012040,Industrieplatz,2j.2,8212 Neuhausen am Rheinfall,2937,SH,real,True,25.07.2024,2688737,1281464
102609701,10018162,502011916,Tannenstrasse,8.1,8212 Neuhausen am Rheinfall,2937,SH,real,True,26.07.2024,2688356,1282980
102609702,10106945,502011967,Rosenbergstrasse,63.1,8212 Neuhausen am Rheinfall,2937,SH,real,True,25.07.2024,2688494,1282634
102609703,10212482,502012159,Aazheimerhof,1.5,8212 Neuhausen am Rheinfall,2937,SH,real,True,25.07.2024,2686079,1280744
102609704,10058934,502012039,Industrieplatz,2j.1,8212 Neuhausen am Rheinfall,2937,SH,real,True,25.07.2024,2688735,1281467
102609705,10106946,502011915,Trubegüetlistrasse,31.1,8212 Neuhausen am Rheinfall,2937,SH,real,True,26.07.2024,2688702,1283350
102609706,10106945,502011966,Rosenbergstrasse,67.1,8212 Neuhausen am Rheinfall,2937,SH,real,True,23.07.2024,2688490,1282641
102609707,10154375,502012082,Gemeindewiesenstrasse,1193b.2,8212 Neuhausen am Rheinfall,2937,SH,real,True,25.07.2024,2687523,1282216
102609708,10017856,502012113,Büchelerstrasse,9.1,8212 Neuhausen am Rheinfall,2937,SH,real,True,23.07.2024,2688230,1282433
102609709,10018163,502011914,Tödistrasse,1.1,8212 Neuhausen am Rheinfall,2937,SH,real,False,23.07.2024,2687778,1281842
102609710,10017867,502012055,Hofstettenstrasse,2.1,8212 Neuhausen am Rheinfall,2937,SH,real,True,23.07.2024,2687324,1281666
102609711,10212482,502012158,Aazheimerhof,1.6,8212 Neuhausen am Rheinfall,2937,SH,real,True,25.07.2024,2686041,1280792
102609712,10058934,502012038,Industrieplatz,2k.4,8212 Neuhausen am Rheinfall,2937,SH,real,True,25.07.2024,2688748,1281447
102609713,10018163,502011913,Tödistrasse,11.1,8212 Neuhausen am Rheinfall,2937,SH,real,True,23.07.2024,2687710,1281899
102609714,10106945,502011965,Rosenbergstrasse,71.1,8212 Neuhausen am Rheinfall,2937,SH,real,True,23.07.2024,2688486,1282686
102609715,10154375,502012081,Gemeindewiesenstrasse,1193b.3,8212 Neuhausen am Rheinfall,2937,SH,real,True,25.07.2024,2687649,1282205
102609716,10091247,502012112,Charlottenweg,2.10,8212 Neuhausen am Rheinfall,2937,SH,real,True,23.07.2024,2688711,1282795
102609717,10018163,502011912,Tödistrasse,3.2,8212 Neuhausen am Rheinfall,2937,SH,real,True,25.07.2024,2687765,1281834
102609718,10106945,502011964,Rosenbergstrasse,73.1,8212 Neuhausen am Rheinfall,2937,SH,real,True,23.07.2024,2688499,1282710
102609719,10212482,502012157,Aazheimerhof,1.7,8212 Neuhausen am Rheinfall,2937,SH,real,True,25.07.2024,2686079,1280748
102609720,10058934,502012037,Industrieplatz,2l.2,8212 Neuhausen am Rheinfall,2937,SH,real,True,25.07.2024,2688761,1281428
102609721,10106945,502011963,Rosenbergstrasse,75.1,8212 Neuhausen am Rheinfall,2937,SH,real,True,23.07.2024,2688492,1282723
102609722,10018163,502011911,Tödistrasse,3a.2,8212 Neuhausen am Rheinfall,2937,SH,real,True,25.07.2024,2687743,1281859
102609723,10154375,502012080,Gemeindewiesenstrasse,19.1,8212 Neuhausen am Rheinfall,2937,SH,real,False,19.11.2024,2687395,1281643
102609724,10091247,502012111,Charlottenweg,2.11,8212 Neuhausen am Rheinfall,2937,SH,real,True,23.07.2024,2688830,1282873
102609725,10058934,502012036,Industrieplatz,2l.1,8212 Neuhausen am Rheinfall,2937,SH,real,True,25.07.2024,2688759,1281431
102609726,10186930,502011910,Victor-von-Bruns-Strasse,12.2,8212 Neuhausen am Rheinfall,2937,SH,real,False,23.07.2024,2689069,1281727
102609727,10212482,502012156,Aazheimerhof,1.8,8212 Neuhausen am Rheinfall,2937,SH,real,True,25.07.2024,2686089,1280744
102609728,10106945,502011962,Rosenbergstrasse,98.4,8212 Neuhausen am Rheinfall,2937,SH,real,True,23.07.2024,2688596,1283236
102609729,10212497,502012110,Chlaffentalerhof,101.7,8212 Neuhausen am Rheinfall,2937,SH,real,True,25.07.2024,2686429,1280428
102609730,10186930,502011909,Victor-von-Bruns-Strasse,12.3,8212 Neuhausen am Rheinfall,2937,SH,real,False,23.07.2024,2689076,1281667
102609731,10154375,502012079,Gemeindewiesenstrasse,19.2,8212 Neuhausen am Rheinfall,2937,SH,real,False,23.07.2024,2687398,1281639
102609732,10106945,502011961,Rosenbergstrasse,98a.1,8212 Neuhausen am Rheinfall,2937,SH,real,False,23.07.2024,2688604,1283248
102609733,10058934,502012035,Industrieplatz,2k.7,8212 Neuhausen am Rheinfall,2937,SH,real,True,25.07.2024,2688756,1281435
102609734,10186930,502011908,Victor-von-Bruns-Strasse,28.92,8212 Neuhausen am Rheinfall,2937,SH,real,False,23.07.2024,2688994,1281453
102609735,10212482,502012155,Aazheimerhof,1.9,8212 Neuhausen am Rheinfall,2937,SH,real,True,25.07.2024,2686092,1280744
102609736,10178597,502011960,Tobeläckerstrasse,4.1,8212 Neuhausen am Rheinfall,2937,SH,real,True,30.07.2024,2687451,1281231
102609737,10212497,502012109,Chlaffentalerhof,101.6,8212 Neuhausen am Rheinfall,2937,SH,real,True,25.07.2024,2686431,1280432
102609738,10186930,502011907,Victor-von-Bruns-Strasse,28.94,8212 Neuhausen am Rheinfall,2937,SH,real,False,23.07.2024,2689042,1281608
102609739,10154375,502012078,Gemeindewiesenstrasse,2.2,8212 Neuhausen am Rheinfall,2937,SH,real,True,23.07.2024,2687528,1281723
102609740,10058934,502012034,Industrieplatz,2k.6,8212 Neuhausen am Rheinfall,2937,SH,real,True,25.07.2024,2688754,1281439
102609741,10117544,502011906,Waldparkstrasse,45.2,8212 Neuhausen am Rheinfall,2937,SH,real,True,23.07.2024,2687249,1281712
102609742,10017879,502011959,Rundbuckstrasse,18.1,8212 Neuhausen am Rheinfall,2937,SH,real,True,25.07.2024,2687257,1281033
102609743,10017852,502012154,Bachtelstrasse,7.1,8212 Neuhausen am Rheinfall,2937,SH,real,True,25.07.2024,2687859,1282047
102609744,10212497,502012108,Chlaffentalerhof,101.8,8212 Neuhausen am Rheinfall,2937,SH,real,True,25.07.2024,2686508,1280384
102609745,10117544,502011905,Waldparkstrasse,45.3,8212 Neuhausen am Rheinfall,2937,SH,real,True,23.07.2024,2687258,1281713
102609746,10017879,502011958,Rundbuckstrasse,18.10,8212 Neuhausen am Rheinfall,2937,SH,real,True,25.07.2024,2687268,1280966
102609747,10154375,502012077,Gemeindewiesenstrasse,2.3,8212 Neuhausen am Rheinfall,2937,SH,real,True,23.07.2024,2687539,1281704
102609748,10058934,502012032,Industrieplatz,7.1,8212 Neuhausen am Rheinfall,2937,SH,real,True,25.07.2024,2688555,1281643
102609749,10018164,502011904,Weinbergstrasse,14.1,8212 Neuhausen am Rheinfall,2937,SH,real,False,19.11.2024,2688639,1281693
102609750,10017879,502011957,Rundbuckstrasse,18.11,8212 Neuhausen am Rheinfall,2937,SH,real,True,25.07.2024,2687284,1280952
102609751,10017857,502012107,Chlaffentalstrasse,1.3,8212 Neuhausen am Rheinfall,2937,SH,real,True,23.07.2024,2687049,1281150
102609752,10091244,502012153,Badische Bahnhofstrasse,17.1,8212 Neuhausen am Rheinfall,2937,SH,real,True,25.07.2024,2688163,1281904
102609754,10017857,502012106,Chlaffentalstrasse,100.2,8212 Neuhausen am Rheinfall,2937,SH,real,True,23.07.2024,2686851,1280952
102609755,10017879,502011956,Rundbuckstrasse,18.2,8212 Neuhausen am Rheinfall,2937,SH,real,True,25.07.2024,2687274,1281003
102609756,10154375,502012076,Gemeindewiesenstrasse,2.4,8212 Neuhausen am Rheinfall,2937,SH,real,True,23.07.2024,2687532,1281712
102609757,10018164,502011902,Weinbergstrasse,4.1,8212 Neuhausen am Rheinfall,2937,SH,real,True,23.07.2024,2688616,1281722
102609758,10178594,502012031,Irchelstrasse,2.1,8212 Neuhausen am Rheinfall,2937,SH,real,True,25.07.2024,2687614,1281632
102609759,10017879,502011955,Rundbuckstrasse,18.3,8212 Neuhausen am Rheinfall,2937,SH,real,True,25.07.2024,2687242,1281053
102609760,10091244,502012152,Badische Bahnhofstrasse,18.3,8212 Neuhausen am Rheinfall,2937,SH,real,True,25.07.2024,2688329,1281928
102609761,10091262,502011901,Wiesengrundstrasse,12.1,8212 Neuhausen am Rheinfall,2937,SH,real,False,23.07.2024,2688928,1281748
102609762,10017857,502012105,Chlaffentalstrasse,102.1,8212 Neuhausen am Rheinfall,2937,SH,real,True,23.07.2024,2686788,1280943
102609763,10017879,502011954,Rundbuckstrasse,18.4,8212 Neuhausen am Rheinfall,2937,SH,real,True,25.07.2024,2687291,1280994
102609764,10154375,502012075,Gemeindewiesenstrasse,21.1,8212 Neuhausen am Rheinfall,2937,SH,real,True,25.07.2024,2687392,1281661
102609765,10091262,502011900,Wiesengrundstrasse,6.1,8212 Neuhausen am Rheinfall,2937,SH,real,True,23.07.2024,2688891,1281794
102609766,10091258,502011945,Schaffhauserstrasse,54.1,8212 Neuhausen am Rheinfall,2937,SH,real,True,25.07.2024,2688934,1282599
102609767,10017879,502011953,Rundbuckstrasse,18.5,8212 Neuhausen am Rheinfall,2937,SH,real,True,25.07.2024,2687230,1281064
102609768,10091244,502012151,Badische Bahnhofstrasse,18.4,8212 Neuhausen am Rheinfall,2937,SH,real,True,25.07.2024,2688332,1281928
102609769,10046611,502011899,Wüscherstrasse,32.1,8212 Neuhausen am Rheinfall,2937,SH,real,False,23.07.2024,2688900,1281773
102609770,10091258,502011944,Schaffhauserstrasse,54.2,8212 Neuhausen am Rheinfall,2937,SH,real,True,25.07.2024,2688945,1282603
102609771,10154375,502012074,Gemeindewiesenstrasse,22.1,8212 Neuhausen am Rheinfall,2937,SH,real,True,25.07.2024,2687480,1281691
102609772,10017879,502011952,Rundbuckstrasse,18.6,8212 Neuhausen am Rheinfall,2937,SH,real,True,25.07.2024,2687308,1280980
102609773,10122554,502011898,Zelgstrasse,12.1,8212 Neuhausen am Rheinfall,2937,SH,real,True,23.07.2024,2688500,1282090
102609774,10178596,502011943,Scheideggweg,4.1,8212 Neuhausen am Rheinfall,2937,SH,real,True,25.07.2024,2688832,1282551
102609775,10154375,502012073,Gemeindewiesenstrasse,27.1,8212 Neuhausen am Rheinfall,2937,SH,real,True,25.07.2024,2687441,1281701
102609776,10122554,502011897,Zelgstrasse,14.1,8212 Neuhausen am Rheinfall,2937,SH,real,False,23.07.2024,2688479,1282094
102609777,10017881,502011942,Schulstrasse,8.1,8212 Neuhausen am Rheinfall,2937,SH,real,True,23.07.2024,2688857,1281701
102609778,10017879,502011951,Rundbuckstrasse,18.7,8212 Neuhausen am Rheinfall,2937,SH,real,True,25.07.2024,2687234,1281014
102609779,10091244,502012149,Badische Bahnhofstrasse,35.2,8212 Neuhausen am Rheinfall,2937,SH,real,True,25.07.2024,2688042,1282021
102609780,10122554,502011896,Zelgstrasse,28.1,8212 Neuhausen am Rheinfall,2937,SH,real,True,25.07.2024,2688482,1282201
102609781,10046608,502011941,Schwanenfelsstrasse,8.2,8212 Neuhausen am Rheinfall,2937,SH,real,True,23.07.2024,2688638,1282550
102609782,10017879,502011950,Rundbuckstrasse,18.8,8212 Neuhausen am Rheinfall,2937,SH,real,True,25.07.2024,2687224,1281039
102609783,10018159,502011940,Schöneggstrasse,12.1,8212 Neuhausen am Rheinfall,2937,SH,real,False,23.07.2024,2688425,1282378
102609784,10154375,502012072,Gemeindewiesenstrasse,31.1,8212 Neuhausen am Rheinfall,2937,SH,real,True,23.07.2024,2687459,1281729
102609785,10017879,502011949,Rundbuckstrasse,18.9,8212 Neuhausen am Rheinfall,2937,SH,real,True,23.07.2024,2687266,1280978
102609786,10122554,502011895,Zelgstrasse,30.1,8212 Neuhausen am Rheinfall,2937,SH,real,True,25.07.2024,2688491,1282233
102609787,10018159,502011939,Schöneggstrasse,16.1,8212 Neuhausen am Rheinfall,2937,SH,real,True,25.07.2024,2688467,1282409
102609789,10091245,502012148,Bahnhofstrasse,27.5,8212 Neuhausen am Rheinfall,2937,SH,real,True,23.07.2024,2689076,1282036
102609790,10074401,502012046,Höhenweg,15.1,8212 Neuhausen am Rheinfall,2937,SH,real,True,26.07.2024,2688579,1282188
102609791,10018159,502011938,Schöneggstrasse,16.2,8212 Neuhausen am Rheinfall,2937,SH,real,True,25.07.2024,2688466,1282390
102609792,10018166,502011893,Zentralstrasse,129.1,8212 Neuhausen am Rheinfall,2937,SH,real,False,23.07.2024,2688854,1282441
102609793,10154375,502012071,Gemeindewiesenstrasse,31.2,8212 Neuhausen am Rheinfall,2937,SH,real,True,23.07.2024,2687481,1281729
102609794,10017879,502011948,Rundbuckstrasse,6.1,8212 Neuhausen am Rheinfall,2937,SH,real,True,25.07.2024,2687510,1281139
102609795,10018159,502011937,Schöneggstrasse,22.1,8212 Neuhausen am Rheinfall,2937,SH,real,True,25.07.2024,2688443,1282506
102609796,10018166,502011892,Zentralstrasse,132.3,8212 Neuhausen am Rheinfall,2937,SH,real,True,25.07.2024,2688916,1282423
102609797,10091245,502012147,Bahnhofstrasse,27.6,8212 Neuhausen am Rheinfall,2937,SH,real,True,23.07.2024,2689093,1282039
102609798,10017879,502011947,Rundbuckstrasse,8.1,8212 Neuhausen am Rheinfall,2937,SH,real,True,25.07.2024,2687466,1281198
102609799,10018159,502011936,Schöneggstrasse,4.2,8212 Neuhausen am Rheinfall,2937,SH,real,True,25.07.2024,2688267,1282325
102609800,10018166,502011891,Zentralstrasse,140.1,8212 Neuhausen am Rheinfall,2937,SH,real,True,25.07.2024,2688925,1282454
102609801,10154375,502012070,Gemeindewiesenstrasse,6.1,8212 Neuhausen am Rheinfall,2937,SH,real,True,23.07.2024,2687505,1281684
102609802,10091258,502011946,Schaffhauserstrasse,29.1,8212 Neuhausen am Rheinfall,2937,SH,real,False,23.07.2024,2688756,1282394
102609803,10018160,502011935,Schützenstrasse,21.1,8212 Neuhausen am Rheinfall,2937,SH,real,True,25.07.2024,2687550,1281626
102609804,10018166,502011890,Zentralstrasse,141.1,8212 Neuhausen am Rheinfall,2937,SH,real,True,25.07.2024,2688869,1282487
102609805,10154375,502012069,Gemeindewiesenstrasse,7.1,8212 Neuhausen am Rheinfall,2937,SH,real,True,25.07.2024,2687491,1281638
102609806,10178594,502012030,Irchelstrasse,34.1,8212 Neuhausen am Rheinfall,2937,SH,real,True,25.07.2024,2687463,1281544
102609807,10018160,502011934,Schützenstrasse,23.1,8212 Neuhausen am Rheinfall,2937,SH,real,True,25.07.2024,2687548,1281625
102609808,10018166,502011889,Zentralstrasse,143.1,8212 Neuhausen am Rheinfall,2937,SH,real,True,25.07.2024,2688873,1282490
102609809,10154375,502012068,Gemeindewiesenstrasse,8.1,8212 Neuhausen am Rheinfall,2937,SH,real,True,25.07.2024,2687485,1281671
102609810,10018160,502011933,Schützenstrasse,61.2,8212 Neuhausen am Rheinfall,2937,SH,real,False,23.07.2024,2686971,1281733
102609811,10017857,502012104,Chlaffentalstrasse,104.2,8212 Neuhausen am Rheinfall,2937,SH,real,True,23.07.2024,2686780,1280928
102609812,10018166,502011888,Zentralstrasse,25.1,8212 Neuhausen am Rheinfall,2937,SH,real,False,23.07.2024,2688601,1281846
102609813,10017853,502012144,Beckenburgstrasse,3.1,8212 Neuhausen am Rheinfall,2937,SH,real,True,23.07.2024,2688337,1282101
102609814,10018160,502011932,Schützenstrasse,61.3,8212 Neuhausen am Rheinfall,2937,SH,real,False,23.07.2024,2686411,1282163
102609815,10017857,502012103,Chlaffentalstrasse,104.3,8212 Neuhausen am Rheinfall,2937,SH,real,True,23.07.2024,2686776,1280931
102609816,10018166,502011887,Zentralstrasse,30.1,8212 Neuhausen am Rheinfall,2937,SH,real,True,25.07.2024,2688678,1281839
102609817,10091251,502012067,Glärnischstrasse,7.1,8212 Neuhausen am Rheinfall,2937,SH,real,True,23.07.2024,2687768,1281947
102609818,10018160,502011931,Schützenstrasse,61.4,8212 Neuhausen am Rheinfall,2937,SH,real,False,23.07.2024,2686393,1282165
102609819,10017857,502012102,Chlaffentalstrasse,1058.2,8212 Neuhausen am Rheinfall,2937,SH,real,False,23.07.2024,2685697,1279770
102609820,10018166,502011886,Zentralstrasse,76.2,8212 Neuhausen am Rheinfall,2937,SH,real,True,25.07.2024,2688801,1282016
102609821,10017853,502012143,Beckenburgstrasse,3.2,8212 Neuhausen am Rheinfall,2937,SH,real,True,23.07.2024,2688330,1282097
102609822,10018160,502011930,Schützenstrasse,80.1,8212 Neuhausen am Rheinfall,2937,SH,real,True,23.07.2024,2687197,1281629
102609823,10017857,502012101,Chlaffentalstrasse,1058.3,8212 Neuhausen am Rheinfall,2937,SH,real,False,23.07.2024,2684849,1280372
102609824,10018166,502011885,Zentralstrasse,76.3,8212 Neuhausen am Rheinfall,2937,SH,real,False,23.07.2024,2688796,1282017
102609825,10017865,502012066,Goldbergstrasse,2a.1,8212 Neuhausen am Rheinfall,2937,SH,real,True,23.07.2024,2688495,1282992
102609826,10018160,502011929,Schützenstrasse,86.1,8212 Neuhausen am Rheinfall,2937,SH,real,True,23.07.2024,2687101,1281678
102609827,10178594,502012029,Irchelstrasse,7.1,8212 Neuhausen am Rheinfall,2937,SH,real,True,25.07.2024,2687607,1281603
102609828,10046612,502011884,Zollstrasse,101.1,8212 Neuhausen am Rheinfall,2937,SH,real,False,23.07.2024,2687263,1280911
102609829,10091246,502012141,Bergstrasse,11.1,8212 Neuhausen am Rheinfall,2937,SH,real,True,25.07.2024,2688339,1282571
102609830,10091256,502011999,Pestalozzistrasse,32.2,8212 Neuhausen am Rheinfall,2937,SH,real,True,25.07.2024,2688970,1281828
102609831,10017857,502012100,Chlaffentalstrasse,110.1,8212 Neuhausen am Rheinfall,2937,SH,real,False,23.07.2024,2686683,1280742
102609832,10046612,502011883,Zollstrasse,1103.2,8212 Neuhausen am Rheinfall,2937,SH,real,True,25.07.2024,2687030,1281069
102609833,10074400,502012065,Hardstrasse,19.1,8212 Neuhausen am Rheinfall,2937,SH,real,True,23.07.2024,2687873,1282116
102609834,10091256,502011998,Pestalozzistrasse,8.1,8212 Neuhausen am Rheinfall,2937,SH,real,True,23.07.2024,2688815,1281916
102609835,10017857,502012099,Chlaffentalstrasse,200.1,8212 Neuhausen am Rheinfall,2937,SH,real,True,23.07.2024,2686143,1280318
102609836,10046612,502011882,Zollstrasse,1103.3,8212 Neuhausen am Rheinfall,2937,SH,real,True,25.07.2024,2687040,1281061
102609837,10091246,502012140,Bergstrasse,3.2,8212 Neuhausen am Rheinfall,2937,SH,real,True,25.07.2024,2688315,1282408
102609838,10091256,502011997,Pestalozzistrasse,9.1,8212 Neuhausen am Rheinfall,2937,SH,real,True,26.07.2024,2688818,1281957
102609839,10017857,502012098,Chlaffentalstrasse,28.2,8212 Neuhausen am Rheinfall,2937,SH,real,True,23.07.2024,2686994,1281222
102609840,10046612,502011881,Zollstrasse,198.2,8212 Neuhausen am Rheinfall,2937,SH,real,True,25.07.2024,2686910,1280517
102609841,10017855,502012139,Birchstrasse,2.4,8212 Neuhausen am Rheinfall,2937,SH,real,False,23.07.2024,2687136,1281534
102609842,10112907,502011996,Rabenfluhstrasse,15.1,8212 Neuhausen am Rheinfall,2937,SH,real,True,30.07.2024,2688976,1282274
102609843,10143725,502012097,Chlaffentalweg,12.2,8212 Neuhausen am Rheinfall,2937,SH,real,True,23.07.2024,2686459,1280258
102609844,10046612,502011880,Zollstrasse,198.3,8212 Neuhausen am Rheinfall,2937,SH,real,True,25.07.2024,2686914,1280527
102609845,10074400,502012063,Hardstrasse,37.1,8212 Neuhausen am Rheinfall,2937,SH,real,True,23.07.2024,2687807,1282012
102609846,10112907,502011995,Rabenfluhstrasse,19.1,8212 Neuhausen am Rheinfall,2937,SH,real,True,23.07.2024,2688988,1282233
102609847,10046612,502011879,Zollstrasse,48.1,8212 Neuhausen am Rheinfall,2937,SH,real,True,25.07.2024,2687743,1281785
102609848,10074397,502012096,Durstgrabenstrasse,16.2,8212 Neuhausen am Rheinfall,2937,SH,real,True,23.07.2024,2687688,1281433
102609849,10017855,502012138,Birchstrasse,25.1,8212 Neuhausen am Rheinfall,2937,SH,real,True,23.07.2024,2687119,1281435
102609850,10112907,502011994,Rabenfluhstrasse,9.6,8212 Neuhausen am Rheinfall,2937,SH,real,True,30.07.2024,2688951,1282329
102609851,10017858,502012095,Echostrasse,26.1,8212 Neuhausen am Rheinfall,2937,SH,real,True,23.07.2024,2688917,1282197
102609852,10046612,502011878,Zollstrasse,4a.1,8212 Neuhausen am Rheinfall,2937,SH,real,True,25.07.2024,2688048,1282094
102609853,10074400,502012062,Hardstrasse,51.1,8212 Neuhausen am Rheinfall,2937,SH,real,True,23.07.2024,2687668,1281908
102609854,10091257,502011993,Randenstrasse,2.1,8212 Neuhausen am Rheinfall,2937,SH,real,True,25.07.2024,2688521,1282606
102609855,10017858,502012094,Echostrasse,7.2,8212 Neuhausen am Rheinfall,2937,SH,real,True,23.07.2024,2688841,1282084
102609856,10046612,502011877,Zollstrasse,58.2,8212 Neuhausen am Rheinfall,2937,SH,real,True,25.07.2024,2687667,1281655
102609857,10017855,502012137,Birchstrasse,30.1,8212 Neuhausen am Rheinfall,2937,SH,real,True,26.07.2024,2687029,1281514
102609858,10017860,502012093,Engestrasse,40.1,8212 Neuhausen am Rheinfall,2937,SH,real,True,23.07.2024,2688129,1282468
102609859,10046612,502011876,Zollstrasse,72.1,8212 Neuhausen am Rheinfall,2937,SH,real,False,23.07.2024,2687475,1281515
102609860,10074400,502012061,Hardstrasse,9.1,8212 Neuhausen am Rheinfall,2937,SH,real,True,23.07.2024,2687907,1282159
102609861,10017860,502012092,Engestrasse,40.2,8212 Neuhausen am Rheinfall,2937,SH,real,True,23.07.2024,2688142,1282480
102609862,10046612,502011875,Zollstrasse,84.1,8212 Neuhausen am Rheinfall,2937,SH,real,True,25.07.2024,2687378,1281482
102609863,10017855,502012136,Birchstrasse,30.2,8212 Neuhausen am Rheinfall,2937,SH,real,True,26.07.2024,2687025,1281515
102609864,10091244,502012150,Badische Bahnhofstrasse,18.5,8212 Neuhausen am Rheinfall,2937,SH,real,True,25.07.2024,2688335,1281928
102609865,10046612,502011874,Zollstrasse,94.1,8212 Neuhausen am Rheinfall,2937,SH,real,True,25.07.2024,2687215,1281376
102609866,10017855,502012135,Birchstrasse,32.1,8212 Neuhausen am Rheinfall,2937,SH,real,True,26.07.2024,2687031,1281462
102609867,10017854,502012142,Berbiceweg,20.1,8212 Neuhausen am Rheinfall,2937,SH,real,True,23.07.2024,2687923,1281761
102609868,10017855,502012134,Birchstrasse,33.1,8212 Neuhausen am Rheinfall,2937,SH,real,True,23.07.2024,2687085,1281458
102609869,10074400,502012060,Hardstrasse,9.2,8212 Neuhausen am Rheinfall,2937,SH,real,True,23.07.2024,2687907,1282152
102609870,10017867,502012052,Hofstettenstrasse,31.1,8212 Neuhausen am Rheinfall,2937,SH,real,True,23.07.2024,2687329,1281707
102609871,10132131,502012120,Buchenstrasse,43.2,8212 Neuhausen am Rheinfall,2937,SH,real,True,23.07.2024,2688511,1283256
102609872,10017856,502012114,Büchelerstrasse,7.1,8212 Neuhausen am Rheinfall,2937,SH,real,True,23.07.2024,2688234,1282430
102610252,10019266,502013029,Abendstrasse,15.1,8200 Schaffhausen,2939,SH,real,False,23.07.2024,2688604,1284282
102610253,10019295,502012532,Felsenaustrasse,33.1,8200 Schaffhausen,2939,SH,real,False,23.07.2024,2689476,1285230
102610254,10120423,502012940,Gennersbrunn,2.1,8207 Schaffhausen,2939,SH,real,False,23.07.2024,2693830,1285429
102610255,10179716,502012971,Hermann Rorschach-Strasse,5.1,8200 Schaffhausen,2939,SH,real,False,23.07.2024,2688523,1283877
102610256,10046623,502012746,Kirchgasse,15.1,8203 Schaffhausen,2939,SH,real,False,23.07.2024,2691443,1283643
102610257,10018665,502012464,Im Trenschen,2.1,8207 Schaffhausen,2939,SH,real,False,23.07.2024,2692017,1286942
102610258,10073062,502012312,Römerstieg,12.1,8200 Schaffhausen,2939,SH,real,False,23.07.2024,2690265,1283526
102610259,10120427,502012492,Mutzentäli,10.1,8207 Schaffhausen,2939,SH,real,False,23.07.2024,2691084,1285916
102610260,10046618,502012176,Fernsichtstrasse,8.1,8200 Schaffhausen,2939,SH,real,False,23.07.2024,2688982,1284825
102610261,10019266,502012786,Abendstrasse,17.1,8200 Schaffhausen,2939,SH,real,False,23.07.2024,2688620,1284296
102610262,10073062,502012377,Römerstieg,4.1,8200 Schaffhausen,2939,SH,real,False,23.07.2024,2690289,1283528
102610263,10179716,502012835,Hermann Rorschach-Strasse,7.1,8200 Schaffhausen,2939,SH,real,False,23.07.2024,2688507,1283875
102610264,10104965,502012443,Kirchhofplatz,10.1,8200 Schaffhausen,2939,SH,real,False,23.07.2024,2689841,1283600
102610265,10018665,502012575,Im Trenschen,24.1,8207 Schaffhausen,2939,SH,real,False,23.07.2024,2691997,1287140
102610266,10120423,502012256,Gennersbrunn,2.2,8207 Schaffhausen,2939,SH,real,False,23.07.2024,2693850,1285474
102610267,10018652,502012233,Hintergasse,7.1,8203 Schaffhausen,2939,SH,real,False,23.07.2024,2691406,1283686
102610268,10086466,502012816,Ahornstieg,8.1,8200 Schaffhausen,2939,SH,real,False,23.07.2024,2690409,1284547
102610269,10117545,502012853,Finsterwaldstrasse,91.1,8200 Schaffhausen,2939,SH,real,False,23.07.2024,2689893,1284838
102610270,10091234,502013090,Rütihalden,172.1,8231 Hemmental,2939,SH,real,False,23.07.2024,2685565,1287508
102610271,10085724,502012214,Mühlenstrasse,40.1,8200 Schaffhausen,2939,SH,real,False,23.07.2024,2689272,1283211
102610272,10104965,502012349,Kirchhofplatz,15.1,8200 Schaffhausen,2939,SH,real,False,23.07.2024,2689959,1283625
102610273,10117545,502012403,Finsterwaldstrasse,91.2,8200 Schaffhausen,2939,SH,real,False,23.07.2024,2689885,1284832
102610274,10120423,502012617,Gennersbrunn,4.1,8207 Schaffhausen,2939,SH,real,False,23.07.2024,2693683,1285444
102610275,10018652,502012451,Hintergasse,9.1,8203 Schaffhausen,2939,SH,real,False,23.07.2024,2691413,1283683
102610276,10073021,502012383,Ahornstrasse,1.1,8200 Schaffhausen,2939,SH,real,False,23.07.2024,2690384,1284626
102610277,10117545,502012995,Finsterwaldstrasse,92.1,8200 Schaffhausen,2939,SH,real,True,23.07.2024,2689952,1284847
102610278,10106952,502012228,Sandackerstrasse,22.1,8200 Schaffhausen,2939,SH,real,False,23.07.2024,2688487,1284159
102610279,10073055,502012933,Mühlentalstrasse,106.1,8200 Schaffhausen,2939,SH,real,False,23.07.2024,2689500,1284531
102610280,10018670,502012922,Kirschenweg,7.1,8200 Schaffhausen,2939,SH,real,False,23.07.2024,2691034,1284227
102610281,10018665,502012904,Im Trenschen,34.1,8207 Schaffhausen,2939,SH,real,False,19.11.2024,2692354,1287432
102610282,10106952,502012221,Sandackerstrasse,4.1,8200 Schaffhausen,2939,SH,real,False,23.07.2024,2688476,1284090
102610283,10118144,502012931,Hintersteig,14.1,8200 Schaffhausen,2939,SH,real,False,23.07.2024,2689402,1283870
102610284,10018670,502012623,Kirschenweg,7.2,8200 Schaffhausen,2939,SH,real,False,23.07.2024,2691063,1284229
102610286,10120423,502012253,Gennersbrunn,6.2,8207 Schaffhausen,2939,SH,real,False,23.07.2024,2693851,1285338
102610287,10073055,502012360,Mühlentalstrasse,239.1,8200 Schaffhausen,2939,SH,real,False,23.07.2024,2689562,1285209
102610288,10106952,502012804,Sandackerstrasse,6.1,8200 Schaffhausen,2939,SH,real,False,23.07.2024,2688481,1284093
102610289,10018665,502012579,Im Trenschen,40.1,8207 Schaffhausen,2939,SH,real,False,23.07.2024,2692063,1287091
102610290,10073021,502012386,Ahornstrasse,1.2,8200 Schaffhausen,2939,SH,real,False,23.07.2024,2690388,1284621
102610291,10118144,502013000,Hintersteig,43.1,8200 Schaffhausen,2939,SH,real,False,23.07.2024,2689348,1283731
102610292,10120423,502012861,Gennersbrunn,7.1,8207 Schaffhausen,2939,SH,real,False,23.07.2024,2693383,1285680
102610293,10086481,502012476,Fischerhäuserstrasse,22.1,8200 Schaffhausen,2939,SH,real,False,23.07.2024,2690411,1283457
102610294,10086766,502012794,Klausweg,22.1,8200 Schaffhausen,2939,SH,real,False,23.07.2024,2690411,1284529
102610295,10073055,502012983,Mühlentalstrasse,262.1,8200 Schaffhausen,2939,SH,real,False,23.07.2024,2689557,1285877
102610296,10019803,502012580,Sandlöchlistrasse,1.1,8200 Schaffhausen,2939,SH,real,False,23.07.2024,2690696,1285781
102610297,10117546,502012354,Industriestrasse,16.1,8207 Schaffhausen,2939,SH,real,False,23.07.2024,2692220,1286202
102610298,10073021,502013047,Ahornstrasse,1.3,8200 Schaffhausen,2939,SH,real,False,23.07.2024,2690359,1284606
102610299,10018653,502012751,Hirschwiesenweg,10.1,8200 Schaffhausen,2939,SH,real,False,23.07.2024,2690647,1286067
102610300,10085736,502012571,Schildgutstrasse,11.1,8200 Schaffhausen,2939,SH,real,False,23.07.2024,2688757,1283755
102610301,10117546,502013010,Industriestrasse,2.1,8207 Schaffhausen,2939,SH,real,False,23.07.2024,2692112,1285860
102610302,10086766,502012272,Klausweg,32.1,8200 Schaffhausen,2939,SH,real,False,23.07.2024,2690516,1284544
102610303,10073055,502012444,Mühlentalstrasse,272b.1,8200 Schaffhausen,2939,SH,real,False,23.07.2024,2689562,1286066
102610304,10120423,502012675,Gennersbrunn,7.2,8207 Schaffhausen,2939,SH,real,False,23.07.2024,2694075,1286669
102610305,10018631,502013030,Forstweg,10.1,8200 Schaffhausen,2939,SH,real,False,23.07.2024,2689761,1284799
102610306,10073021,502013046,Ahornstrasse,1.4,8200 Schaffhausen,2939,SH,real,False,23.07.2024,2690355,1284611
102610307,10019569,502013105,Hochrahn,40.1,8231 Hemmental,2939,SH,real,False,23.07.2024,2686290,1287378
102610308,10085736,502012589,Schildgutstrasse,18.1,8200 Schaffhausen,2939,SH,real,False,23.07.2024,2688870,1283803
102610309,10086766,502012759,Klausweg,43.1,8200 Schaffhausen,2939,SH,real,False,23.07.2024,2690671,1284533
102610310,10117546,502012313,Industriestrasse,2.2,8207 Schaffhausen,2939,SH,real,False,23.07.2024,2692075,1285839
102610311,10019569,502013096,Hochrahn,41.1,8231 Hemmental,2939,SH,real,False,23.07.2024,2686262,1287369
102610312,10086488,502012626,Gennersbrunnerstrasse,11.1,8207 Schaffhausen,2939,SH,real,False,23.07.2024,2691846,1286353
102610313,10073021,502012783,Ahornstrasse,3.1,8200 Schaffhausen,2939,SH,real,False,23.07.2024,2690411,1284625
102610314,10019284,502012180,Buchenstrasse,14.1,8200 Schaffhausen,2939,SH,real,False,23.07.2024,2690600,1284692
102610315,10018631,502012483,Forstweg,19.1,8200 Schaffhausen,2939,SH,real,False,23.07.2024,2689762,1284769
102610316,10085736,502012258,Schildgutstrasse,22.1,8200 Schaffhausen,2939,SH,real,False,23.07.2024,2688832,1283811
102610317,10086766,502012831,Klausweg,45.1,8200 Schaffhausen,2939,SH,real,False,23.07.2024,2690694,1284532
102610319,10117546,502013022,Industriestrasse,2.3,8207 Schaffhausen,2939,SH,real,False,23.07.2024,2692128,1285845
102610320,10086488,502012304,Gennersbrunnerstrasse,61.1,8207 Schaffhausen,2939,SH,real,False,23.07.2024,2692014,1285952
102610321,10073021,502012387,Ahornstrasse,5.1,8200 Schaffhausen,2939,SH,real,False,23.07.2024,2690412,1284648
102610322,10019569,502013070,Hochrahn,45.1,8231 Hemmental,2939,SH,real,False,23.07.2024,2686245,1287396
102610323,10117546,502012357,Industriestrasse,2.4,8207 Schaffhausen,2939,SH,real,False,23.07.2024,2692149,1285825
102610324,10086488,502012565,Gennersbrunnerstrasse,61.2,8207 Schaffhausen,2939,SH,real,False,23.07.2024,2692032,1285989
102610325,10086766,502012895,Klausweg,78.1,8200 Schaffhausen,2939,SH,real,False,23.07.2024,2690748,1284506
102610326,10018632,502012991,Freier Platz,2.1,8200 Schaffhausen,2939,SH,real,False,23.07.2024,2690232,1283443
102610327,10073055,502012790,Mühlentalstrasse,319.1,8200 Schaffhausen,2939,SH,real,False,23.07.2024,2689315,1286782
102610328,10085736,502012596,Schildgutstrasse,29.1,8200 Schaffhausen,2939,SH,real,False,23.07.2024,2688762,1283875
102610330,10018632,502012427,Freier Platz,7.1,8200 Schaffhausen,2939,SH,real,False,23.07.2024,2690232,1283507
102610331,10019569,502013086,Hochrahn,49.1,8231 Hemmental,2939,SH,real,False,23.07.2024,2686246,1287407
102610332,10086488,502012586,Gennersbrunnerstrasse,83.1,8207 Schaffhausen,2939,SH,real,False,23.07.2024,2692092,1285475
102610333,10073021,502012388,Ahornstrasse,5.2,8200 Schaffhausen,2939,SH,real,False,23.07.2024,2690415,1284643
102610334,10117546,502012353,Industriestrasse,2.5,8207 Schaffhausen,2939,SH,real,False,23.07.2024,2692181,1285830
102610335,10073055,502012512,Mühlentalstrasse,325.1,8200 Schaffhausen,2939,SH,real,False,23.07.2024,2689270,1286838
102610336,10085736,502012307,Schildgutstrasse,3.2,8200 Schaffhausen,2939,SH,real,False,23.07.2024,2688728,1283629
102610337,10019269,502012742,Akazienstrasse,18.1,8200 Schaffhausen,2939,SH,real,False,23.07.2024,2690981,1284537
102610338,10186932,502012829,Rehgütliweg,1.1,8200 Schaffhausen,2939,SH,real,False,23.07.2024,2689039,1283638
102610339,10019569,502013133,Hochrahn,56.1,8231 Hemmental,2939,SH,real,False,23.07.2024,2686163,1287554
102610340,10085736,502012243,Schildgutstrasse,6.1,8200 Schaffhausen,2939,SH,real,False,23.07.2024,2688736,1283668
102610341,10120426,502012892,Klingenstrasse,6.1,8200 Schaffhausen,2939,SH,real,False,23.07.2024,2689652,1284840
102610342,10117546,502012956,Industriestrasse,26.1,8207 Schaffhausen,2939,SH,real,False,23.07.2024,2692382,1286402
102610343,10073055,502012544,Mühlentalstrasse,360.1,8200 Schaffhausen,2939,SH,real,False,23.07.2024,2689000,1287340
102610344,10086488,502012526,Gennersbrunnerstrasse,83.2,8207 Schaffhausen,2939,SH,real,False,23.07.2024,2692122,1285446
102610345,10019269,502012715,Akazienstrasse,20.1,8200 Schaffhausen,2939,SH,real,False,23.07.2024,2690998,1284528
102610346,10186932,502012261,Rehgütliweg,1.2,8200 Schaffhausen,2939,SH,real,False,23.07.2024,2689107,1283656
102610347,10019569,502013078,Hochrahn,57.1,8231 Hemmental,2939,SH,real,False,23.07.2024,2686239,1287456
102610348,10085736,502012655,Schildgutstrasse,9.1,8200 Schaffhausen,2939,SH,real,False,23.07.2024,2688719,1283735
102610349,10086767,502012470,Klushau,4.1,8200 Schaffhausen,2939,SH,real,False,23.07.2024,2688284,1284745
102610350,10117546,502013011,Industriestrasse,2a.1,8207 Schaffhausen,2939,SH,real,False,23.07.2024,2692050,1285990
102610351,10086488,502012445,Gennersbrunnerstrasse,85.1,8207 Schaffhausen,2939,SH,real,False,23.07.2024,2692202,1285407
102610352,10073055,502012591,Mühlentalstrasse,361.1,8200 Schaffhausen,2939,SH,real,True,20.11.2024,2689002,1287298
102610353,10019269,502012876,Akazienstrasse,26.1,8200 Schaffhausen,2939,SH,real,False,23.07.2024,2691037,1284539
102610354,10186932,502012493,Rehgütliweg,11.1,8200 Schaffhausen,2939,SH,real,False,23.07.2024,2688938,1283598
102610355,10019804,502012174,Schildstrasse,17.1,8200 Schaffhausen,2939,SH,real,False,23.07.2024,2690597,1283833
102610356,10019569,502013054,Hochrahn,60.1,8231 Hemmental,2939,SH,real,False,23.07.2024,2686140,1287553
102610357,10124087,502012988,Kohlfirststrasse,9.1,8203 Schaffhausen,2939,SH,real,False,23.07.2024,2691368,1283527
102610358,10117546,502012334,Industriestrasse,2a.10,8207 Schaffhausen,2939,SH,real,False,23.07.2024,2692071,1286056
102610359,10086488,502012662,Gennersbrunnerstrasse,9.1,8207 Schaffhausen,2939,SH,real,False,23.07.2024,2691838,1286355
102610360,10073055,502013037,Mühlentalstrasse,371.1,8200 Schaffhausen,2939,SH,real,False,23.07.2024,2688695,1287439
102610361,10085737,502012908,Schlossstrasse,11.1,8207 Schaffhausen,2939,SH,real,False,23.07.2024,2691825,1286593
102610362,10054985,502013076,Im Schönenbühl,164.2,8231 Hemmental,2939,SH,real,False,23.07.2024,2686934,1287280
102610363,10018654,502012286,Hochstrasse,122.1,8200 Schaffhausen,2939,SH,real,False,23.07.2024,2690003,1284769
102610364,10019269,502012777,Akazienstrasse,28.1,8200 Schaffhausen,2939,SH,real,False,23.07.2024,2691067,1284538
102610365,10018641,502012797,Glärnischstrasse,20.1,8200 Schaffhausen,2939,SH,real,False,23.07.2024,2690730,1283503
102610366,10086764,502013051,Im Storchen,2.2,8212 Neuhausen am Rheinfall,2939,SH,real,False,19.11.2024,2688759,1283366
102610367,10019269,502012858,Akazienstrasse,30.1,8200 Schaffhausen,2939,SH,real,False,23.07.2024,2691081,1284529
102610368,10073055,502013025,Mühlentalstrasse,380.1,8200 Schaffhausen,2939,SH,real,False,23.07.2024,2688751,1287724
102610369,10085737,502012893,Schlossstrasse,43.1,8207 Schaffhausen,2939,SH,real,False,23.07.2024,2691803,1286788
102610370,10086481,502012322,Fischerhäuserstrasse,25.1,8200 Schaffhausen,2939,SH,real,False,23.07.2024,2690444,1283533
102610371,10073055,502012640,Mühlentalstrasse,380.2,8200 Schaffhausen,2939,SH,real,False,23.07.2024,2688446,1287786
102610372,10106950,502012968,Kometsträsschen,29.1,8200 Schaffhausen,2939,SH,real,False,23.07.2024,2689134,1283430
102610373,10086489,502013040,Grafenbuckstrasse,25.4,8208 Schaffhausen,2939,SH,real,False,23.07.2024,2689774,1285347
102610374,10113201,502012850,Reiatstrasse,20.1,8200 Schaffhausen,2939,SH,real,False,23.07.2024,2690574,1283985
102610375,10018654,502012944,Hochstrasse,15.1,8200 Schaffhausen,2939,SH,real,False,23.07.2024,2689765,1284201
102610376,10019796,502012845,Rheinhardstrasse,6.9,8200 Schaffhausen,2939,SH,real,True,27.11.2024,2690938,1284728
102610377,10085737,502012756,Schlossstrasse,5.1,8207 Schaffhausen,2939,SH,real,False,23.07.2024,2691797,1286573
102610378,10117546,502012632,Industriestrasse,2a.11,8207 Schaffhausen,2939,SH,real,False,23.07.2024,2692044,1286043
102610379,10073055,502012807,Mühlentalstrasse,380.3,8200 Schaffhausen,2939,SH,real,False,23.07.2024,2687983,1288187
102610381,10018644,502012852,Grenzstrasse,16.1,8200 Schaffhausen,2939,SH,real,False,23.07.2024,2690750,1283808
102610382,10018654,502012889,Hochstrasse,183.1,8200 Schaffhausen,2939,SH,real,False,23.07.2024,2690124,1285088
102610383,10113201,502012996,Reiatstrasse,22.1,8200 Schaffhausen,2939,SH,real,False,23.07.2024,2690574,1283994
102610384,10086768,502012404,Korallenstrasse,17.1,8200 Schaffhausen,2939,SH,real,False,23.07.2024,2690452,1283811
102610385,10085737,502012537,Schlossstrasse,52.1,8207 Schaffhausen,2939,SH,real,False,23.07.2024,2691859,1286858
102610386,10073055,502012642,Mühlentalstrasse,7.1,8200 Schaffhausen,2939,SH,real,False,23.07.2024,2689434,1283944
102610387,10117546,502012631,Industriestrasse,2a.12,8207 Schaffhausen,2939,SH,real,False,23.07.2024,2692041,1286049
102610388,10086768,502012305,Korallenstrasse,23.1,8200 Schaffhausen,2939,SH,real,False,23.07.2024,2690464,1283767
102610389,10179715,502012665,Griesbacherhof,1.1,8200 Schaffhausen,2939,SH,real,False,23.07.2024,2687586,1285801
102610390,10018654,502012189,Hochstrasse,187.1,8200 Schaffhausen,2939,SH,real,False,23.07.2024,2690118,1285096
102610391,10113201,502012523,Reiatstrasse,28.1,8200 Schaffhausen,2939,SH,real,False,23.07.2024,2690570,1284043
102610392,10073022,502012959,Alpenstrasse,100.1,8203 Schaffhausen,2939,SH,real,True,23.07.2024,2691166,1283784
102610393,10085737,502012570,Schlossstrasse,52.2,8207 Schaffhausen,2939,SH,real,False,23.07.2024,2691854,1286847
102610394,10073055,502012562,Mühlentalstrasse,7.2,8200 Schaffhausen,2939,SH,real,False,23.07.2024,2689440,1283941
102610395,10117546,502013012,Industriestrasse,2a.2,8207 Schaffhausen,2939,SH,real,False,23.07.2024,2692040,1285981
102610396,10018672,502012259,Krebsbachstrasse,109.1,8200 Schaffhausen,2939,SH,real,False,23.07.2024,2690195,1284915
102610397,10179715,502012239,Griesbacherhof,1.4,8200 Schaffhausen,2939,SH,real,True,06.12.2024,2687638,1285809
102610398,10018654,502012246,Hochstrasse,201.027,8200 Schaffhausen,2939,SH,real,True,15.11.2024,2690216,1285363
102610399,10118146,502012685,Reithallenweg,13.1,8200 Schaffhausen,2939,SH,real,False,23.07.2024,2689695,1284953
102610400,10073022,502012359,Alpenstrasse,100a.1,8203 Schaffhausen,2939,SH,real,False,23.07.2024,2691099,1283782
102610401,10113196,502012841,Grubenstieg,23.1,8200 Schaffhausen,2939,SH,real,False,23.07.2024,2690257,1284434
102610402,10117546,502012331,Industriestrasse,2a.3,8207 Schaffhausen,2939,SH,real,False,23.07.2024,2692084,1286034
102610403,10018654,502012292,Hochstrasse,270.1,8200 Schaffhausen,2939,SH,real,False,23.07.2024,2690606,1285617
102610404,10018672,502012899,Krebsbachstrasse,151.1,8200 Schaffhausen,2939,SH,real,False,23.07.2024,2690209,1285144
102610405,10086490,502012347,Grubenstrasse,108.1,8200 Schaffhausen,2939,SH,real,False,23.07.2024,2690866,1284228
102610406,10118146,502012828,Reithallenweg,5.1,8200 Schaffhausen,2939,SH,real,False,23.07.2024,2689675,1284977
102610407,10019779,502012711,Mühlentalsträsschen,39.1,8200 Schaffhausen,2939,SH,real,False,23.07.2024,2689348,1284157
102610408,10073022,502012909,Alpenstrasse,158.1,8203 Schaffhausen,2939,SH,real,False,23.07.2024,2691446,1283755
102610409,10018672,502012928,Krebsbachstrasse,57.1,8200 Schaffhausen,2939,SH,real,False,23.07.2024,2690000,1284711
102610410,10086490,502012668,Grubenstrasse,108.2,8200 Schaffhausen,2939,SH,real,False,23.07.2024,2690858,1284218
102610411,10117546,502012568,Industriestrasse,2a.4,8207 Schaffhausen,2939,SH,real,False,23.07.2024,2692044,1285999
102610412,10018654,502012875,Hochstrasse,283.1,8200 Schaffhausen,2939,SH,real,False,23.07.2024,2690555,1285646
102610413,10073022,502012567,Alpenstrasse,35.1,8200 Schaffhausen,2939,SH,real,False,23.07.2024,2690518,1283893
102610414,10086490,502012296,Grubenstrasse,127a.1,8200 Schaffhausen,2939,SH,real,False,23.07.2024,2691035,1284310
102610415,10103226,502012955,Rheinbühlstrasse,26.1,8200 Schaffhausen,2939,SH,real,False,23.07.2024,2691420,1282794
102610416,10019779,502012197,Mühlentalsträsschen,39.2,8200 Schaffhausen,2939,SH,real,False,23.07.2024,2689353,1284136
102610417,10073050,502012763,Kreuzgutweg,13.1,8207 Schaffhausen,2939,SH,real,False,23.07.2024,2691525,1286588
102610418,10086490,502012267,Grubenstrasse,5.1,8200 Schaffhausen,2939,SH,real,False,23.07.2024,2690250,1284143
102610419,10117546,502013027,Industriestrasse,2a.5,8207 Schaffhausen,2939,SH,real,False,23.07.2024,2692046,1286006
102610420,10018654,502012472,Hochstrasse,313.1,8200 Schaffhausen,2939,SH,real,False,23.07.2024,2690670,1285773
102610421,10073050,502012680,Kreuzgutweg,15.1,8207 Schaffhausen,2939,SH,real,False,23.07.2024,2691507,1286641
102610422,10103226,502012975,Rheinbühlstrasse,27.1,8200 Schaffhausen,2939,SH,real,False,23.07.2024,2691439,1282837
102610423,10086490,502012652,Grubenstrasse,53.1,8200 Schaffhausen,2939,SH,real,False,23.07.2024,2690427,1284294
102610424,10019779,502012198,Mühlentalsträsschen,47.1,8200 Schaffhausen,2939,SH,real,False,23.07.2024,2689382,1284195
102610425,10073022,502012894,Alpenstrasse,73.1,8200 Schaffhausen,2939,SH,real,False,23.07.2024,2690808,1283860
102610426,10117546,502012566,Industriestrasse,2a.6,8207 Schaffhausen,2939,SH,real,False,23.07.2024,2692038,1285994
102610427,10073040,502012414,Gugerhalde,11.1,8207 Schaffhausen,2939,SH,real,False,23.07.2024,2692096,1286934
102610428,10018654,502012457,Hochstrasse,34.1,8200 Schaffhausen,2939,SH,real,False,23.07.2024,2689849,1284322
102610429,10018674,502012516,Kronenacker,7.1,8200 Schaffhausen,2939,SH,real,False,23.07.2024,2691112,1285839
102610430,10085737,502012943,Schlossstrasse,56a.1,8207 Schaffhausen,2939,SH,real,False,23.07.2024,2691820,1286883
102610431,10106951,502012298,Rheinhaldenstrasse,17.1,8200 Schaffhausen,2939,SH,real,False,23.07.2024,2690854,1283346
102610432,10187856,502012784,Spiegelgutstrasse,27.1,8200 Schaffhausen,2939,SH,real,False,23.07.2024,2690589,1285951
102610433,10019270,502012748,Alte Gasse,11.1,8203 Schaffhausen,2939,SH,real,False,23.07.2024,2691311,1283621
102610434,10073040,502012541,Gugerhalde,18b.1,8207 Schaffhausen,2939,SH,real,False,23.07.2024,2692162,1286867
102610435,10117546,502012633,Industriestrasse,2a.7,8207 Schaffhausen,2939,SH,real,False,23.07.2024,2692055,1286026
102610436,10018654,502012374,Hochstrasse,49.1,8200 Schaffhausen,2939,SH,real,False,23.07.2024,2689793,1284400
102610437,10120420,502012501,Amsler-Laffon-Strasse,16.1,8200 Schaffhausen,2939,SH,real,False,23.07.2024,2690355,1284777
102610438,10106951,502012199,Rheinhaldenstrasse,62.1,8200 Schaffhausen,2939,SH,real,False,23.07.2024,2691275,1282730
102610439,10085737,502012978,Schlossstrasse,79.1,8207 Schaffhausen,2939,SH,real,False,23.07.2024,2691692,1287103
102610440,10019779,502012280,Mühlentalsträsschen,47.2,8200 Schaffhausen,2939,SH,real,True,23.07.2024,2689343,1284187
102610441,10073051,502012237,Krummacker,10.1,8207 Schaffhausen,2939,SH,real,False,23.07.2024,2691647,1286710
102610442,10073034,502012380,Friedbergstrasse,25.1,8200 Schaffhausen,2939,SH,real,False,23.07.2024,2688851,1283605
102610443,10085737,502012966,Schlossstrasse,79.2,8207 Schaffhausen,2939,SH,real,False,23.07.2024,2691694,1287113
102610444,10018654,502012373,Hochstrasse,5.1,8200 Schaffhausen,2939,SH,real,False,23.07.2024,2689717,1284030
102610445,10019271,502012425,Artilleriestrasse,43.1,8200 Schaffhausen,2939,SH,real,False,23.07.2024,2691489,1284448
102610446,10106951,502012254,Rheinhaldenstrasse,95.1,8200 Schaffhausen,2939,SH,real,False,23.07.2024,2691767,1282599
102610447,10085737,502012948,Schlossstrasse,81.1,8207 Schaffhausen,2939,SH,real,False,23.07.2024,2691699,1287142
102610448,10019779,502012738,Mühlentalsträsschen,53.3,8200 Schaffhausen,2939,SH,real,True,23.07.2024,2689324,1284231
102610449,10073051,502012747,Krummacker,12.1,8207 Schaffhausen,2939,SH,real,False,23.07.2024,2691652,1286704
102610450,10073034,502012416,Friedbergstrasse,54.1,8200 Schaffhausen,2939,SH,real,False,23.07.2024,2689179,1283576
102610451,10178318,502013097,Gutbuck,167.1,8231 Hemmental,2939,SH,real,False,23.07.2024,2684596,1289115
102610452,10019780,502012332,Münstergasse,22.1,8200 Schaffhausen,2939,SH,real,False,23.07.2024,2689816,1283496
102610454,10106951,502013048,Rheinhaldenstrasse,97.1,8200 Schaffhausen,2939,SH,real,False,23.07.2024,2691774,1282620
102610455,10085737,502012935,Schlossstrasse,81.2,8207 Schaffhausen,2939,SH,real,False,23.07.2024,2691697,1287131
102610456,10086493,502012269,Hofackerstrasse,3.2,8203 Schaffhausen,2939,SH,real,False,23.07.2024,2691480,1283715
102610457,10073051,502012461,Krummacker,16.1,8207 Schaffhausen,2939,SH,real,False,23.07.2024,2691703,1286970
102610459,10086491,502012776,Haldenstrasse,12.1,8200 Schaffhausen,2939,SH,real,False,23.07.2024,2689364,1284562
102610460,10019781,502012851,Neherstieg,31.1,8200 Schaffhausen,2939,SH,real,False,23.07.2024,2688347,1283894
102610461,10019272,502012805,Auf der Platte,16.1,8200 Schaffhausen,2939,SH,real,False,23.07.2024,2689266,1285178
102610462,10019796,502012614,Rheinhardstrasse,1.1,8200 Schaffhausen,2939,SH,real,False,23.07.2024,2690946,1284902
102610463,10086491,502012450,Haldenstrasse,20.1,8200 Schaffhausen,2939,SH,real,False,23.07.2024,2689357,1284637
102610464,10019570,502013125,Hofwiesenstrasse,14.1,8231 Hemmental,2939,SH,real,False,23.07.2024,2685736,1287603
102610465,10073034,502012656,Friedbergstrasse,61.1,8200 Schaffhausen,2939,SH,real,False,23.07.2024,2689152,1283660
102610466,10073051,502012270,Krummacker,16.2,8207 Schaffhausen,2939,SH,real,False,23.07.2024,2691666,1286953
102610467,10085737,502012965,Schlossstrasse,83.2,8207 Schaffhausen,2939,SH,real,False,23.07.2024,2691653,1287112
102610468,10019781,502012215,Neherstieg,39.2,8200 Schaffhausen,2939,SH,real,True,23.07.2024,2688341,1283957
102610469,10019272,502012963,Auf der Platte,18.1,8200 Schaffhausen,2939,SH,real,False,23.07.2024,2689254,1285169
102610470,10019796,502012946,Rheinhardstrasse,3.1,8200 Schaffhausen,2939,SH,real,False,23.07.2024,2690968,1284801
102610471,10018648,502012204,Hanfpünt,41.1,8207 Schaffhausen,2939,SH,real,False,23.07.2024,2691538,1286749
102610472,10018655,502012509,Hohenkrähenstrasse,14.1,8200 Schaffhausen,2939,SH,real,False,23.07.2024,2690674,1283964
102610473,10073051,502012234,Krummacker,4.2,8207 Schaffhausen,2939,SH,real,False,23.07.2024,2691634,1286725
102610474,10086483,502012620,Frohbergstieg,20.1,8200 Schaffhausen,2939,SH,real,False,23.07.2024,2690076,1284107
102610475,10085737,502013001,Schlossstrasse,85.1,8207 Schaffhausen,2939,SH,real,False,23.07.2024,2691660,1287149
102610476,10073056,502012513,Neustadt,17.1,8200 Schaffhausen,2939,SH,real,False,23.07.2024,2689578,1283320
102610477,10086470,502012559,Bachstrasse,12.1,8200 Schaffhausen,2939,SH,real,False,23.07.2024,2690081,1283538
102610478,10019796,502012339,Rheinhardstrasse,3.2,8200 Schaffhausen,2939,SH,real,False,23.07.2024,2690963,1284806
102610479,10108021,502012224,Hauentalstrasse,134.1,8200 Schaffhausen,2939,SH,real,False,23.07.2024,2688846,1285564
102610480,10086494,502012182,Hohenstoffelstrasse,26.1,8200 Schaffhausen,2939,SH,real,False,23.07.2024,2690370,1284431
102610481,10073051,502012232,Krummacker,6.1,8207 Schaffhausen,2939,SH,real,False,23.07.2024,2691638,1286720
102610482,10086483,502012225,Frohbergstieg,25.1,8200 Schaffhausen,2939,SH,real,False,23.07.2024,2690092,1284076
102610483,10085737,502012970,Schlossstrasse,85.2,8207 Schaffhausen,2939,SH,real,False,23.07.2024,2691658,1287138
102610484,10073056,502012663,Neustadt,58.1,8200 Schaffhausen,2939,SH,real,False,23.07.2024,2689615,1283485
102610485,10086470,502012860,Bachstrasse,18.2,8200 Schaffhausen,2939,SH,real,True,27.11.2024,2690064,1283556
102610486,10019796,502012929,Rheinhardstrasse,6.1,8200 Schaffhausen,2939,SH,real,False,23.07.2024,2690948,1284768
102610487,10108021,502012210,Hauentalstrasse,144.1,8200 Schaffhausen,2939,SH,real,False,23.07.2024,2688800,1285646
102610489,10073051,502012238,Krummacker,8.1,8207 Schaffhausen,2939,SH,real,False,23.07.2024,2691643,1286715
102610490,10128950,502012636,Frohbergstrasse,14.2,8200 Schaffhausen,2939,SH,real,True,06.12.2024,2690048,1284101
102610491,10085737,502012973,Schlossstrasse,87.1,8207 Schaffhausen,2939,SH,real,False,23.07.2024,2691676,1287190
102610492,10073024,502012192,Bachtelstrasse,15.2,8200 Schaffhausen,2939,SH,real,True,27.11.2024,2688707,1284794
102610493,10073056,502012399,Neustadt,73.1,8200 Schaffhausen,2939,SH,real,True,23.07.2024,2689568,1283500
102610494,10073060,502012906,Rheinstrasse,2.1,8200 Schaffhausen,2939,SH,real,False,23.07.2024,2689844,1283272
102610495,10085737,502012967,Schlossstrasse,87.2,8207 Schaffhausen,2939,SH,real,False,23.07.2024,2691687,1287188
102610496,10118145,502012646,Lahnbuck,4.1,8200 Schaffhausen,2939,SH,real,False,23.07.2024,2686932,1284709
102610497,10025692,502012754,Stettemerstrasse,64b.1,8207 Schaffhausen,2939,SH,real,False,23.07.2024,2691564,1286794
102610498,10128950,502012173,Frohbergstrasse,8.1,8200 Schaffhausen,2939,SH,real,False,23.07.2024,2690111,1284061
102610499,10108021,502013035,Hauentalstrasse,3526,8200 Schaffhausen,2939,SH,real,True,06.12.2024,2687971,1286160
102610500,10019274,502012600,Bahnhofstrasse,102.1,8200 Schaffhausen,2939,SH,real,False,23.07.2024,2689847,1284081
102610501,10025692,502012764,Stettemerstrasse,68.1,8207 Schaffhausen,2939,SH,real,False,23.07.2024,2691581,1286815
102610502,10073060,502012186,Rheinstrasse,25.1,8200 Schaffhausen,2939,SH,real,False,23.07.2024,2689702,1283264
102610503,10085737,502012974,Schlossstrasse,89.1,8207 Schaffhausen,2939,SH,real,False,23.07.2024,2691705,1287213
102610504,10118145,502012639,Lahnbuck,4.2,8200 Schaffhausen,2939,SH,real,False,23.07.2024,2686752,1284977
102610505,10025692,502012792,Stettemerstrasse,99.1,8207 Schaffhausen,2939,SH,real,False,23.07.2024,2691298,1286616
102610506,10128950,502012745,Frohbergstrasse,9.1,8200 Schaffhausen,2939,SH,real,False,23.07.2024,2690098,1284020
102610507,10108021,502012574,Hauentalstrasse,260.3,8200 Schaffhausen,2939,SH,real,False,23.07.2024,2687582,1286530
102610508,10019274,502012918,Bahnhofstrasse,102.2,8200 Schaffhausen,2939,SH,real,False,23.07.2024,2689856,1284091
102610509,10112903,502013059,Stieg,161.1,8231 Hemmental,2939,SH,real,False,23.07.2024,2685529,1287197
102610510,10193992,502013028,Rheinuferstrasse,1.1,8200 Schaffhausen,2939,SH,real,False,23.07.2024,2690128,1283253
102610511,10085737,502012720,Schlossstrasse,89.3,8207 Schaffhausen,2939,SH,real,False,23.07.2024,2691700,1287293
102610512,10179720,502013045,Lahnhalde,11.1,8200 Schaffhausen,2939,SH,real,False,23.07.2024,2688268,1284567
102610513,10025693,502012611,Stimmerstrasse,10.1,8200 Schaffhausen,2939,SH,real,False,23.07.2024,2690708,1284317
102610514,10086484,502012730,Fulacherhalde,4.1,8207 Schaffhausen,2939,SH,real,False,23.07.2024,2690919,1285432
102610516,10108021,502012608,Hauentalstrasse,260.4,8200 Schaffhausen,2939,SH,real,False,23.07.2024,2687473,1286714
102610517,10025693,502012458,Stimmerstrasse,34.1,8200 Schaffhausen,2939,SH,real,False,23.07.2024,2690864,1284319
102610518,10073035,502012279,Fulachstrasse,165.1,8200 Schaffhausen,2939,SH,real,False,23.07.2024,2690349,1285162
102610519,10085737,502012459,Schlossstrasse,89.4,8207 Schaffhausen,2939,SH,real,False,19.11.2024,2691783,1287243
102610520,10179720,502012405,Lahnhalde,39.1,8200 Schaffhausen,2939,SH,real,False,23.07.2024,2688414,1284721
102610521,10025693,502012913,Stimmerstrasse,35.1,8200 Schaffhausen,2939,SH,real,False,23.07.2024,2690869,1284360
102610522,10046627,502012549,Rietmattstrasse,13.1,8200 Schaffhausen,2939,SH,real,False,23.07.2024,2688294,1284116
102610523,10108021,502012785,Hauentalstrasse,260.5,8200 Schaffhausen,2939,SH,real,False,23.07.2024,2687477,1286727
102610524,10019274,502012381,Bahnhofstrasse,43.2,8200 Schaffhausen,2939,SH,real,False,23.07.2024,2689622,1283766
102610525,10025693,502012887,Stimmerstrasse,51.1,8200 Schaffhausen,2939,SH,real,False,23.07.2024,2691038,1284499
102610526,10046627,502012441,Rietmattstrasse,17.1,8200 Schaffhausen,2939,SH,real,False,23.07.2024,2688295,1284083
102610527,10085737,502012823,Schlossstrasse,89.5,8207 Schaffhausen,2939,SH,real,False,23.07.2024,2691693,1287305
102610528,10018677,502012854,Lahnstieg,3.1,8200 Schaffhausen,2939,SH,real,False,23.07.2024,2688386,1284520
102610529,10085748,502012196,Stokarbergstrasse,51.1,8200 Schaffhausen,2939,SH,real,False,23.07.2024,2689005,1283706
102610530,10073035,502012607,Fulachstrasse,235.1,8200 Schaffhausen,2939,SH,real,False,23.07.2024,2690803,1285498
102610531,10085748,502012177,Stokarbergstrasse,53.1,8200 Schaffhausen,2939,SH,real,False,23.07.2024,2689005,1283708
102610532,10108021,502012421,Hauentalstrasse,260.6,8200 Schaffhausen,2939,SH,real,False,23.07.2024,2687364,1286728
102610533,10019274,502012999,Bahnhofstrasse,43.3,8200 Schaffhausen,2939,SH,real,False,23.07.2024,2689660,1283826
102610534,10046627,502012442,Rietmattstrasse,21.1,8200 Schaffhausen,2939,SH,real,False,23.07.2024,2688297,1284050
102610535,10085748,502012798,Stokarbergstrasse,93.1,8200 Schaffhausen,2939,SH,real,False,23.07.2024,2688782,1283610
102610536,10018677,502012842,Lahnstieg,4.1,8200 Schaffhausen,2939,SH,real,False,23.07.2024,2688394,1284536
102610537,10113202,502012498,Schlösslistieg,11.1,8200 Schaffhausen,2939,SH,real,False,23.07.2024,2690436,1284413
102610538,10073035,502012641,Fulachstrasse,239.1,8200 Schaffhausen,2939,SH,real,False,23.07.2024,2690832,1285526
102610539,10025694,502012801,Stokarweg,6.1,8200 Schaffhausen,2939,SH,real,False,23.07.2024,2689011,1283437
102610540,10073052,502012245,Lahnstrasse,72.4,8200 Schaffhausen,2939,SH,real,False,23.07.2024,2688231,1284699
102610541,10108021,502012822,Hauentalstrasse,260.7,8200 Schaffhausen,2939,SH,real,False,23.07.2024,2687359,1286733
102610542,10046627,502012650,Rietmattstrasse,5.1,8200 Schaffhausen,2939,SH,real,False,23.07.2024,2688292,1284181
102610543,10178603,502012207,Baumgartenstrasse,15.4,8200 Schaffhausen,2939,SH,real,False,23.07.2024,2689931,1283343
102610544,10073070,502012547,Stuckengässchen,27.1,8203 Schaffhausen,2939,SH,real,False,23.07.2024,2691554,1283246
102610545,10019806,502012578,Schlössliweg,25.1,8200 Schaffhausen,2939,SH,real,False,23.07.2024,2690463,1284404
102610546,10073035,502013015,Fulachstrasse,249.2,8200 Schaffhausen,2939,SH,real,True,06.12.2024,2690903,1285598
102610547,10178603,502012456,Baumgartenstrasse,15.2,8200 Schaffhausen,2939,SH,real,False,23.07.2024,2689929,1283347
102610548,10073070,502013016,Stuckengässchen,38.1,8203 Schaffhausen,2939,SH,real,False,23.07.2024,2691596,1283176
102610549,10108021,502012697,Hauentalstrasse,46.1,8200 Schaffhausen,2939,SH,real,False,23.07.2024,2689070,1285143
102610550,10046627,502012435,Rietmattstrasse,9.1,8200 Schaffhausen,2939,SH,real,False,23.07.2024,2688293,1284148
102610551,10073052,502013026,Lahnstrasse,51.1,8200 Schaffhausen,2939,SH,real,False,23.07.2024,2688243,1284630
102610552,10073070,502012879,Stuckengässchen,38.2,8203 Schaffhausen,2939,SH,real,False,23.07.2024,2691586,1283180
102610553,10106953,502012898,Schneckenackerstrasse,1.1,8200 Schaffhausen,2939,SH,real,False,23.07.2024,2690514,1286046
102610554,10179726,502013033,Rietstrasse,1.1,8200 Schaffhausen,2939,SH,real,False,23.07.2024,2689151,1283887
102610555,10073052,502012335,Lahnstrasse,72.1,8200 Schaffhausen,2939,SH,real,False,23.07.2024,2688146,1284646
102610556,10073070,502012733,Stuckengässchen,5.1,8203 Schaffhausen,2939,SH,real,False,19.11.2024,2691505,1283297
102610557,10108021,502012736,Hauentalstrasse,89.1,8200 Schaffhausen,2939,SH,real,False,23.07.2024,2688938,1285376
102610558,10118359,502012330,Baumschulstrasse,28.1,8200 Schaffhausen,2939,SH,real,False,23.07.2024,2690872,1284773
102610559,10018635,502012674,Furkastrasse,26.1,8203 Schaffhausen,2939,SH,real,False,23.07.2024,2690894,1283453
102610560,10025695,502012367,Stüdliackerstrasse,10.1,8207 Schaffhausen,2939,SH,real,True,26.10.2024,2692136,1286370
102610561,10179728,502012788,Schneidergang,4.1,8200 Schaffhausen,2939,SH,real,False,23.07.2024,2689860,1283491
102610562,10118359,502012434,Baumschulstrasse,28.2,8200 Schaffhausen,2939,SH,real,False,23.07.2024,2690895,1284793
102610563,10179726,502012179,Rietstrasse,160.1,8200 Schaffhausen,2939,SH,real,False,23.07.2024,2688440,1284361
102610564,10085749,502012844,Surbeckstieg,16.1,8207 Schaffhausen,2939,SH,real,False,23.07.2024,2691502,1286462
102610565,10091230,502013102,Hauptstrasse,11.1,8231 Hemmental,2939,SH,real,False,23.07.2024,2685747,1287696
102610566,10073052,502012491,Lahnstrasse,72.3,8200 Schaffhausen,2939,SH,real,False,23.07.2024,2688193,1284701
102610567,10086485,502012838,Fäsenstaubstrasse,39.1,8200 Schaffhausen,2939,SH,real,False,23.07.2024,2689272,1283499
102610568,10025697,502012281,Säntisstrasse,25.1,8200 Schaffhausen,2939,SH,real,False,23.07.2024,2690448,1283676
102610569,10019275,502012203,Beckengässchen,10.5,8200 Schaffhausen,2939,SH,real,True,27.11.2024,2689480,1283674
102610570,10192483,502013036,Bleicheplatz,7.1,8200 Schaffhausen,2939,SH,real,False,23.07.2024,2689636,1283844
102610571,10179726,502013034,Rietstrasse,180.1,8200 Schaffhausen,2939,SH,real,False,23.07.2024,2688354,1284391
102610572,10025697,502012569,Säntisstrasse,4.1,8200 Schaffhausen,2939,SH,real,False,23.07.2024,2690300,1283632
102610573,10073052,502012226,Lahnstrasse,77.1,8200 Schaffhausen,2939,SH,real,False,23.07.2024,2688125,1284592
102610574,10192483,502013002,Bleicheplatz,7.2,8200 Schaffhausen,2939,SH,real,False,23.07.2024,2689647,1283833
102610575,10086485,502012718,Fäsenstaubstrasse,4.1,8200 Schaffhausen,2939,SH,real,False,23.07.2024,2689249,1283400
102610576,10025697,502012490,Säntisstrasse,45.1,8200 Schaffhausen,2939,SH,real,False,23.07.2024,2690545,1283623
102610577,10019275,502013004,Beckengässchen,10.2,8200 Schaffhausen,2939,SH,real,False,23.07.2024,2689481,1283677
102610578,10019279,502013018,Blumenaustrasse,22.2,8200 Schaffhausen,2939,SH,real,True,27.11.2024,2688486,1284422
102610579,10179726,502012679,Rietstrasse,180.2,8200 Schaffhausen,2939,SH,real,False,23.07.2024,2688339,1284404
102610580,10025697,502012438,Säntisstrasse,55.1,8200 Schaffhausen,2939,SH,real,False,23.07.2024,2690601,1283628
102610581,10073052,502012787,Lahnstrasse,80.1,8200 Schaffhausen,2939,SH,real,False,23.07.2024,2688036,1284659
102610583,10025697,502012494,Säntisstrasse,62.1,8200 Schaffhausen,2939,SH,real,False,23.07.2024,2690616,1283580
102610584,10118147,502012609,Windeggstrasse,7.1,8203 Schaffhausen,2939,SH,real,False,23.07.2024,2691482,1283526
102610585,10019275,502012628,Beckengässchen,10.3,8200 Schaffhausen,2939,SH,real,False,23.07.2024,2689470,1283678
102610586,10086473,502012300,Bocksrietstrasse,112.1,8200 Schaffhausen,2939,SH,real,False,23.07.2024,2691021,1285773
102610587,10025698,502012391,Talstrasse,20.1,8200 Schaffhausen,2939,SH,real,False,23.07.2024,2690672,1284153
102610588,10190888,502012316,Winkelriedstrasse,21.1,8200 Schaffhausen,2939,SH,real,False,23.07.2024,2691159,1284073
102610589,10073052,502012342,Lahnstrasse,89.6,8200 Schaffhausen,2939,SH,real,False,23.07.2024,2687970,1284603
102610590,10073040,502012774,Gugerhalde,21.1,8207 Schaffhausen,2939,SH,real,False,23.07.2024,2692102,1286852
102610591,10025698,502012687,Talstrasse,20.2,8200 Schaffhausen,2939,SH,real,False,23.07.2024,2690653,1284153
102610592,10179726,502012303,Rietstrasse,187.1,8200 Schaffhausen,2939,SH,real,False,23.07.2024,2688261,1284404
102610593,10019275,502012869,Beckengässchen,3.1,8200 Schaffhausen,2939,SH,real,False,23.07.2024,2689462,1283617
102610594,10025698,502012952,Talstrasse,24.1,8200 Schaffhausen,2939,SH,real,False,23.07.2024,2690748,1284096
102610595,10190888,502012350,Winkelriedstrasse,22.1,8203 Schaffhausen,2939,SH,real,False,23.07.2024,2691190,1283986
102610596,10073040,502012750,Gugerhalde,21a.1,8207 Schaffhausen,2939,SH,real,False,23.07.2024,2692095,1286874
102610597,10186345,502012673,Beckenwäldli,19.1,8207 Schaffhausen,2939,SH,real,False,23.07.2024,2692077,1287020
102610598,10025698,502012601,Talstrasse,40.1,8200 Schaffhausen,2939,SH,real,False,23.07.2024,2690949,1284151
102610599,10179726,502012466,Rietstrasse,58.1,8200 Schaffhausen,2939,SH,real,False,23.07.2024,2688789,1284075
102610600,10108021,502012874,Hauentalstrasse,3527,8200 Schaffhausen,2939,SH,real,True,06.12.2024,2688042,1286107
102610601,10073052,502012557,Lahnstrasse,89.5,8200 Schaffhausen,2939,SH,real,False,23.07.2024,2687998,1284572
102610602,10025698,502012857,Talstrasse,60.1,8200 Schaffhausen,2939,SH,real,False,23.07.2024,2691091,1284129
102610603,10190888,502012969,Winkelriedstrasse,24.1,8203 Schaffhausen,2939,SH,real,False,23.07.2024,2691275,1283990
102610604,10186345,502012561,Beckenwäldli,8.1,8207 Schaffhausen,2939,SH,real,False,23.07.2024,2692025,1287117
102610605,10106953,502012960,Schneckenackerstrasse,1.2,8200 Schaffhausen,2939,SH,real,False,23.07.2024,2690521,1286047
102610606,10073056,502012429,Neustadt,64,8200 Schaffhausen,2939,SH,real,True,19.11.2024,2689633,1283526
102610607,10190888,502012729,Winkelriedstrasse,34.1,8203 Schaffhausen,2939,SH,real,False,23.07.2024,2691342,1283941
102610608,10086471,502012375,Belairstrasse,21.1,8200 Schaffhausen,2939,SH,real,False,23.07.2024,2688733,1284272
102610609,10085738,502012418,Schwarzadlerstrasse,1.1,8200 Schaffhausen,2939,SH,real,False,23.07.2024,2689252,1284879
102610610,10073072,502012328,Tannenstrasse,10.1,8200 Schaffhausen,2939,SH,real,False,23.07.2024,2691005,1284353
102610611,10190888,502012341,Winkelriedstrasse,38.1,8203 Schaffhausen,2939,SH,real,False,23.07.2024,2691364,1283963
102610612,10086770,502012372,Langhansergässchen,27.1,8200 Schaffhausen,2939,SH,real,False,23.07.2024,2688155,1284476
102610613,10019807,502012533,Schweizersbildstrasse,15.1,8207 Schaffhausen,2939,SH,real,False,23.07.2024,2690774,1286081
102610614,10190888,502013031,Winkelriedstrasse,42.1,8203 Schaffhausen,2939,SH,real,False,23.07.2024,2691403,1283961
102610615,10187857,502012683,Tannerberg,11.1,8200 Schaffhausen,2939,SH,real,False,23.07.2024,2689612,1284109
102610616,10086471,502012489,Belairstrasse,7.1,8200 Schaffhausen,2939,SH,real,False,23.07.2024,2688663,1284228
102610617,10019807,502012936,Schweizersbildstrasse,15.2,8207 Schaffhausen,2939,SH,real,False,23.07.2024,2690711,1286100
102610618,10190888,502012546,Winkelriedstrasse,43.1,8203 Schaffhausen,2939,SH,real,False,23.07.2024,2691492,1284345
102610619,10019277,502012757,Berghaldenweg,20.2,8207 Schaffhausen,2939,SH,real,True,27.11.2024,2691963,1286711
102610620,10179732,502012202,Tellstrasse,12.1,8200 Schaffhausen,2939,SH,real,False,23.07.2024,2690309,1284073
102610621,10019807,502012364,Schweizersbildstrasse,20.1,8207 Schaffhausen,2939,SH,real,False,23.07.2024,2690658,1286260
102610622,10190888,502012758,Winkelriedstrasse,44.1,8203 Schaffhausen,2939,SH,real,False,23.07.2024,2691426,1283944
102610623,10091233,502013085,Langwiesen,21.1,8231 Hemmental,2939,SH,real,False,23.07.2024,2686300,1287342
102610624,10085751,502012677,Thayngerstrasse,5.1,8207 Schaffhausen,2939,SH,real,False,23.07.2024,2691876,1286496
102610625,10019807,502012621,Schweizersbildstrasse,33.1,8207 Schaffhausen,2939,SH,real,False,23.07.2024,2690494,1286277
102610626,10190888,502012355,Winkelriedstrasse,50.1,8203 Schaffhausen,2939,SH,real,False,23.07.2024,2691497,1283942
102610627,10153539,502012201,Bergliweg,8.1,8207 Schaffhausen,2939,SH,real,False,23.07.2024,2691258,1286333
102610628,10085751,502012595,Thayngerstrasse,53.1,8207 Schaffhausen,2939,SH,real,False,23.07.2024,2691904,1286995
102610629,10019807,502012622,Schweizersbildstrasse,40.1,8207 Schaffhausen,2939,SH,real,False,23.07.2024,2690514,1286598
102610630,10141604,502012268,Wirbelwies,2.1,8200 Schaffhausen,2939,SH,real,False,23.07.2024,2688552,1285965
102610631,10073025,502012415,Bergstrasse,4.1,8200 Schaffhausen,2939,SH,real,False,23.07.2024,2689582,1284245
102610632,10085751,502012630,Thayngerstrasse,63.1,8207 Schaffhausen,2939,SH,real,False,23.07.2024,2691778,1287145
102610633,10019807,502012344,Schweizersbildstrasse,69.06,8200 Schaffhausen,2939,SH,real,True,15.11.2024,2690051,1286581
102610634,10025711,502012428,Zedernweg,4.1,8200 Schaffhausen,2939,SH,real,False,23.07.2024,2690481,1284736
102610635,10091233,502013056,Langwiesen,23.1,8231 Hemmental,2939,SH,real,False,19.11.2024,2686282,1287316
102610636,10085751,502012205,Thayngerstrasse,71.1,8207 Schaffhausen,2939,SH,real,False,23.07.2024,2691878,1287469
102610637,10019807,502012961,Schweizersbildstrasse,69.08,8200 Schaffhausen,2939,SH,real,True,15.11.2024,2689976,1286622
102610638,10107217,502012713,Zollerweg,20.1,8203 Schaffhausen,2939,SH,real,False,23.07.2024,2691846,1283311
102610639,10073025,502012624,Bergstrasse,6.1,8200 Schaffhausen,2939,SH,real,False,23.07.2024,2689563,1284194
102610640,10085751,502012390,Thayngerstrasse,72a.1,8207 Schaffhausen,2939,SH,real,False,23.07.2024,2691936,1287139
102610641,10107217,502012778,Zollerweg,20.2,8203 Schaffhausen,2939,SH,real,False,23.07.2024,2691857,1283290
102610642,10019807,502012338,Schweizersbildstrasse,69.07,8200 Schaffhausen,2939,SH,real,True,15.11.2024,2689970,1286571
102610643,10091233,502013087,Langwiesen,23.2,8231 Hemmental,2939,SH,real,False,19.11.2024,2686277,1287315
102610644,10054988,502013116,Thierhag,174.1,8231 Hemmental,2939,SH,real,False,23.07.2024,2685424,1288219
102610645,10046635,502012767,Zündelweg,23.1,8203 Schaffhausen,2939,SH,real,False,23.07.2024,2690985,1283584
102610646,10086473,502012417,Bocksrietstrasse,132.1,8200 Schaffhausen,2939,SH,real,False,23.07.2024,2691069,1285836
102610647,10091233,502013113,Langwiesen,27.1,8231 Hemmental,2939,SH,real,False,23.07.2024,2686281,1287305
102610648,10113205,502012393,Tobelweg,3.1,8200 Schaffhausen,2939,SH,real,False,23.07.2024,2690320,1284238
102610649,10046624,502012696,Kleinbuchbergweg,8.1,8200 Schaffhausen,2939,SH,real,False,23.07.2024,2688734,1287298
102610650,10019807,502012826,Schweizersbildstrasse,77.1,8200 Schaffhausen,2939,SH,real,False,23.07.2024,2689738,1286716
102610651,10091233,502013112,Langwiesen,29.1,8231 Hemmental,2939,SH,real,False,23.07.2024,2686281,1287270
102610652,10073073,502012878,Trenschenstieg,4.1,8207 Schaffhausen,2939,SH,real,False,23.07.2024,2692054,1286965
102610653,10113192,502012859,Alleeweg,4.1,8200 Schaffhausen,2939,SH,real,False,23.07.2024,2690981,1284488
102610654,10086473,502012676,Bocksrietstrasse,48.1,8200 Schaffhausen,2939,SH,real,False,23.07.2024,2690595,1285488
102610655,10019278,502012411,Birchweg,17.1,8200 Schaffhausen,2939,SH,real,False,23.07.2024,2689409,1285515
102610656,10025700,502012755,Trüllenbuck,1.1,8207 Schaffhausen,2939,SH,real,False,23.07.2024,2691406,1286627
102610657,10104500,502013067,Altackertobel,182.1,8231 Hemmental,2939,SH,real,False,23.07.2024,2686504,1287661
102610658,10019807,502012726,Schweizersbildstrasse,77.2,8200 Schaffhausen,2939,SH,real,False,23.07.2024,2689726,1286718
102610659,10091233,502013111,Langwiesen,37.1,8231 Hemmental,2939,SH,real,False,23.07.2024,2686313,1287183
102610660,10025700,502012231,Trüllenbuck,1.2,8207 Schaffhausen,2939,SH,real,False,23.07.2024,2691432,1286568
102610661,10073051,502012452,Krummacker,4.1,8207 Schaffhausen,2939,SH,real,False,23.07.2024,2691642,1286747
102610662,10086473,502012368,Bocksrietstrasse,52.2,8200 Schaffhausen,2939,SH,real,True,27.11.2024,2690651,1285508
102610663,10019278,502012409,Birchweg,19.1,8200 Schaffhausen,2939,SH,real,False,23.07.2024,2689382,1285511
102610664,10025700,502012556,Trüllenbuck,26.1,8207 Schaffhausen,2939,SH,real,False,23.07.2024,2691567,1286500
102610665,10179720,502012336,Lahnhalde,11.2,8200 Schaffhausen,2939,SH,real,False,23.07.2024,2688277,1284571
102610666,10091233,502013114,Langwiesen,37.2,8231 Hemmental,2939,SH,real,False,23.07.2024,2686368,1286976
102610667,10019807,502012698,Schweizersbildstrasse,80.1,8200 Schaffhausen,2939,SH,real,False,23.07.2024,2689494,1286719
102610668,10025700,502012348,Trüllenbuck,28.1,8207 Schaffhausen,2939,SH,real,False,23.07.2024,2691554,1286552
102610669,10073052,502012517,Lahnstrasse,72.2,8200 Schaffhausen,2939,SH,real,False,23.07.2024,2688182,1284694
102610670,10019278,502012914,Birchweg,28.1,8200 Schaffhausen,2939,SH,real,False,23.07.2024,2689493,1285744
102610671,10086473,502012735,Bocksrietstrasse,63.1,8200 Schaffhausen,2939,SH,real,False,23.07.2024,2690716,1285628
102610672,10025700,502012958,Trüllenbuck,36.1,8207 Schaffhausen,2939,SH,real,False,23.07.2024,2691660,1286509
102610673,10018678,502013008,Langackerweg,12.1,8207 Schaffhausen,2939,SH,real,False,23.07.2024,2691732,1286297
102610674,10018679,502012610,Lebernstrasse,20.1,8207 Schaffhausen,2939,SH,real,False,23.07.2024,2691760,1286791
102610675,10019807,502012737,Schweizersbildstrasse,80.2,8200 Schaffhausen,2939,SH,real,False,19.11.2024,2689501,1286738
102610676,10025700,502012768,Trüllenbuck,72.1,8207 Schaffhausen,2939,SH,real,False,23.07.2024,2691832,1286720
102610677,10073025,502012333,Bergstrasse,8b.1,8200 Schaffhausen,2939,SH,real,False,23.07.2024,2689510,1284191
102610678,10018679,502012871,Lebernstrasse,27.1,8207 Schaffhausen,2939,SH,real,False,23.07.2024,2691675,1286751
102610679,10086473,502012900,Bocksrietstrasse,65.1,8200 Schaffhausen,2939,SH,real,False,23.07.2024,2690745,1285632
102610680,10073074,502012321,Tulpenstrasse,10.1,8200 Schaffhausen,2939,SH,real,False,23.07.2024,2690685,1283926
102610681,10085726,502012408,Neutalstrasse,75.5,8207 Schaffhausen,2939,SH,real,False,23.07.2024,2693077,1287141
102610682,10108024,502012449,Kirchbergstrasse,5.1,8207 Schaffhausen,2939,SH,real,False,23.07.2024,2691384,1286266
102610683,10025679,502012382,Schützengraben,23.1,8200 Schaffhausen,2939,SH,real,False,23.07.2024,2689841,1283794
102610684,10025702,502012716,Tälistrasse,15.1,8207 Schaffhausen,2939,SH,real,False,23.07.2024,2690999,1286030
102610685,10046632,502012247,Ebnatring,19.3,8200 Schaffhausen,2939,SH,real,False,23.07.2024,2690811,1285201
102610686,10018675,502012468,Kronenhalde,8.1,8200 Schaffhausen,2939,SH,real,False,23.07.2024,2690327,1284596
102610687,10086473,502012793,Bocksrietstrasse,65.2,8200 Schaffhausen,2939,SH,real,False,23.07.2024,2690720,1285634
102610688,10025702,502012185,Tälistrasse,7.1,8207 Schaffhausen,2939,SH,real,False,23.07.2024,2690937,1285979
102610689,10025692,502012692,Stettemerstrasse,16.1,8207 Schaffhausen,2939,SH,real,False,23.07.2024,2691063,1286203
102610690,10091233,502013131,Langwiesen,22.1,8231 Hemmental,2939,SH,real,False,19.11.2024,2686239,1287323
102610691,10086473,502012499,Bocksrietstrasse,67.2,8200 Schaffhausen,2939,SH,real,True,27.11.2024,2690746,1285653
102610692,10025703,502012308,Tödistrasse,22.1,8200 Schaffhausen,2939,SH,real,False,23.07.2024,2690637,1283766
102610693,10019782,502012954,Neutrottenstrasse,84.2,8207 Schaffhausen,2939,SH,real,False,23.07.2024,2691340,1286393
102610694,10086472,502012474,Blautraubenstrasse,25.1,8200 Schaffhausen,2939,SH,real,False,23.07.2024,2690271,1284308
102610695,10086473,502012602,Bocksrietstrasse,71.1,8200 Schaffhausen,2939,SH,real,False,23.07.2024,2690744,1285666
102610696,10073075,502012514,Ungarbühlstrasse,22.1,8200 Schaffhausen,2939,SH,real,False,23.07.2024,2690145,1284250
102610697,10046632,502012542,Ebnatring,34.1,8200 Schaffhausen,2939,SH,real,False,19.11.2024,2691128,1285288
102610698,10019572,502013069,Leuenhof,8.3,8231 Hemmental,2939,SH,real,False,23.07.2024,2685587,1287571
102610699,10025681,502012885,Sennereistrasse,55.1,8200 Schaffhausen,2939,SH,real,False,23.07.2024,2690616,1285466
102610700,10073075,502012346,Ungarbühlstrasse,26.1,8200 Schaffhausen,2939,SH,real,False,23.07.2024,2690163,1284215
102610701,10019291,502012230,Ebnatstrasse,101.2,8200 Schaffhausen,2939,SH,real,True,27.11.2024,2690682,1284955
102610702,10118361,502012821,Längenbergstrasse,1.3,8200 Schaffhausen,2939,SH,real,False,23.07.2024,2689691,1286708
102610703,10073027,502012193,Brauereistrasse,1.1,8200 Schaffhausen,2939,SH,real,False,23.07.2024,2690447,1285139
102610704,10073075,502012953,Ungarbühlstrasse,55.1,8200 Schaffhausen,2939,SH,real,False,23.07.2024,2690205,1284307
102610705,10019291,502012701,Ebnatstrasse,141.1,8200 Schaffhausen,2939,SH,real,False,23.07.2024,2691245,1285322
102610706,10085722,502012506,Meisenweg,18.1,8200 Schaffhausen,2939,SH,real,False,23.07.2024,2689481,1284028
102610707,10025681,502012897,Sennereistrasse,71.1,8200 Schaffhausen,2939,SH,real,False,23.07.2024,2690721,1285547
102610708,10073075,502012846,Ungarbühlstrasse,95.1,8200 Schaffhausen,2939,SH,real,False,23.07.2024,2690379,1284402
102610709,10120423,502012433,Gennersbrunn,6.1,8207 Schaffhausen,2939,SH,real,False,23.07.2024,2693811,1285325
102610710,10178605,502012877,Churfirstenweg,14.1,8200 Schaffhausen,2939,SH,real,False,23.07.2024,2690529,1283702
102610711,10178604,502012950,Breitenaustrasse,119.1,8200 Schaffhausen,2939,SH,real,False,23.07.2024,2688840,1284433
102610712,10025704,502012920,Unterdorf,11.1,8207 Schaffhausen,2939,SH,real,False,19.11.2024,2691892,1286621
102610713,10085736,502012194,Schildgutstrasse,22.2,8200 Schaffhausen,2939,SH,real,False,23.07.2024,2688830,1283787
102610714,10085726,502013032,Neutalstrasse,17.1,8207 Schaffhausen,2939,SH,real,False,23.07.2024,2692136,1286527
102610715,10025681,502012255,Sennereistrasse,82.1,8200 Schaffhausen,2939,SH,real,False,23.07.2024,2690796,1285548
102610716,10179733,502012217,Untergries,6.1,8200 Schaffhausen,2939,SH,real,False,23.07.2024,2690082,1283467
102610717,10055272,502012406,Grafenbuckhalde,8.1,8200 Schaffhausen,2939,SH,real,False,23.07.2024,2690084,1285165
102610718,10086494,502012475,Hohenstoffelstrasse,32.1,8200 Schaffhausen,2939,SH,real,False,23.07.2024,2690425,1284453
102610719,10085741,502012430,Solenbergstrasse,5.1,8207 Schaffhausen,2939,SH,real,False,23.07.2024,2691550,1285435
102610720,10085754,502012883,Urwerf,17a.1,8200 Schaffhausen,2939,SH,real,False,23.07.2024,2688858,1283359
102610721,10086490,502013020,Grubenstrasse,125.1,8200 Schaffhausen,2939,SH,real,False,23.07.2024,2691010,1284301
102610722,10085726,502012834,Neutalstrasse,19.1,8207 Schaffhausen,2939,SH,real,False,23.07.2024,2692178,1286511
102610723,10085741,502012629,Solenbergstrasse,5.2,8207 Schaffhausen,2939,SH,real,False,23.07.2024,2691594,1285457
102610724,10085754,502012273,Urwerf,22.1,8200 Schaffhausen,2939,SH,real,False,23.07.2024,2689008,1283430
102610725,10085737,502012722,Schlossstrasse,83.1,8207 Schaffhausen,2939,SH,real,False,23.07.2024,2691655,1287123
102610726,10085726,502012454,Neutalstrasse,4.1,8207 Schaffhausen,2939,SH,real,False,23.07.2024,2691960,1286536
102610727,10178604,502013013,Breitenaustrasse,158.1,8200 Schaffhausen,2939,SH,real,False,23.07.2024,2688881,1284860
102610728,10085754,502012302,Urwerf,27.1,8200 Schaffhausen,2939,SH,real,False,23.07.2024,2688929,1283366
102610729,10085737,502012979,Schlossstrasse,89.2,8207 Schaffhausen,2939,SH,real,False,23.07.2024,2691703,1287202
102610730,10086494,502012830,Hohenstoffelstrasse,36.1,8200 Schaffhausen,2939,SH,real,False,23.07.2024,2690414,1284471
102610731,10025682,502012724,Sommerwiesstrasse,14.1,8200 Schaffhausen,2939,SH,real,False,23.07.2024,2688427,1286182
102610732,10085754,502012323,Urwerf,31.1,8200 Schaffhausen,2939,SH,real,False,23.07.2024,2688840,1283353
102610733,10108021,502012649,Hauentalstrasse,80.1,8200 Schaffhausen,2939,SH,real,False,23.07.2024,2689022,1285340
102610734,10085726,502012727,Neutalstrasse,44.1,8207 Schaffhausen,2939,SH,real,False,23.07.2024,2692083,1286474
102610735,10178604,502012439,Breitenaustrasse,197.1,8200 Schaffhausen,2939,SH,real,False,23.07.2024,2688803,1285098
102610736,10085754,502012480,Urwerf,7a.1,8200 Schaffhausen,2939,SH,real,False,23.07.2024,2688892,1283294
102610737,10019291,502012881,Ebnatstrasse,145.2,8200 Schaffhausen,2939,SH,real,False,23.07.2024,2691523,1285262
102610738,10073044,502012550,Hohentwielstrasse,18.1,8200 Schaffhausen,2939,SH,real,False,23.07.2024,2690619,1283988
102610739,10178604,502012485,Breitenaustrasse,199.1,8200 Schaffhausen,2939,SH,real,False,23.07.2024,2688729,1285177
102610740,10085754,502013006,Urwerf,7a.2,8200 Schaffhausen,2939,SH,real,False,23.07.2024,2688874,1283271
102610741,10019291,502012812,Ebnatstrasse,145.3,8200 Schaffhausen,2939,SH,real,False,19.11.2024,2691811,1285251
102610742,10085726,502012558,Neutalstrasse,60.1,8207 Schaffhausen,2939,SH,real,False,23.07.2024,2692377,1286415
102610743,10019283,502012235,Breitwiesenstrasse,10.1,8207 Schaffhausen,2939,SH,real,False,23.07.2024,2692509,1286336
102610744,10025706,502012510,Villenstrasse,23.1,8200 Schaffhausen,2939,SH,real,False,23.07.2024,2689061,1283746
102610745,10019291,502012688,Ebnatstrasse,150.1,8207 Schaffhausen,2939,SH,real,False,23.07.2024,2691568,1285674
102610746,10018657,502012585,Hohlenbaumstrasse,131.1,8200 Schaffhausen,2939,SH,real,False,23.07.2024,2688896,1284672
102610747,10025682,502012781,Sommerwiesstrasse,25.1,8200 Schaffhausen,2939,SH,real,False,23.07.2024,2688331,1286134
102610748,10025707,502012343,Vorderenge,12.1,8200 Schaffhausen,2939,SH,real,False,23.07.2024,2688550,1283488
102610749,10019291,502012211,Ebnatstrasse,161.1,8207 Schaffhausen,2939,SH,real,False,23.07.2024,2691337,1285695
102610750,10085726,502012479,Neutalstrasse,75.1,8207 Schaffhausen,2939,SH,real,False,23.07.2024,2692612,1286751
102610751,10019283,502012311,Breitwiesenstrasse,2.1,8207 Schaffhausen,2939,SH,real,False,23.07.2024,2692512,1286232
102610752,10025707,502012752,Vorderenge,7.1,8200 Schaffhausen,2939,SH,real,False,23.07.2024,2688567,1283462
102610753,10019291,502012766,Ebnatstrasse,165.1,8207 Schaffhausen,2939,SH,real,False,23.07.2024,2691256,1285666
102610754,10018657,502012320,Hohlenbaumstrasse,139.1,8200 Schaffhausen,2939,SH,real,False,23.07.2024,2688977,1284656
102610755,10132132,502012637,Bruderhöflistrasse,5.1,8203 Schaffhausen,2939,SH,real,False,23.07.2024,2690991,1283376
102610756,10073076,502012554,Vordergasse,37.1,8200 Schaffhausen,2939,SH,real,False,23.07.2024,2689916,1283486
102610757,10019291,502012925,Ebnatstrasse,170.1,8207 Schaffhausen,2939,SH,real,False,23.07.2024,2691493,1285990
102610758,10104501,502013109,Steigacker,1.1,8231 Hemmental,2939,SH,real,False,23.07.2024,2686599,1287609
102610759,10025682,502012166,Sommerwiesstrasse,31.1,8200 Schaffhausen,2939,SH,real,False,23.07.2024,2688284,1286160
102610760,10085755,502012855,Vordersteig,25.1,8200 Schaffhausen,2939,SH,real,False,23.07.2024,2689351,1283576
102610761,10019291,502012213,Ebnatstrasse,52.1,8200 Schaffhausen,2939,SH,real,False,23.07.2024,2690357,1284635
102610762,10085726,502012605,Neutalstrasse,75.2,8207 Schaffhausen,2939,SH,real,False,23.07.2024,2692607,1286688
102610763,10117542,502013055,Bruggwiesen,12.1,8231 Hemmental,2939,SH,real,False,23.07.2024,2686340,1287230
102610764,10085755,502012426,Vordersteig,34.1,8200 Schaffhausen,2939,SH,real,False,23.07.2024,2689354,1283693
102610765,10019291,502012379,Ebnatstrasse,52.2,8200 Schaffhausen,2939,SH,real,False,23.07.2024,2690350,1284629
102610766,10046632,502012276,Ebnatring,19.1,8200 Schaffhausen,2939,SH,real,False,23.07.2024,2690873,1285283
102610767,10117542,502013058,Bruggwiesen,14.1,8231 Hemmental,2939,SH,real,False,23.07.2024,2686360,1287183
102610768,10085755,502012604,Vordersteig,34.2,8200 Schaffhausen,2939,SH,real,False,23.07.2024,2689367,1283659
102610769,10019291,502012212,Ebnatstrasse,52.3,8200 Schaffhausen,2939,SH,real,False,23.07.2024,2690359,1284637
102610770,10018657,502012657,Hohlenbaumstrasse,143.1,8200 Schaffhausen,2939,SH,real,False,23.07.2024,2688999,1284676
102610771,10117542,502013091,Bruggwiesen,16.1,8231 Hemmental,2939,SH,real,False,23.07.2024,2686318,1287211
102610772,10085755,502012553,Vordersteig,6.1,8200 Schaffhausen,2939,SH,real,False,23.07.2024,2689488,1283606
102610773,10019291,502012385,Ebnatstrasse,54.1,8200 Schaffhausen,2939,SH,real,False,23.07.2024,2690381,1284655
102610774,10104501,502013119,Steigacker,1.2,8231 Hemmental,2939,SH,real,False,23.07.2024,2686604,1287607
102610775,10025682,502012740,Sommerwiesstrasse,5.1,8200 Schaffhausen,2939,SH,real,False,23.07.2024,2688476,1286049
102610776,10187858,502012810,Vögelingässchen,32.1,8200 Schaffhausen,2939,SH,real,False,23.07.2024,2691715,1282766
102610777,10019291,502012397,Ebnatstrasse,54.2,8200 Schaffhausen,2939,SH,real,False,23.07.2024,2690373,1284648
102610778,10085726,502012264,Neutalstrasse,75.3,8207 Schaffhausen,2939,SH,real,False,23.07.2024,2692652,1286770
102610779,10117542,502013061,Bruggwiesen,9.1,8231 Hemmental,2939,SH,real,False,23.07.2024,2686350,1287266
102610780,10186933,502012329,Wagenstrasse,19.1,8200 Schaffhausen,2939,SH,real,False,23.07.2024,2690337,1284201
102610781,10019291,502012888,Ebnatstrasse,54.3,8200 Schaffhausen,2939,SH,real,False,23.07.2024,2690384,1284676
102610782,10046632,502012249,Ebnatring,19.10,8200 Schaffhausen,2939,SH,real,False,23.07.2024,2690797,1285196
102610783,10025683,502012901,Sonnenberg,22.1,8207 Schaffhausen,2939,SH,real,False,23.07.2024,2691121,1285990
102610784,10186933,502012257,Wagenstrasse,19.2,8200 Schaffhausen,2939,SH,real,False,23.07.2024,2690334,1284202
102610785,10019291,502012395,Ebnatstrasse,56.1,8200 Schaffhausen,2939,SH,real,False,23.07.2024,2690392,1284673
102610786,10018657,502012358,Hohlenbaumstrasse,145.1,8200 Schaffhausen,2939,SH,real,False,23.07.2024,2688932,1284713
102610787,10146886,502012548,Brunnackerstrasse,10.1,8200 Schaffhausen,2939,SH,real,False,23.07.2024,2688335,1284149
102610788,10046634,502012942,Weiherweg,10.1,8200 Schaffhausen,2939,SH,real,False,23.07.2024,2686991,1284345
102610789,10019291,502012187,Ebnatstrasse,56.2,8200 Schaffhausen,2939,SH,real,False,23.07.2024,2690398,1284665
102610790,10025691,502012500,Steigstrasse,62.1,8200 Schaffhausen,2939,SH,real,False,23.07.2024,2689332,1283612
102610791,10146886,502012667,Brunnackerstrasse,14.1,8200 Schaffhausen,2939,SH,real,False,23.07.2024,2688335,1284115
102610792,10019291,502012932,Ebnatstrasse,65c.1,8200 Schaffhausen,2939,SH,real,False,23.07.2024,2690370,1284760
102610793,10085726,502012363,Neutalstrasse,75.4,8207 Schaffhausen,2939,SH,real,False,23.07.2024,2692567,1286831
102610794,10179734,502012760,Weinsteig,106.1,8200 Schaffhausen,2939,SH,real,False,23.07.2024,2689638,1284510
102610795,10025683,502012903,Sonnenberg,24.1,8207 Schaffhausen,2939,SH,real,False,23.07.2024,2691119,1285988
102610796,10019291,502012275,Ebnatstrasse,77.1,8200 Schaffhausen,2939,SH,real,False,23.07.2024,2690545,1284828
102610797,10018657,502012868,Hohlenbaumstrasse,175.1,8200 Schaffhausen,2939,SH,real,False,23.07.2024,2688992,1284840
102610798,10179734,502012796,Weinsteig,143.1,8200 Schaffhausen,2939,SH,real,False,23.07.2024,2689569,1284662
102610799,10146886,502012669,Brunnackerstrasse,18.1,8200 Schaffhausen,2939,SH,real,False,23.07.2024,2688334,1284082
102610800,10019291,502012277,Ebnatstrasse,91i.1,8200 Schaffhausen,2939,SH,real,False,23.07.2024,2690395,1285147
102610801,10046632,502012248,Ebnatring,19.11,8200 Schaffhausen,2939,SH,real,False,23.07.2024,2690799,1285193
102610802,10179734,502012244,Weinsteig,214.1,8200 Schaffhausen,2939,SH,real,False,23.07.2024,2689613,1285170
102610803,10025683,502012902,Sonnenberg,24.2,8207 Schaffhausen,2939,SH,real,False,23.07.2024,2691116,1285984
102610804,10046616,502012775,Eichenstrasse,1.1,8200 Schaffhausen,2939,SH,real,False,23.07.2024,2690852,1284622
102610805,10025692,502012719,Stettemerstrasse,137a.1,8207 Schaffhausen,2939,SH,real,False,23.07.2024,2691461,1286876
102610806,10179734,502012814,Weinsteig,54.1,8200 Schaffhausen,2939,SH,real,False,23.07.2024,2689663,1284339
102610807,10146886,502012431,Brunnackerstrasse,22.1,8200 Schaffhausen,2939,SH,real,False,23.07.2024,2688334,1284049
102610808,10046616,502012613,Eichenstrasse,13.1,8200 Schaffhausen,2939,SH,real,False,23.07.2024,2690920,1284650
102610809,10018657,502012848,Hohlenbaumstrasse,177.1,8200 Schaffhausen,2939,SH,real,False,19.11.2024,2688982,1284864
102610810,10179734,502012666,Weinsteig,80.1,8200 Schaffhausen,2939,SH,real,False,23.07.2024,2689609,1284497
102610811,10046616,502012318,Eichenstrasse,16.1,8200 Schaffhausen,2939,SH,real,False,23.07.2024,2690922,1284604
102610812,10146886,502012651,Brunnackerstrasse,4.1,8200 Schaffhausen,2939,SH,real,False,23.07.2024,2688335,1284182
102610813,10046632,502012977,Ebnatring,19.12,8200 Schaffhausen,2939,SH,real,False,23.07.2024,2690796,1285300
102610814,10122077,502012460,Widlenstrasse,2.1,8203 Schaffhausen,2939,SH,real,False,23.07.2024,2691949,1283725
102610815,10046616,502012728,Eichenstrasse,27.2,8200 Schaffhausen,2939,SH,real,True,27.11.2024,2691021,1284634
102610816,10025683,502012693,Sonnenberg,28.1,8207 Schaffhausen,2939,SH,real,False,23.07.2024,2691110,1285978
102610817,10085726,502012522,Neutalstrasse,75.6,8207 Schaffhausen,2939,SH,real,False,23.07.2024,2693293,1287455
102610818,10085757,502012815,Wiesenweg,10.1,8200 Schaffhausen,2939,SH,real,False,23.07.2024,2689708,1284581
102610819,10046616,502012980,Eichenstrasse,37.1,8200 Schaffhausen,2939,SH,real,False,23.07.2024,2691105,1284632
102610820,10120421,502012206,Brünigstrasse,3.1,8200 Schaffhausen,2939,SH,real,False,19.11.2024,2690701,1283892
102610821,10025692,502012299,Stettemerstrasse,141a.1,8207 Schaffhausen,2939,SH,real,False,23.07.2024,2691123,1287229
102610822,10025710,502012310,Windeggstieg,11.1,8203 Schaffhausen,2939,SH,real,False,23.07.2024,2691183,1283343
102610824,10046616,502012741,Eichenstrasse,7.1,8200 Schaffhausen,2939,SH,real,False,23.07.2024,2690892,1284645
102610825,10018657,502012661,Hohlenbaumstrasse,184.1,8200 Schaffhausen,2939,SH,real,False,23.07.2024,2689074,1284841
102610826,10025710,502013024,Windeggstieg,17.1,8203 Schaffhausen,2939,SH,real,False,23.07.2024,2691174,1283413
102610827,10121172,502012419,Buchbergstrasse,10.1,8200 Schaffhausen,2939,SH,real,False,23.07.2024,2689403,1287659
102610828,10019568,502013129,Eichhölzli,177.1,8231 Hemmental,2939,SH,real,False,23.07.2024,2687017,1287538
102610829,10046632,502012297,Ebnatring,19.2,8200 Schaffhausen,2939,SH,real,False,23.07.2024,2690809,1285204
102610830,10118147,502012769,Windeggstrasse,19a.1,8203 Schaffhausen,2939,SH,real,False,23.07.2024,2691488,1283388
102610831,10073067,502012447,Sonnenburggutstrasse,18.1,8200 Schaffhausen,2939,SH,real,False,23.07.2024,2688667,1283718
102610832,10019568,502013126,Eichhölzli,177.2,8231 Hemmental,2939,SH,real,False,23.07.2024,2687016,1287528
102610833,10085726,502012779,Neutalstrasse,75.7,8207 Schaffhausen,2939,SH,real,False,23.07.2024,2693848,1286952
102610834,10118147,502012734,Windeggstrasse,19a.2,8203 Schaffhausen,2939,SH,real,False,23.07.2024,2691511,1283383
102610835,10121172,502012552,Buchbergstrasse,15.1,8200 Schaffhausen,2939,SH,real,False,23.07.2024,2688801,1287576
102610836,10019568,502013079,Eichhölzli,177.3,8231 Hemmental,2939,SH,real,False,23.07.2024,2687001,1287356
102610837,10025692,502012926,Stettemerstrasse,157.1,8207 Schaffhausen,2939,SH,real,False,23.07.2024,2691664,1287011
102610838,10118147,502012369,Windeggstrasse,29.1,8203 Schaffhausen,2939,SH,real,False,23.07.2024,2691465,1283328
102610839,10073067,502012993,Sonnenburggutstrasse,55.1,8200 Schaffhausen,2939,SH,real,False,23.07.2024,2688655,1283929
102610841,10018657,502012262,Hohlenbaumstrasse,186.1,8200 Schaffhausen,2939,SH,real,False,23.07.2024,2689100,1284787
102610842,10118147,502012670,Windeggstrasse,3.1,8203 Schaffhausen,2939,SH,real,False,23.07.2024,2691496,1283545
102610844,10054984,502013122,Eisenräderhalde,165.1,8231 Hemmental,2939,SH,real,False,23.07.2024,2686331,1287643
102610845,10019782,502012432,Neutrottenstrasse,100.1,8207 Schaffhausen,2939,SH,real,False,23.07.2024,2691442,1286455
102610846,10086485,502012488,Fäsenstaubstrasse,41.1,8200 Schaffhausen,2939,SH,real,False,23.07.2024,2689263,1283504
102610847,10085742,502012714,Sonnenstrasse,23.1,8200 Schaffhausen,2939,SH,real,False,23.07.2024,2688568,1284453
102610848,10025692,502012939,Stettemerstrasse,157.2,8207 Schaffhausen,2939,SH,real,False,23.07.2024,2691665,1287022
102610849,10054984,502013073,Eisenräderhalde,165.2,8231 Hemmental,2939,SH,real,False,23.07.2024,2686340,1287614
102610850,10086485,502012700,Fäsenstaubstrasse,41.2,8200 Schaffhausen,2939,SH,real,False,23.07.2024,2689243,1283473
102610851,10086475,502012222,Buchthalerstrasse,29.2,8200 Schaffhausen,2939,SH,real,True,27.11.2024,2690598,1283516
102610852,10019782,502012947,Neutrottenstrasse,75.1,8207 Schaffhausen,2939,SH,real,False,23.07.2024,2691362,1286464
102610853,10186931,502012749,Emmersbergstrasse,1.1,8200 Schaffhausen,2939,SH,real,False,23.07.2024,2689974,1284168
102610854,10086485,502012525,Fäsenstaubstrasse,7.2,8200 Schaffhausen,2939,SH,real,True,06.12.2024,2689232,1283316
102610855,10085742,502012326,Sonnenstrasse,4.1,8200 Schaffhausen,2939,SH,real,False,23.07.2024,2688502,1284300
102610856,10018657,502012664,Hohlenbaumstrasse,188.1,8200 Schaffhausen,2939,SH,real,False,23.07.2024,2689116,1284852
102610857,10073036,502012539,Föhrenstrasse,14.1,8200 Schaffhausen,2939,SH,real,False,23.07.2024,2690680,1284436
102610858,10186931,502012410,Emmersbergstrasse,1.8,8200 Schaffhausen,2939,SH,real,True,04.12.2024,2689900,1284134
102610859,10085742,502012710,Sonnenstrasse,72.1,8200 Schaffhausen,2939,SH,real,False,23.07.2024,2688838,1284601
102610860,10046632,502012290,Ebnatring,19.4,8200 Schaffhausen,2939,SH,real,False,23.07.2024,2690806,1285202
102610861,10073036,502012581,Föhrenstrasse,26.1,8200 Schaffhausen,2939,SH,real,False,23.07.2024,2690723,1284447
102610862,10186931,502012847,Emmersbergstrasse,39.2,8200 Schaffhausen,2939,SH,real,True,04.12.2024,2690128,1284162
102610863,10025685,502012638,Sonnmattstrasse,14.1,8200 Schaffhausen,2939,SH,real,False,23.07.2024,2690830,1283688
102610864,10018637,502012505,Gartenstrasse,3.1,8200 Schaffhausen,2939,SH,real,False,23.07.2024,2689321,1284513
102610865,10025692,502012938,Stettemerstrasse,159.1,8207 Schaffhausen,2939,SH,real,False,23.07.2024,2691668,1287038
102610866,10086479,502012723,Engehaldenweg,40.1,8200 Schaffhausen,2939,SH,real,False,23.07.2024,2688276,1283919
102610867,10086475,502012681,Buchthalerstrasse,35.1,8200 Schaffhausen,2939,SH,real,False,23.07.2024,2690676,1283515
102610868,10073655,502013098,Gehrenhalde,45.1,8231 Hemmental,2939,SH,real,False,23.07.2024,2686105,1287635
102610869,10019782,502012293,Neutrottenstrasse,75.2,8207 Schaffhausen,2939,SH,real,False,23.07.2024,2691343,1286450
102610870,10180880,502012340,Engemattstrasse,38.1,8200 Schaffhausen,2939,SH,real,False,23.07.2024,2688328,1283969
102610871,10025685,502012658,Sonnmattstrasse,16.1,8200 Schaffhausen,2939,SH,real,False,23.07.2024,2690813,1283670
102610872,10112902,502013074,Gehrentobel,158.1,8231 Hemmental,2939,SH,real,False,23.07.2024,2686348,1288099
102610873,10018657,502012704,Hohlenbaumstrasse,32.1,8200 Schaffhausen,2939,SH,real,False,23.07.2024,2688428,1284492
102610874,10180880,502013038,Engemattstrasse,38.2,8200 Schaffhausen,2939,SH,real,False,23.07.2024,2688329,1283966
102610875,10086475,502012167,Buchthalerstrasse,47.1,8200 Schaffhausen,2939,SH,real,False,23.07.2024,2690755,1283435
102610876,10046632,502012283,Ebnatring,19.5,8200 Schaffhausen,2939,SH,real,False,23.07.2024,2690808,1285199
102610877,10018654,502012315,Hochstrasse,201.028,8200 Schaffhausen,2939,SH,real,True,15.11.2024,2690120,1285319
102610879,10025685,502012284,Sonnmattstrasse,20.1,8200 Schaffhausen,2939,SH,real,False,23.07.2024,2690750,1283677
102610880,10025692,502012682,Stettemerstrasse,159.2,8207 Schaffhausen,2939,SH,real,False,23.07.2024,2691671,1287052
102610881,10018654,502013009,Hochstrasse,201.030,8200 Schaffhausen,2939,SH,real,True,15.11.2024,2690132,1285315
102610882,10085731,502012170,Querstrasse,20.1,8200 Schaffhausen,2939,SH,real,False,23.07.2024,2689362,1284821
102610883,10025685,502012453,Sonnmattstrasse,4.1,8200 Schaffhausen,2939,SH,real,False,23.07.2024,2690768,1283697
102610884,10019782,502012782,Neutrottenstrasse,76.1,8207 Schaffhausen,2939,SH,real,False,23.07.2024,2691326,1286363
102610885,10086486,502012376,Geissbergstrasse,11.1,8200 Schaffhausen,2939,SH,real,False,23.07.2024,2689639,1284768
102610886,10086475,502012762,Buchthalerstrasse,48.1,8200 Schaffhausen,2939,SH,real,False,23.07.2024,2690769,1283374
102610887,10237826,502012208,Randenstrasse,135.1,8200 Schaffhausen,2939,SH,real,False,23.07.2024,2688708,1284400
102610888,10018657,502012536,Hohlenbaumstrasse,36.1,8200 Schaffhausen,2939,SH,real,False,23.07.2024,2688439,1284478
102610889,10086486,502012806,Geissbergstrasse,148.1,8200 Schaffhausen,2939,SH,real,False,23.07.2024,2690273,1285611
102610890,10237826,502012545,Randenstrasse,149.1,8200 Schaffhausen,2939,SH,real,False,23.07.2024,2688597,1284490
102610891,10025685,502012817,Sonnmattstrasse,7.1,8200 Schaffhausen,2939,SH,real,False,23.07.2024,2690803,1283745
102610892,10046632,502012291,Ebnatring,19.6,8200 Schaffhausen,2939,SH,real,False,23.07.2024,2690803,1285200
102610893,10018639,502012789,Geisshaldenweg,12.1,8200 Schaffhausen,2939,SH,real,False,23.07.2024,2690057,1284974
102610894,10237826,502012223,Randenstrasse,149.2,8200 Schaffhausen,2939,SH,real,False,23.07.2024,2688584,1284472
102610895,10019782,502012583,Neutrottenstrasse,77.1,8207 Schaffhausen,2939,SH,real,False,23.07.2024,2691381,1286475
102610896,10086475,502012168,Buchthalerstrasse,51.1,8200 Schaffhausen,2939,SH,real,False,23.07.2024,2690766,1283453
102610897,10018660,502012880,Höhenweg,15.1,8200 Schaffhausen,2939,SH,real,False,23.07.2024,2690385,1284021
102610898,10237826,502012560,Randenstrasse,176.1,8200 Schaffhausen,2939,SH,real,False,23.07.2024,2688553,1284654
102610899,10018657,502012709,Hohlenbaumstrasse,38.1,8200 Schaffhausen,2939,SH,real,False,23.07.2024,2688451,1284463
102610900,10019286,502012921,Bäumlistrasse,3.1,8200 Schaffhausen,2939,SH,real,False,23.07.2024,2690543,1283846
102610901,10073057,502012603,Oberstadt,21.1,8200 Schaffhausen,2939,SH,real,False,23.07.2024,2689584,1283539
102610902,10237826,502012576,Randenstrasse,185.1,8200 Schaffhausen,2939,SH,real,False,23.07.2024,2688473,1284776
102610903,10046632,502012252,Ebnatring,19.7,8200 Schaffhausen,2939,SH,real,False,23.07.2024,2690805,1285197
102610904,10019286,502012528,Bäumlistrasse,4.1,8200 Schaffhausen,2939,SH,real,False,23.07.2024,2690512,1283841
102610905,10018660,502012912,Höhenweg,23.1,8200 Schaffhausen,2939,SH,real,False,23.07.2024,2690406,1284077
102610906,10237826,502012584,Randenstrasse,185.2,8200 Schaffhausen,2939,SH,real,False,23.07.2024,2688465,1284778
102610907,10019782,502012242,Neutrottenstrasse,77.2,8207 Schaffhausen,2939,SH,real,False,23.07.2024,2691396,1286488
102610908,10025686,502012289,Spendtrottengut,16.1,8203 Schaffhausen,2939,SH,real,False,23.07.2024,2691069,1283581
102610909,10202333,502012551,Oelbergstieg,18.1,8200 Schaffhausen,2939,SH,real,False,23.07.2024,2688459,1283614
102610910,10237826,502012361,Randenstrasse,206a.1,8200 Schaffhausen,2939,SH,real,False,23.07.2024,2688464,1284820
102610911,10025692,502012927,Stettemerstrasse,161.1,8207 Schaffhausen,2939,SH,real,False,23.07.2024,2691658,1287094
102610912,10046613,502012957,Bürgerstrasse,36.1,8200 Schaffhausen,2939,SH,real,False,23.07.2024,2690378,1283878
102610913,10018660,502012540,Höhenweg,24.1,8200 Schaffhausen,2939,SH,real,False,23.07.2024,2690414,1284040
102610914,10018657,502012911,Hohlenbaumstrasse,40.1,8200 Schaffhausen,2939,SH,real,False,23.07.2024,2688438,1284496
102610915,10237826,502012699,Randenstrasse,220.1,8200 Schaffhausen,2939,SH,real,False,23.07.2024,2688332,1284861
102610916,10180885,502012593,Spiegelguthalde,3.1,8200 Schaffhausen,2939,SH,real,False,23.07.2024,2690773,1285965
102610917,10202334,502012365,Oelbergweg,5.1,8200 Schaffhausen,2939,SH,real,False,23.07.2024,2688526,1283545
102610918,10046632,502012251,Ebnatring,19.8,8200 Schaffhausen,2939,SH,real,False,23.07.2024,2690800,1285198
102610919,10046613,502012169,Bürgerstrasse,40.1,8200 Schaffhausen,2939,SH,real,False,23.07.2024,2690309,1283910
102610920,10237825,502013124,Randenstrasse,29.1,8231 Hemmental,2939,SH,real,False,23.07.2024,2685570,1287669
102610921,10179717,502012813,Im Bergli,24.1,8207 Schaffhausen,2939,SH,real,False,23.07.2024,2691330,1286349
102610922,10019782,502012839,Neutrottenstrasse,84.1,8207 Schaffhausen,2939,SH,real,False,23.07.2024,2691319,1286391
102610923,10187856,502012172,Spiegelgutstrasse,13c.1,8200 Schaffhausen,2939,SH,real,False,23.07.2024,2690660,1285915
102610924,10237825,502013110,Randenstrasse,29.2,8231 Hemmental,2939,SH,real,False,23.07.2024,2685565,1287667
102610925,10019785,502012184,Oerlifallstieg,12.1,8200 Schaffhausen,2939,SH,real,False,23.07.2024,2688247,1284041
102610926,10018657,502012703,Hohlenbaumstrasse,42.1,8200 Schaffhausen,2939,SH,real,False,23.07.2024,2688451,1284506
102610927,10086476,502012924,Büsingerstrasse,150.1,8203 Schaffhausen,2939,SH,real,False,23.07.2024,2692566,1283859
102610928,10237826,502012563,Randenstrasse,34.1,8200 Schaffhausen,2939,SH,real,False,23.07.2024,2689069,1284149
102610929,10086761,502012695,Im Brüel,10.1,8207 Schaffhausen,2939,SH,real,False,23.07.2024,2691875,1286328
102610930,10187856,502012188,Spiegelgutstrasse,13d.1,8200 Schaffhausen,2939,SH,real,False,23.07.2024,2690675,1285941
102610931,10025692,502012945,Stettemerstrasse,161.2,8207 Schaffhausen,2939,SH,real,False,23.07.2024,2691647,1287096
102610932,10237825,502013120,Randenstrasse,35.1,8231 Hemmental,2939,SH,real,False,23.07.2024,2685535,1287630
102610933,10019785,502012919,Oerlifallstieg,5.1,8200 Schaffhausen,2939,SH,real,False,23.07.2024,2688289,1284006
102610934,10086476,502012882,Büsingerstrasse,150.2,8203 Schaffhausen,2939,SH,real,False,23.07.2024,2692495,1283862
102610935,10046632,502012250,Ebnatring,19.9,8200 Schaffhausen,2939,SH,real,False,23.07.2024,2690802,1285195
102610936,10237825,502013068,Randenstrasse,41.1,8231 Hemmental,2939,SH,real,False,19.11.2024,2685489,1287653
102610937,10086761,502012865,Im Brüel,2.1,8207 Schaffhausen,2939,SH,real,False,23.07.2024,2691854,1286372
102610938,10187856,502012384,Spiegelgutstrasse,13e.1,8200 Schaffhausen,2939,SH,real,False,23.07.2024,2690673,1285941
102610939,10018657,502012915,Hohlenbaumstrasse,44.1,8200 Schaffhausen,2939,SH,real,False,23.07.2024,2688467,1284524
102610940,10237825,502013108,Randenstrasse,51.1,8231 Hemmental,2939,SH,real,False,23.07.2024,2685369,1287660
102610941,10019786,502012219,Parkstrasse,18.1,8200 Schaffhausen,2939,SH,real,False,23.07.2024,2689428,1283344
102610942,10086476,502012884,Büsingerstrasse,150.3,8203 Schaffhausen,2939,SH,real,False,23.07.2024,2692495,1283866
102610943,10046632,502012582,Ebnatring,21.1,8200 Schaffhausen,2939,SH,real,False,23.07.2024,2690867,1285201
102610944,10237825,502013121,Randenstrasse,51.2,8231 Hemmental,2939,SH,real,False,23.07.2024,2685359,1287661
102610945,10019786,502012412,Parkstrasse,18.2,8200 Schaffhausen,2939,SH,real,False,23.07.2024,2689435,1283353
102610946,10187856,502012577,Spiegelgutstrasse,31.1,8200 Schaffhausen,2939,SH,real,False,23.07.2024,2690525,1285946
102610947,10025692,502012984,Stettemerstrasse,163.1,8207 Schaffhausen,2939,SH,real,False,23.07.2024,2691628,1287038
102610948,10237825,502013123,Randenstrasse,57.1,8231 Hemmental,2939,SH,real,False,23.07.2024,2685308,1287670
102610949,10073045,502012705,Im Chloster,15.1,8207 Schaffhausen,2939,SH,real,False,23.07.2024,2691909,1286771
102610950,10086476,502012477,Büsingerstrasse,150.5,8203 Schaffhausen,2939,SH,real,False,23.07.2024,2692362,1284013
102610951,10103224,502012891,Niklausenstieg,7.1,8200 Schaffhausen,2939,SH,real,False,23.07.2024,2690645,1284403
102610952,10237826,502012294,Randenstrasse,59.1,8200 Schaffhausen,2939,SH,real,False,23.07.2024,2689008,1284071
102610953,10019786,502013041,Parkstrasse,18.3,8200 Schaffhausen,2939,SH,real,False,23.07.2024,2689446,1283331
102610954,10187856,502012437,Spiegelgutstrasse,33.1,8200 Schaffhausen,2939,SH,real,False,23.07.2024,2690529,1285932
102610955,10046632,502013014,Ebnatring,29.1,8200 Schaffhausen,2939,SH,real,False,23.07.2024,2690974,1285277
102610956,10237825,502013099,Randenstrasse,63.1,8231 Hemmental,2939,SH,real,False,23.07.2024,2685267,1287652
102610957,10073045,502012773,Im Chloster,5.1,8207 Schaffhausen,2939,SH,real,False,23.07.2024,2691887,1286757
102610958,10179730,502012478,Spielweg,1.1,8200 Schaffhausen,2939,SH,real,False,23.07.2024,2688760,1284416
102610959,10018657,502012535,Hohlenbaumstrasse,48.1,8200 Schaffhausen,2939,SH,real,False,23.07.2024,2688479,1284509
102610960,10237825,502013081,Randenstrasse,63.2,8231 Hemmental,2939,SH,real,False,23.07.2024,2685216,1287666
102610961,10086476,502012327,Büsingerstrasse,64.1,8203 Schaffhausen,2939,SH,real,False,23.07.2024,2692000,1283595
102610963,10025692,502012990,Stettemerstrasse,163.2,8207 Schaffhausen,2939,SH,real,False,23.07.2024,2691629,1287048
102610964,10237826,502013005,Randenstrasse,65.1,8200 Schaffhausen,2939,SH,real,False,23.07.2024,2688864,1284157
102610965,10018661,502012994,Im Eschengut,20.1,8200 Schaffhausen,2939,SH,real,False,23.07.2024,2690928,1284728
102610966,10179730,502012282,Spielweg,4.1,8200 Schaffhausen,2939,SH,real,False,23.07.2024,2688956,1284416
102610967,10019783,502012209,Nordstrasse,112.1,8200 Schaffhausen,2939,SH,real,False,23.07.2024,2689241,1284676
102610968,10237826,502012818,Randenstrasse,73.1,8200 Schaffhausen,2939,SH,real,False,23.07.2024,2688753,1284300
102610969,10086476,502012502,Büsingerstrasse,9.1,8203 Schaffhausen,2939,SH,real,True,19.11.2024,2691638,1283627
102610970,10046632,502012440,Ebnatring,29b.1,8200 Schaffhausen,2939,SH,real,False,23.07.2024,2691001,1285281
102610971,10187854,502012721,Pestalozzistrasse,20.1,8200 Schaffhausen,2939,SH,real,False,23.07.2024,2690073,1283925
102610972,10118362,502012587,Rebhangstrasse,12.1,8200 Schaffhausen,2939,SH,real,False,23.07.2024,2691388,1282877
102610973,10179730,502012992,Spielweg,2.7,8200 Schaffhausen,2939,SH,real,True,27.11.2024,2688978,1284343
102610974,10018657,502012659,Hohlenbaumstrasse,50.1,8200 Schaffhausen,2939,SH,real,False,23.07.2024,2688490,1284494
102610975,10108013,502013107,Im Gehren,10.1,8231 Hemmental,2939,SH,real,False,19.11.2024,2686267,1287683
102610976,10179725,502012597,Rebweg,21.1,8203 Schaffhausen,2939,SH,real,False,23.07.2024,2691363,1283407
102610977,10019288,502012717,Chileweg,11.1,8207 Schaffhausen,2939,SH,real,False,23.07.2024,2691735,1286725
102610978,10019783,502012647,Nordstrasse,112a.1,8200 Schaffhausen,2939,SH,real,False,23.07.2024,2689270,1284655
102610979,10187854,502012370,Pestalozzistrasse,25.1,8200 Schaffhausen,2939,SH,real,False,23.07.2024,2690049,1284016
102610980,10179725,502012923,Rebweg,22.1,8203 Schaffhausen,2939,SH,real,False,23.07.2024,2691341,1283408
102610981,10179730,502012216,Spielweg,4.3,8200 Schaffhausen,2939,SH,real,False,19.11.2024,2689022,1284389
102610982,10025692,502012982,Stettemerstrasse,165.1,8207 Schaffhausen,2939,SH,real,False,23.07.2024,2691634,1287074
102610983,10108013,502013094,Im Gehren,20.1,8231 Hemmental,2939,SH,real,False,23.07.2024,2686318,1287746
102610984,10018632,502012653,Freier Platz,7.2,8200 Schaffhausen,2939,SH,real,False,23.07.2024,2690245,1283509
102610985,10018657,502012866,Hohlenbaumstrasse,9.1,8200 Schaffhausen,2939,SH,real,False,23.07.2024,2688305,1284476
102610986,10019567,502013089,Dorfplatz,11.1,8231 Hemmental,2939,SH,real,False,23.07.2024,2685605,1287719
102610987,10073059,502012351,Pfarrhofgasse,2.1,8200 Schaffhausen,2939,SH,real,True,07.11.2024,2689977,1283613
102610988,10018632,502012319,Freier Platz,8.1,8200 Schaffhausen,2939,SH,real,False,23.07.2024,2690270,1283518
102610989,10019783,502012520,Nordstrasse,112a.2,8200 Schaffhausen,2939,SH,real,False,23.07.2024,2689276,1284660
102610990,10085745,502012413,Splügenstrasse,8.1,8200 Schaffhausen,2939,SH,real,False,23.07.2024,2690876,1283793
102610991,10108013,502013104,Im Gehren,21.1,8231 Hemmental,2939,SH,real,False,23.07.2024,2686283,1287769
102610992,10018633,502012981,Freudental,2a.1,8200 Schaffhausen,2939,SH,real,False,23.07.2024,2689994,1287869
102610993,10025692,502012964,Stettemerstrasse,165.2,8207 Schaffhausen,2939,SH,real,False,23.07.2024,2691632,1287063
102610994,10085730,502012849,Pilatusstrasse,10.1,8203 Schaffhausen,2939,SH,real,False,23.07.2024,2691714,1283760
102610995,10046631,502012907,St. Peterstrasse,11.1,8200 Schaffhausen,2939,SH,real,False,23.07.2024,2690914,1285876
102610996,10046632,502012890,Ebnatring,34.2,8200 Schaffhausen,2939,SH,real,False,23.07.2024,2691175,1285331
102610997,10018633,502012324,Freudental,3.1,8200 Schaffhausen,2939,SH,real,False,23.07.2024,2689911,1287743
102610998,10108013,502013082,Im Gehren,23.1,8231 Hemmental,2939,SH,real,False,23.07.2024,2686322,1287783
102611000,10018633,502012819,Freudental,7.1,8200 Schaffhausen,2939,SH,real,False,23.07.2024,2689889,1288173
102611001,10018658,502012731,Holunderweg,10.1,8200 Schaffhausen,2939,SH,real,False,23.07.2024,2691448,1284565
102611002,10085730,502012820,Pilatusstrasse,12.1,8203 Schaffhausen,2939,SH,real,False,23.07.2024,2691720,1283756
102611003,10046614,502012832,Durachweg,11.1,8200 Schaffhausen,2939,SH,real,False,23.07.2024,2689616,1283937
102611004,10019807,502012263,Schweizersbildstrasse,69.04,8200 Schaffhausen,2939,SH,real,True,15.11.2024,2690004,1286635
102611005,10019783,502012800,Nordstrasse,16.1,8200 Schaffhausen,2939,SH,real,False,23.07.2024,2689266,1283914
102611006,10108013,502013060,Im Gehren,23.2,8231 Hemmental,2939,SH,real,False,23.07.2024,2686351,1287766
102611007,10110816,502012398,Stahlwerkstrasse,25.1,8200 Schaffhausen,2939,SH,real,False,23.07.2024,2689237,1284999
102611008,10073034,502012378,Friedbergstrasse,21a.1,8200 Schaffhausen,2939,SH,real,False,23.07.2024,2688812,1283593
102611009,10025692,502012690,Stettemerstrasse,18.1,8207 Schaffhausen,2939,SH,real,False,23.07.2024,2691088,1286228
102611010,10085730,502012808,Pilatusstrasse,22.1,8203 Schaffhausen,2939,SH,real,False,23.07.2024,2691767,1283830
102611011,10046614,502012744,Durachweg,22.1,8200 Schaffhausen,2939,SH,real,False,23.07.2024,2689519,1283952
102611012,10117546,502012635,Industriestrasse,2a.8,8207 Schaffhausen,2939,SH,real,False,23.07.2024,2692051,1286032
102611013,10046632,502012366,Ebnatring,47.1,8200 Schaffhausen,2939,SH,real,False,23.07.2024,2691121,1285390
102611014,10108013,502013134,Im Gehren,23.3,8231 Hemmental,2939,SH,real,False,23.07.2024,2686364,1287748
102611015,10117915,502013075,Staudenhalde,192.1,8231 Hemmental,2939,SH,real,False,23.07.2024,2685978,1287222
102611016,10117546,502012634,Industriestrasse,2a.9,8207 Schaffhausen,2939,SH,real,False,23.07.2024,2692048,1286037
102611018,10108013,502013064,Im Gehren,23.4,8231 Hemmental,2939,SH,real,False,23.07.2024,2686501,1287900
102611019,10019290,502012309,Dürstlingweg,12.1,8203 Schaffhausen,2939,SH,real,False,23.07.2024,2691247,1283973
102611020,10117546,502012997,Industriestrasse,2b.1,8207 Schaffhausen,2939,SH,real,False,23.07.2024,2692200,1285951
102611021,10018658,502012934,Holunderweg,10.2,8200 Schaffhausen,2939,SH,real,False,23.07.2024,2691371,1284529
102611022,10085730,502012507,Pilatusstrasse,38.1,8203 Schaffhausen,2939,SH,real,False,23.07.2024,2691867,1284141
102611023,10085746,502012345,Stauffacherstrasse,23.1,8200 Schaffhausen,2939,SH,real,False,23.07.2024,2690908,1283997
102611024,10117546,502013021,Industriestrasse,2b.2,8207 Schaffhausen,2939,SH,real,False,23.07.2024,2692215,1285937
102611025,10025692,502012691,Stettemerstrasse,20.1,8207 Schaffhausen,2939,SH,real,False,23.07.2024,2691114,1286253
102611026,10019290,502012171,Dürstlingweg,2.1,8203 Schaffhausen,2939,SH,real,False,23.07.2024,2691227,1283887
102611027,10108013,502013057,Im Gehren,26.1,8231 Hemmental,2939,SH,real,False,23.07.2024,2686279,1287634
102611028,10091230,502013132,Hauptstrasse,12.1,8231 Hemmental,2939,SH,real,False,23.07.2024,2685732,1287666
102611029,10117546,502012356,Industriestrasse,2b.3,8207 Schaffhausen,2939,SH,real,False,23.07.2024,2692235,1285918
102611030,10085730,502012594,Pilatusstrasse,64.1,8203 Schaffhausen,2939,SH,real,False,23.07.2024,2691623,1283900
102611031,10019783,502012465,Nordstrasse,32.1,8200 Schaffhausen,2939,SH,real,False,23.07.2024,2689290,1284126
102611032,10018679,502012534,Lebernstrasse,32.1,8207 Schaffhausen,2939,SH,real,False,23.07.2024,2691639,1286828
102611033,10091231,502013088,Im Herbstel,41.1,8231 Hemmental,2939,SH,real,False,23.07.2024,2685585,1287927
102611034,10117546,502012352,Industriestrasse,2b.4,8207 Schaffhausen,2939,SH,real,False,23.07.2024,2692233,1285886
102611035,10091230,502013065,Hauptstrasse,20.1,8231 Hemmental,2939,SH,real,False,23.07.2024,2685835,1287627
102611036,10025692,502012645,Stettemerstrasse,22.1,8207 Schaffhausen,2939,SH,real,False,23.07.2024,2691139,1286278
102611037,10085730,502012467,Pilatusstrasse,66.1,8203 Schaffhausen,2939,SH,real,False,23.07.2024,2691622,1283905
102611038,10117546,502012612,Industriestrasse,2b.5,8207 Schaffhausen,2939,SH,real,False,23.07.2024,2692111,1286055
102611039,10019572,502013063,Leuenhof,8.1,8231 Hemmental,2939,SH,real,False,23.07.2024,2685602,1287628
102611040,10086760,502012809,Holzbrunnenstrasse,10.1,8200 Schaffhausen,2939,SH,real,False,23.07.2024,2688550,1284269
102611041,10120425,502012504,Im Hägli,2.1,8207 Schaffhausen,2939,SH,real,False,23.07.2024,2691664,1286323
102611042,10117546,502012278,Industriestrasse,2b.6,8207 Schaffhausen,2939,SH,real,False,23.07.2024,2692096,1286071
102611043,10091230,502013083,Hauptstrasse,24b.1,8231 Hemmental,2939,SH,real,False,23.07.2024,2685904,1287622
102611044,10019291,502012301,Ebnatstrasse,103.1,8200 Schaffhausen,2939,SH,real,False,23.07.2024,2690633,1285061
102611045,10085730,502012519,Pilatusstrasse,68.1,8203 Schaffhausen,2939,SH,real,False,23.07.2024,2691622,1283911
102611046,10077454,502012401,J.C. Fischer-Strasse,3.1,8200 Schaffhausen,2939,SH,real,False,23.07.2024,2689563,1284312
102611047,10019572,502013115,Leuenhof,8.2,8231 Hemmental,2939,SH,real,False,23.07.2024,2685599,1287631
102611048,10019783,502012588,Nordstrasse,33.1,8200 Schaffhausen,2939,SH,real,False,23.07.2024,2689214,1284097
102611049,10237824,502012972,Im Höfli,11.1,8207 Schaffhausen,2939,SH,real,False,23.07.2024,2691898,1286852
102611050,10091230,502013100,Hauptstrasse,26.1,8231 Hemmental,2939,SH,real,False,23.07.2024,2685925,1287602
102611051,10077454,502012407,J.C. Fischer-Strasse,5.1,8200 Schaffhausen,2939,SH,real,False,23.07.2024,2689551,1284281
102611052,10025692,502012643,Stettemerstrasse,24.1,8207 Schaffhausen,2939,SH,real,False,23.07.2024,2691163,1286302
102611053,10085730,502012515,Pilatusstrasse,70.1,8203 Schaffhausen,2939,SH,real,False,23.07.2024,2691622,1283918
102611054,10091230,502013127,Hauptstrasse,45.1,8231 Hemmental,2939,SH,real,False,23.07.2024,2686126,1287640
102611055,10077454,502012795,J.C. Fischer-Strasse,8.1,8200 Schaffhausen,2939,SH,real,False,23.07.2024,2689533,1284339
102611056,10086760,502012825,Holzbrunnenstrasse,14.1,8200 Schaffhausen,2939,SH,real,False,23.07.2024,2688570,1284286
102611057,10237824,502012424,Im Höfli,2.1,8207 Schaffhausen,2939,SH,real,False,23.07.2024,2691878,1286746
102611058,10018681,502012266,Lindliweg,16.1,8200 Schaffhausen,2939,SH,real,False,23.07.2024,2691072,1283141
102611059,10018666,502012423,J.J. Wepfer-Strasse,8.1,8208 Schaffhausen,2939,SH,real,False,23.07.2024,2690062,1285451
102611060,10019291,502012337,Ebnatstrasse,111.1,8200 Schaffhausen,2939,SH,real,False,23.07.2024,2690873,1285033
102611061,10085730,502012486,Pilatusstrasse,72.1,8203 Schaffhausen,2939,SH,real,False,23.07.2024,2691622,1283927
102611062,10091230,502013077,Hauptstrasse,47.1,8231 Hemmental,2939,SH,real,False,23.07.2024,2686144,1287642
102611063,10019783,502012240,Nordstrasse,33.2,8200 Schaffhausen,2939,SH,real,False,23.07.2024,2689226,1284117
102611064,10118360,502012606,Jägerstrasse,16.1,8200 Schaffhausen,2939,SH,real,False,23.07.2024,2690521,1285834
102611065,10103225,502012190,Plattenhalde,26.1,8200 Schaffhausen,2939,SH,real,False,23.07.2024,2689095,1285261
102611066,10025692,502012616,Stettemerstrasse,26.1,8207 Schaffhausen,2939,SH,real,False,23.07.2024,2691188,1286326
102611067,10085721,502013007,Lochstrasse,14.1,8200 Schaffhausen,2939,SH,real,False,23.07.2024,2689279,1284809
102611068,10073048,502012371,Kamorstrasse,10.1,8200 Schaffhausen,2939,SH,real,False,23.07.2024,2690393,1283697
102611069,10086763,502012572,Im Majorenacker,11.1,8207 Schaffhausen,2939,SH,real,False,23.07.2024,2691721,1285975
102611070,10086760,502012725,Holzbrunnenstrasse,19.1,8200 Schaffhausen,2939,SH,real,False,23.07.2024,2688588,1284363
102611071,10085721,502012803,Lochstrasse,22.1,8200 Schaffhausen,2939,SH,real,False,23.07.2024,2689292,1284868
102611072,10073048,502012181,Kamorstrasse,8.1,8200 Schaffhausen,2939,SH,real,False,23.07.2024,2690387,1283700
102611073,10103225,502012780,Plattenhalde,36.1,8200 Schaffhausen,2939,SH,real,False,23.07.2024,2689043,1285330
102611074,10019783,502012873,Nordstrasse,82.1,8200 Schaffhausen,2939,SH,real,False,23.07.2024,2689259,1284458
102611075,10091230,502013101,Hauptstrasse,5.1,8231 Hemmental,2939,SH,real,False,23.07.2024,2685718,1287702
102611076,10073035,502012362,Fulachstrasse,4.1,8200 Schaffhausen,2939,SH,real,False,23.07.2024,2690055,1284153
102611077,10086763,502012799,Im Majorenacker,17.1,8207 Schaffhausen,2939,SH,real,False,23.07.2024,2691786,1285979
102611078,10025692,502012396,Stettemerstrasse,4.1,8207 Schaffhausen,2939,SH,real,False,23.07.2024,2691010,1286135
102611079,10091230,502013106,Hauptstrasse,51.1,8231 Hemmental,2939,SH,real,False,23.07.2024,2686232,1287628
102611080,10018668,502012317,Kasinogässchen,20.1,8200 Schaffhausen,2939,SH,real,False,23.07.2024,2689436,1283553
102611081,10019788,502012886,Plattenweg,21.1,8200 Schaffhausen,2939,SH,real,False,23.07.2024,2689222,1285090
102611082,10086760,502012436,Holzbrunnenstrasse,2.1,8200 Schaffhausen,2939,SH,real,False,23.07.2024,2688540,1284234
102611083,10085721,502012743,Lochstrasse,45.1,8200 Schaffhausen,2939,SH,real,False,23.07.2024,2689295,1284987
102611084,10086765,502012660,Kegelgässchen,11.1,8200 Schaffhausen,2939,SH,real,False,23.07.2024,2690583,1283541
102611085,10019574,502013071,Oberberg,132.1,8231 Hemmental,2939,SH,real,False,23.07.2024,2686068,1288058
102611086,10086763,502012306,Im Majorenacker,17.2,8207 Schaffhausen,2939,SH,real,False,23.07.2024,2691736,1285993
102611087,10091230,502013093,Hauptstrasse,54.1,8231 Hemmental,2939,SH,real,False,23.07.2024,2686248,1287557
102611088,10179719,502012765,Kesselgutstieg,6.1,8200 Schaffhausen,2939,SH,real,False,23.07.2024,2690958,1284335
102611089,10019574,502013084,Oberberg,132.2,8231 Hemmental,2939,SH,real,False,23.07.2024,2686240,1288082
102611090,10019788,502012508,Plattenweg,42.1,8200 Schaffhausen,2939,SH,real,False,23.07.2024,2689168,1285265
102611091,10085721,502012487,Lochstrasse,65.1,8200 Schaffhausen,2939,SH,real,False,23.07.2024,2689349,1285114
102611092,10108022,502012678,Holzwiesenweg,8.1,8200 Schaffhausen,2939,SH,real,False,23.07.2024,2688905,1284734
102611093,10018669,502012672,Kesselstrasse,14.1,8200 Schaffhausen,2939,SH,real,False,23.07.2024,2690766,1284068
102611094,10086763,502012530,Im Majorenacker,17.3,8207 Schaffhausen,2939,SH,real,False,23.07.2024,2691733,1285984
102611095,10091230,502013128,Hauptstrasse,68.1,8231 Hemmental,2939,SH,real,False,23.07.2024,2686281,1287464
102611096,10019291,502012930,Ebnatstrasse,145.1,8200 Schaffhausen,2939,SH,real,False,23.07.2024,2691322,1285448
102611097,10018669,502012761,Kesselstrasse,17.1,8200 Schaffhausen,2939,SH,real,False,23.07.2024,2690969,1284066
102611098,10019788,502012573,Plattenweg,63.1,8200 Schaffhausen,2939,SH,real,False,23.07.2024,2689120,1285312
102611099,10085721,502012503,Lochstrasse,81.1,8200 Schaffhausen,2939,SH,real,False,23.07.2024,2689327,1285211
102611100,10025692,502012178,Stettemerstrasse,60.1,8207 Schaffhausen,2939,SH,real,False,23.07.2024,2691489,1286701
102611101,10018669,502012694,Kesselstrasse,26.1,8200 Schaffhausen,2939,SH,real,False,23.07.2024,2690988,1283957
102611102,10086763,502012175,Im Majorenacker,17.4,8207 Schaffhausen,2939,SH,real,True,26.10.2024,2691890,1286111
102611103,10091230,502013130,Hauptstrasse,70.1,8231 Hemmental,2939,SH,real,False,23.07.2024,2686315,1287424
102611104,10019784,502012686,Oberer Schulweg,2.1,8203 Schaffhausen,2939,SH,real,False,23.07.2024,2691171,1283766
102611105,10179726,502012236,Rietstrasse,73.1,8200 Schaffhausen,2939,SH,real,False,23.07.2024,2688728,1284069
102611106,10055274,502012618,Promenadenstieg,6.1,8200 Schaffhausen,2939,SH,real,False,23.07.2024,2689044,1283323
102611107,10179721,502012976,Lohnstrasse,1.1,8200 Schaffhausen,2939,SH,real,False,23.07.2024,2690868,1283865
102611108,10179726,502012260,Rietstrasse,80.1,8200 Schaffhausen,2939,SH,real,False,23.07.2024,2688663,1284137
102611109,10018669,502012218,Kesselstrasse,4.1,8200 Schaffhausen,2939,SH,real,False,23.07.2024,2690894,1284178
102611110,10019791,502012985,Quaistrasse,11.1,8200 Schaffhausen,2939,SH,real,False,23.07.2024,2690104,1283394
102611111,10091230,502013103,Hauptstrasse,91.1,8231 Hemmental,2939,SH,real,False,23.07.2024,2686419,1287236
102611112,10156881,502012590,Geisshofweg,10.1,8200 Schaffhausen,2939,SH,real,False,23.07.2024,2689727,1284709
102611113,10108024,502013043,Kirchbergstrasse,19a.1,8207 Schaffhausen,2939,SH,real,False,23.07.2024,2691439,1286357
102611114,10110815,502012702,Lägernstrasse,12.1,8200 Schaffhausen,2939,SH,real,False,23.07.2024,2688773,1284919
102611115,10179718,502012671,Im Riet,8.1,8200 Schaffhausen,2939,SH,real,False,23.07.2024,2688289,1284298
102611116,10156881,502012592,Geisshofweg,14.1,8200 Schaffhausen,2939,SH,real,False,23.07.2024,2689737,1284793
102611117,10108024,502012962,Kirchbergstrasse,19b.1,8207 Schaffhausen,2939,SH,real,False,23.07.2024,2691455,1286342
102611118,10113203,502012836,Sennereistieg,12.1,8200 Schaffhausen,2939,SH,real,False,23.07.2024,2690804,1285653
102611119,10046625,502012229,Quellenstrasse,12b.1,8200 Schaffhausen,2939,SH,real,False,23.07.2024,2688551,1284076
102611120,10187855,502012916,Rigistrasse,9.1,8203 Schaffhausen,2939,SH,real,False,23.07.2024,2691130,1283701
102611121,10108024,502013003,Kirchbergstrasse,19b.2,8207 Schaffhausen,2939,SH,real,False,23.07.2024,2691446,1286360
102611122,10091230,502013080,Hauptstrasse,91.2,8231 Hemmental,2939,SH,real,False,23.07.2024,2686423,1287247
102611123,10046628,502012402,Ringstrasse,5.1,8200 Schaffhausen,2939,SH,real,False,23.07.2024,2690495,1283855
102611124,10054985,502013066,Im Schönenbühl,164.1,8231 Hemmental,2939,SH,real,False,23.07.2024,2686854,1287137
102611125,10110815,502012802,Lägernstrasse,22.1,8200 Schaffhausen,2939,SH,real,False,23.07.2024,2688648,1284868
102611126,10108024,502012989,Kirchbergstrasse,19c.1,8207 Schaffhausen,2939,SH,real,False,23.07.2024,2691451,1286363
102611127,10156881,502012448,Geisshofweg,5.1,8200 Schaffhausen,2939,SH,real,False,23.07.2024,2689690,1284714
102611128,10046625,502012183,Quellenstrasse,14c.1,8200 Schaffhausen,2939,SH,real,False,23.07.2024,2688592,1284068
102611129,10025681,502012469,Sennereistrasse,51.1,8200 Schaffhausen,2939,SH,real,False,23.07.2024,2690587,1285433
102611130,10085734,502012241,Rittergutstrasse,1.1,8200 Schaffhausen,2939,SH,real,False,23.07.2024,2689692,1284146
102611131,10108024,502012843,Kirchbergstrasse,19d.1,8207 Schaffhausen,2939,SH,real,False,23.07.2024,2691455,1286366
102611132,10106948,502012937,Ernst Homberger-Strasse,5.1,8207 Schaffhausen,2939,SH,real,False,23.07.2024,2691643,1285793
102611133,10018650,502012524,Heerenweg,1.1,8200 Schaffhausen,2939,SH,real,False,23.07.2024,2690934,1283303
102611134,10108024,502012941,Kirchbergstrasse,19e.1,8207 Schaffhausen,2939,SH,real,False,23.07.2024,2691415,1286388
102611135,10156881,502012521,Geisshofweg,7.1,8200 Schaffhausen,2939,SH,real,False,23.07.2024,2689697,1284741
102611136,10054985,502013062,Im Schönenbühl,180.1,8231 Hemmental,2939,SH,real,False,23.07.2024,2686704,1287345
102611137,10110815,502012862,Lägernstrasse,28.1,8200 Schaffhausen,2939,SH,real,False,23.07.2024,2688540,1284894
102611138,10085734,502013023,Rittergutstrasse,11.1,8200 Schaffhausen,2939,SH,real,False,23.07.2024,2689696,1284177
102611139,10108024,502012870,Kirchbergstrasse,19f.1,8207 Schaffhausen,2939,SH,real,False,23.07.2024,2691421,1286392
102611140,10019294,502012462,Ernst Müller-Strasse,7.4,8207 Schaffhausen,2939,SH,real,True,04.12.2024,2692325,1286022
102611141,10110815,502012864,Lägernstrasse,5.1,8200 Schaffhausen,2939,SH,real,False,23.07.2024,2688720,1284861
102611142,10156881,502012518,Geisshofweg,7a.1,8200 Schaffhausen,2939,SH,real,False,23.07.2024,2689695,1284743
102611143,10108024,502012998,Kirchbergstrasse,19h.1,8207 Schaffhausen,2939,SH,real,False,23.07.2024,2691434,1286400
102611145,10018650,502012394,Heerenweg,9.1,8200 Schaffhausen,2939,SH,real,False,23.07.2024,2691075,1283345
102611146,10085734,502012863,Rittergutstrasse,14.1,8200 Schaffhausen,2939,SH,real,False,23.07.2024,2689740,1284166
102611147,10108024,502012285,Kirchbergstrasse,3.1,8207 Schaffhausen,2939,SH,real,False,23.07.2024,2691410,1286238
102611148,10019294,502012484,Ernst Müller-Strasse,7.2,8207 Schaffhausen,2939,SH,real,True,04.12.2024,2692322,1285999
102611149,10118361,502012824,Längenbergstrasse,1.1,8200 Schaffhausen,2939,SH,real,False,23.07.2024,2689699,1286732
102611150,10018640,502012837,Geissmattstrasse,12.2,8200 Schaffhausen,2939,SH,real,True,06.12.2024,2690001,1285026
102611152,10178604,502012619,Breitenaustrasse,131.1,8200 Schaffhausen,2939,SH,real,False,23.07.2024,2688876,1284570
102611153,10086492,502012648,Hegaustrasse,13.1,8200 Schaffhausen,2939,SH,real,False,23.07.2024,2690483,1283997
102611154,10085734,502012265,Rittergutstrasse,4.1,8200 Schaffhausen,2939,SH,real,False,23.07.2024,2689723,1284140
102611155,10180882,502012288,Im Stemmerli,7.1,8200 Schaffhausen,2939,SH,real,False,23.07.2024,2691921,1282563
102611156,10025682,502012295,Sommerwiesstrasse,31.2,8200 Schaffhausen,2939,SH,real,False,23.07.2024,2688286,1286158
102611157,10118361,502012827,Längenbergstrasse,1.2,8200 Schaffhausen,2939,SH,real,False,23.07.2024,2689643,1286707
102611158,10018640,502012856,Geissmattstrasse,3.1,8200 Schaffhausen,2939,SH,real,False,23.07.2024,2689914,1285010
102611159,10025683,502012905,Sonnenberg,26.1,8207 Schaffhausen,2939,SH,real,False,23.07.2024,2691112,1285980
102611160,10019294,502012872,Ernst Müller-Strasse,8.1,8207 Schaffhausen,2939,SH,real,False,23.07.2024,2692113,1286156
102611161,10086492,502012654,Hegaustrasse,24.1,8200 Schaffhausen,2939,SH,real,False,23.07.2024,2690527,1284032
102611162,10085734,502012200,Rittergutstrasse,4.2,8200 Schaffhausen,2939,SH,real,False,23.07.2024,2689726,1284139
102611163,10086475,502012400,Buchthalerstrasse,3.1,8200 Schaffhausen,2939,SH,real,False,23.07.2024,2690491,1283492
102611164,10180882,502012543,Im Stemmerli,7.2,8200 Schaffhausen,2939,SH,real,False,23.07.2024,2691939,1282556
102611165,10086492,502012896,Hegaustrasse,35.1,8200 Schaffhausen,2939,SH,real,False,23.07.2024,2690644,1284081
102611166,10018654,502012949,Hochstrasse,201.029,8200 Schaffhausen,2939,SH,real,True,15.11.2024,2690278,1285427
102611167,10085743,502012917,Speerstrasse,19.1,8200 Schaffhausen,2939,SH,real,False,23.07.2024,2690559,1283744
102611168,10086480,502012497,Eschenweg,12.1,8200 Schaffhausen,2939,SH,real,False,23.07.2024,2690730,1284756
102611169,10019799,502012732,Rosenbergstrasse,1.1,8200 Schaffhausen,2939,SH,real,False,23.07.2024,2690739,1283634
102611170,10121173,502012538,Lärchenstrasse,12.1,8200 Schaffhausen,2939,SH,real,False,23.07.2024,2690827,1284432
102611171,10086764,502013053,Im Storchen,11.1,8212 Neuhausen am Rheinfall,2939,SH,real,False,23.07.2024,2688678,1283474
102611172,10086476,502012689,Büsingerstrasse,150.4,8203 Schaffhausen,2939,SH,real,False,23.07.2024,2692471,1283877
102611173,10179714,502012644,Gemsgasse,5.1,8200 Schaffhausen,2939,SH,real,False,23.07.2024,2690274,1285520
102611174,10120424,502012555,Herblingerstrasse,28.1,8207 Schaffhausen,2939,SH,real,False,23.07.2024,2691254,1286029
102611175,10178606,502012739,Etzelstrasse,15.1,8200 Schaffhausen,2939,SH,real,False,23.07.2024,2688175,1284559
102611176,10019567,502013095,Dorfplatz,12.1,8231 Hemmental,2939,SH,real,False,23.07.2024,2685658,1287738
102611177,10019799,502012833,Rosenbergstrasse,20.1,8200 Schaffhausen,2939,SH,real,False,23.07.2024,2690970,1283645
102611178,10025682,502012811,Sommerwiesstrasse,21.1,8200 Schaffhausen,2939,SH,real,False,23.07.2024,2688357,1286115
102611179,10018650,502012495,Heerenweg,11.1,8200 Schaffhausen,2939,SH,real,False,23.07.2024,2691097,1283321
102611180,10086764,502013052,Im Storchen,2.1,8212 Neuhausen am Rheinfall,2939,SH,real,False,19.11.2024,2688748,1283371
102611181,10179714,502012455,Gemsgasse,76.1,8200 Schaffhausen,2939,SH,real,False,23.07.2024,2690355,1286280
102611182,10019573,502013092,Mettlerhof,31.1,8231 Hemmental,2939,SH,real,False,23.07.2024,2685470,1287966
102611183,10120424,502013039,Herblingerstrasse,52.1,8207 Schaffhausen,2939,SH,real,False,23.07.2024,2691366,1286144
102611184,10019799,502012753,Rosenbergstrasse,22.1,8200 Schaffhausen,2939,SH,real,False,23.07.2024,2691014,1283641
102611185,10178606,502012712,Etzelstrasse,24.1,8200 Schaffhausen,2939,SH,real,False,23.07.2024,2688116,1284370
102611186,10019776,502012867,Morgenstrasse,13.1,8200 Schaffhausen,2939,SH,real,False,23.07.2024,2690577,1283835
102611187,10120427,502012473,Mutzentäli,8.1,8207 Schaffhausen,2939,SH,real,False,23.07.2024,2691101,1285909
102611188,10120423,502012615,Gennersbrunn,1.1,8207 Schaffhausen,2939,SH,real,False,23.07.2024,2693759,1285381
102611189,10086764,502013050,Im Storchen,5.1,8212 Neuhausen am Rheinfall,2939,SH,real,False,23.07.2024,2688712,1283453
102611190,10120424,502012772,Herblingerstrasse,59.1,8207 Schaffhausen,2939,SH,real,False,23.07.2024,2691371,1286186
102611191,10073055,502013017,Mühlentalstrasse,274a.1,8200 Schaffhausen,2939,SH,real,False,23.07.2024,2689543,1286119
102611192,10019799,502012910,Rosenbergstrasse,3.1,8200 Schaffhausen,2939,SH,real,False,23.07.2024,2690758,1283648
102611193,10178606,502012791,Etzelstrasse,27b.1,8200 Schaffhausen,2939,SH,real,False,23.07.2024,2688151,1284414
102611194,10019777,502012227,Moserstrasse,25.1,8200 Schaffhausen,2939,SH,real,False,23.07.2024,2690039,1283386
102611195,10086475,502013042,Buchthalerstrasse,37.1,8200 Schaffhausen,2939,SH,real,False,23.07.2024,2690696,1283478
102611196,10120423,502012471,Gennersbrunn,1.2,8207 Schaffhausen,2939,SH,real,True,06.12.2024,2693775,1285392
102611197,10086764,502013049,Im Storchen,7.1,8212 Neuhausen am Rheinfall,2939,SH,real,False,23.07.2024,2688687,1283453
102611198,10120424,502012840,Herblingerstrasse,61.1,8207 Schaffhausen,2939,SH,real,False,23.07.2024,2691395,1286213
102611199,10019779,502012389,Mühlentalsträsschen,25.1,8200 Schaffhausen,2939,SH,real,False,23.07.2024,2689374,1284088
102611200,10046630,502012191,Rothüsliweg,1.1,8200 Schaffhausen,2939,SH,real,False,23.07.2024,2689917,1284661
102611201,10073031,502012771,Feldstrasse,16.1,8200 Schaffhausen,2939,SH,real,False,23.07.2024,2690468,1284034
102611202,10019777,502012420,Moserstrasse,48.1,8200 Schaffhausen,2939,SH,real,False,23.07.2024,2690022,1283445
102611203,10086493,502012529,Hofackerstrasse,3.1,8203 Schaffhausen,2939,SH,real,False,23.07.2024,2691506,1283717
102611204,10019295,502012314,Felsenaustrasse,11.2,8200 Schaffhausen,2939,SH,real,False,23.07.2024,2689522,1285306
102611205,10120424,502012770,Herblingerstrasse,91.1,8207 Schaffhausen,2939,SH,real,False,23.07.2024,2691598,1286327
102611206,10085730,502012287,Pilatusstrasse,34.1,8203 Schaffhausen,2939,SH,real,False,23.07.2024,2691746,1283915
102611207,10091232,502013118,Im Tobel,77.1,8231 Hemmental,2939,SH,real,False,23.07.2024,2686387,1287401
102611208,10025682,502012706,Sommerwiesstrasse,36.1,8200 Schaffhausen,2939,SH,real,False,23.07.2024,2688299,1286227
102611209,10240234,502013117,Im Höfli,22.1,8231 Hemmental,2939,SH,real,False,23.07.2024,2685608,1287712
102611210,10019295,502012598,Felsenaustrasse,19.1,8200 Schaffhausen,2939,SH,real,False,23.07.2024,2689541,1285275
102611211,10019778,502012627,Munotstrasse,27.1,8200 Schaffhausen,2939,SH,real,False,23.07.2024,2690086,1283781
102611212,10108023,502012599,Im Radacker,6.1,8200 Schaffhausen,2939,SH,real,False,23.07.2024,2688552,1283411
102611213,10091232,502013072,Im Tobel,79.1,8231 Hemmental,2939,SH,real,False,23.07.2024,2686431,1287404
102611214,10179716,502012463,Hermann Rorschach-Strasse,34.1,8200 Schaffhausen,2939,SH,real,False,23.07.2024,2688489,1283701
102611215,10019294,502012446,Ernst Müller-Strasse,7.3,8207 Schaffhausen,2939,SH,real,True,04.12.2024,2692287,1285963
102611216,10019295,502012684,Felsenaustrasse,29.1,8200 Schaffhausen,2939,SH,real,False,23.07.2024,2689500,1285274
102611217,10113198,502012496,Im Surbeck,3.1,8207 Schaffhausen,2939,SH,real,False,23.07.2024,2691455,1286438
102611218,10018665,502012564,Im Trenschen,14.1,8207 Schaffhausen,2939,SH,real,False,23.07.2024,2692022,1287049
102611219,10018665,502012531,Im Trenschen,28.1,8207 Schaffhausen,2939,SH,real,False,23.07.2024,2692046,1287159
102611220,10073033,502012708,Frauengasse,17.1,8200 Schaffhausen,2939,SH,real,False,23.07.2024,2689684,1283380
102611229,10026336,191867583,Bachtelstrasse,21b.1,8224 Löhningen,2903,SH,real,True,19.11.2024,2683296,1284291
102611666,10179766,191868046,Bettengasse,5,8217 Wilchingen,2974,SH,real,True,15.11.2024,2677532,1280109
102611667,10148816,191868047,Hauptstrasse,17.1,8217 Wilchingen,2974,SH,real,True,23.07.2024,2677533,1280154
102611669,10120400,191868049,Trottenweg,3.4,8218 Osterfingen,2974,SH,real,True,23.07.2024,2679139,1280026
102611676,10087218,191868055,Betteltalstrasse,,8262 Ramsen,2963,SH,planned,False,23.07.2024,2702786,1284841
102611679,10087218,191868058,Betteltalstrasse,,8262 Ramsen,2963,SH,planned,False,23.07.2024,2702764,1284833
102611681,10087218,191868060,Betteltalstrasse,,8262 Ramsen,2963,SH,planned,False,23.07.2024,2702790,1284836
102611682,10087218,191868061,Betteltalstrasse,,8262 Ramsen,2963,SH,planned,False,23.07.2024,2702766,1284825
102611684,10087218,191868063,Betteltalstrasse,726,8262 Ramsen,2963,SH,real,True,15.11.2024,2702790,1284820
102611685,10087218,191868064,Betteltalstrasse,726.1,8262 Ramsen,2963,SH,real,False,23.07.2024,2702772,1284813
102611686,10087218,191868065,Betteltalstrasse,727,8262 Ramsen,2963,SH,real,True,15.11.2024,2702792,1284815
102611687,10087218,191868066,Betteltalstrasse,727.1,8262 Ramsen,2963,SH,real,False,23.07.2024,2702773,1284807
102611692,10087218,191868071,Betteltalstrasse,728,8262 Ramsen,2963,SH,real,True,15.11.2024,2702800,1284804
102611693,10087218,191868072,Betteltalstrasse,728.1,8262 Ramsen,2963,SH,real,False,23.07.2024,2702779,1284794
102611694,10031605,191868073,Roseneggstrasse,398a,8262 Ramsen,2963,SH,real,True,19.11.2024,2703690,1285057
102611734,10209544,191868120,Gewerbestrasse,4.1,8217 Wilchingen,2974,SH,real,True,23.07.2024,2676823,1281619
102612513,10179762,191868362,Ottengasse,15,8215 Hallau,2971,SH,real,True,15.11.2024,2676860,1283381
102614174,10086756,471718,Gässli,13,8235 Lohn SH,2917,SH,real,True,15.11.2024,2692394,1290180
102614475,10085738,191869092,Schwarzadlerstrasse,1.1,8200 Schaffhausen,2939,SH,real,True,19.11.2024,2689255,1284886
102614489,10046606,191869125,Rheinfallstrasse,28.1,8212 Neuhausen am Rheinfall,2937,SH,real,True,23.07.2024,2688195,1281773
102614493,10154375,191869145,Gemeindewiesenstrasse,15.1,8212 Neuhausen am Rheinfall,2937,SH,real,True,23.07.2024,2687404,1281622
102614495,10091247,191869147,Charlottenweg,75k,8212 Neuhausen am Rheinfall,2937,SH,real,True,23.07.2024,2688831,1282785
102614498,10046612,191869149,Zollstrasse,6.1,8212 Neuhausen am Rheinfall,2937,SH,real,True,23.07.2024,2688046,1282131
102614709,10108015,474102,Hauptstrasse,80,8232 Merishausen,2936,SH,real,True,15.11.2024,2687751,1290751
102614712,10178592,191869383,Bohnenbergstrasse,7.1,8212 Neuhausen am Rheinfall,2937,SH,real,True,19.11.2024,2688392,1282722
102615526,10031569,191869778,Am Stei,7.1,8225 Siblingen,2953,SH,real,True,23.07.2024,2680987,1285328
102615553,10110819,191869827,Espiweg,407,8260 Stein am Rhein,2964,SH,real,True,23.07.2024,2706347,1279739
102615578,10019553,191869866,Unterdorf,3,8222 Beringen,2932,SH,real,True,15.11.2024,2685298,1283509
102615714,10018679,191870046,Lebernstrasse,22a,8207 Schaffhausen,2939,SH,real,True,15.11.2024,2691775,1286792
102615715,10018679,191870047,Lebernstrasse,22,8207 Schaffhausen,2939,SH,real,True,15.11.2024,2691776,1286786
102615733,10019782,191870072,Neutrottenstrasse,60,8207 Schaffhausen,2939,SH,real,True,15.11.2024,2691203,1286249
102615751,10210280,191870088,Nörstenweg,8,8214 Gächlingen,2901,SH,real,True,15.11.2024,2679812,1284498
102616567,10186931,191870357,Emmersbergstrasse,65.1,8200 Schaffhausen,2939,SH,real,True,23.07.2024,2690250,1284072
102617526,10171416,191871481,Wiideblick,10.2,8224 Löhningen,2903,SH,real,True,19.11.2024,2683349,1284109
102617623,10071687,191871624,Chollstatt,121.2,8261 Hemishofen,2962,SH,real,False,23.07.2024,2703235,1282291
102618196,10187861,191871930,Schaffhauserstrasse,22,8226 Schleitheim,2952,SH,real,True,23.07.2024,2678167,1288527
102618212,10190886,191871946,Langfeldweg,16.1,8213 Neunkirch,2904,SH,planned,False,23.07.2024,2678987,1282679
102618310,10085762,191872050,Rebhalde,13,8228 Beggingen,2951,SH,real,True,15.11.2024,2681547,1291156
102618316,10053242,191872056,Rüedistalhof,,8228 Beggingen,2951,SH,real,True,23.07.2024,2680993,1290343
102618648,10018654,191872390,Hochstrasse,201.025,8200 Schaffhausen,2939,SH,real,True,15.11.2024,2690109,1285253
102619757,10018174,191873140,Im hinderen Chapf,12.1,8455 Rüdlingen,2938,SH,real,True,19.11.2024,2685017,1270206
102619772,10118147,191873169,Windeggstrasse,36,8203 Schaffhausen,2939,SH,real,True,15.11.2024,2691358,1283321
102619792,10086766,2029767,Klausweg,76,8200 Schaffhausen,2939,SH,real,True,15.11.2024,2690714,1284511
102619830,10179734,191873211,Weinsteig,115,8200 Schaffhausen,2939,SH,real,True,15.11.2024,2689601,1284523
102619832,10073022,191873212,Alpenstrasse,161,8203 Schaffhausen,2939,SH,real,True,15.11.2024,2691526,1283810
102619833,10073022,191873213,Alpenstrasse,159,8203 Schaffhausen,2939,SH,real,True,15.11.2024,2691503,1283788
102619906,10120402,191873305,Laaggut,,8239 Dörflingen,2915,SH,real,True,19.11.2024,2696268,1283253
102619955,10193646,191873355,Am Gässli,6,8219 Trasadingen,2973,SH,real,True,15.11.2024,2674296,1280263
102620117,10032565,191873656,Hallauerstrasse,817.3,8226 Schleitheim,2952,SH,real,True,23.07.2024,2677927,1288528
102621233,10087070,191874742,Hülsteweg,9.1,8222 Beringen,2932,SH,real,True,23.07.2024,2686857,1283616
102621235,10018468,191874744,Schwärziweg,24.1,8222 Beringen,2932,SH,real,True,23.07.2024,2685971,1283554
102621236,10186339,191874745,Gellerstrasse,54.1,8222 Beringen,2932,SH,real,True,23.07.2024,2685596,1283614
102621318,10110809,191874823,Ergoltingerstrasse,2.1,8213 Neunkirch,2904,SH,real,False,23.07.2024,2681415,1281766
102621532,10091105,191875006,Rietstrasse,29,8260 Stein am Rhein,2964,SH,real,True,23.07.2024,2706334,1280181
102621635,10167068,191875145,Hegaustrasse,g3089,8241 Barzheim,2920,SH,real,True,23.07.2024,2696269,1291093
102622028,10091105,191875500,Rietstrasse,,8260 Stein am Rhein,2964,SH,real,True,23.07.2024,2706370,1280168
102622151,10091390,191875577,Oberhallauerstrasse,6,8215 Hallau,2971,SH,planned,True,23.07.2024,2677062,1283489
102622271,10018654,191875835,Hochstrasse,201.026,8200 Schaffhausen,2939,SH,real,True,19.11.2024,2690198,1285340
102623007,10085755,1610477,Vordersteig,12,8200 Schaffhausen,2939,SH,real,True,15.11.2024,2689452,1283597
102623036,10024970,191876590,Dorfstrasse,10.2,8234 Stetten SH,2919,SH,real,True,23.07.2024,2691811,1288484
102623037,10024976,191876591,Rotackerstrasse,26.4,8234 Stetten SH,2919,SH,real,False,23.07.2024,2692171,1288587
102624628,10085751,191877901,Thayngerstrasse,76.1,8207 Schaffhausen,2939,SH,real,True,23.07.2024,2691950,1287192
102624681,10085724,1610565,Mühlenstrasse,90,8200 Schaffhausen,2939,SH,real,True,15.11.2024,2688997,1283168
102624756,10091262,191878024,Wiesengrundstrasse,17.1,8212 Neuhausen am Rheinfall,2937,SH,real,True,23.07.2024,2688972,1281784
102625086,10073644,191878362,Prinzenhof,11,8222 Beringen,2932,SH,real,True,15.11.2024,2685154,1283955
102625169,10019807,191878440,Schweizersbildstrasse,23.1,8207 Schaffhausen,2939,SH,real,True,23.07.2024,2690624,1286159
102625313,10018665,191878591,Im Trenschen,,8207 Schaffhausen,2939,SH,real,True,23.07.2024,2692051,1287231
102625530,10180894,191878825,Chatzengartenstrasse,2,8216 Oberhallau,2972,SH,real,False,15.11.2024,2678142,1284394
102625621,10087226,191878927,Wiesholz,31.1,8262 Ramsen,2963,SH,planned,False,23.07.2024,2704705,1285099
102626424,10018166,191660791,Zentralstrasse,59,8212 Neuhausen am Rheinfall,2937,SH,real,True,15.11.2024,2688733,1281965
102626609,10205628,191879747,Dorfstrasse,3b,8455 Rüdlingen,2938,SH,real,False,23.07.2024,2685147,1270780
102626610,10027508,191879748,Löhningerstrasse,10.1,8213 Neunkirch,2904,SH,real,True,23.07.2024,2680182,1282746
102626819,10206079,191879901,Steinenkreuzstrasse,9,8455 Rüdlingen,2938,SH,real,True,15.11.2024,2684579,1270838
102626858,10122740,191879936,Lindenweg,6,8263 Buch SH,2961,SH,real,True,15.11.2024,2700972,1286025
102626902,10120413,191879982,Steig,28.1,8222 Beringen,2932,SH,real,True,23.07.2024,2685421,1283786
102626903,10120413,191879983,Steig,28.2,8222 Beringen,2932,SH,real,True,23.07.2024,2685433,1283807
102627517,10087225,191880188,Steigblickstrasse,629.1,8262 Ramsen,2963,SH,real,True,19.11.2024,2702676,1284809
102628031,10018654,191880684,Hochstrasse,294.1,8200 Schaffhausen,2939,SH,real,True,18.10.2024,2690655,1285693
102628032,10179727,191880685,Schalterweg,10,8200 Schaffhausen,2939,SH,real,True,15.11.2024,2690312,1284982
102628735,10018443,191881347,Steigstrasse,12.3,8233 Bargen SH,2931,SH,real,False,23.07.2024,2687671,1294327
102629334,10025678,11527242,Schönmaiengässchen,1,8200 Schaffhausen,2939,SH,real,True,15.11.2024,2689834,1283479
102630128,10186343,191882330,Rheingoldstrasse,13.2,8212 Neuhausen am Rheinfall,2937,SH,real,True,23.07.2024,2688750,1281790
102630422,10118351,190082022,Im Junkholz,13a,8241 Barzheim,2920,SH,real,True,15.11.2024,2695967,1290350
102630617,10071689,191882804,Bahnhofstrasse,704,8262 Ramsen,2963,SH,real,False,15.11.2024,2703296,1285009
102630620,10071689,191882805,Bahnhofstrasse,704.1,8262 Ramsen,2963,SH,real,False,19.11.2024,2703306,1285001
102630623,10087226,191882808,Wiesholz,,8262 Ramsen,2963,SH,real,True,23.07.2024,2704797,1285329
102630645,10091105,191882833,Rietstrasse,46.1,8260 Stein am Rhein,2964,SH,real,True,23.07.2024,2706180,1280277
102631653,10206076,191883511,Hinterdorfstrasse,39.1,8455 Rüdlingen,2938,SH,real,True,23.07.2024,2685226,1270055
102649685,10149226,191885931,Rotackerstrasse,5,8235 Lohn SH,2917,SH,real,True,15.11.2024,2692617,1290376
102656069,10111816,191886170,Hülstewise,,8222 Beringen,2932,SH,real,True,23.07.2024,2686894,1283576
102656087,10186340,191886186,Schaffhauserstrasse,224.1,8222 Beringen,2932,SH,real,True,23.07.2024,2687375,1283256
102656088,10186340,191886187,Schaffhauserstrasse,224,8222 Beringen,2932,SH,real,True,15.11.2024,2687419,1283263
102656705,10026342,191886490,Hauptstrasse,90.1,8224 Löhningen,2903,SH,real,True,19.11.2024,2683355,1283999
102657155,10091181,191886993,Schaffhauserstrasse,22,8213 Neunkirch,2904,SH,planned,True,15.11.2024,2680114,1282483
102659093,10027516,191887492,Taufgarten,10,8213 Neunkirch,2904,SH,real,True,15.11.2024,2679845,1282253
102659629,10206076,191888102,Hinterdorfstrasse,30,8455 Rüdlingen,2938,SH,real,True,15.11.2024,2685198,1270112
102659641,10206079,191888113,Steinenkreuzstrasse,2.1,8455 Rüdlingen,2938,SH,real,False,23.07.2024,2684602,1270687
102659642,10018175,191888114,Im oberen Chapf,2.1,8455 Rüdlingen,2938,SH,real,True,23.07.2024,2684922,1270192
102659782,10019564,191888156,Sandackerstrasse,13,8454 Buchberg,2933,SH,real,False,15.11.2024,2684686,1269571
102659785,10019564,191888159,Sandackerstrasse,11,8454 Buchberg,2933,SH,real,False,15.11.2024,2684689,1269556
102660520,10018447,191888457,Benzeweg,81a,8222 Beringen,2932,SH,real,True,15.11.2024,2686838,1283542
102660531,10018447,191888468,Benzeweg,81b,8222 Beringen,2932,SH,real,True,15.11.2024,2686837,1283551
102661191,10091181,191889150,Schaffhauserstrasse,4a,8213 Neunkirch,2904,SH,planned,False,23.07.2024,2679844,1282722
102661196,10091181,191889152,Schaffhauserstrasse,4b,8213 Neunkirch,2904,SH,real,True,19.11.2024,2679828,1282720
102661198,10091181,191889153,Schaffhauserstrasse,2a,8213 Neunkirch,2904,SH,real,False,15.11.2024,2679808,1282695
102661206,10027516,191889160,Taufgarten,51a,8213 Neunkirch,2904,SH,real,False,15.11.2024,2680028,1282040
102661208,10027516,191889162,Taufgarten,51b,8213 Neunkirch,2904,SH,real,False,15.11.2024,2680034,1282048
102661375,10146118,191889377,Vorbuechweg,8,8232 Merishausen,2936,SH,real,True,15.11.2024,2687899,1290047
102662634,10247212,191890231,Stägwise,2a,8233 Bargen SH,2931,SH,real,True,15.11.2024,2688056,1293955
102663876,10185477,191890622,Neudörflingerstrasse,52.1,8239 Dörflingen,2915,SH,planned,False,23.07.2024,2696365,1285338
102664079,10200405,191890821,Tobelraastrasse,12,8212 Neuhausen am Rheinfall,2937,SH,real,True,15.11.2024,2687306,1281035
102673741,10017869,191892034,Langrietstrasse,98.1,8212 Neuhausen am Rheinfall,2937,SH,real,True,23.07.2024,2686417,1281231
102673743,10018166,191892036,Zentralstrasse,38.4,8212 Neuhausen am Rheinfall,2937,SH,real,True,23.07.2024,2688706,1281841
102675231,10136849,191892497,Haldenstrasse,,8241 Barzheim,2920,SH,real,True,23.07.2024,2696535,1290441
102675242,10129454,191892508,Mühleweg,,8240 Thayngen,2920,SH,real,True,23.07.2024,2695195,1289472
102675290,10046638,191892556,Rosenstrasse,8,8215 Hallau,2971,SH,real,True,15.11.2024,2676464,1283942
102675385,10018650,191892664,Heerenweg,11.2,8200 Schaffhausen,2939,SH,real,True,15.11.2024,2691113,1283306
102675438,10152031,191892715,Im Engelmaa,3,8240 Thayngen,2920,SH,real,False,15.11.2024,2695802,1289364
102675440,10237818,191892717,Rebbergstrasse,6,8240 Thayngen,2920,SH,real,False,15.11.2024,2695770,1289376
102675926,10237818,191892718,Rebbergstrasse,20,8240 Thayngen,2920,SH,real,True,15.11.2024,2695805,1289398
102675938,10074400,191892730,Hardstrasse,5,8212 Neuhausen am Rheinfall,2937,SH,real,True,23.07.2024,2687922,1282172
102676427,10031607,191892896,Schwedenweg,409.1,8262 Ramsen,2963,SH,real,True,23.07.2024,2703479,1284912
102676428,10071689,191892897,Bahnhofstrasse,78.1,8262 Ramsen,2963,SH,real,True,23.07.2024,2703143,1284909
102676429,10031600,191892898,Im Gässli,"591,1",8262 Ramsen,2963,SH,real,True,23.07.2024,2702786,1285051
102676442,10017860,191892916,Engestrasse,46.1,8212 Neuhausen am Rheinfall,2937,SH,planned,False,23.07.2024,2688107,1282504
102676443,10091254,191892917,Lerchenstrasse,16.1,8212 Neuhausen am Rheinfall,2937,SH,real,True,19.11.2024,2688134,1282236
102678177,10031499,502028122,Hauptstrasse,47.1,8215 Hallau,2971,SH,real,False,23.07.2024,2676649,1283557
102678178,10205663,502027735,Untergassweg,16.1,8215 Hallau,2971,SH,real,False,23.07.2024,2676552,1282824
102678179,10113220,502027871,Rummelenhof,1.9,8215 Hallau,2971,SH,real,False,23.07.2024,2674832,1282550
102678180,10124089,502028379,Auffahrtstrasse,5.2,8215 Hallau,2971,SH,real,False,23.07.2024,2676316,1283426
102678181,10133015,502028249,Dickistrasse,8.3,8215 Hallau,2971,SH,real,False,23.07.2024,2677228,1282873
102678182,10121179,502028279,Blumenstrasse,5.6,8215 Hallau,2971,SH,real,False,23.07.2024,2675795,1282971
102678183,10128138,502027888,Römerstrasse,27.1,8215 Hallau,2971,SH,real,False,23.07.2024,2677554,1282878
102678184,10127713,502027734,Usserhofgraben,2.1,8215 Hallau,2971,SH,real,False,19.11.2024,2677056,1283544
102678185,10091113,502028031,Lisiloostrasse,608.2,8215 Hallau,2971,SH,real,False,23.07.2024,2675880,1282649
102678186,10031499,502028121,Hauptstrasse,59.1,8215 Hallau,2971,SH,real,False,23.07.2024,2676699,1283566
102678187,10031508,502027868,Schmalzgasse,13.1,8215 Hallau,2971,SH,real,False,23.07.2024,2676406,1283205
102678188,10190666,502028094,Konservenstrasse,19.1,8215 Hallau,2971,SH,real,False,23.07.2024,2676642,1283145
102678189,10031941,502028355,Bahnhofstrasse,110.1,8215 Hallau,2971,SH,real,False,23.07.2024,2676575,1282622
102678190,10121179,502028278,Blumenstrasse,5.7,8215 Hallau,2971,SH,real,False,23.07.2024,2675777,1282964
102678191,10031508,502027867,Schmalzgasse,17.1,8215 Hallau,2971,SH,real,False,23.07.2024,2676396,1283155
102678192,10133015,502028248,Dickistrasse,8.4,8215 Hallau,2971,SH,real,False,23.07.2024,2677185,1282853
102678193,10031941,502028354,Bahnhofstrasse,110.2,8215 Hallau,2971,SH,real,False,23.07.2024,2676498,1282617
102678194,10031508,502027870,Schmalzgasse,2.1,8215 Hallau,2971,SH,real,True,19.11.2024,2676450,1283284
102678195,10031499,502028120,Hauptstrasse,62.1,8215 Hallau,2971,SH,real,False,23.07.2024,2676748,1283499
102678196,10091390,502027923,Oberhallauerstrasse,32.4,8215 Hallau,2971,SH,real,False,23.07.2024,2677337,1283625
102678197,10091113,502028029,Lisiloostrasse,608.4,8215 Hallau,2971,SH,real,False,23.07.2024,2675776,1282731
102678198,10121179,502028277,Blumenstrasse,5.8,8215 Hallau,2971,SH,real,False,23.07.2024,2675768,1282977
102678199,10031509,502027733,Waaggässli,4.1,8215 Hallau,2971,SH,real,False,23.07.2024,2676778,1283533
102678200,10031508,502027866,Schmalzgasse,21.1,8215 Hallau,2971,SH,real,False,23.07.2024,2676398,1283144
102678201,10031941,502028353,Bahnhofstrasse,111.1,8215 Hallau,2971,SH,real,False,23.07.2024,2676649,1282604
102678202,10190666,502028093,Konservenstrasse,19.2,8215 Hallau,2971,SH,real,False,23.07.2024,2676675,1283137
102678203,10031499,502028119,Hauptstrasse,92.1,8215 Hallau,2971,SH,real,False,23.07.2024,2676880,1283475
102678204,10031508,502027865,Schmalzgasse,22.1,8215 Hallau,2971,SH,real,False,23.07.2024,2676370,1283229
102678205,10133015,502028247,Dickistrasse,8.5,8215 Hallau,2971,SH,real,False,23.07.2024,2677176,1282765
102678206,10031941,502028352,Bahnhofstrasse,111.2,8215 Hallau,2971,SH,real,False,23.07.2024,2676658,1282630
102678207,10121179,502028276,Blumenstrasse,5.9,8215 Hallau,2971,SH,real,False,23.07.2024,2675734,1283016
102678208,10031508,502027864,Schmalzgasse,30.1,8215 Hallau,2971,SH,real,False,23.07.2024,2676324,1283204
102678209,10091113,502028028,Lisiloostrasse,608.5,8215 Hallau,2971,SH,real,False,23.07.2024,2675705,1282736
102678210,10091393,502027730,Weiherhofstrasse,14.1,8215 Hallau,2971,SH,real,False,23.07.2024,2676530,1283904
102678211,10031508,502027863,Schmalzgasse,31.1,8215 Hallau,2971,SH,real,False,23.07.2024,2676333,1283177
102678212,10121179,502028275,Blumenstrasse,9.1,8215 Hallau,2971,SH,real,False,23.07.2024,2675925,1282964
102678213,10121180,502027921,Oberwiesenstrasse,12.1,8215 Hallau,2971,SH,real,False,23.07.2024,2676466,1283725
102678214,10031508,502027862,Schmalzgasse,41.1,8215 Hallau,2971,SH,real,False,23.07.2024,2676258,1283140
102678215,10031941,502028351,Bahnhofstrasse,126.1,8215 Hallau,2971,SH,real,False,23.07.2024,2676644,1282349
102678216,10121179,502028274,Blumenstrasse,9.2,8215 Hallau,2971,SH,real,False,23.07.2024,2675922,1282895
102678217,10091393,502027732,Weiherhofstrasse,2.1,8215 Hallau,2971,SH,real,False,23.07.2024,2676383,1283854
102678218,10031508,502027861,Schmalzgasse,49.1,8215 Hallau,2971,SH,real,False,23.07.2024,2676161,1283096
102678219,10031503,502028026,Litihof,1.1,8215 Hallau,2971,SH,real,False,23.07.2024,2674770,1284030
102678220,10122741,502028114,Hauserhof,1.2,8215 Hallau,2971,SH,real,False,23.07.2024,2675886,1285820
102678221,10190666,502028092,Konservenstrasse,19.3,8215 Hallau,2971,SH,real,False,23.07.2024,2676657,1283151
102678222,10031508,502027869,Schmalzgasse,6.1,8215 Hallau,2971,SH,real,False,23.07.2024,2676413,1283266
102678223,10031941,502028350,Bahnhofstrasse,126.2,8215 Hallau,2971,SH,real,False,23.07.2024,2676650,1282355
102678224,10017108,502028267,Buckstrasse,11.1,8215 Hallau,2971,SH,real,False,23.07.2024,2676992,1283732
102678225,10133041,502028246,Eigenweg,12.1,8215 Hallau,2971,SH,real,False,23.07.2024,2676940,1283452
102678227,10122741,502028113,Hauserhof,1.3,8215 Hallau,2971,SH,real,False,23.07.2024,2675817,1285847
102678228,10031941,502028349,Bahnhofstrasse,126.3,8215 Hallau,2971,SH,real,False,23.07.2024,2676627,1282322
102678229,10091393,502027731,Weiherhofstrasse,3.1,8215 Hallau,2971,SH,real,False,23.07.2024,2676430,1283878
102678230,10031508,502027859,Schmalzgasse,69.1,8215 Hallau,2971,SH,real,False,23.07.2024,2676003,1283016
102678231,10113221,502027725,Wunderklingen,8.2,8215 Hallau,2971,SH,real,False,23.07.2024,2672648,1283534
102678232,10031503,502028027,Litihof,1.10,8215 Hallau,2971,SH,real,False,23.07.2024,2674639,1285112
102678233,10127712,502028245,Empützigraben,30a.1,8215 Hallau,2971,SH,real,False,23.07.2024,2676510,1282740
102678234,10187870,502027842,Schorenhof,1.1,8215 Hallau,2971,SH,real,False,23.07.2024,2675872,1285691
102678235,10113221,502027724,Wunderklingen,8.3,8215 Hallau,2971,SH,real,False,23.07.2024,2672669,1283542
102678236,10031941,502028348,Bahnhofstrasse,126.4,8215 Hallau,2971,SH,real,False,23.07.2024,2676629,1282310
102678237,10190666,502028091,Konservenstrasse,19.4,8215 Hallau,2971,SH,real,False,23.07.2024,2676686,1283118
102678238,10113221,502027723,Wunderklingen,8.4,8215 Hallau,2971,SH,real,False,23.07.2024,2672799,1283512
102678239,10031503,502028025,Litihof,1.2,8215 Hallau,2971,SH,real,False,23.07.2024,2674768,1284033
102678240,10187870,502027841,Schorenhof,1.2,8215 Hallau,2971,SH,real,False,23.07.2024,2675862,1285702
102678241,10121180,502027919,Oberwiesenstrasse,18.2,8215 Hallau,2971,SH,real,False,23.07.2024,2676410,1283789
102678242,10113221,502027722,Wunderklingen,8.5,8215 Hallau,2971,SH,real,False,23.07.2024,2672760,1283796
102678243,10187870,502027840,Schorenhof,1.3,8215 Hallau,2971,SH,real,False,23.07.2024,2675858,1285704
102678244,10031941,502028346,Bahnhofstrasse,130.2,8215 Hallau,2971,SH,real,False,23.07.2024,2676651,1282194
102678245,10113221,502027721,Wunderklingen,8.6,8215 Hallau,2971,SH,real,False,23.07.2024,2673280,1284499
102678246,10186576,502027729,Wiesentalstrasse,3.1,8215 Hallau,2971,SH,real,False,23.07.2024,2677071,1283352
102678247,10187870,502027839,Schorenhof,1.4,8215 Hallau,2971,SH,real,False,23.07.2024,2675871,1285703
102678248,10091394,502027713,Wunderklingerstrasse,14.1,8215 Hallau,2971,SH,real,False,23.07.2024,2676373,1283415
102678249,10031503,502028024,Litihof,1.3,8215 Hallau,2971,SH,real,False,23.07.2024,2674766,1284036
102678250,10186576,502027728,Wiesentalstrasse,3.2,8215 Hallau,2971,SH,real,False,23.07.2024,2677075,1283362
102678251,10187870,502027838,Schorenhof,1.5,8215 Hallau,2971,SH,real,False,23.07.2024,2675861,1285707
102678252,10091394,502027712,Wunderklingerstrasse,14.2,8215 Hallau,2971,SH,real,False,23.07.2024,2676348,1283410
102678253,10031941,502028345,Bahnhofstrasse,133.1,8215 Hallau,2971,SH,real,False,23.07.2024,2676793,1282159
102678254,10133042,502028243,Empützistrasse,12.1,8215 Hallau,2971,SH,real,False,23.07.2024,2676221,1282996
102678255,10091394,502027716,Wunderklingerstrasse,2.1,8215 Hallau,2971,SH,real,False,23.07.2024,2676432,1283427
102678256,10187870,502027837,Schorenhof,2.1,8215 Hallau,2971,SH,real,False,23.07.2024,2675861,1285735
102678257,10031503,502028023,Litihof,1.4,8215 Hallau,2971,SH,real,False,23.07.2024,2674805,1284039
102678258,10121180,502027918,Oberwiesenstrasse,25.1,8215 Hallau,2971,SH,real,False,23.07.2024,2676351,1283811
102678259,10091394,502027711,Wunderklingerstrasse,20.1,8215 Hallau,2971,SH,real,False,23.07.2024,2676349,1283379
102678260,10031941,502028344,Bahnhofstrasse,133.2,8215 Hallau,2971,SH,real,False,23.07.2024,2676806,1282166
102678261,10187870,502027836,Schorenhof,652.3,8215 Hallau,2971,SH,real,False,23.07.2024,2675809,1285697
102678262,10186576,502027727,Wiesentalstrasse,3.3,8215 Hallau,2971,SH,real,False,23.07.2024,2677062,1283331
102678263,10031503,502028022,Litihof,1.5,8215 Hallau,2971,SH,real,False,23.07.2024,2674773,1283993
102678264,10187870,502027835,Schorenhof,652.4,8215 Hallau,2971,SH,real,False,23.07.2024,2675847,1285707
102678265,10091394,502027710,Wunderklingerstrasse,31.1,8215 Hallau,2971,SH,real,False,23.07.2024,2676321,1283356
102678266,10187870,502027834,Schorenhof,652.5,8215 Hallau,2971,SH,real,False,23.07.2024,2675852,1285705
102678267,10031941,502028343,Bahnhofstrasse,136.1,8215 Hallau,2971,SH,real,False,23.07.2024,2676760,1282075
102678268,10190666,502028090,Konservenstrasse,47.1,8215 Hallau,2971,SH,real,False,23.07.2024,2676907,1283259
102678269,10091394,502027709,Wunderklingerstrasse,34.1,8215 Hallau,2971,SH,real,False,23.07.2024,2676270,1283359
102678270,10073104,502027833,Schulgasse,10.1,8215 Hallau,2971,SH,real,False,23.07.2024,2676696,1283583
102678271,10133042,502028242,Empützistrasse,19.1,8215 Hallau,2971,SH,real,False,23.07.2024,2676262,1283001
102678272,10031503,502028021,Litihof,1.6,8215 Hallau,2971,SH,real,False,23.07.2024,2674766,1283993
102678273,10091394,502027708,Wunderklingerstrasse,49.1,8215 Hallau,2971,SH,real,False,23.07.2024,2676214,1283351
102678274,10073104,502027832,Schulgasse,14.1,8215 Hallau,2971,SH,real,False,23.07.2024,2676692,1283609
102678275,10113221,502027720,Wunderklingen,13.1,8215 Hallau,2971,SH,real,False,23.07.2024,2672661,1283421
102678276,10031941,502028342,Bahnhofstrasse,136.2,8215 Hallau,2971,SH,real,False,23.07.2024,2676801,1282107
102678277,10053533,502028233,Floregg,1.1,8215 Hallau,2971,SH,real,False,23.07.2024,2675238,1284004
102678278,10121180,502027922,Oberwiesenstrasse,3.1,8215 Hallau,2971,SH,real,False,23.07.2024,2676419,1283678
102678279,10073104,502027831,Schulgasse,17.1,8215 Hallau,2971,SH,real,False,23.07.2024,2676663,1283572
102678280,10031503,502028020,Litihof,1.7,8215 Hallau,2971,SH,real,False,23.07.2024,2674744,1284037
102678281,10053533,502028232,Floregg,1.2,8215 Hallau,2971,SH,real,False,23.07.2024,2675208,1283986
102678282,10031941,502028341,Bahnhofstrasse,139.1,8215 Hallau,2971,SH,real,False,23.07.2024,2676839,1282002
102678283,10113221,502027719,Wunderklingen,13.2,8215 Hallau,2971,SH,real,False,23.07.2024,2672719,1283466
102678284,10073104,502027830,Schulgasse,17.2,8215 Hallau,2971,SH,real,False,23.07.2024,2676638,1283579
102678285,10053533,502028231,Floregg,1.3,8215 Hallau,2971,SH,real,False,23.07.2024,2675193,1284180
102678286,10190666,502028088,Konservenstrasse,48.2,8215 Hallau,2971,SH,real,False,23.07.2024,2676959,1283189
102678288,10053533,502028230,Floregg,1.4,8215 Hallau,2971,SH,real,False,23.07.2024,2675100,1283865
102678289,10073104,502027829,Schulgasse,20.1,8215 Hallau,2971,SH,real,False,23.07.2024,2676669,1283635
102678290,10133042,502028241,Empützistrasse,19.2,8215 Hallau,2971,SH,real,False,23.07.2024,2676290,1282986
102678291,10031941,502028339,Bahnhofstrasse,139.3,8215 Hallau,2971,SH,real,False,23.07.2024,2676814,1282052
102678292,10053533,502028229,Floregg,1.5,8215 Hallau,2971,SH,real,False,23.07.2024,2675562,1284093
102678293,10073104,502027828,Schulgasse,22.1,8215 Hallau,2971,SH,real,False,23.07.2024,2676644,1283648
102678294,10121180,502027917,Oberwiesenstrasse,47.1,8215 Hallau,2971,SH,real,False,23.07.2024,2676332,1284153
102678295,10031503,502028018,Litihof,1.9,8215 Hallau,2971,SH,real,False,23.07.2024,2674185,1284077
102678296,10053533,502028228,Floregg,1.6,8215 Hallau,2971,SH,real,False,23.07.2024,2675273,1284830
102678297,10113221,502027718,Wunderklingen,13.3,8215 Hallau,2971,SH,real,False,23.07.2024,2673553,1283202
102678298,10073104,502027827,Schulgasse,23.1,8215 Hallau,2971,SH,real,False,23.07.2024,2676627,1283573
102678299,10091110,502028226,Fotschengasse,15.1,8215 Hallau,2971,SH,real,False,23.07.2024,2676890,1283425
102678300,10031941,502028338,Bahnhofstrasse,140.1,8215 Hallau,2971,SH,real,False,23.07.2024,2676792,1282017
102678301,10190666,502028097,Konservenstrasse,6.1,8215 Hallau,2971,SH,real,False,23.07.2024,2676551,1283023
102678302,10073104,502027826,Schulgasse,23.2,8215 Hallau,2971,SH,real,False,23.07.2024,2676629,1283569
102678303,10133042,502028240,Empützistrasse,22.1,8215 Hallau,2971,SH,real,False,23.07.2024,2676273,1282958
102678304,10091110,502028227,Fotschengasse,8.1,8215 Hallau,2971,SH,real,False,23.07.2024,2676852,1283430
102678305,10031941,502028374,Bahnhofstrasse,17.1,8215 Hallau,2971,SH,real,False,23.07.2024,2676525,1283259
102678306,10073104,502027825,Schulgasse,24.1,8215 Hallau,2971,SH,real,False,23.07.2024,2676617,1283613
102678307,10168524,502028225,Friedauweg,3.1,8215 Hallau,2971,SH,real,False,23.07.2024,2676687,1282769
102678308,10113221,502027717,Wunderklingen,18.1,8215 Hallau,2971,SH,real,False,23.07.2024,2672649,1283397
102678309,10073102,502028017,Lopengraben,5.1,8215 Hallau,2971,SH,real,False,23.07.2024,2676541,1283525
102678310,10073104,502027824,Schulgasse,32.2,8215 Hallau,2971,SH,real,False,23.07.2024,2676540,1283658
102678311,10190666,502028096,Konservenstrasse,8.1,8215 Hallau,2971,SH,real,False,23.07.2024,2676569,1283042
102678312,10168524,502028224,Friedauweg,7.1,8215 Hallau,2971,SH,real,False,23.07.2024,2676631,1282757
102678313,10031941,502028373,Bahnhofstrasse,37.2,8215 Hallau,2971,SH,real,False,23.07.2024,2676502,1283194
102678314,10073104,502027823,Schulgasse,32.3,8215 Hallau,2971,SH,real,False,23.07.2024,2676552,1283644
102678315,10168524,502028223,Friedauweg,7.2,8215 Hallau,2971,SH,real,False,23.07.2024,2676635,1282786
102678316,10053534,502028059,Lärchenhof,1.1,8215 Hallau,2971,SH,real,False,23.07.2024,2677183,1282383
102678317,10121180,502027916,Oberwiesenstrasse,47.2,8215 Hallau,2971,SH,real,False,23.07.2024,2676225,1284070
102678318,10091392,502027852,Schöneckstrasse,11.1,8215 Hallau,2971,SH,real,False,23.07.2024,2676602,1283422
102678319,10031941,502028372,Bahnhofstrasse,37.3,8215 Hallau,2971,SH,real,False,23.07.2024,2676520,1283174
102678320,10110820,502028222,Gehringerstrasse,3.1,8215 Hallau,2971,SH,real,False,23.07.2024,2676352,1283160
102678321,10187869,502028085,Küferstrasse,22.1,8215 Hallau,2971,SH,real,False,23.07.2024,2676055,1283185
102678322,10091392,502027851,Schöneckstrasse,15.1,8215 Hallau,2971,SH,real,False,23.07.2024,2676622,1283403
102678323,10031504,502028056,Lärchenstrasse,11.1,8215 Hallau,2971,SH,real,False,23.07.2024,2676208,1282893
102678324,10110820,502028221,Gehringerstrasse,3.2,8215 Hallau,2971,SH,real,False,23.07.2024,2676374,1283152
102678325,10091392,502027849,Schöneckstrasse,16.1,8215 Hallau,2971,SH,real,False,23.07.2024,2676589,1283401
102678326,10133042,502028244,Empützistrasse,6.1,8215 Hallau,2971,SH,real,False,23.07.2024,2676164,1283050
102678327,10031941,502028371,Bahnhofstrasse,37.4,8215 Hallau,2971,SH,real,False,23.07.2024,2676520,1283189
102678328,10091392,502027850,Schöneckstrasse,15.2,8215 Hallau,2971,SH,real,False,23.07.2024,2676604,1283411
102678329,10091392,502027848,Schöneckstrasse,16.2,8215 Hallau,2971,SH,real,False,23.07.2024,2676557,1283381
102678330,10121180,502027915,Oberwiesenstrasse,47.3,8215 Hallau,2971,SH,real,False,23.07.2024,2676180,1284015
102678331,10031504,502028058,Lärchenstrasse,3.1,8215 Hallau,2971,SH,real,False,23.07.2024,2676243,1282938
102678332,10031941,502028360,Bahnhofstrasse,82.2,8215 Hallau,2971,SH,real,False,23.07.2024,2676503,1282893
102678333,10091392,502027847,Schöneckstrasse,20.1,8215 Hallau,2971,SH,real,False,23.07.2024,2676572,1283359
102678334,10127705,502028219,Gewerbestrasse,10.1,8215 Hallau,2971,SH,real,False,23.07.2024,2677060,1283085
102678335,10136793,502028329,Bei der Bergkirche,461.7,8215 Hallau,2971,SH,real,False,23.07.2024,2676654,1283919
102678336,10031504,502028057,Lärchenstrasse,8.1,8215 Hallau,2971,SH,real,False,23.07.2024,2676184,1282955
102678337,10091392,502027846,Schöneckstrasse,28.1,8215 Hallau,2971,SH,real,False,23.07.2024,2676611,1283329
102678338,10031941,502028369,Bahnhofstrasse,47.1,8215 Hallau,2971,SH,real,False,23.07.2024,2676518,1283133
102678339,10133044,502027797,Statthofgasse,14.1,8215 Hallau,2971,SH,real,False,23.07.2024,2676847,1283568
102678340,10127705,502028218,Gewerbestrasse,19.3,8215 Hallau,2971,SH,real,False,23.07.2024,2676977,1283003
102678341,10031941,502028375,Bahnhofstrasse,5.1,8215 Hallau,2971,SH,real,False,23.07.2024,2676501,1283369
102678342,10091392,502027845,Schöneckstrasse,28.2,8215 Hallau,2971,SH,real,False,23.07.2024,2676606,1283310
102678343,10127705,502028220,Gewerbestrasse,4.1,8215 Hallau,2971,SH,real,False,19.11.2024,2677079,1283103
102678344,10031497,502028140,Hammermauer,13.2,8215 Hallau,2971,SH,real,False,23.07.2024,2676822,1283588
102678345,10127706,502028016,Mattenhof,1.1,8215 Hallau,2971,SH,real,False,23.07.2024,2675980,1282523
102678346,10031941,502028366,Bahnhofstrasse,58.2,8215 Hallau,2971,SH,real,False,19.11.2024,2676445,1283067
102678347,10144196,502028217,Giiger,1217.1,8215 Hallau,2971,SH,real,False,23.07.2024,2675569,1282957
102678348,10143284,502027953,Ob der Haalde,880.17,8215 Hallau,2971,SH,real,False,23.07.2024,2675216,1283178
102678349,10127706,502028015,Mattenhof,1.2,8215 Hallau,2971,SH,real,False,23.07.2024,2675974,1282533
102678350,10031941,502028365,Bahnhofstrasse,58.3,8215 Hallau,2971,SH,real,False,23.07.2024,2676448,1283048
102678351,10144196,502028216,Giiger,1217.10,8215 Hallau,2971,SH,real,False,23.07.2024,2675700,1282921
102678352,10143284,502027941,Ob der Haalde,880.5,8215 Hallau,2971,SH,real,False,23.07.2024,2674943,1283274
102678353,10031941,502028368,Bahnhofstrasse,55.1,8215 Hallau,2971,SH,real,False,23.07.2024,2676540,1283097
102678354,10031941,502028364,Bahnhofstrasse,66.1,8215 Hallau,2971,SH,real,False,23.07.2024,2676441,1283031
102678355,10144196,502028215,Giiger,1217.11,8215 Hallau,2971,SH,real,False,23.07.2024,2675528,1282725
102678356,10133015,502028260,Dickistrasse,2.10,8215 Hallau,2971,SH,real,False,23.07.2024,2677147,1282939
102678357,10151922,502028013,Mattenstöckli,1.1,8215 Hallau,2971,SH,real,False,23.07.2024,2675732,1282566
102678358,10144196,502028214,Giiger,1217.12,8215 Hallau,2971,SH,real,False,23.07.2024,2675711,1282912
102678359,10031941,502028363,Bahnhofstrasse,73.1,8215 Hallau,2971,SH,real,False,23.07.2024,2676543,1282990
102678360,10031500,502028110,Höhenweg,5.1,8215 Hallau,2971,SH,real,False,23.07.2024,2676645,1283672
102678361,10031941,502028362,Bahnhofstrasse,78.1,8215 Hallau,2971,SH,real,False,23.07.2024,2676467,1282914
102678362,10031941,502028367,Bahnhofstrasse,58.4,8215 Hallau,2971,SH,real,False,23.07.2024,2676465,1283054
102678363,10144196,502028213,Giiger,1217.13,8215 Hallau,2971,SH,real,False,23.07.2024,2675601,1282721
102678364,10091390,502027929,Oberhallauerstrasse,15.2,8215 Hallau,2971,SH,real,False,23.07.2024,2677150,1283514
102678365,10031941,502028361,Bahnhofstrasse,78.2,8215 Hallau,2971,SH,real,False,23.07.2024,2676454,1282919
102678366,10151922,502028014,Mattenstöckli,1.10,8215 Hallau,2971,SH,real,False,23.07.2024,2675576,1282403
102678367,10144196,502028212,Giiger,1217.14,8215 Hallau,2971,SH,real,False,23.07.2024,2675679,1283020
102678368,10136520,502028101,Höörackerstrasse,6.3,8215 Hallau,2971,SH,real,False,23.07.2024,2676609,1283857
102678369,10031941,502028359,Bahnhofstrasse,89.1,8215 Hallau,2971,SH,real,False,23.07.2024,2676562,1282875
102678370,10151922,502028012,Mattenstöckli,1.11,8215 Hallau,2971,SH,real,False,23.07.2024,2675637,1282305
102678371,10091390,502027924,Oberhallauerstrasse,32.3,8215 Hallau,2971,SH,real,False,23.07.2024,2677328,1283608
102678372,10144196,502028211,Giiger,1217.15,8215 Hallau,2971,SH,real,False,23.07.2024,2675653,1283075
102678373,10091392,502027844,Schöneckstrasse,28.3,8215 Hallau,2971,SH,real,False,23.07.2024,2676608,1283306
102678374,10031941,502028358,Bahnhofstrasse,90.1,8215 Hallau,2971,SH,real,False,23.07.2024,2676466,1282847
102678376,10121180,502027920,Oberwiesenstrasse,18.1,8215 Hallau,2971,SH,real,False,23.07.2024,2676389,1283804
102678377,10144196,502028210,Giiger,1217.16,8215 Hallau,2971,SH,real,False,23.07.2024,2675502,1282681
102678378,10151922,502028011,Mattenstöckli,1.12,8215 Hallau,2971,SH,real,False,23.07.2024,2675647,1282293
102678379,10031941,502028357,Bahnhofstrasse,97.1,8215 Hallau,2971,SH,real,False,23.07.2024,2676551,1282775
102678380,10190666,502028089,Konservenstrasse,48.1,8215 Hallau,2971,SH,real,False,23.07.2024,2676928,1283179
102678381,10144196,502028209,Giiger,1217.17,8215 Hallau,2971,SH,real,False,23.07.2024,2675673,1283068
102678382,10151922,502028010,Mattenstöckli,1.13,8215 Hallau,2971,SH,real,False,23.07.2024,2675515,1282583
102678383,10031941,502028356,Bahnhofstrasse,97.2,8215 Hallau,2971,SH,real,False,23.07.2024,2676619,1282762
102678384,10113221,502027726,Wunderklingen,8.1,8215 Hallau,2971,SH,real,False,23.07.2024,2672677,1283502
102678385,10091392,502027858,Schöneckstrasse,4.1,8215 Hallau,2971,SH,real,False,23.07.2024,2676587,1283442
102678386,10144196,502028208,Giiger,1217.18,8215 Hallau,2971,SH,real,False,23.07.2024,2675371,1283060
102678387,10127709,502028337,Baumgartenstrasse,8.1,8215 Hallau,2971,SH,real,False,23.07.2024,2676246,1283274
102678388,10144196,502028186,Giiger,1217.4,8215 Hallau,2971,SH,real,False,23.07.2024,2675605,1282997
102678389,10144196,502028207,Giiger,1217.19,8215 Hallau,2971,SH,real,False,23.07.2024,2675480,1282646
102678390,10151922,502028009,Mattenstöckli,1.14,8215 Hallau,2971,SH,real,False,23.07.2024,2675471,1282477
102678391,10136793,502028336,Bei der Bergkirche,461.10,8215 Hallau,2971,SH,real,False,23.07.2024,2676614,1284298
102678392,10119638,502028173,Golderaa,1216.17,8215 Hallau,2971,SH,real,False,23.07.2024,2676938,1284228
102678393,10144196,502028205,Giiger,1217.2,8215 Hallau,2971,SH,real,False,23.07.2024,2675569,1282963
102678394,10091392,502027857,Schöneckstrasse,5.1,8215 Hallau,2971,SH,real,False,23.07.2024,2676636,1283446
102678395,10136793,502028335,Bei der Bergkirche,461.11,8215 Hallau,2971,SH,real,False,23.07.2024,2676717,1284331
102678396,10144196,502028206,Giiger,1217.20,8215 Hallau,2971,SH,real,False,23.07.2024,2675448,1283143
102678397,10091392,502027856,Schöneckstrasse,5.2,8215 Hallau,2971,SH,real,False,23.07.2024,2676643,1283455
102678398,10119638,502028160,Golderaa,1216.29,8215 Hallau,2971,SH,real,False,23.07.2024,2677107,1284545
102678399,10136793,502028334,Bei der Bergkirche,461.2,8215 Hallau,2971,SH,real,False,23.07.2024,2676790,1284053
102678400,10144196,502028204,Giiger,1217.21,8215 Hallau,2971,SH,real,False,23.07.2024,2675316,1283048
102678401,10133044,502027800,Statthofgasse,7.1,8215 Hallau,2971,SH,real,False,23.07.2024,2676889,1283564
102678402,10151922,502028008,Mattenstöckli,1.15,8215 Hallau,2971,SH,real,False,23.07.2024,2675416,1282421
102678403,10136793,502028333,Bei der Bergkirche,461.3,8215 Hallau,2971,SH,real,False,23.07.2024,2676687,1283979
102678404,10144196,502028203,Giiger,1217.22,8215 Hallau,2971,SH,real,False,23.07.2024,2675539,1283166
102678405,10151922,502028007,Mattenstöckli,1.16,8215 Hallau,2971,SH,real,False,23.07.2024,2675386,1282414
102678406,10179763,502027783,Tacherstrasse,21.4,8215 Hallau,2971,SH,real,False,23.07.2024,2675965,1283779
102678407,10136793,502028332,Bei der Bergkirche,461.4,8215 Hallau,2971,SH,real,False,23.07.2024,2676706,1283946
102678408,10144196,502028202,Giiger,1217.23,8215 Hallau,2971,SH,real,False,23.07.2024,2675403,1283139
102678409,10091392,502027855,Schöneckstrasse,9.1,8215 Hallau,2971,SH,real,False,23.07.2024,2676599,1283429
102678410,10179763,502027770,Tacherstrasse,27.5,8215 Hallau,2971,SH,real,False,23.07.2024,2675990,1283532
102678411,10136793,502028331,Bei der Bergkirche,461.5,8215 Hallau,2971,SH,real,False,23.07.2024,2676660,1283943
102678412,10144196,502028201,Giiger,1217.24,8215 Hallau,2971,SH,real,False,23.07.2024,2675397,1282652
102678413,10127711,502027759,Trasadingerweg,22.7,8215 Hallau,2971,SH,real,False,23.07.2024,2676268,1282521
102678414,10151922,502028006,Mattenstöckli,1.2,8215 Hallau,2971,SH,real,False,23.07.2024,2675838,1282455
102678415,10136793,502028330,Bei der Bergkirche,461.6,8215 Hallau,2971,SH,real,False,23.07.2024,2676786,1284173
102678416,10144196,502028200,Giiger,1217.25,8215 Hallau,2971,SH,real,False,23.07.2024,2675347,1283145
102678417,10091113,502028030,Lisiloostrasse,608.3,8215 Hallau,2971,SH,real,False,23.07.2024,2675889,1282623
102678418,10091392,502027854,Schöneckstrasse,9.2,8215 Hallau,2971,SH,real,False,23.07.2024,2676597,1283437
102678419,10073105,502027813,Selmattenstrasse,5.1,8215 Hallau,2971,SH,real,False,23.07.2024,2676465,1282991
102678420,10144196,502028199,Giiger,1217.26,8215 Hallau,2971,SH,real,False,23.07.2024,2675460,1282595
102678421,10031941,502028347,Bahnhofstrasse,130.1,8215 Hallau,2971,SH,real,False,23.07.2024,2676643,1282214
102678422,10151922,502028005,Mattenstöckli,1.3,8215 Hallau,2971,SH,real,False,23.07.2024,2675676,1282569
102678423,10136793,502028328,Bei der Bergkirche,461.8,8215 Hallau,2971,SH,real,False,23.07.2024,2676701,1284189
102678424,10144196,502028198,Giiger,1217.27,8215 Hallau,2971,SH,real,False,23.07.2024,2675502,1283222
102678425,10031941,502028340,Bahnhofstrasse,139.2,8215 Hallau,2971,SH,real,False,23.07.2024,2676822,1282054
102678426,10136793,502028327,Bei der Bergkirche,461.9,8215 Hallau,2971,SH,real,False,23.07.2024,2676669,1284262
102678427,10091392,502027853,Schöneckstrasse,9.3,8215 Hallau,2971,SH,real,False,23.07.2024,2676594,1283421
102678428,10144196,502028197,Giiger,1217.28,8215 Hallau,2971,SH,real,False,23.07.2024,2675374,1283193
102678429,10031941,502028370,Bahnhofstrasse,39.1,8215 Hallau,2971,SH,real,False,23.07.2024,2676511,1283165
102678430,10151922,502028003,Mattenstöckli,1.5,8215 Hallau,2971,SH,real,False,19.11.2024,2675673,1282650
102678432,10144196,502028196,Giiger,1217.29,8215 Hallau,2971,SH,real,False,23.07.2024,2675311,1282600
102678433,10091392,502027843,Schöneckstrasse,37.1,8215 Hallau,2971,SH,real,False,23.07.2024,2676626,1283288
102678434,10107219,502027822,Selhofstrasse,10.1,8215 Hallau,2971,SH,real,False,23.07.2024,2676403,1283303
102678435,10129038,502028326,Berghof,1.10,8215 Hallau,2971,SH,real,False,23.07.2024,2676477,1284391
102678436,10144196,502028194,Giiger,1217.3,8215 Hallau,2971,SH,real,False,23.07.2024,2675630,1282920
102678437,10107219,502027821,Selhofstrasse,10.2,8215 Hallau,2971,SH,real,False,23.07.2024,2676392,1283296
102678438,10151922,502028004,Mattenstöckli,1.4,8215 Hallau,2971,SH,real,False,23.07.2024,2675658,1282484
102678439,10144196,502028195,Giiger,1217.30,8215 Hallau,2971,SH,real,False,23.07.2024,2675277,1283169
102678440,10129038,502028324,Berghof,1.11,8215 Hallau,2971,SH,real,False,23.07.2024,2676437,1284691
102678441,10151922,502028002,Mattenstöckli,1.6,8215 Hallau,2971,SH,real,False,23.07.2024,2675696,1282376
102678442,10091114,502027995,Mühlegasse,12.1,8215 Hallau,2971,SH,real,False,23.07.2024,2676394,1283459
102678443,10144196,502028193,Giiger,1217.31,8215 Hallau,2971,SH,real,False,23.07.2024,2675405,1282537
102678444,10073105,502027809,Selmattenstrasse,8.1,8215 Hallau,2971,SH,real,False,23.07.2024,2676386,1283024
102678445,10031505,502027969,Neuhof,1.8,8215 Hallau,2971,SH,real,False,23.07.2024,2677051,1284715
102678446,10107219,502027820,Selhofstrasse,10.3,8215 Hallau,2971,SH,real,False,23.07.2024,2676385,1283299
102678447,10144196,502028192,Giiger,1217.32,8215 Hallau,2971,SH,real,False,23.07.2024,2675298,1282567
102678448,10073105,502027808,Selmattenstrasse,8.2,8215 Hallau,2971,SH,real,False,23.07.2024,2676371,1283023
102678449,10151922,502028001,Mattenstöckli,1.7,8215 Hallau,2971,SH,real,False,23.07.2024,2675656,1282658
102678450,10073103,502027967,Neunkircherstrasse,3.1,8215 Hallau,2971,SH,real,False,23.07.2024,2677022,1283483
102678451,10144196,502028191,Giiger,1217.33,8215 Hallau,2971,SH,real,False,23.07.2024,2675427,1283292
102678452,10143282,502027805,Sonnenburgweg,4.1,8215 Hallau,2971,SH,real,False,23.07.2024,2676626,1282958
102678453,10107219,502027819,Selhofstrasse,10.4,8215 Hallau,2971,SH,real,False,23.07.2024,2676383,1283307
102678454,10179759,502028303,Bergstrasse,21.1,8215 Hallau,2971,SH,real,False,23.07.2024,2676770,1283664
102678455,10144196,502028190,Giiger,1217.34,8215 Hallau,2971,SH,real,False,23.07.2024,2675307,1282524
102678456,10143282,502027804,Sonnenburgweg,4.2,8215 Hallau,2971,SH,real,False,23.07.2024,2676594,1282944
102678457,10151922,502028000,Mattenstöckli,1.8,8215 Hallau,2971,SH,real,False,23.07.2024,2675620,1282607
102678458,10179759,502028296,Bergstrasse,42.4,8215 Hallau,2971,SH,real,False,23.07.2024,2677012,1283882
102678459,10144196,502028189,Giiger,1217.35,8215 Hallau,2971,SH,real,False,23.07.2024,2675292,1282501
102678460,10133044,502027799,Statthofgasse,13.1,8215 Hallau,2971,SH,real,False,23.07.2024,2676853,1283570
102678461,10107219,502027818,Selhofstrasse,10.5,8215 Hallau,2971,SH,real,False,23.07.2024,2676373,1283294
102678462,10031498,502028137,Hauengasse,8.1,8215 Hallau,2971,SH,real,False,23.07.2024,2676473,1283501
102678463,10133044,502027798,Statthofgasse,13.2,8215 Hallau,2971,SH,real,False,23.07.2024,2676865,1283557
102678465,10151922,502027999,Mattenstöckli,1.9,8215 Hallau,2971,SH,real,False,23.07.2024,2675548,1282488
102678466,10031499,502028130,Hauptstrasse,28.1,8215 Hallau,2971,SH,real,False,23.07.2024,2676583,1283419
102678467,10133044,502027803,Statthofgasse,5.1,8215 Hallau,2971,SH,real,False,23.07.2024,2676897,1283564
102678468,10107219,502027817,Selhofstrasse,20.1,8215 Hallau,2971,SH,real,False,23.07.2024,2676288,1283235
102678469,10121179,502028281,Blumenstrasse,5.4,8215 Hallau,2971,SH,real,False,23.07.2024,2675845,1283043
102678470,10144196,502028187,Giiger,1217.37,8215 Hallau,2971,SH,real,False,23.07.2024,2675101,1282567
102678471,10117916,502028149,Grüntalstrasse,7.2,8215 Hallau,2971,SH,real,False,23.07.2024,2676975,1283278
102678472,10122741,502028115,Hauserhof,1.1,8215 Hallau,2971,SH,real,False,23.07.2024,2675877,1285838
102678473,10144196,502028185,Giiger,1217.5,8215 Hallau,2971,SH,real,False,23.07.2024,2675558,1282775
102678474,10091114,502027994,Mühlegasse,12.2,8215 Hallau,2971,SH,real,False,23.07.2024,2676405,1283464
102678475,10031945,502028239,Fernsichtstrasse,14.1,8215 Hallau,2971,SH,real,False,23.07.2024,2676200,1283582
102678476,10144196,502028184,Giiger,1217.6,8215 Hallau,2971,SH,real,False,23.07.2024,2675664,1282902
102678477,10033112,502028146,Haingartenstrasse,13.1,8215 Hallau,2971,SH,real,False,23.07.2024,2676575,1283290
102678478,10091114,502027993,Mühlegasse,15.1,8215 Hallau,2971,SH,real,False,19.11.2024,2676362,1283471
102678479,10031945,502028238,Fernsichtstrasse,18.1,8215 Hallau,2971,SH,real,False,23.07.2024,2676193,1283556
102678480,10107219,502027816,Selhofstrasse,20.2,8215 Hallau,2971,SH,real,False,23.07.2024,2676273,1283268
102678481,10144196,502028183,Giiger,1217.7,8215 Hallau,2971,SH,real,False,23.07.2024,2675435,1283016
102678482,10144196,502028182,Giiger,1217.8,8215 Hallau,2971,SH,real,False,23.07.2024,2675682,1282925
102678483,10033112,502028145,Haingartenstrasse,13.2,8215 Hallau,2971,SH,real,False,23.07.2024,2676597,1283297
102678484,10031945,502028237,Fernsichtstrasse,23.1,8215 Hallau,2971,SH,real,False,23.07.2024,2676226,1283478
102678485,10033112,502028144,Haingartenstrasse,24.1,8215 Hallau,2971,SH,real,False,23.07.2024,2676594,1283252
102678486,10144196,502028181,Giiger,1217.9,8215 Hallau,2971,SH,real,False,23.07.2024,2675672,1282834
102678487,10091114,502027992,Mühlegasse,19.1,8215 Hallau,2971,SH,real,False,23.07.2024,2676332,1283480
102678488,10179760,502028235,Festistrasse,15.1,8215 Hallau,2971,SH,real,False,23.07.2024,2676256,1283399
102678489,10033112,502028143,Haingartenstrasse,31.1,8215 Hallau,2971,SH,real,False,23.07.2024,2676680,1283208
102678490,10119638,502028180,Golderaa,1216.10,8215 Hallau,2971,SH,real,False,23.07.2024,2676996,1284117
102678491,10179760,502028234,Festistrasse,26.1,8215 Hallau,2971,SH,real,False,23.07.2024,2676208,1283411
102678492,10107219,502027815,Selhofstrasse,24.1,8215 Hallau,2971,SH,real,False,23.07.2024,2676259,1283251
102678493,10033112,502028148,Haingartenstrasse,5.1,8215 Hallau,2971,SH,real,False,23.07.2024,2676544,1283324
102678494,10179760,502028236,Festistrasse,8.1,8215 Hallau,2971,SH,real,False,23.07.2024,2676256,1283448
102678495,10119638,502028179,Golderaa,1216.11,8215 Hallau,2971,SH,real,False,23.07.2024,2676870,1284173
102678496,10091114,502027991,Mühlegasse,20.1,8215 Hallau,2971,SH,real,False,23.07.2024,2676315,1283560
102678497,10033112,502028147,Haingartenstrasse,6.1,8215 Hallau,2971,SH,real,False,23.07.2024,2676521,1283297
102678498,10091394,502027707,Wunderklingerstrasse,59.1,8215 Hallau,2971,SH,real,False,23.07.2024,2676098,1283334
102678499,10119638,502028178,Golderaa,1216.12,8215 Hallau,2971,SH,real,False,23.07.2024,2676852,1284167
102678500,10107219,502027814,Selhofstrasse,26.1,8215 Hallau,2971,SH,real,False,23.07.2024,2676242,1283227
102678501,10133043,502028142,Haingartenweg,3.1,8215 Hallau,2971,SH,real,False,23.07.2024,2676509,1283342
102678502,10091394,502027715,Wunderklingerstrasse,6.1,8215 Hallau,2971,SH,real,False,23.07.2024,2676422,1283424
102678503,10119638,502028177,Golderaa,1216.13,8215 Hallau,2971,SH,real,False,23.07.2024,2676995,1284000
102678504,10179759,502028300,Bergstrasse,39.1,8215 Hallau,2971,SH,real,False,23.07.2024,2676846,1283757
102678505,10091114,502027990,Mühlegasse,20.2,8215 Hallau,2971,SH,real,False,23.07.2024,2676312,1283572
102678506,10091394,502027706,Wunderklingerstrasse,65.1,8215 Hallau,2971,SH,real,False,23.07.2024,2676034,1283340
102678507,10119638,502028176,Golderaa,1216.14,8215 Hallau,2971,SH,real,False,23.07.2024,2676863,1284185
102678508,10031497,502028141,Hammermauer,13.1,8215 Hallau,2971,SH,real,False,23.07.2024,2676809,1283568
102678509,10073105,502027807,Selmattenstrasse,17.1,8215 Hallau,2971,SH,real,False,23.07.2024,2676352,1282955
102678510,10119638,502028175,Golderaa,1216.15,8215 Hallau,2971,SH,real,False,23.07.2024,2677051,1284066
102678511,10091394,502027705,Wunderklingerstrasse,65.2,8215 Hallau,2971,SH,real,False,23.07.2024,2676031,1283365
102678512,10031497,502028139,Hammermauer,17.1,8215 Hallau,2971,SH,real,False,23.07.2024,2676831,1283608
102678513,10119638,502028174,Golderaa,1216.16,8215 Hallau,2971,SH,real,False,23.07.2024,2676841,1284206
102678514,10091394,502027704,Wunderklingerstrasse,65.3,8215 Hallau,2971,SH,real,False,23.07.2024,2675896,1283480
102678515,10091114,502027998,Mühlegasse,4.1,8215 Hallau,2971,SH,real,False,23.07.2024,2676426,1283439
102678516,10091111,502028138,Hammerschmiede,1.1,8215 Hallau,2971,SH,real,False,23.07.2024,2676077,1282653
102678517,10091394,502027703,Wunderklingerstrasse,65.4,8215 Hallau,2971,SH,real,False,23.07.2024,2675853,1283453
102678519,10073105,502027806,Selmattenstrasse,17.2,8215 Hallau,2971,SH,real,False,23.07.2024,2676357,1282958
102678520,10031498,502028136,Hauengasse,11.1,8215 Hallau,2971,SH,real,False,23.07.2024,2676463,1283475
102678521,10091394,502027702,Wunderklingerstrasse,65.5,8215 Hallau,2971,SH,real,False,23.07.2024,2675879,1283547
102678522,10119638,502028171,Golderaa,1216.19,8215 Hallau,2971,SH,real,False,23.07.2024,2676867,1284270
102678523,10091114,502027997,Mühlegasse,7.1,8215 Hallau,2971,SH,real,False,23.07.2024,2676351,1283431
102678525,10091394,502027701,Wunderklingerstrasse,65.6,8215 Hallau,2971,SH,real,False,23.07.2024,2675801,1283511
102678526,10119638,502028170,Golderaa,1216.2,8215 Hallau,2971,SH,real,False,23.07.2024,2676870,1284101
102678527,10143284,502027961,Ob der Haalde,880.10,8215 Hallau,2971,SH,real,False,23.07.2024,2675160,1283286
102678528,10073105,502027812,Selmattenstrasse,5.2,8215 Hallau,2971,SH,real,False,23.07.2024,2676481,1283004
102678529,10091394,502027700,Wunderklingerstrasse,65.7,8215 Hallau,2971,SH,real,False,23.07.2024,2675747,1283570
102678530,10143284,502027959,Ob der Haalde,880.11,8215 Hallau,2971,SH,real,False,23.07.2024,2675041,1283157
102678531,10119638,502028169,Golderaa,1216.20,8215 Hallau,2971,SH,real,False,23.07.2024,2676896,1284315
102678532,10091114,502027996,Mühlegasse,7.2,8215 Hallau,2971,SH,real,False,23.07.2024,2676344,1283444
102678533,10091394,502027714,Wunderklingerstrasse,7.1,8215 Hallau,2971,SH,real,False,23.07.2024,2676417,1283374
102678534,10143284,502027958,Ob der Haalde,880.12,8215 Hallau,2971,SH,real,False,23.07.2024,2675156,1283227
102678535,10119638,502028168,Golderaa,1216.21,8215 Hallau,2971,SH,real,False,23.07.2024,2676783,1284303
102678536,10073105,502027811,Selmattenstrasse,5.3,8215 Hallau,2971,SH,real,False,23.07.2024,2676433,1283047
102678537,10031511,502027699,Zollamt Hausen,1.1,8215 Hallau,2971,SH,real,False,23.07.2024,2675872,1285486
102678538,10031943,502028290,Bienengartenstrasse,8.1,8215 Hallau,2971,SH,real,False,23.07.2024,2676462,1283823
102678539,10119638,502028167,Golderaa,1216.22,8215 Hallau,2971,SH,real,False,23.07.2024,2677004,1284322
102678541,10187869,502028087,Küferstrasse,3.1,8215 Hallau,2971,SH,real,False,23.07.2024,2676205,1283148
102678542,10119638,502028166,Golderaa,1216.23,8215 Hallau,2971,SH,real,False,23.07.2024,2676934,1284358
102678543,10143284,502027957,Ob der Haalde,880.13,8215 Hallau,2971,SH,real,False,23.07.2024,2675097,1283161
102678544,10073105,502027810,Selmattenstrasse,7.1,8215 Hallau,2971,SH,real,False,23.07.2024,2676408,1282971
102678545,10143284,502027956,Ob der Haalde,880.14,8215 Hallau,2971,SH,real,False,23.07.2024,2675199,1283230
102678546,10121180,502027914,Oberwiesenstrasse,47.4,8215 Hallau,2971,SH,real,False,23.07.2024,2676298,1284202
102678547,10119638,502028165,Golderaa,1216.24,8215 Hallau,2971,SH,real,False,23.07.2024,2676839,1284379
102678548,10143284,502027955,Ob der Haalde,880.15,8215 Hallau,2971,SH,real,False,23.07.2024,2675201,1283557
102678549,10187869,502028086,Küferstrasse,3.2,8215 Hallau,2971,SH,real,False,23.07.2024,2676191,1283141
102678550,10129038,502028323,Berghof,1.12,8215 Hallau,2971,SH,real,False,23.07.2024,2676581,1284371
102678551,10119638,502028164,Golderaa,1216.25,8215 Hallau,2971,SH,real,False,23.07.2024,2676898,1284436
102678552,10121180,502027913,Oberwiesenstrasse,47.5,8215 Hallau,2971,SH,real,False,23.07.2024,2676423,1284201
102678553,10143284,502027954,Ob der Haalde,880.16,8215 Hallau,2971,SH,real,False,23.07.2024,2675170,1283174
102678554,10129038,502028322,Berghof,1.13,8215 Hallau,2971,SH,real,False,23.07.2024,2676647,1284428
102678555,10119638,502028163,Golderaa,1216.26,8215 Hallau,2971,SH,real,False,23.07.2024,2677109,1284396
102678556,10187869,502028084,Küferstrasse,40.1,8215 Hallau,2971,SH,real,False,23.07.2024,2675942,1283115
102678557,10143284,502027952,Ob der Haalde,880.18,8215 Hallau,2971,SH,real,False,23.07.2024,2675072,1283071
102678558,10031505,502027975,Neuhof,1.2,8215 Hallau,2971,SH,real,False,23.07.2024,2676486,1284876
102678560,10121180,502027912,Oberwiesenstrasse,47.6,8215 Hallau,2971,SH,real,False,23.07.2024,2676106,1284074
102678561,10129038,502028321,Berghof,1.14,8215 Hallau,2971,SH,real,False,23.07.2024,2676487,1284287
102678562,10119638,502028161,Golderaa,1216.28,8215 Hallau,2971,SH,real,False,23.07.2024,2676954,1284473
102678563,10143284,502027951,Ob der Haalde,880.19,8215 Hallau,2971,SH,real,False,23.07.2024,2675286,1283320
102678565,10031505,502027974,Neuhof,1.3,8215 Hallau,2971,SH,real,False,23.07.2024,2676481,1284911
102678566,10119638,502028158,Golderaa,1216.3,8215 Hallau,2971,SH,real,False,23.07.2024,2676916,1284013
102678567,10143284,502027950,Ob der Haalde,880.2,8215 Hallau,2971,SH,real,False,23.07.2024,2674941,1283341
102678568,10121180,502027911,Oberwiesenstrasse,47.7,8215 Hallau,2971,SH,real,False,23.07.2024,2676015,1284118
102678569,10119638,502028159,Golderaa,1216.30,8215 Hallau,2971,SH,real,False,23.07.2024,2677108,1284643
102678570,10129038,502028320,Berghof,1.15,8215 Hallau,2971,SH,real,False,23.07.2024,2676713,1284443
102678571,10143284,502027949,Ob der Haalde,880.20,8215 Hallau,2971,SH,real,False,23.07.2024,2675275,1283253
102678572,10121180,502027910,Oberwiesenstrasse,47.8,8215 Hallau,2971,SH,real,False,23.07.2024,2676086,1284259
102678573,10119638,502028157,Golderaa,1216.31,8215 Hallau,2971,SH,real,False,23.07.2024,2677149,1284696
102678574,10031505,502027973,Neuhof,1.4,8215 Hallau,2971,SH,real,True,23.07.2024,2676488,1284866
102678575,10143284,502027948,Ob der Haalde,880.21,8215 Hallau,2971,SH,real,False,23.07.2024,2675351,1283337
102678576,10187869,502028082,Küferstrasse,44.2,8215 Hallau,2971,SH,real,False,23.07.2024,2675627,1283178
102678577,10119638,502028156,Golderaa,1216.4,8215 Hallau,2971,SH,real,False,23.07.2024,2676964,1284059
102678578,10129038,502028319,Berghof,1.16,8215 Hallau,2971,SH,real,False,23.07.2024,2676850,1284506
102678579,10143284,502027947,Ob der Haalde,880.22,8215 Hallau,2971,SH,real,False,23.07.2024,2675358,1283353
102678580,10121180,502027909,Oberwiesenstrasse,47.9,8215 Hallau,2971,SH,real,False,23.07.2024,2675905,1284263
102678581,10119638,502028155,Golderaa,1216.5,8215 Hallau,2971,SH,real,False,23.07.2024,2676973,1284073
102678582,10031505,502027972,Neuhof,1.5,8215 Hallau,2971,SH,real,False,23.07.2024,2676786,1285027
102678583,10143284,502027946,Ob der Haalde,880.23,8215 Hallau,2971,SH,real,False,23.07.2024,2675362,1283488
102678584,10179762,502027906,Ottengasse,16.1,8215 Hallau,2971,SH,real,False,23.07.2024,2676785,1283408
102678585,10119638,502028154,Golderaa,1216.6,8215 Hallau,2971,SH,real,False,23.07.2024,2676857,1284128
102678586,10031505,502027971,Neuhof,1.6,8215 Hallau,2971,SH,real,False,23.07.2024,2676764,1284672
102678587,10143284,502027945,Ob der Haalde,880.24,8215 Hallau,2971,SH,real,False,19.11.2024,2675422,1283399
102678588,10179762,502027905,Ottengasse,16.2,8215 Hallau,2971,SH,real,False,23.07.2024,2676792,1283379
102678589,10119638,502028153,Golderaa,1216.7,8215 Hallau,2971,SH,real,False,23.07.2024,2676872,1284147
102678591,10143284,502027944,Ob der Haalde,880.25,8215 Hallau,2971,SH,real,False,23.07.2024,2675467,1283410
102678592,10119638,502028152,Golderaa,1216.8,8215 Hallau,2971,SH,real,False,23.07.2024,2676941,1284147
102678593,10031505,502027970,Neuhof,1.7,8215 Hallau,2971,SH,real,False,23.07.2024,2676539,1285307
102678594,10179762,502027908,Ottengasse,2.1,8215 Hallau,2971,SH,real,False,23.07.2024,2676821,1283462
102678595,10143284,502027943,Ob der Haalde,880.3,8215 Hallau,2971,SH,real,False,23.07.2024,2674911,1283348
102678596,10119638,502028151,Golderaa,1216.9,8215 Hallau,2971,SH,real,False,23.07.2024,2676857,1284160
102678597,10179762,502027907,Ottengasse,3.2,8215 Hallau,2971,SH,real,False,23.07.2024,2676847,1283440
102678599,10117916,502028150,Grüntalstrasse,4.1,8215 Hallau,2971,SH,real,False,23.07.2024,2676883,1283308
102678600,10143284,502027942,Ob der Haalde,880.4,8215 Hallau,2971,SH,real,False,23.07.2024,2675044,1283444
102678602,10129038,502028316,Berghof,1.4,8215 Hallau,2971,SH,real,False,23.07.2024,2676435,1284551
102678603,10133044,502027802,Statthofgasse,5.2,8215 Hallau,2971,SH,real,False,23.07.2024,2676908,1283571
102678604,10046639,502027758,Trottenstrasse,1.1,8215 Hallau,2971,SH,real,False,23.07.2024,2676356,1283904
102678605,10107066,502027903,Rebbergstrasse,10.1,8215 Hallau,2971,SH,real,False,23.07.2024,2676452,1284004
102678607,10017108,502028268,Buckstrasse,2.1,8215 Hallau,2971,SH,real,False,23.07.2024,2677116,1283624
102678608,10133044,502027801,Statthofgasse,5.3,8215 Hallau,2971,SH,real,False,23.07.2024,2676917,1283575
102678609,10073101,502028079,Laamenstrasse,11.2,8215 Hallau,2971,SH,real,True,23.07.2024,2675887,1283370
102678610,10129038,502028315,Berghof,1.5,8215 Hallau,2971,SH,real,False,23.07.2024,2676452,1284523
102678611,10046639,502027755,Trottenstrasse,16.1,8215 Hallau,2971,SH,real,False,23.07.2024,2676213,1283833
102678612,10107066,502027902,Rebbergstrasse,12.1,8215 Hallau,2971,SH,real,False,23.07.2024,2676458,1284002
102678613,10179763,502027794,Tacherstrasse,11.1,8215 Hallau,2971,SH,real,False,23.07.2024,2676211,1283635
102678614,10073103,502027965,Neunkircherstrasse,11.1,8215 Hallau,2971,SH,real,False,23.07.2024,2677059,1283435
102678615,10143284,502027940,Ob der Haalde,880.6,8215 Hallau,2971,SH,real,False,23.07.2024,2675075,1283357
102678616,10179763,502027793,Tacherstrasse,13.1,8215 Hallau,2971,SH,real,False,23.07.2024,2676193,1283637
102678617,10073101,502028078,Laamenstrasse,11.3,8215 Hallau,2971,SH,real,True,23.07.2024,2675813,1283432
102678619,10017108,502028266,Buckstrasse,714.2,8215 Hallau,2971,SH,real,False,23.07.2024,2677068,1283924
102678620,10073101,502028077,Laamenstrasse,11.4,8215 Hallau,2971,SH,real,True,23.07.2024,2675695,1283474
102678621,10179763,502027792,Tacherstrasse,15.1,8215 Hallau,2971,SH,real,False,23.07.2024,2676190,1283637
102678622,10129038,502028313,Berghof,1.7,8215 Hallau,2971,SH,real,False,23.07.2024,2676482,1284514
102678623,10122741,502028112,Hauserhof,1.4,8215 Hallau,2971,SH,real,False,23.07.2024,2675802,1285825
102678624,10107066,502027901,Rebbergstrasse,12.2,8215 Hallau,2971,SH,real,False,23.07.2024,2676444,1284107
102678625,10179763,502027791,Tacherstrasse,17.1,8215 Hallau,2971,SH,real,False,23.07.2024,2676172,1283639
102678626,10073103,502027964,Neunkircherstrasse,17.1,8215 Hallau,2971,SH,real,False,23.07.2024,2677063,1283388
102678629,10129038,502028312,Berghof,1.8,8215 Hallau,2971,SH,real,False,23.07.2024,2676453,1284600
102678630,10179763,502027790,Tacherstrasse,17.2,8215 Hallau,2971,SH,real,False,23.07.2024,2675954,1283690
102678631,10143284,502027939,Ob der Haalde,880.7,8215 Hallau,2971,SH,real,False,23.07.2024,2675077,1283516
102678632,10107066,502027899,Rebbergstrasse,16.1,8215 Hallau,2971,SH,real,False,23.07.2024,2676513,1283992
102678633,10179763,502027789,Tacherstrasse,19.1,8215 Hallau,2971,SH,real,False,23.07.2024,2676198,1283662
102678635,10073101,502028075,Laamenstrasse,21.2,8215 Hallau,2971,SH,real,False,23.07.2024,2675891,1283267
102678636,10179763,502027788,Tacherstrasse,19.2,8215 Hallau,2971,SH,real,False,23.07.2024,2676211,1283692
102678637,10180893,502028111,Heerengarten,10.1,8215 Hallau,2971,SH,real,False,23.07.2024,2676682,1283451
102678638,10073101,502028074,Laamenstrasse,29.1,8215 Hallau,2971,SH,real,False,23.07.2024,2675901,1283134
102678639,10129038,502028311,Berghof,1.9,8215 Hallau,2971,SH,real,False,23.07.2024,2676449,1284627
102678640,10179763,502027787,Tacherstrasse,19.3,8215 Hallau,2971,SH,real,False,23.07.2024,2676197,1283723
102678641,10046639,502027756,Trottenstrasse,16.10,8215 Hallau,2971,SH,real,False,23.07.2024,2676094,1284034
102678642,10107066,502027900,Rebbergstrasse,16.10,8215 Hallau,2971,SH,real,False,23.07.2024,2676554,1284258
102678643,10129038,502028310,Berghof,2.1,8215 Hallau,2971,SH,real,False,23.07.2024,2676284,1284498
102678644,10179763,502027786,Tacherstrasse,21.1,8215 Hallau,2971,SH,real,False,23.07.2024,2676178,1283667
102678645,10031944,502028264,Chatzenbergstrasse,4.1,8215 Hallau,2971,SH,real,False,23.07.2024,2676589,1283681
102678646,10073101,502028073,Laamenstrasse,29.2,8215 Hallau,2971,SH,real,False,23.07.2024,2675903,1283180
102678647,10073103,502027966,Neunkircherstrasse,5.1,8215 Hallau,2971,SH,real,False,23.07.2024,2677015,1283471
102678648,10179763,502027785,Tacherstrasse,21.2,8215 Hallau,2971,SH,real,False,23.07.2024,2676106,1283686
102678649,10143284,502027938,Ob der Haalde,880.8,8215 Hallau,2971,SH,real,False,23.07.2024,2675088,1283264
102678650,10073101,502028072,Laamenstrasse,29.3,8215 Hallau,2971,SH,real,False,23.07.2024,2675858,1283250
102678651,10129038,502028309,Berghof,2.2,8215 Hallau,2971,SH,real,False,23.07.2024,2676274,1284514
102678652,10091112,502028106,Hohlengasse,23.1,8215 Hallau,2971,SH,real,False,23.07.2024,2676726,1283756
102678653,10179763,502027784,Tacherstrasse,21.3,8215 Hallau,2971,SH,real,False,23.07.2024,2676117,1283728
102678654,10073101,502028071,Laamenstrasse,29.4,8215 Hallau,2971,SH,real,False,23.07.2024,2675805,1283221
102678655,10128815,502027962,Neuwiesenstrasse,19.1,8215 Hallau,2971,SH,real,False,23.07.2024,2675955,1283160
102678656,10133015,502028263,Dickistrasse,1.1,8215 Hallau,2971,SH,real,False,23.07.2024,2677294,1283143
102678657,10107066,502027897,Rebbergstrasse,16.3,8215 Hallau,2971,SH,real,False,23.07.2024,2676581,1283971
102678658,10179763,502027782,Tacherstrasse,21.5,8215 Hallau,2971,SH,real,False,23.07.2024,2675795,1283794
102678659,10129038,502028308,Berghof,2.3,8215 Hallau,2971,SH,real,False,23.07.2024,2676270,1284513
102678660,10046639,502027754,Trottenstrasse,16.11,8215 Hallau,2971,SH,real,False,23.07.2024,2675882,1283950
102678661,10073101,502028070,Laamenstrasse,29.5,8215 Hallau,2971,SH,real,False,23.07.2024,2675733,1283194
102678662,10179763,502027781,Tacherstrasse,21.6,8215 Hallau,2971,SH,real,False,23.07.2024,2675761,1283819
102678663,10143284,502027937,Ob der Haalde,880.9,8215 Hallau,2971,SH,real,False,23.07.2024,2675165,1283416
102678664,10104511,502027989,Nägeliseehof,1.2,8215 Hallau,2971,SH,real,False,23.07.2024,2675493,1286002
102678666,10179763,502027780,Tacherstrasse,23.1,8215 Hallau,2971,SH,real,False,23.07.2024,2675913,1283655
102678667,10129038,502028307,Berghof,2.4,8215 Hallau,2971,SH,real,False,23.07.2024,2676295,1284452
102678668,10133015,502028262,Dickistrasse,1.2,8215 Hallau,2971,SH,real,False,23.07.2024,2677320,1283171
102678669,10107066,502027896,Rebbergstrasse,16.4,8215 Hallau,2971,SH,real,False,23.07.2024,2676528,1284091
102678670,10179763,502027779,Tacherstrasse,23.2,8215 Hallau,2971,SH,real,False,23.07.2024,2675908,1283632
102678671,10129038,502028306,Berghof,2.5,8215 Hallau,2971,SH,real,False,23.07.2024,2676266,1284512
102678672,10091112,502028105,Hohlengasse,23.2,8215 Hallau,2971,SH,real,False,23.07.2024,2676795,1283754
102678673,10073101,502028068,Laamenstrasse,29.7,8215 Hallau,2971,SH,real,False,23.07.2024,2675569,1283310
102678674,10179763,502027778,Tacherstrasse,23.3,8215 Hallau,2971,SH,real,False,23.07.2024,2675862,1283636
102678675,10104511,502027988,Nägeliseehof,1.3,8215 Hallau,2971,SH,real,False,23.07.2024,2675476,1286001
102678676,10073101,502028067,Laamenstrasse,29.8,8215 Hallau,2971,SH,real,False,23.07.2024,2675649,1283443
102678677,10031507,502027936,Obere Buckstrasse,22.1,8215 Hallau,2971,SH,real,False,23.07.2024,2677071,1283748
102678678,10129038,502028305,Berghof,2.6,8215 Hallau,2971,SH,real,False,23.07.2024,2676263,1284512
102678679,10179763,502027777,Tacherstrasse,25.1,8215 Hallau,2971,SH,real,False,23.07.2024,2676180,1283564
102678680,10107066,502027895,Rebbergstrasse,16.5,8215 Hallau,2971,SH,real,False,23.07.2024,2676605,1284026
102678681,10046639,502027753,Trottenstrasse,16.12,8215 Hallau,2971,SH,real,False,23.07.2024,2675939,1284098
102678682,10104511,502027987,Nägeliseehof,1.4,8215 Hallau,2971,SH,real,False,23.07.2024,2675473,1286000
102678683,10073101,502028081,Laamenstrasse,7.1,8215 Hallau,2971,SH,real,False,23.07.2024,2676045,1283292
102678684,10179763,502027776,Tacherstrasse,25.2,8215 Hallau,2971,SH,real,False,23.07.2024,2676095,1283567
102678685,10133015,502028261,Dickistrasse,2.1,8215 Hallau,2971,SH,real,False,23.07.2024,2677207,1282967
102678686,10031501,502028066,Lahngasse,1.1,8215 Hallau,2971,SH,real,False,23.07.2024,2676502,1283444
102678687,10129038,502028304,Berghof,2.7,8215 Hallau,2971,SH,real,False,23.07.2024,2676089,1284495
102678688,10179763,502027775,Tacherstrasse,25.3,8215 Hallau,2971,SH,real,False,23.07.2024,2676028,1283600
102678689,10107066,502027894,Rebbergstrasse,16.6,8215 Hallau,2971,SH,real,False,23.07.2024,2676599,1284062
102678690,10073100,502028104,Hohwehri,1.1,8215 Hallau,2971,SH,real,False,23.07.2024,2676793,1283625
102678691,10104511,502027986,Nägeliseehof,1.5,8215 Hallau,2971,SH,real,False,23.07.2024,2675469,1285999
102678692,10179763,502027774,Tacherstrasse,27.1,8215 Hallau,2971,SH,real,False,23.07.2024,2676180,1283560
102678693,10107066,502027893,Rebbergstrasse,16.7,8215 Hallau,2971,SH,real,False,23.07.2024,2676538,1284114
102678694,10046639,502027752,Trottenstrasse,16.2,8215 Hallau,2971,SH,real,False,23.07.2024,2676224,1283885
102678695,10104511,502027985,Nägeliseehof,1.6,8215 Hallau,2971,SH,real,False,23.07.2024,2675464,1285999
102678696,10179763,502027773,Tacherstrasse,27.2,8215 Hallau,2971,SH,real,False,23.07.2024,2676156,1283486
102678697,10031501,502028064,Lahngasse,13.1,8215 Hallau,2971,SH,real,False,23.07.2024,2676425,1283566
102678698,10031507,502027935,Obere Buckstrasse,30.1,8215 Hallau,2971,SH,real,False,23.07.2024,2677120,1283782
102678699,10179763,502027772,Tacherstrasse,27.3,8215 Hallau,2971,SH,real,False,23.07.2024,2676108,1283492
102678700,10179759,502028302,Bergstrasse,32.1,8215 Hallau,2971,SH,real,False,23.07.2024,2676866,1283636
102678701,10031501,502028063,Lahngasse,16.1,8215 Hallau,2971,SH,real,False,23.07.2024,2676487,1283539
102678702,10179763,502027771,Tacherstrasse,27.4,8215 Hallau,2971,SH,real,False,23.07.2024,2676057,1283529
102678703,10104511,502027984,Nägeliseehof,1.7,8215 Hallau,2971,SH,real,False,23.07.2024,2675459,1285997
102678704,10046639,502027751,Trottenstrasse,16.3,8215 Hallau,2971,SH,real,False,23.07.2024,2676260,1283841
102678705,10107066,502027892,Rebbergstrasse,16.8,8215 Hallau,2971,SH,real,False,23.07.2024,2676610,1284119
102678706,10179763,502027769,Tacherstrasse,27.6,8215 Hallau,2971,SH,real,False,23.07.2024,2675988,1283529
102678707,10179759,502028301,Bergstrasse,32.2,8215 Hallau,2971,SH,real,False,23.07.2024,2676844,1283665
102678708,10031500,502028109,Höhenweg,16.1,8215 Hallau,2971,SH,real,False,23.07.2024,2676731,1283831
102678709,10104511,502027983,Nägeliseehof,1.8,8215 Hallau,2971,SH,real,False,23.07.2024,2675431,1285992
102678711,10179763,502027768,Tacherstrasse,27.7,8215 Hallau,2971,SH,real,False,23.07.2024,2675968,1283555
102678713,10179759,502028299,Bergstrasse,42.1,8215 Hallau,2971,SH,real,False,23.07.2024,2676976,1283751
102678714,10107066,502027891,Rebbergstrasse,16.9,8215 Hallau,2971,SH,real,False,23.07.2024,2676503,1284195
102678715,10179763,502027796,Tacherstrasse,3.1,8215 Hallau,2971,SH,real,False,23.07.2024,2676263,1283612
102678716,10046639,502027750,Trottenstrasse,16.4,8215 Hallau,2971,SH,real,False,23.07.2024,2676256,1283916
102678717,10031506,502027981,Nässistrasse,10.1,8215 Hallau,2971,SH,real,False,23.07.2024,2676821,1283247
102678718,10031501,502028061,Lahngasse,20.1,8215 Hallau,2971,SH,real,False,23.07.2024,2676476,1283584
102678719,10179763,502027795,Tacherstrasse,9.1,8215 Hallau,2971,SH,real,False,23.07.2024,2676214,1283635
102678720,10133015,502028259,Dickistrasse,2.11,8215 Hallau,2971,SH,real,False,23.07.2024,2677141,1282937
102678721,10179759,502028298,Bergstrasse,42.2,8215 Hallau,2971,SH,real,False,23.07.2024,2676950,1283761
102678722,10031501,502028060,Lahngasse,21.1,8215 Hallau,2971,SH,real,False,23.07.2024,2676443,1283610
102678723,10031500,502028108,Höhenweg,16.2,8215 Hallau,2971,SH,real,False,23.07.2024,2676764,1283818
102678724,10136791,502027767,Teissenstrasse,5.1,8215 Hallau,2971,SH,real,False,23.07.2024,2676143,1283445
102678725,10031506,502027980,Nässistrasse,10.2,8215 Hallau,2971,SH,real,False,23.07.2024,2676837,1283269
102678726,10107066,502027904,Rebbergstrasse,6.1,8215 Hallau,2971,SH,real,False,23.07.2024,2676409,1284017
102678727,10127711,502027765,Trasadingerweg,22.1,8215 Hallau,2971,SH,real,False,23.07.2024,2676311,1282558
102678728,10046639,502027749,Trottenstrasse,16.5,8215 Hallau,2971,SH,real,False,23.07.2024,2676182,1283930
102678729,10179759,502028297,Bergstrasse,42.3,8215 Hallau,2971,SH,real,False,23.07.2024,2676923,1283849
102678730,10031501,502028065,Lahngasse,9.1,8215 Hallau,2971,SH,real,False,23.07.2024,2676464,1283506
102678731,10031507,502027933,Obere Buckstrasse,34.1,8215 Hallau,2971,SH,real,False,23.07.2024,2677103,1283861
102678732,10127711,502027764,Trasadingerweg,22.2,8215 Hallau,2971,SH,real,False,23.07.2024,2676285,1282557
102678733,10091391,502027889,Rohrackerstrasse,12.1,8215 Hallau,2971,SH,real,False,23.07.2024,2676124,1282967
102678734,10031506,502027979,Nässistrasse,13.1,8215 Hallau,2971,SH,real,False,23.07.2024,2676883,1283259
102678735,10127711,502027763,Trasadingerweg,22.3,8215 Hallau,2971,SH,real,False,23.07.2024,2676277,1282565
102678736,10133015,502028258,Dickistrasse,2.2,8215 Hallau,2971,SH,real,False,23.07.2024,2677199,1282964
102678737,10031502,502028055,Leebenstrasse,1.1,8215 Hallau,2971,SH,real,False,23.07.2024,2677016,1283378
102678738,10073099,502028295,Bettenbuck,1.1,8215 Hallau,2971,SH,real,False,23.07.2024,2677099,1282229
102678739,10127711,502027762,Trasadingerweg,22.4,8215 Hallau,2971,SH,real,False,23.07.2024,2676269,1282596
102678740,10046639,502027748,Trottenstrasse,16.6,8215 Hallau,2971,SH,real,False,23.07.2024,2676122,1283948
102678741,10031502,502028053,Leebenstrasse,13.1,8215 Hallau,2971,SH,real,False,23.07.2024,2676865,1283329
102678742,10031506,502027978,Nässistrasse,13.2,8215 Hallau,2971,SH,real,False,23.07.2024,2676878,1283274
102678743,10031500,502028107,Höhenweg,16.3,8215 Hallau,2971,SH,real,False,23.07.2024,2676685,1283870
102678744,10127711,502027761,Trasadingerweg,22.5,8215 Hallau,2971,SH,real,False,23.07.2024,2676276,1282608
102678745,10091391,502027890,Rohrackerstrasse,9.1,8215 Hallau,2971,SH,real,True,23.07.2024,2676152,1282973
102678746,10031506,502027977,Nässistrasse,13.3,8215 Hallau,2971,SH,real,False,23.07.2024,2676898,1283235
102678747,10127688,502027932,Obere Ifangstrasse,9.1,8215 Hallau,2971,SH,real,False,23.07.2024,2676369,1283729
102678748,10127711,502027760,Trasadingerweg,22.6,8215 Hallau,2971,SH,real,False,23.07.2024,2676251,1282561
102678749,10031502,502028052,Leebenstrasse,18.1,8215 Hallau,2971,SH,real,False,19.11.2024,2676840,1283332
102678750,10031506,502027982,Nässistrasse,6.1,8215 Hallau,2971,SH,real,False,23.07.2024,2676850,1283307
102678751,10046639,502027747,Trottenstrasse,16.7,8215 Hallau,2971,SH,real,False,23.07.2024,2676165,1283998
102678752,10142426,502027887,Rosenauweg,1.1,8215 Hallau,2971,SH,real,False,23.07.2024,2676974,1283509
102678753,10073099,502028294,Bettenbuck,1.2,8215 Hallau,2971,SH,real,False,23.07.2024,2677114,1282253
102678754,10127711,502027766,Trasadingerweg,8.1,8215 Hallau,2971,SH,real,False,23.07.2024,2676493,1282686
102678755,10133015,502028257,Dickistrasse,2.3,8215 Hallau,2971,SH,real,False,23.07.2024,2677189,1282959
102678756,10143284,502027960,Ob der Haalde,880.1,8215 Hallau,2971,SH,real,False,23.07.2024,2674998,1283381
102678757,10031502,502028051,Leebenstrasse,25.1,8215 Hallau,2971,SH,real,False,23.07.2024,2676753,1283299
102678758,10133047,502028390,Ackerstrasse,10.1,8215 Hallau,2971,SH,real,False,23.07.2024,2677146,1283360
102678759,10046639,502027746,Trottenstrasse,16.8,8215 Hallau,2971,SH,real,False,23.07.2024,2676054,1283958
102678760,10046638,502027881,Rosenstrasse,13.1,8215 Hallau,2971,SH,real,False,23.07.2024,2676466,1283982
102678761,10031942,502028293,Bettenstrasse,31.1,8215 Hallau,2971,SH,real,False,23.07.2024,2676735,1282806
102678762,10133047,502028389,Ackerstrasse,12.1,8215 Hallau,2971,SH,real,False,23.07.2024,2677154,1283376
102678763,10127704,502027930,Obergassweg,1270.2,8215 Hallau,2971,SH,real,False,23.07.2024,2676974,1283155
102678764,10031502,502028050,Leebenstrasse,28.1,8215 Hallau,2971,SH,real,False,23.07.2024,2676732,1283372
102678765,10031942,502028292,Bettenstrasse,31.2,8215 Hallau,2971,SH,real,False,23.07.2024,2676719,1282856
102678766,10133047,502028388,Ackerstrasse,12.2,8215 Hallau,2971,SH,real,False,23.07.2024,2677152,1283385
102678767,10046639,502027745,Trottenstrasse,16.9,8215 Hallau,2971,SH,real,False,23.07.2024,2676086,1284010
102678768,10046638,502027886,Rosenstrasse,2.1,8215 Hallau,2971,SH,real,False,23.07.2024,2676374,1283884
102678769,10031498,502028134,Hauengasse,21.1,8215 Hallau,2971,SH,real,False,23.07.2024,2676433,1283544
102678770,10133047,502028387,Ackerstrasse,12.3,8215 Hallau,2971,SH,real,False,23.07.2024,2677142,1283364
102678771,10136520,502028100,Höörackerstrasse,12.1,8215 Hallau,2971,SH,real,False,23.07.2024,2676620,1283757
102678772,10031502,502028049,Leebenstrasse,28.2,8215 Hallau,2971,SH,real,False,23.07.2024,2676715,1283361
102678773,10031943,502028289,Bienengartenstrasse,10.1,8215 Hallau,2971,SH,real,False,23.07.2024,2676497,1283830
102678774,10133047,502028393,Ackerstrasse,6.1,8215 Hallau,2971,SH,real,False,23.07.2024,2677166,1283346
102678775,10133015,502028256,Dickistrasse,2.4,8215 Hallau,2971,SH,real,False,23.07.2024,2677182,1282965
102678776,10031502,502028048,Leebenstrasse,32.1,8215 Hallau,2971,SH,real,False,23.07.2024,2676703,1283358
102678777,10031498,502028133,Hauengasse,25.1,8215 Hallau,2971,SH,real,False,23.07.2024,2676451,1283548
102678778,10133047,502028392,Ackerstrasse,8.1,8215 Hallau,2971,SH,real,False,23.07.2024,2677163,1283367
102678779,10127704,502027931,Obergassweg,6.1,8215 Hallau,2971,SH,real,False,23.07.2024,2677021,1283190
102678780,10031943,502028288,Bienengartenstrasse,10.2,8215 Hallau,2971,SH,real,False,23.07.2024,2676487,1283833
102678781,10046638,502027885,Rosenstrasse,4.1,8215 Hallau,2971,SH,real,False,23.07.2024,2676422,1283924
102678782,10133047,502028391,Ackerstrasse,8.2,8215 Hallau,2971,SH,real,False,23.07.2024,2677151,1283356
102678783,10046639,502027757,Trottenstrasse,7.1,8215 Hallau,2971,SH,real,False,23.07.2024,2676294,1283875
102678784,10031502,502028047,Leebenstrasse,33.2,8215 Hallau,2971,SH,real,False,23.07.2024,2676728,1283260
102678785,10031943,502028287,Bienengartenstrasse,10.3,8215 Hallau,2971,SH,real,False,23.07.2024,2676518,1283833
102678786,10129036,502028386,Ameisenbuck,9.1,8215 Hallau,2971,SH,real,False,23.07.2024,2676478,1283453
102678787,10133015,502028255,Dickistrasse,2.5,8215 Hallau,2971,SH,real,False,23.07.2024,2677181,1282955
102678788,10046638,502027884,Rosenstrasse,6.1,8215 Hallau,2971,SH,real,False,23.07.2024,2676447,1283928
102678789,10031499,502028118,Hauptstrasse,107.1,8215 Hallau,2971,SH,real,False,23.07.2024,2676937,1283549
102678790,10133046,502028384,Atlingerstrasse,23.1,8215 Hallau,2971,SH,real,False,23.07.2024,2677211,1283344
102678791,10117742,502027742,Untere Buckstrasse,11.1,8215 Hallau,2971,SH,real,False,23.07.2024,2676989,1283681
102678792,10031943,502028291,Bienengartenstrasse,4.1,8215 Hallau,2971,SH,real,False,23.07.2024,2676415,1283828
102678793,10031502,502028046,Leebenstrasse,33.3,8215 Hallau,2971,SH,real,False,23.07.2024,2676714,1283230
102678794,10133046,502028383,Atlingerstrasse,27.1,8215 Hallau,2971,SH,real,False,23.07.2024,2677184,1283390
102678795,10136520,502028099,Höörackerstrasse,14.1,8215 Hallau,2971,SH,real,False,23.07.2024,2676646,1283736
102678796,10031499,502028117,Hauptstrasse,115.1,8215 Hallau,2971,SH,real,False,23.07.2024,2676977,1283567
102678797,10133046,502028382,Atlingerstrasse,29.1,8215 Hallau,2971,SH,real,False,23.07.2024,2677175,1283400
102678798,10046638,502027883,Rosenstrasse,7.1,8215 Hallau,2971,SH,real,False,23.07.2024,2676438,1283958
102678799,10117742,502027737,Untere Buckstrasse,14a.1,8215 Hallau,2971,SH,real,False,23.07.2024,2677076,1283554
102678800,10031499,502028116,Hauptstrasse,121.1,8215 Hallau,2971,SH,real,False,23.07.2024,2676994,1283551
102678801,10031502,502028054,Leebenstrasse,5.1,8215 Hallau,2971,SH,real,False,23.07.2024,2676972,1283409
102678802,10031502,502028044,Leebenstrasse,33.5,8215 Hallau,2971,SH,real,False,23.07.2024,2676796,1283175
102678804,10091109,502028286,Blumengartenstrasse,3.1,8215 Hallau,2971,SH,real,False,23.07.2024,2676279,1283127
102678805,10031502,502028043,Leebenstrasse,41.1,8215 Hallau,2971,SH,real,False,23.07.2024,2676609,1283253
102678806,10133046,502028381,Atlingerstrasse,34.1,8215 Hallau,2971,SH,real,False,23.07.2024,2677151,1283475
102678807,10117742,502027741,Untere Buckstrasse,22.1,8215 Hallau,2971,SH,real,False,23.07.2024,2677111,1283653
102678808,10031499,502028132,Hauptstrasse,20.1,8215 Hallau,2971,SH,real,False,23.07.2024,2676548,1283421
102678809,10127694,502028041,Lindengartenweg,5.1,8215 Hallau,2971,SH,real,False,23.07.2024,2676502,1283537
102678810,10136520,502028103,Höörackerstrasse,6.1,8215 Hallau,2971,SH,real,False,23.07.2024,2676563,1283753
102678811,10113220,502027880,Rummelenhof,1.10,8215 Hallau,2971,SH,real,False,23.07.2024,2674951,1282574
102678812,10121179,502028273,Blumenstrasse,11.1,8215 Hallau,2971,SH,real,False,23.07.2024,2676007,1282988
102678813,10133046,502028385,Atlingerstrasse,7.1,8215 Hallau,2971,SH,real,False,23.07.2024,2677115,1283254
102678814,10091390,502027928,Oberhallauerstrasse,15.3,8215 Hallau,2971,SH,real,False,23.07.2024,2677135,1283543
102678815,10031502,502028042,Leebenstrasse,41.2,8215 Hallau,2971,SH,real,False,23.07.2024,2676615,1283234
102678816,10031499,502028131,Hauptstrasse,23.1,8215 Hallau,2971,SH,real,False,23.07.2024,2676523,1283478
102678817,10180865,502028040,Lindenhof,1.1,8215 Hallau,2971,SH,real,False,23.07.2024,2676426,1284881
102678818,10133015,502028253,Dickistrasse,2.7,8215 Hallau,2971,SH,real,False,23.07.2024,2677172,1282951
102678819,10113220,502027878,Rummelenhof,1.2,8215 Hallau,2971,SH,real,False,23.07.2024,2674752,1283175
102678820,10121179,502028272,Blumenstrasse,11.2,8215 Hallau,2971,SH,real,False,23.07.2024,2675974,1282908
102678821,10124089,502028378,Auffahrtstrasse,26.2,8215 Hallau,2971,SH,real,False,23.07.2024,2676326,1283641
102678823,10113220,502027877,Rummelenhof,1.3,8215 Hallau,2971,SH,real,False,23.07.2024,2674754,1283178
102678824,10121179,502028271,Blumenstrasse,19.1,8215 Hallau,2971,SH,real,False,23.07.2024,2676080,1282933
102678825,10180865,502028039,Lindenhof,1.2,8215 Hallau,2971,SH,real,False,23.07.2024,2676393,1284845
102678826,10136520,502028102,Höörackerstrasse,6.2,8215 Hallau,2971,SH,real,False,23.07.2024,2676560,1283741
102678827,10113220,502027876,Rummelenhof,1.4,8215 Hallau,2971,SH,real,False,23.07.2024,2674756,1283182
102678828,10180865,502028038,Lindenhof,1.3,8215 Hallau,2971,SH,real,False,23.07.2024,2676425,1284723
102678830,10121179,502028270,Blumenstrasse,23.1,8215 Hallau,2971,SH,real,False,23.07.2024,2676125,1282932
102678831,10113220,502027875,Rummelenhof,1.5,8215 Hallau,2971,SH,real,False,23.07.2024,2674740,1283191
102678832,10124089,502028377,Auffahrtstrasse,35.1,8215 Hallau,2971,SH,real,False,23.07.2024,2676254,1283703
102678833,10133015,502028252,Dickistrasse,2.8,8215 Hallau,2971,SH,real,False,23.07.2024,2677163,1282947
102678834,10113220,502027874,Rummelenhof,1.6,8215 Hallau,2971,SH,real,False,23.07.2024,2674764,1282986
102678835,10031499,502028129,Hauptstrasse,30.1,8215 Hallau,2971,SH,real,False,23.07.2024,2676566,1283450
102678836,10091113,502028035,Lisiloostrasse,11.1,8215 Hallau,2971,SH,real,False,23.07.2024,2676087,1282995
102678837,10113220,502027873,Rummelenhof,1.7,8215 Hallau,2971,SH,real,False,23.07.2024,2674564,1283422
102678838,10091390,502027927,Oberhallauerstrasse,25.1,8215 Hallau,2971,SH,real,False,23.07.2024,2677209,1283568
102678839,10091113,502028034,Lisiloostrasse,15.1,8215 Hallau,2971,SH,real,False,23.07.2024,2676077,1282986
102678840,10121179,502028269,Blumenstrasse,23.2,8215 Hallau,2971,SH,real,False,23.07.2024,2676083,1282898
102678841,10113220,502027872,Rummelenhof,1.8,8215 Hallau,2971,SH,real,False,23.07.2024,2674809,1282585
102678842,10117742,502027738,Untere Buckstrasse,29.1,8215 Hallau,2971,SH,real,False,23.07.2024,2677281,1283735
102678843,10124089,502028376,Auffahrtstrasse,35.2,8215 Hallau,2971,SH,real,False,23.07.2024,2676226,1283730
102678844,10031499,502028128,Hauptstrasse,33.1,8215 Hallau,2971,SH,real,False,23.07.2024,2676570,1283489
102678845,10107066,502027898,Rebbergstrasse,16.2,8215 Hallau,2971,SH,real,False,23.07.2024,2676512,1283988
102678846,10133015,502028251,Dickistrasse,2.9,8215 Hallau,2971,SH,real,False,23.07.2024,2677153,1282942
102678847,10091113,502028033,Lisiloostrasse,19.1,8215 Hallau,2971,SH,real,False,23.07.2024,2676059,1282963
102678848,10121179,502028285,Blumenstrasse,5.1,8215 Hallau,2971,SH,real,False,23.07.2024,2675885,1283046
102678849,10031502,502028045,Leebenstrasse,33.4,8215 Hallau,2971,SH,real,False,23.07.2024,2676780,1283175
102678850,10091390,502027926,Oberhallauerstrasse,32.1,8215 Hallau,2971,SH,real,False,23.07.2024,2677315,1283574
102678851,10124089,502027698,Auffahrtstrasse,43.1,8215 Hallau,2971,SH,real,False,23.07.2024,2676279,1283817
102678852,10031499,502028127,Hauptstrasse,37.1,8215 Hallau,2971,SH,real,False,23.07.2024,2676572,1283525
102678853,10117742,502027744,Untere Buckstrasse,9.1,8215 Hallau,2971,SH,real,False,23.07.2024,2676986,1283604
102678854,10046638,502027882,Rosenstrasse,9.1,8215 Hallau,2971,SH,real,False,23.07.2024,2676440,1283979
102678855,10031499,502028126,Hauptstrasse,41.1,8215 Hallau,2971,SH,real,False,23.07.2024,2676604,1283517
102678856,10091113,502028037,Lisiloostrasse,3.1,8215 Hallau,2971,SH,real,False,23.07.2024,2676128,1283092
102678857,10113220,502027879,Rummelenhof,1.1,8215 Hallau,2971,SH,real,False,23.07.2024,2674747,1283164
102678858,10117742,502027743,Untere Buckstrasse,9.2,8215 Hallau,2971,SH,real,False,23.07.2024,2676982,1283604
102678859,10121179,502028284,Blumenstrasse,5.10,8215 Hallau,2971,SH,real,False,23.07.2024,2675773,1282928
102678860,10124089,502028380,Auffahrtstrasse,5.1,8215 Hallau,2971,SH,real,False,23.07.2024,2676303,1283447
102678861,10031499,502028125,Hauptstrasse,43.1,8215 Hallau,2971,SH,real,False,23.07.2024,2676635,1283507
102678862,10127690,502028098,Im Winkel,12.1,8215 Hallau,2971,SH,real,False,23.07.2024,2676532,1283407
102678863,10091113,502028036,Lisiloostrasse,3.2,8215 Hallau,2971,SH,real,False,23.07.2024,2676112,1283084
102678864,10121179,502028283,Blumenstrasse,5.2,8215 Hallau,2971,SH,real,False,23.07.2024,2675881,1283011
102678865,10133015,502028250,Dickistrasse,4.1,8215 Hallau,2971,SH,real,False,23.07.2024,2677293,1282957
102678866,10031499,502028124,Hauptstrasse,43.2,8215 Hallau,2971,SH,real,False,23.07.2024,2676639,1283535
102678867,10091113,502028032,Lisiloostrasse,55.1,8215 Hallau,2971,SH,real,False,23.07.2024,2675789,1282774
102678868,10127689,502027736,Untere Ifangstrasse,8.1,8215 Hallau,2971,SH,real,False,23.07.2024,2676364,1283631
102678869,10121179,502028282,Blumenstrasse,5.3,8215 Hallau,2971,SH,real,False,23.07.2024,2675849,1283037
102678870,10091390,502027925,Oberhallauerstrasse,32.2,8215 Hallau,2971,SH,real,False,23.07.2024,2677301,1283561
102678871,10031499,502028123,Hauptstrasse,45.2,8215 Hallau,2971,SH,real,False,23.07.2024,2676636,1283566
102678872,10190666,502028095,Konservenstrasse,14.1,8215 Hallau,2971,SH,real,False,23.07.2024,2676623,1283039
102678873,10121179,502028280,Blumenstrasse,5.5,8215 Hallau,2971,SH,real,False,23.07.2024,2675826,1282977
102679034,10073363,191893545,Lochacker,495.3,8226 Schleitheim,2952,SH,real,False,19.11.2024,2680474,1288958
102680137,10019783,191893714,Nordstrasse,42,8200 Schaffhausen,2939,SH,real,True,15.11.2024,2689248,1284232
102680954,10106941,191894347,Oberwiesstrasse,9,8213 Neunkirch,2904,SH,real,True,15.11.2024,2679612,1282340
102680991,10091230,191894399,Hauptstrasse,57,8231 Hemmental,2939,SH,real,True,19.11.2024,2686295,1287544
102687618,10087050,191894471,Freihofstrasse,10,8240 Thayngen,2920,SH,planned,True,01.11.2024,2695001,1289223
102701075,10026388,191894868,Chlenglerweg,,8240 Thayngen,2920,SH,planned,False,23.07.2024,2696516,1289315
102701080,10117542,191894873,Bruggwiesen,12.1,8231 Hemmental,2939,SH,real,True,23.07.2024,2686343,1287224
102701169,10145459,191894954,Anker-Wisli,712,8262 Ramsen,2963,SH,real,False,15.11.2024,2703126,1285054
102701170,10145459,191894955,Anker-Wisli,713,8262 Ramsen,2963,SH,real,False,15.11.2024,2703125,1285047
102701171,10145459,191894956,Anker-Wisli,714,8262 Ramsen,2963,SH,real,False,15.11.2024,2703125,1285039
102701172,10145459,191894957,Anker-Wisli,,8262 Ramsen,2963,SH,real,False,23.07.2024,2703126,1285032
102701551,10164638,191895191,Im Gali,22,8261 Hemishofen,2962,SH,real,True,15.11.2024,2704837,1281757
102701552,10112696,191895192,Bachäckerweg,5,8261 Hemishofen,2962,SH,real,True,15.11.2024,2704328,1281723
102701555,10112696,191895195,Bachäckerweg,11,8261 Hemishofen,2962,SH,real,True,15.11.2024,2704295,1281699
102701556,10112696,191895196,Bachäckerweg,7,8261 Hemishofen,2962,SH,real,False,15.11.2024,2704310,1281735
102701559,10112696,191895199,Bachäckerweg,3,8261 Hemishofen,2962,SH,real,False,15.11.2024,2704327,1281693
102701560,10112696,191895200,Bachäckerweg,,8261 Hemishofen,2962,SH,planned,False,23.07.2024,2704309,1281714
102702446,10019559,191895290,Erlistrasse,1.2,8454 Buchberg,2933,SH,real,True,23.07.2024,2684564,1269760
102702447,10046605,191895291,Dorfstrasse,34.1,8454 Buchberg,2933,SH,real,True,23.07.2024,2684652,1269759
102703088,10046619,191895437,Hurbigweg,4,8200 Schaffhausen,2939,SH,real,True,15.11.2024,2688831,1284990
102704466,10071690,482724,Brunnengasse,159a,8262 Ramsen,2963,SH,real,True,23.07.2024,2702857,1285017
102704496,10108021,1612108,Hauentalstrasse,136,8200 Schaffhausen,2939,SH,real,True,15.11.2024,2688832,1285557
102706893,10087229,191896351,Blaurockstrasse,22b,8260 Stein am Rhein,2964,SH,real,True,15.11.2024,2706661,1280234
102708286,10019575,191896371,Schlattergarten,15.1,8231 Hemmental,2939,SH,real,True,23.07.2024,2685565,1287764
102712481,10210280,191897061,Nörstenweg,3,8214 Gächlingen,2901,SH,real,True,15.11.2024,2679766,1284470
102719049,10073024,191898832,Bachtelstrasse,22.3,8200 Schaffhausen,2939,SH,real,True,23.07.2024,2688631,1284805
102719067,10085721,190172314,Lochstrasse,13a,8200 Schaffhausen,2939,SH,real,True,15.11.2024,2689211,1284871
102719403,10073052,191899194,Lahnstrasse,95.1,8200 Schaffhausen,2939,SH,real,True,23.07.2024,2687980,1284563
102720154,10031499,191899211,Hauptstrasse,68,8215 Hallau,2971,SH,real,True,15.11.2024,2676765,1283549
102720168,10031945,191899236,Fernsichtstrasse,15.1,8215 Hallau,2971,SH,real,True,23.07.2024,2676244,1283536
102802090,10031819,191900407,Hofackerstrasse,2,8217 Wilchingen,2974,SH,real,True,15.11.2024,2677189,1280191
102806682,10073020,191900642,Underem Förlibuck,16.2,8455 Rüdlingen,2938,SH,real,True,23.07.2024,2684814,1270250
102806735,10108013,191900695,Im Gehren,12,8231 Hemmental,2939,SH,real,True,15.11.2024,2686267,1287670
102806736,10108013,191900696,Im Gehren,14,8231 Hemmental,2939,SH,real,True,15.11.2024,2686270,1287678
102807389,10027506,470604,Herrengasse,3,8213 Neunkirch,2904,SH,real,True,23.07.2024,2679709,1282771
102811992,10073022,191901704,Alpenstrasse,143,8203 Schaffhausen,2939,SH,real,True,15.11.2024,2691316,1283872
102815250,10148816,191902463,Hauptstrasse,2,8217 Wilchingen,2974,SH,real,True,15.11.2024,2677515,1280180
102815295,10024929,471138,Im Leuen,2,8243 Altdorf SH,2920,SH,real,True,15.11.2024,2691457,1293514
102823108,10019277,191903344,Berghaldenweg,34,8207 Schaffhausen,2939,SH,real,True,15.11.2024,2692041,1286636
102823109,10073041,191903344,Haldenwiesli,7,8207 Schaffhausen,2939,SH,real,True,15.11.2024,2692032,1286625
102834785,10104921,191904051,Staanackerstrasse,27,8234 Stetten SH,2919,SH,real,True,15.11.2024,2691508,1288128
102834786,10104921,191904052,Staanackerstrasse,29,8234 Stetten SH,2919,SH,real,True,15.11.2024,2691503,1288119
102840229,10031508,191904383,Schmalzgasse,64,8215 Hallau,2971,SH,real,True,15.11.2024,2676016,1283082
102841270,10031500,191905591,Höhenweg,8.1,8215 Hallau,2971,SH,real,True,23.07.2024,2676674,1283650
102841396,10185491,473415,Mühleweg,6a,8222 Beringen,2932,SH,real,True,23.07.2024,2685148,1283853
102841784,10068429,191906471,Goldackerweg,17.2,8224 Löhningen,2903,SH,real,False,19.11.2024,2683475,1283769
102843107,10164639,191907603,Bahnstieg,5,8261 Hemishofen,2962,SH,real,True,15.11.2024,2704692,1281722
102843141,10193646,191907637,Am Gässli,2,8219 Trasadingen,2973,SH,real,True,15.11.2024,2674260,1280277
102845396,10024927,191908363,Föhrenhof,68.2,8243 Altdorf SH,2920,SH,real,False,13.08.2024,2690693,1294497
102848423,10031585,191908614,Bürglerstrasse,21,8261 Hemishofen,2962,SH,real,False,15.11.2024,2705154,1281179
102848443,10031590,191908630,Randenstrasse,12,8261 Hemishofen,2962,SH,real,False,15.11.2024,2705176,1281205
102848445,10031590,191908633,Randenstrasse,10,8261 Hemishofen,2962,SH,real,False,15.11.2024,2705160,1281212
102848448,10031590,191908636,Randenstrasse,8,8261 Hemishofen,2962,SH,real,False,15.11.2024,2705143,1281219
102849163,10112696,191909081,Bachäckerweg,,8261 Hemishofen,2962,SH,real,False,23.07.2024,2704314,1281704
102855345,10087217,191909925,Ankerstrasse,710,8262 Ramsen,2963,SH,real,True,15.11.2024,2702999,1285097
102855797,10031605,191910403,Roseneggstrasse,3781,8262 Ramsen,2963,SH,real,True,19.11.2024,2703635,1285078
102855807,10032557,191910410,Bolstiig,38.1,8226 Schleitheim,2952,SH,real,True,23.07.2024,2678330,1289506
102855808,10032568,191910411,Hölderlistrasse,757.1,8226 Schleitheim,2952,SH,real,True,23.07.2024,2677857,1289106
102855809,10032559,191910412,Brüel,845.1,8226 Schleitheim,2952,SH,real,True,23.07.2024,2678652,1289223
102856231,10025700,191910508,Trüllenbuck,,8207 Schaffhausen,2939,SH,real,True,23.07.2024,2691498,1286580
102856779,10187871,191910928,Püntstrasse,3a,8216 Oberhallau,2972,SH,real,False,15.11.2024,2677894,1284629
102856794,10187871,191910943,Püntstrasse,3b,8216 Oberhallau,2972,SH,real,True,19.11.2024,2677884,1284629
102859152,10080408,191912397,Hauptstrasse,30,8225 Siblingen,2953,SH,real,True,15.11.2024,2681375,1285367
102889859,10091172,191918504,Schulgasse,28a,8224 Löhningen,2903,SH,real,True,15.11.2024,2683672,1283847
102889878,10046603,191918522,Tonwerkstrasse,6,8240 Thayngen,2920,SH,real,True,15.11.2024,2695287,1289026
102889884,10073649,191918528,Ampelengasse,11,8454 Buchberg,2933,SH,planned,False,23.07.2024,2684357,1269881
102890752,10169253,191919142,Untere Gründelstrasse,1,8454 Buchberg,2933,SH,real,False,15.11.2024,2684105,1269707
102895070,10237819,191920149,Schützenweg,g130,8242 Bibern SH,2920,SH,real,True,23.07.2024,2692562,1292436
102895996,10178604,191921092,Breitenaustrasse,154,8200 Schaffhausen,2939,SH,real,True,15.11.2024,2688826,1284842
102914802,10091402,191927333,Schleipfistrasse,7,8219 Trasadingen,2973,SH,real,True,15.11.2024,2674244,1280390
102915579,10179721,1614837,Lohnstrasse,19a,8200 Schaffhausen,2939,SH,real,True,23.07.2024,2690861,1283928
102915762,10026335,191928267,Zelgliweg,7,8223 Guntmadingen,2932,SH,real,False,15.11.2024,2684096,1282353
102915763,10026335,191928267,Zelgliweg,7a,8223 Guntmadingen,2932,SH,real,False,23.07.2024,2684094,1282359
102915765,10026335,191928269,Zelgliweg,7.1,8223 Guntmadingen,2932,SH,real,False,23.07.2024,2684101,1282344
102939182,10026319,191934453,Brüelstrasse,20,8214 Gächlingen,2901,SH,real,True,15.11.2024,2679570,1284249
102941488,10018441,191936867,Heerengarten,11,8233 Bargen SH,2931,SH,real,False,15.11.2024,2688012,1294034
102948930,10237818,191938333,Rebbergstrasse,,8240 Thayngen,2920,SH,real,False,23.07.2024,2696281,1289461
102950636,10085762,191939975,Rebhalde,14,8228 Beggingen,2951,SH,real,False,15.11.2024,2681549,1291176
102954204,10024935,191941742,Braatihof,115,8236 Büttenhardt,2914,SH,planned,False,23.07.2024,2690712,1290117
102954237,10134235,191941774,Galgenbuckstrasse,22,8217 Wilchingen,2974,SH,real,True,23.07.2024,2676961,1281659
102962556,10018156,191944599,Wippelstrasse,10.20,8240 Thayngen,2920,SH,real,True,19.11.2024,2693935,1289299
102962599,10018156,191944642,Wippelstrasse,10.21,8240 Thayngen,2920,SH,real,False,17.09.2024,2693819,1289248
102962696,10018156,191944739,Wippelstrasse,10.19,8240 Thayngen,2920,SH,real,True,19.11.2024,2693854,1289257
102970716,10019559,191947230,Erlistrasse,7,8454 Buchberg,2933,SH,planned,False,23.07.2024,2684525,1269773
102973939,10068433,191948178,Oberwiesen,5,8224 Löhningen,2903,SH,real,True,15.11.2024,2683455,1284237
102973946,10026342,191948188,Hauptstrasse,61.1,8224 Löhningen,2903,SH,planned,False,23.07.2024,2683492,1283939
102979861,10018155,191948982,Wanngasse,,8240 Thayngen,2920,SH,real,False,23.07.2024,2695523,1289323
102979873,10073630,191948994,Steigstrasse,11,8240 Thayngen,2920,SH,real,False,15.11.2024,2695264,1289664
102979877,10086744,191948998,Am Rahn,2,8242 Bibern SH,2920,SH,planned,True,23.07.2024,2692867,1292193
102979881,10173735,191949002,Sägi Bibern,,8242 Bibern SH,2920,SH,planned,False,23.07.2024,2692482,1292181
102979914,10149927,191949031,Bahnhofstrasse,7,8217 Wilchingen,2974,SH,real,True,15.11.2024,2676652,1281552
102979919,10167348,191949035,Bergwiesenstrasse,2,8263 Buch SH,2961,SH,real,False,15.11.2024,2701005,1285892
102980047,10167071,191949159,Schlatterstrasse,g3029f,8241 Barzheim,2920,SH,planned,False,23.07.2024,2695975,1290826
102980057,10167071,191949169,Schlatterstrasse,g3029g,8241 Barzheim,2920,SH,planned,False,23.07.2024,2695935,1290820
102980074,10087061,191949184,Wixlenweg,,8240 Thayngen,2920,SH,real,False,19.11.2024,2694783,1289996
102980107,10180888,191949210,Randenstrasse,7,8226 Schleitheim,2952,SH,real,True,15.11.2024,2678739,1289359
102980110,10026323,191949213,Kirchstrasse,27,8214 Gächlingen,2901,SH,real,True,15.11.2024,2679849,1284273
102980113,10118148,191949216,Salzbrunnenstrasse,10,8226 Schleitheim,2952,SH,real,True,15.11.2024,2677947,1288625
102980627,10032561,191949621,Friedaustrasse,8.1,8226 Schleitheim,2952,SH,real,True,23.07.2024,2678186,1288703
102980634,10032571,191949628,Lendenbergstrasse,54e,8226 Schleitheim,2952,SH,real,False,15.11.2024,2677680,1289202
102980838,10258921,191949847,Braitistrasse,4,8455 Rüdlingen,2938,SH,real,True,15.11.2024,2684461,1270644
102982622,10071695,191950170,Poststrasse,711,8262 Ramsen,2963,SH,real,False,15.11.2024,2703322,1284827
102983523,10103869,191950550,Rütistrasse,16.1,8224 Löhningen,2903,SH,real,True,23.07.2024,2683203,1284278
102983648,10091171,191950683,Rössligasse,47e,8224 Löhningen,2903,SH,real,False,23.07.2024,2683609,1284262
102995977,10054971,191951027,Lindenhof,66.5,8243 Altdorf SH,2920,SH,real,False,23.07.2024,2691330,1294341
102995983,10054971,191951031,Lindenhof,66.4,8243 Altdorf SH,2920,SH,real,True,23.07.2024,2691334,1294342
102999604,10054968,191951247,Grosswies,297.1,8224 Löhningen,2903,SH,real,True,23.07.2024,2682757,1283559
103001108,10108012,191951477,Reckholdersbüelweg,,8240 Thayngen,2920,SH,real,False,23.07.2024,2695395,1289637
103002344,10086763,191951566,Im Majorenacker,9,8207 Schaffhausen,2939,SH,real,True,15.11.2024,2691612,1285902
103002695,10179764,191951781,Ifang,15,8219 Trasadingen,2973,SH,real,True,15.11.2024,2674246,1280247
103002700,10019783,191951786,Nordstrasse,76a,8200 Schaffhausen,2939,SH,real,True,15.11.2024,2689286,1284440
103002701,10019783,191951786,Nordstrasse,76,8200 Schaffhausen,2939,SH,real,True,15.11.2024,2689283,1284441
103002702,10019783,191951786,Nordstrasse,76b,8200 Schaffhausen,2939,SH,real,True,15.11.2024,2689291,1284438
103002712,10146118,191951795,Vorbuechweg,,8232 Merishausen,2936,SH,real,True,23.07.2024,2687902,1290035
103015396,10124089,191952403,Auffahrtstrasse,34,8215 Hallau,2971,SH,real,True,15.11.2024,2676321,1283704
103015499,10017880,191952424,Schleipfgässchen,17.1,8212 Neuhausen am Rheinfall,2937,SH,real,True,19.11.2024,2688646,1283378
103015513,10026004,191952435,Bergwaldhof,408.10,8226 Schleitheim,2952,SH,real,False,23.07.2024,2678630,1286994
103015515,10032571,191952436,Lendenbergstrasse,56,8226 Schleitheim,2952,SH,real,True,15.11.2024,2677654,1289199
103015520,10032571,191952440,Lendenbergstrasse,70,8226 Schleitheim,2952,SH,real,False,15.11.2024,2677539,1289233
103015526,10118364,191952444,Luckete,7.2,8226 Schleitheim,2952,SH,real,False,23.07.2024,2678903,1289382
103015528,10113210,191952446,Lindenstrasse,3.1,8226 Schleitheim,2952,SH,real,False,23.07.2024,2678158,1289280
103015531,10053250,191952449,Hölderlistiig,2.1,8226 Schleitheim,2952,SH,real,False,23.07.2024,2678031,1289128
103016326,10071686,191952681,Dorfstrasse,35a,8261 Hemishofen,2962,SH,real,True,15.11.2024,2704176,1281678
103016335,10186343,191757231,Rheingoldstrasse,7,8212 Neuhausen am Rheinfall,2937,SH,real,True,15.11.2024,2688679,1281756
103016339,10071695,191952693,Poststrasse,711.1,8262 Ramsen,2963,SH,real,False,19.11.2024,2703318,1284824
103016355,10018679,191952708,Lebernstrasse,,8207 Schaffhausen,2939,SH,real,True,23.07.2024,2691775,1286780
103016356,10086468,1610273,Ampelngasse,10,8200 Schaffhausen,2939,SH,real,True,15.11.2024,2690003,1283554
103016357,10085737,1613506,Schlossstrasse,24,8207 Schaffhausen,2939,SH,real,True,15.11.2024,2691871,1286699
103016358,10237826,11527763,Randenstrasse,176b,8200 Schaffhausen,2939,SH,real,True,15.11.2024,2688584,1284680
103016359,10237826,11527763,Randenstrasse,176a,8200 Schaffhausen,2939,SH,real,True,15.11.2024,2688583,1284695
103016406,10091230,191952759,Hauptstrasse,53a,8231 Hemmental,2939,SH,real,True,15.11.2024,2686257,1287600
103016409,10091230,191952761,Hauptstrasse,53,8231 Hemmental,2939,SH,real,True,15.11.2024,2686250,1287606
103016442,10027497,191952778,Stalden,18.1,8224 Löhningen,2903,SH,real,False,23.07.2024,2683878,1283881
103016476,10019807,191952822,Schweizersbildstrasse,69.05,8200 Schaffhausen,2939,SH,real,True,15.11.2024,2690063,1286611
103016518,10068432,191952860,Lättenstrasse,11.1,8224 Löhningen,2903,SH,real,False,19.11.2024,2683495,1284303
103016531,10171417,191952867,Chläggiblick,7.1,8224 Löhningen,2903,SH,real,False,19.11.2024,2683389,1284176
103016536,10171417,191952872,Chläggiblick,7.2,8224 Löhningen,2903,SH,real,False,19.11.2024,2683390,1284178
103024225,10133041,191953010,Eigenweg,7.1,8215 Hallau,2971,SH,real,True,23.07.2024,2676967,1283447
103024882,10108021,191953072,Hauentalstrasse,90,8200 Schaffhausen,2939,SH,real,True,23.07.2024,2689003,1285422
103024884,10108021,191953074,Hauentalstrasse,92,8200 Schaffhausen,2939,SH,real,True,23.07.2024,2689005,1285445
103024885,10108021,191953075,Hauentalstrasse,94,8200 Schaffhausen,2939,SH,real,True,23.07.2024,2688973,1285459
103024886,10108021,191953076,Hauentalstrasse,96,8200 Schaffhausen,2939,SH,real,True,23.07.2024,2688957,1285439
103024887,10108021,191953077,Hauentalstrasse,98,8200 Schaffhausen,2939,SH,real,True,23.07.2024,2688914,1285480
103024889,10108021,191953079,Hauentalstrasse,100,8200 Schaffhausen,2939,SH,real,True,23.07.2024,2688917,1285505
103024891,10108021,191953081,Hauentalstrasse,102,8200 Schaffhausen,2939,SH,real,True,23.07.2024,2688897,1285508
103024892,10108021,191953082,Hauentalstrasse,104,8200 Schaffhausen,2939,SH,real,True,23.07.2024,2688917,1285543
103024893,10108021,191953083,Hauentalstrasse,106,8200 Schaffhausen,2939,SH,real,True,23.07.2024,2688960,1285515
103024894,10108021,191953084,Hauentalstrasse,108,8200 Schaffhausen,2939,SH,real,True,23.07.2024,2689001,1285486
103031342,10085741,191953762,Solenbergstrasse,19,8207 Schaffhausen,2939,SH,real,True,15.11.2024,2692147,1285663
103031346,10085751,191953766,Thayngerstrasse,68,8207 Schaffhausen,2939,SH,real,True,15.11.2024,2691921,1287084
103031578,10087060,191954007,Stockwiesenstrasse,12,8240 Thayngen,2920,SH,real,False,15.11.2024,2695186,1288785
103031747,10130701,191954011,Barzingergasse,1224.2,8240 Thayngen,2920,SH,real,True,13.08.2024,2696383,1290127
103031841,10103234,484537,Pfyffergässli,5,8219 Trasadingen,2973,SH,real,True,23.07.2024,2674588,1280094
103038611,10026000,191954343,Zollstrasse,46.5,8228 Beggingen,2951,SH,real,True,23.07.2024,2682805,1292758
103038953,10087048,191954545,Buchhaldenweg,,8240 Thayngen,2920,SH,real,False,19.11.2024,2695261,1290217
103038955,10113197,191954547,Hohbergstrasse,28,8207 Schaffhausen,2939,SH,real,True,15.11.2024,2690913,1286403
103045072,10024958,191954762,Dettenwies,10.4,8235 Lohn SH,2917,SH,real,True,23.07.2024,2691806,1289393
103045073,10046603,191954763,Tonwerkstrasse,10,8240 Thayngen,2920,SH,real,True,15.11.2024,2695285,1288956
103045074,10024958,191954764,Dettenwies,10.5,8235 Lohn SH,2917,SH,real,True,23.07.2024,2691754,1289763
103045078,10111809,191954768,Vorderdorf,23.6,8235 Lohn SH,2917,SH,real,True,23.07.2024,2692507,1290238
103045080,10111809,191954770,Vorderdorf,23.8,8235 Lohn SH,2917,SH,real,True,23.07.2024,2692541,1290227
103045081,10111809,191954771,Vorderdorf,23.9,8235 Lohn SH,2917,SH,real,True,23.07.2024,2692527,1290269
103047807,10046637,191955113,Huberlistrasse,12,8260 Stein am Rhein,2964,SH,real,True,15.11.2024,2706062,1280466
103047811,10120403,191955117,Hauptstrasse,5.1,8242 Bibern SH,2920,SH,real,True,08.10.2024,2692602,1292269
103048519,10019579,191955221,Bodenwiesenweg,3,8232 Merishausen,2936,SH,real,True,15.11.2024,2687912,1290307
103050234,10046609,191955344,Sonnenbergstrasse,30.1,8212 Neuhausen am Rheinfall,2937,SH,real,True,30.07.2024,2688164,1282608
103050474,10124089,191955523,Auffahrtstrasse,36,8215 Hallau,2971,SH,real,True,15.11.2024,2676321,1283728
103058551,10200405,191955852,Tobelraastrasse,10,8212 Neuhausen am Rheinfall,2937,SH,real,True,15.11.2024,2687269,1281071
103061564,10087072,191956041,Neugrüthalde,9,8222 Beringen,2932,SH,real,False,15.11.2024,2686233,1283696
103061571,10185463,191956047,Talstrasse,2,8223 Guntmadingen,2932,SH,real,False,15.11.2024,2684016,1282076
103062280,10187854,191956299,Pestalozzistrasse,27.1,8200 Schaffhausen,2939,SH,real,True,23.07.2024,2690136,1284006
103062283,10120424,191956302,Herblingerstrasse,21.1,8207 Schaffhausen,2939,SH,real,True,23.07.2024,2691293,1286169
103062286,10179717,191956305,Im Bergli,5,8207 Schaffhausen,2939,SH,real,True,15.11.2024,2691297,1286207
103062308,10178593,191956324,Flurlingerweg,20.2,8212 Neuhausen am Rheinfall,2937,SH,real,True,19.11.2024,2689175,1281778
103062352,10186339,191956368,Gellerstrasse,89.1,8222 Beringen,2932,SH,real,True,23.07.2024,2685863,1283667
103062381,10073640,191956397,Höhenweg,32.1,8222 Beringen,2932,SH,real,True,23.07.2024,2684998,1283962
103062437,10091223,191956456,Schützeweg,8.1,8222 Beringen,2932,SH,real,True,23.07.2024,2685468,1283922
103062444,10091233,191956463,Langwiesen,31,8231 Hemmental,2939,SH,real,True,15.11.2024,2686290,1287243
103071465,10073090,191956559,Grossi Schanz,12,8260 Stein am Rhein,2964,SH,real,False,23.07.2024,2706849,1279960
103071473,10018441,190035145,Heerengarten,12a,8233 Bargen SH,2931,SH,real,True,23.07.2024,2687963,1294050
103071556,10090057,191956649,Kaltenbacherstrasse,29,8260 Stein am Rhein,2964,SH,real,True,15.11.2024,2706383,1279046
103072127,10080408,191956705,Hauptstrasse,70b.1,8225 Siblingen,2953,SH,real,True,15.11.2024,2680938,1285436
103072146,10073014,191956725,Haselgass,6,8455 Rüdlingen,2938,SH,real,True,15.11.2024,2685331,1270436
103072158,10073014,191956736,Haselgass,8,8455 Rüdlingen,2938,SH,real,True,15.11.2024,2685336,1270436
103072161,10073014,191956739,Haselgass,10,8455 Rüdlingen,2938,SH,real,True,15.11.2024,2685344,1270437
103072166,10073014,191956744,Haselgass,12,8455 Rüdlingen,2938,SH,real,True,15.11.2024,2685349,1270437
103072563,10110811,191956907,Lindenhof,,8454 Buchberg,2933,SH,planned,False,23.07.2024,2683824,1269348
103072903,10053242,191957152,Rüedistalhof,192.6,8228 Beggingen,2951,SH,planned,False,23.07.2024,2681074,1290230
103073060,10091404,191957258,Blumenweg,11,8217 Wilchingen,2974,SH,real,True,15.11.2024,2677173,1280594
103078111,10186575,191957409,Obere Hofwiesen,4a,8226 Schleitheim,2952,SH,real,True,15.11.2024,2678615,1289532
103078120,10032560,191957414,Bühlhof,351.6,8226 Schleitheim,2952,SH,real,False,23.07.2024,2678036,1287374
103078166,10124089,191957459,Auffahrtstrasse,38,8215 Hallau,2971,SH,real,True,15.11.2024,2676336,1283739
103078211,10024933,191957498,Himmetwislistrasse,,8242 Bibern SH,2920,SH,real,True,23.07.2024,2693127,1292189
103078219,10024933,191957505,Himmetwislistrasse,8.1,8242 Bibern SH,2920,SH,real,False,23.07.2024,2693111,1292172
103078457,10237818,191957526,Rebbergstrasse,49.1,8240 Thayngen,2920,SH,real,False,23.07.2024,2695985,1289437
103078681,10192055,191957656,Gänzlerweg,1.1,8241 Barzheim,2920,SH,real,False,14.08.2024,2696254,1290712
103078728,10107217,191957700,Zollerweg,14,8203 Schaffhausen,2939,SH,real,True,15.11.2024,2691781,1283263
103078746,10073048,191957718,Kamorstrasse,42,8200 Schaffhausen,2939,SH,real,True,15.11.2024,2690648,1283634
103079431,10254296,502010718,Roosse,1,8225 Siblingen,2953,SH,real,False,23.07.2024,2681627,1286554
103079498,10091235,191957852,Bodenwiesenstrasse,8,8232 Merishausen,2936,SH,real,True,15.11.2024,2687973,1290254
103079728,10210845,191957963,Rogackerweg,5,8225 Siblingen,2953,SH,real,True,15.11.2024,2680792,1285502
103079765,10185477,191957997,Neudörflingerstrasse,,8239 Dörflingen,2915,SH,real,False,19.11.2024,2696263,1285331
103080287,10091402,191958327,Schleipfistrasse,7.1,8219 Trasadingen,2973,SH,real,True,23.07.2024,2674249,1280384
103080295,10073076,1610254,Vordergasse,54,8200 Schaffhausen,2939,SH,real,True,15.11.2024,2689840,1283539
103080507,10019797,191958461,Rheinquai,8,8200 Schaffhausen,2939,SH,real,True,15.11.2024,2690372,1283443
103080574,10254330,191958521,Degerfelderallee,9a,8260 Stein am Rhein,2964,SH,real,False,20.11.2024,2706062,1279080
103080578,10254330,191958521,Degerfelderallee,9b,8260 Stein am Rhein,2964,SH,real,False,20.11.2024,2706062,1279080
103081237,10254330,191958620,Degerfelderallee,11a,8260 Stein am Rhein,2964,SH,real,True,20.11.2024,2706062,1279080
103081238,10254330,191958620,Degerfelderallee,11b,8260 Stein am Rhein,2964,SH,real,True,20.11.2024,2706062,1279080
103081239,10254330,191958621,Degerfelderallee,7a,8260 Stein am Rhein,2964,SH,real,True,20.11.2024,2706062,1279080
103081240,10254330,191958621,Degerfelderallee,7b,8260 Stein am Rhein,2964,SH,real,True,20.11.2024,2706062,1279080
103081241,10254330,191958621,Degerfelderallee,7c,8260 Stein am Rhein,2964,SH,real,True,20.11.2024,2706062,1279080
103081851,10210845,191959072,Rogackerweg,1,8225 Siblingen,2953,SH,real,True,23.07.2024,2680863,1285456
103083869,10017877,191959121,Rheinstrasse,82.2,8212 Neuhausen am Rheinfall,2937,SH,planned,False,23.07.2024,2689049,1281803
103086395,10091177,191959255,Haslacherweg,4,8213 Neunkirch,2904,SH,real,False,15.11.2024,2679329,1282170
103089084,10018665,191959423,Im Trenschen,29.1,8207 Schaffhausen,2939,SH,real,True,23.07.2024,2691981,1287174
103090827,10091230,191959479,Hauptstrasse,,8231 Hemmental,2939,SH,real,True,23.07.2024,2686448,1286864
103093944,10018440,191959513,Zimmerweg,6,8240 Thayngen,2920,SH,real,True,15.11.2024,2694699,1289666
103097166,10026000,191959819,Zollstrasse,1.1,8228 Beggingen,2951,SH,real,False,23.07.2024,2682302,1291320
103097185,10087057,1609539,Reiatstrasse,102a,8240 Thayngen,2920,SH,real,True,15.11.2024,2694055,1289980
103097204,10171417,191959853,Chläggiblick,10.1,8224 Löhningen,2903,SH,real,False,19.11.2024,2683385,1284152
103097276,10018681,191959915,Lindliweg,11a.1,8200 Schaffhausen,2939,SH,real,True,15.11.2024,2691063,1283221
103099982,10046616,191960045,Eichenstrasse,24.1,8200 Schaffhausen,2939,SH,real,True,23.07.2024,2690976,1284585
103100121,10152031,191960091,Im Engelmaa,1455.1,8240 Thayngen,2920,SH,real,True,10.08.2024,2695799,1289374
103100314,10091233,191960268,Langwiesen,,8231 Hemmental,2939,SH,real,True,23.07.2024,2686431,1286915
103100366,10026387,191960318,Brühlstrasse,15,8240 Thayngen,2920,SH,real,True,15.11.2024,2695262,1289302
103101749,10027514,191960462,Sportplatzweg,13a,8213 Neunkirch,2904,SH,real,True,15.11.2024,2679668,1282992
103101917,10027516,191960598,Taufgarten,10a,8213 Neunkirch,2904,SH,real,True,15.11.2024,2679855,1282227
103119588,10031582,191960759,Gartenstrasse,2.2,8263 Buch SH,2961,SH,real,True,23.07.2024,2700962,1285844
103120642,10071695,191961247,Poststrasse,723,8262 Ramsen,2963,SH,real,True,15.11.2024,2703312,1284805
103120647,10071695,191961252,Poststrasse,723.2,8262 Ramsen,2963,SH,real,True,23.07.2024,2703317,1284808
103120648,10071695,191961253,Poststrasse,723.1,8262 Ramsen,2963,SH,real,True,19.11.2024,2703314,1284799
103120846,10071978,191961284,Sonnenstrasse,731,8262 Ramsen,2963,SH,real,True,15.11.2024,2703622,1285171
103120847,10071978,191961285,Sonnenstrasse,731.1,8262 Ramsen,2963,SH,real,True,19.11.2024,2703629,1285172
103121152,10018166,191961366,Zentralstrasse,136.1,8212 Neuhausen am Rheinfall,2937,SH,real,True,19.11.2024,2688907,1282449
103121190,10179750,191961402,Im Baumgarten,,8262 Ramsen,2963,SH,planned,True,23.07.2024,2703626,1284890
103121194,10179750,191961406,Im Baumgarten,,8262 Ramsen,2963,SH,planned,True,23.07.2024,2703665,1284891
103121479,10072986,191961499,Braatistrasse,9,8234 Stetten SH,2919,SH,real,False,15.11.2024,2691611,1288124
103125487,10186575,191961521,Obere Hofwiesen,4,8226 Schleitheim,2952,SH,real,True,15.11.2024,2678628,1289537
103125493,10032578,191961526,Schwarzwaldstrasse,79.4,8226 Schleitheim,2952,SH,real,False,23.07.2024,2676387,1289117
103125530,10111812,191961563,Ebringerstrasse,145,8240 Thayngen,2920,SH,real,True,15.11.2024,2696684,1289236
103125661,10026381,191961676,Bahnweg,34.3,8240 Thayngen,2920,SH,real,True,10.09.2024,2695764,1289135
103129198,10025708,191962011,Weinbergstrasse,22,8200 Schaffhausen,2939,SH,real,False,15.11.2024,2689773,1284402
103129199,10085726,191962012,Neutalstrasse,48,8207 Schaffhausen,2939,SH,real,False,15.11.2024,2692148,1286469
103129737,10103226,191962013,Rheinbühlstrasse,1,8200 Schaffhausen,2939,SH,real,False,15.11.2024,2691258,1282983
103132863,10025693,191962101,Stimmerstrasse,21.1,8200 Schaffhausen,2939,SH,real,False,23.07.2024,2690756,1284381
103134655,10120403,191962117,Hauptstrasse,47.1,8242 Bibern SH,2920,SH,real,False,10.09.2024,2693162,1291920
103135558,10154375,191962129,Gemeindewiesenstrasse,11.1,8212 Neuhausen am Rheinfall,2937,SH,real,True,19.11.2024,2687468,1281616
103135599,10127688,191962165,Obere Ifangstrasse,5,8215 Hallau,2971,SH,real,True,15.11.2024,2676351,1283707
103135962,10025693,191962177,Stimmerstrasse,21.2,8200 Schaffhausen,2939,SH,real,False,23.07.2024,2690745,1284362
103137459,10136951,191962321,Industriestrasse,,8262 Ramsen,2963,SH,planned,True,23.07.2024,2703937,1285057
103137576,10068428,191962434,Neuengasse,2.1,8223 Guntmadingen,2932,SH,real,False,23.07.2024,2683915,1282317
103137803,10179753,191962651,Alte Zollstrasse,42a,8260 Stein am Rhein,2964,SH,planned,False,23.07.2024,2707708,1279797
103137804,10179753,191962652,Alte Zollstrasse,42b,8260 Stein am Rhein,2964,SH,planned,False,23.07.2024,2707718,1279800
103137805,10179753,191962653,Alte Zollstrasse,42c,8260 Stein am Rhein,2964,SH,planned,False,23.07.2024,2707733,1279805
103137806,10179753,191962654,Alte Zollstrasse,42d,8260 Stein am Rhein,2964,SH,planned,False,23.07.2024,2707742,1279809
103137807,10179753,191962655,Alte Zollstrasse,42e,8260 Stein am Rhein,2964,SH,planned,False,23.07.2024,2707756,1279814
103137808,10179753,191962656,Alte Zollstrasse,42f,8260 Stein am Rhein,2964,SH,planned,False,23.07.2024,2707766,1279816
103143211,10179742,191963057,Strickhof,314.9,8226 Schleitheim,2952,SH,real,False,19.11.2024,2680732,1289425
103143264,10031599,191963105,Hofenacker,,8262 Ramsen,2963,SH,real,False,04.12.2024,2702673,1287435
103143282,10019783,191963123,Nordstrasse,76.1,8200 Schaffhausen,2939,SH,real,False,23.07.2024,2689260,1284438
103151468,10019807,191963782,Schweizersbildstrasse,31,8207 Schaffhausen,2939,SH,real,False,15.11.2024,2690527,1286266
103151609,10073653,191963908,Risi,,8454 Buchberg,2933,SH,planned,True,23.07.2024,2682716,1270042
103156253,10017879,191964087,Rundbuckstrasse,12.1,8212 Neuhausen am Rheinfall,2937,SH,real,True,19.11.2024,2687378,1281174
103156356,10167070,191964188,Mittlerfeldstrasse,,8241 Barzheim,2920,SH,planned,False,23.07.2024,2696452,1290426
103156516,10120400,191964282,Trottenweg,12a,8218 Osterfingen,2974,SH,real,True,23.11.2024,2678950,1279790
103156557,10193646,191964294,Am Gässli,4,8219 Trasadingen,2973,SH,real,False,15.11.2024,2674279,1280269
103156563,10167070,191964300,Mittlerfeldstrasse,,8241 Barzheim,2920,SH,planned,False,23.07.2024,2696514,1290379
103156566,10167070,191964302,Mittlerfeldstrasse,,8241 Barzheim,2920,SH,planned,False,23.07.2024,2696509,1290390
103156653,10136930,191964315,Reckenstrasse,3,8240 Thayngen,2920,SH,planned,True,23.07.2024,2695371,1289551
103156655,10073626,191964317,Hammenweg,2,8240 Thayngen,2920,SH,planned,True,23.07.2024,2695378,1289593
103157567,10091403,191964484,Abendstrasse,19,8217 Wilchingen,2974,SH,real,False,15.11.2024,2677072,1280450
103157569,10091403,191964486,Abendstrasse,21,8217 Wilchingen,2974,SH,real,False,15.11.2024,2677065,1280421
103157579,10120400,191964493,Trottenweg,10a,8218 Osterfingen,2974,SH,real,True,27.11.2024,2678970,1279783
103157593,10071687,191964508,Chollstatt,,8261 Hemishofen,2962,SH,real,False,19.11.2024,2703231,1282296
103164328,10087060,191964788,Stockwiesenstrasse,14.3,8240 Thayngen,2920,SH,real,True,12.09.2024,2695185,1288819
103165455,10121169,191965321,Plattenstrasse,,8454 Buchberg,2933,SH,planned,False,23.07.2024,2684188,1270166
103165480,10212508,191965340,Fischerstubengässchen,2,8200 Schaffhausen,2939,SH,real,False,15.11.2024,2690362,1283457
103165483,10086481,191965343,Fischerhäuserstrasse,16,8200 Schaffhausen,2939,SH,real,True,15.11.2024,2690376,1283480
103166279,10019584,191965496,Kirchackerstrasse,6,8232 Merishausen,2936,SH,real,True,15.11.2024,2687697,1290446
103166280,10019584,191965497,Kirchackerstrasse,8,8232 Merishausen,2936,SH,real,True,15.11.2024,2687697,1290438
103174025,10026003,191965786,Beggingerstrasse,116,8226 Schleitheim,2952,SH,real,True,15.11.2024,2679316,1290121
103174096,10091105,191965808,Rietstrasse,20,8260 Stein am Rhein,2964,SH,real,False,15.11.2024,2706428,1280227
103174116,10155546,191965828,Winkelweg,,8262 Ramsen,2963,SH,planned,False,23.07.2024,2702589,1284673
103174117,10155546,191965829,Winkelweg,,8262 Ramsen,2963,SH,planned,False,23.07.2024,2702598,1284680
103174119,10155546,191965831,Winkelweg,,8262 Ramsen,2963,SH,planned,False,23.07.2024,2702604,1284688
103176145,10017874,191966357,Neubergstrasse,17,8212 Neuhausen am Rheinfall,2937,SH,real,True,15.11.2024,2687914,1282024
103176312,10128137,483827,Kapellenstrasse,6,8215 Hallau,2971,SH,real,False,23.07.2024,2677098,1283507
103176406,10118361,191966472,Längenbergstrasse,2,8200 Schaffhausen,2939,SH,real,True,15.11.2024,2689279,1287005
103177580,10019294,191966522,Ernst Müller-Strasse,6.3,8207 Schaffhausen,2939,SH,real,False,23.07.2024,2692423,1286084
103178081,10113222,471054,Dorfstrasse,96a,8218 Osterfingen,2974,SH,real,False,23.07.2024,2679282,1279678
103179658,10031923,191967164,Hemishoferstrasse,93.5,8260 Stein am Rhein,2964,SH,real,False,23.07.2024,2705639,1280425
103186746,10026336,191967609,Bachtelstrasse,8.1,8224 Löhningen,2903,SH,real,False,23.07.2024,2683283,1284040
103188372,10054976,191967940,Chrailerstrasse,,8236 Opfertshofen SH,2920,SH,real,True,23.07.2024,2692293,1291855
103193726,10071978,191968242,Sonnenstrasse,715,8262 Ramsen,2963,SH,real,False,15.11.2024,2703480,1285156
103204219,10091233,191969185,Langwiesen,,8231 Hemmental,2939,SH,real,False,19.11.2024,2686379,1286957
103204225,10138958,191969189,Schaffhauserstrasse,247,8222 Beringen,2939,SH,real,False,15.11.2024,2687609,1283289
103204226,10108013,191969190,Im Gehren,16,8231 Hemmental,2939,SH,real,False,15.11.2024,2686276,1287722
103204321,10026323,191969267,Kirchstrasse,32,8214 Gächlingen,2901,SH,real,True,15.11.2024,2679857,1284226
103204323,10026323,191969269,Kirchstrasse,38,8214 Gächlingen,2901,SH,real,True,15.11.2024,2679876,1284244
103204325,10146118,191969271,Vorbuechweg,6,8232 Merishausen,2936,SH,real,True,15.11.2024,2687921,1290056
103209182,10073365,191969755,Schlechtenbol,26,8226 Schleitheim,2952,SH,real,True,15.11.2024,2678405,1288998
103209184,10118363,191969757,Aegerten,765.5,8226 Schleitheim,2952,SH,real,False,19.11.2024,2676356,1288960
103209185,10026003,191969758,Beggingerstrasse,337.1,8226 Schleitheim,2952,SH,real,False,19.11.2024,2679280,1290080
103209186,10180892,191969759,Römerweg,4,8260 Stein am Rhein,2964,SH,real,False,23.07.2024,2706741,1279356
103209187,10087232,191969760,Chnebelgässli,7,8260 Stein am Rhein,2964,SH,real,True,23.07.2024,2706766,1279340
103209190,10026003,191969763,Beggingerstrasse,102,8226 Schleitheim,2952,SH,real,True,19.11.2024,2679288,1290092
103209192,10026003,191969765,Beggingerstrasse,104,8226 Schleitheim,2952,SH,real,True,19.11.2024,2679290,1290090
103209193,10026003,191969766,Beggingerstrasse,106,8226 Schleitheim,2952,SH,real,True,19.11.2024,2679295,1290086
103209195,10026003,191969768,Beggingerstrasse,108,8226 Schleitheim,2952,SH,real,True,19.11.2024,2679301,1290107
103209196,10026003,191969769,Beggingerstrasse,110,8226 Schleitheim,2952,SH,real,True,19.11.2024,2679303,1290106
103209198,10026003,191969771,Beggingerstrasse,112,8226 Schleitheim,2952,SH,real,True,19.11.2024,2679308,1290102
103209199,10026003,191969772,Beggingerstrasse,114,8226 Schleitheim,2952,SH,real,True,15.11.2024,2679314,1290123
103209201,10026003,191969774,Beggingerstrasse,118,8226 Schleitheim,2952,SH,real,True,15.11.2024,2679320,1290117
103209316,10087070,191969848,Hülsteweg,19.2,8222 Beringen,2932,SH,real,False,23.07.2024,2686784,1283603
103213083,10054981,191970278,Zum Waldhof,g714l,8240 Thayngen,2920,SH,planned,False,23.07.2024,2695669,1288297
103213163,10080408,482403,Hauptstrasse,63a,8225 Siblingen,2953,SH,real,False,23.07.2024,2681014,1285413
103214055,10195244,191970445,Undergass,3a,8219 Trasadingen,2973,SH,planned,False,23.07.2024,2674643,1280141
103214093,10031609,191970476,Turnplatzweg,732,8262 Ramsen,2963,SH,real,True,15.11.2024,2703005,1285168
103214102,10071693,191970484,Judebömmlistrasse,,8262 Ramsen,2963,SH,real,False,23.07.2024,2703359,1285040
103216532,10018457,191970665,Herrengasse,14.1,8222 Beringen,2932,SH,real,True,23.07.2024,2685268,1283884
103216533,10018459,191970666,Höhenackerweg,7.1,8222 Beringen,2932,SH,real,True,19.11.2024,2685052,1284024
103216600,10073034,191970732,Friedbergstrasse,60.1,8200 Schaffhausen,2939,SH,real,False,23.07.2024,2689191,1283590
103216622,10106942,1609457,Schlatterweg,46a,8240 Thayngen,2920,SH,real,False,15.11.2024,2695078,1289879
103216827,10053246,191970957,Wiesental,,8228 Beggingen,2951,SH,real,False,19.11.2024,2682093,1291028
103216893,10018464,190426013,Oberstieg,43g,8222 Beringen,2932,SH,real,True,01.11.2024,2685999,1283803
103216895,10128949,191971019,Hohfluhstrasse,,8212 Neuhausen am Rheinfall,2937,SH,real,True,23.07.2024,2688338,1282764
103217058,10073075,1614325,Ungarbühlstrasse,8,8200 Schaffhausen,2939,SH,real,False,23.07.2024,2690194,1284478
103217440,10025731,191971359,Wannenhof,,8228 Beggingen,2951,SH,planned,False,23.07.2024,2683491,1292358
103217453,10212489,191971369,Hölderlistrasse,,8228 Beggingen,2951,SH,real,False,23.07.2024,2682089,1291024
103217455,10058935,191971373,Dorfstrasse,,8228 Beggingen,2951,SH,real,False,23.07.2024,2681897,1291130
103217671,10206081,191971531,Ausserdorfstrasse,10,8455 Rüdlingen,2938,SH,planned,True,23.07.2024,2685206,1270720
103217673,10206081,191971533,Ausserdorfstrasse,12,8455 Rüdlingen,2938,SH,planned,True,23.07.2024,2685227,1270726
103221998,10073055,191971750,Mühlentalstrasse,84,8200 Schaffhausen,2939,SH,real,True,15.11.2024,2689399,1284377
103221999,10073055,191971751,Mühlentalstrasse,80,8200 Schaffhausen,2939,SH,real,True,15.11.2024,2689383,1284308
103222000,10073055,191971751,Mühlentalstrasse,82,8200 Schaffhausen,2939,SH,real,True,15.11.2024,2689385,1284342
103222001,10237827,191971752,Zur Stahlgiesserei,15b,8200 Schaffhausen,2939,SH,real,True,15.11.2024,2689415,1284368
103222002,10237827,191971752,Zur Stahlgiesserei,15a,8200 Schaffhausen,2939,SH,real,True,15.11.2024,2689424,1284391
103222050,10128815,191971794,Neuwiesenstrasse,2a,8215 Hallau,2971,SH,real,False,15.11.2024,2676125,1283143
103227284,10179732,1614039,Tellstrasse,4a,8200 Schaffhausen,2939,SH,real,False,15.11.2024,2690285,1284015
103229938,10025695,191972974,Stüdliackerstrasse,4.1,8207 Schaffhausen,2939,SH,real,True,26.10.2024,2691896,1286139
103229939,10025695,191972975,Stüdliackerstrasse,4.2,8207 Schaffhausen,2939,SH,real,True,26.10.2024,2691885,1286111
103229940,10025695,191972976,Stüdliackerstrasse,4.3,8207 Schaffhausen,2939,SH,real,True,26.10.2024,2691919,1286113
103229943,10073055,191972979,Mühlentalstrasse,14,8200 Schaffhausen,2939,SH,real,False,15.11.2024,2689493,1283955
103230855,10019807,191973083,Schweizersbildstrasse,69.09,8200 Schaffhausen,2939,SH,real,True,15.11.2024,2689986,1286670
103231692,10087217,191973283,Ankerstrasse,733,8262 Ramsen,2963,SH,real,True,15.11.2024,2703054,1285140
103231701,10071689,191973290,Bahnhofstrasse,734,8262 Ramsen,2963,SH,real,True,23.07.2024,2703286,1284949
103231702,10071689,191973291,Bahnhofstrasse,,8262 Ramsen,2963,SH,real,False,23.07.2024,2703292,1284926
103232874,10208692,191973586,Im Geeren,13,8226 Schleitheim,2952,SH,real,True,15.11.2024,2677920,1288841
103235716,10147321,191973760,Ifangweg,8.1,8219 Trasadingen,2973,SH,real,False,23.07.2024,2674162,1280216
103235725,10073109,191973769,Berghof,1.8,8219 Trasadingen,2973,SH,real,False,23.07.2024,2672895,1280647
103236001,10031523,191973974,Zollstrasse,24.1,8219 Trasadingen,2973,SH,real,False,23.07.2024,2674717,1279711
103238081,10165183,473779,Hofgasse,1,8454 Buchberg,2933,SH,real,True,15.11.2024,2684348,1269719
103238098,10256400,191974218,Im Soo,999,8231 Hemmental,2939,SH,real,False,23.07.2024,2686372,1286928
103238169,10237818,191974283,Rebbergstrasse,128a.1,8240 Thayngen,2920,SH,real,True,10.08.2024,2696518,1289371
103238294,10024934,191974393,Sägistrasse,6,8242 Bibern SH,2920,SH,real,True,15.11.2024,2692710,1292112
103238327,10026323,191974418,Kirchstrasse,30,8214 Gächlingen,2901,SH,real,True,15.11.2024,2679838,1284234
103238328,10026323,191974419,Kirchstrasse,36,8214 Gächlingen,2901,SH,real,True,15.11.2024,2679855,1284251
103245381,10031518,191974906,Rebweg,7.1,8219 Trasadingen,2973,SH,real,False,19.11.2024,2674448,1280398
103247137,10071686,191975282,Dorfstrasse,27a,8261 Hemishofen,2962,SH,real,True,19.11.2024,2704345,1281622
103249060,10200405,191975594,Tobelraastrasse,8,8212 Neuhausen am Rheinfall,2937,SH,real,True,19.11.2024,2687262,1281087
103249209,10187869,191975734,Küferstrasse,15,8215 Hallau,2971,SH,real,False,15.11.2024,2676116,1283212
103249231,10186933,191975753,Wagenstrasse,6,8200 Schaffhausen,2939,SH,real,True,15.11.2024,2690283,1284112
103249234,10186933,191975756,Wagenstrasse,8,8200 Schaffhausen,2939,SH,real,True,15.11.2024,2690284,1284122
103250014,10085762,191976311,Rebhalde,10,8228 Beggingen,2951,SH,planned,True,23.07.2024,2681619,1291190
103250595,10087058,1609837,Schaffhauserzelgweg,7a,8240 Thayngen,2920,SH,real,True,15.11.2024,2694362,1289399
103250728,10031585,191976605,Bürglerstrasse,19,8261 Hemishofen,2962,SH,real,True,15.11.2024,2705137,1281190
103250821,10130701,191976691,Barzingergasse,7,8240 Thayngen,2920,SH,real,True,15.11.2024,2695307,1289641
103250822,10130701,191976692,Barzingergasse,9,8240 Thayngen,2920,SH,real,True,15.11.2024,2695312,1289644
103250841,10108011,191976711,Im Wölfli,5,8240 Thayngen,2920,SH,real,True,23.07.2024,2695891,1289348
103256831,10031606,191977083,Schulweg,735,8262 Ramsen,2963,SH,real,False,15.11.2024,2702969,1285102
103256832,10031606,191977084,Schulweg,735.1,8262 Ramsen,2963,SH,real,False,19.11.2024,2702972,1285105
103256836,10031606,191977087,Schulweg,735.2,8262 Ramsen,2963,SH,real,False,19.11.2024,2702980,1285088
103257297,10153985,191977371,Rohrstrasse,3,8216 Oberhallau,2972,SH,real,False,15.11.2024,2677890,1284387
103257441,10026003,191977509,Beggingerstrasse,1.1,8226 Schleitheim,2952,SH,real,False,19.11.2024,2678662,1289370
103257442,10026003,191977510,Beggingerstrasse,1.2,8226 Schleitheim,2952,SH,real,False,18.10.2024,2678655,1289373
103257447,10031566,191977515,Undere Espilibuck,3.2,8226 Schleitheim,2952,SH,real,False,23.07.2024,2678557,1289693
103257936,10108016,191977727,Schmittengasse,1.2,8232 Merishausen,2936,SH,real,False,23.07.2024,2687874,1290504
103257959,10113212,191977749,Grabenstrasse,4,8225 Siblingen,2953,SH,real,False,15.11.2024,2681145,1285447
103257981,10127705,191977770,Gewerbestrasse,9a,8215 Hallau,2971,SH,planned,True,15.11.2024,2677077,1282972
103258002,10127705,191977788,Gewerbestrasse,5a,8215 Hallau,2971,SH,planned,True,15.11.2024,2677103,1282989
103258008,10127705,191977793,Gewerbestrasse,5b,8215 Hallau,2971,SH,planned,True,15.11.2024,2677123,1282999
103258011,10133041,191977796,Eigenweg,7.1,8215 Hallau,2971,SH,planned,True,23.07.2024,2676965,1283456
103264031,10120397,191978097,Haldenweg,12a,8224 Löhningen,2903,SH,real,True,15.11.2024,2683788,1284288
103265607,10073654,191978422,Sonnhalde,,8454 Buchberg,2933,SH,real,False,19.11.2024,2684660,1269225
103265621,10071689,191978433,Bahnhofstrasse,,8262 Ramsen,2963,SH,planned,True,23.07.2024,2703140,1284930
103265627,10071689,191978439,Bahnhofstrasse,,8262 Ramsen,2963,SH,planned,True,23.07.2024,2703460,1284910
103265636,10179729,191978446,Sommerhalde,21,8200 Schaffhausen,2939,SH,planned,True,23.07.2024,2688279,1286266
103265640,10179729,191978449,Sommerhalde,19,8200 Schaffhausen,2939,SH,planned,True,23.07.2024,2688320,1286270
103265644,10179729,191978453,Sommerhalde,17,8200 Schaffhausen,2939,SH,planned,True,23.07.2024,2688368,1286272
103265646,10179729,191978455,Sommerhalde,32,8200 Schaffhausen,2939,SH,planned,True,23.07.2024,2688266,1286301
103266192,10185480,191978621,Im Büel,6a,8234 Stetten SH,2919,SH,real,False,23.07.2024,2691738,1288746
103266218,10129730,191978640,Bröckligraben,9,8240 Thayngen,2920,SH,real,True,15.11.2024,2695225,1289839
103266743,10169249,473687,Oberbreitenstrasse,18a,8454 Buchberg,2933,SH,real,True,23.07.2024,2684698,1270054
103266871,10031568,191979112,Winkel,3,8226 Schleitheim,2952,SH,planned,True,23.07.2024,2678811,1289591
103271903,10210280,191979628,Nörstenweg,6,8214 Gächlingen,2901,SH,real,True,05.12.2024,2679795,1284474
103273279,10031941,191979956,Bahnhofstrasse,99,8215 Hallau,2971,SH,real,False,23.07.2024,2676572,1282726
103273410,10179734,191980074,Weinsteig,17,8200 Schaffhausen,2939,SH,real,False,15.11.2024,2689623,1284207
103273525,10178592,191980178,Bohnenbergstrasse,10.2,8212 Neuhausen am Rheinfall,2937,SH,real,True,23.07.2024,2688344,1282710
103274381,10019807,191980209,Schweizersbildstrasse,35,8207 Schaffhausen,2939,SH,real,True,23.11.2024,2690462,1286308
103274943,10046603,191980697,Tonwerkstrasse,7,8240 Thayngen,2920,SH,planned,True,23.07.2024,2695150,1289058
103274944,10073070,191980698,Stuckengässchen,7,8203 Schaffhausen,2939,SH,real,False,15.11.2024,2691504,1283288
103274947,10046603,191980701,Tonwerkstrasse,5,8240 Thayngen,2920,SH,planned,True,23.07.2024,2695138,1289015
103274976,10178593,191980729,Flurlingerweg,72.1,8212 Neuhausen am Rheinfall,2937,SH,planned,False,23.07.2024,2689145,1281931
103275005,10087217,191980757,Ankerstrasse,736,8262 Ramsen,2963,SH,real,True,15.11.2024,2703036,1285128
103275006,10087217,191980758,Ankerstrasse,,8262 Ramsen,2963,SH,real,False,23.07.2024,2703038,1285114
103275181,10185491,191980928,Mühleweg,7,8222 Beringen,2932,SH,real,True,15.11.2024,2685121,1283881
103275990,10073069,191981053,Steingutstrasse,66,8200 Schaffhausen,2939,SH,real,True,15.11.2024,2690656,1285784
103279017,10018143,191981474,Mühlegasse,15,8240 Thayngen,2920,SH,real,True,23.07.2024,2695170,1289441
103279019,10129454,191981474,Mühleweg,6,8240 Thayngen,2920,SH,real,True,23.07.2024,2695170,1289441
103279041,10237818,191981488,Rebbergstrasse,85.1,8240 Thayngen,2920,SH,real,False,21.11.2024,2696281,1289486
103280159,10018444,191981890,Abendhalde,1338.1,8222 Beringen,2932,SH,real,False,19.11.2024,2684548,1283860
103280176,10018166,191981900,Zentralstrasse,49,8212 Neuhausen am Rheinfall,2937,SH,planned,True,23.07.2024,2688697,1281929
103280191,10025640,191981914,Staaringelackerstrasse,2,8234 Stetten SH,2919,SH,real,True,15.11.2024,2691778,1288640
103280199,10025640,191981922,Staaringelackerstrasse,4,8234 Stetten SH,2919,SH,real,True,15.11.2024,2691787,1288666
103280200,10025640,191981923,Staaringelackerstrasse,,8234 Stetten SH,2919,SH,real,False,19.11.2024,2691795,1288663
103280201,10025640,191981924,Staaringelackerstrasse,6,8234 Stetten SH,2919,SH,real,True,15.11.2024,2691794,1288693
103281171,10111812,191982013,Ebringerstrasse,200.2,8240 Thayngen,2920,SH,real,False,19.11.2024,2697181,1289290
103281176,10026383,191982017,Bietingerstrasse,40.5,8240 Thayngen,2920,SH,real,False,19.11.2024,2695928,1289153
103281184,10068436,191982022,Hasenbergstrasse,4.1,8213 Neunkirch,2904,SH,real,False,23.07.2024,2679438,1282304
103281318,10019569,191982113,Hochrahn,67,8231 Hemmental,2939,SH,real,False,15.11.2024,2686196,1287481
103285156,10179732,1614039,Tellstrasse,4.1,8200 Schaffhausen,2939,SH,real,False,23.07.2024,2690291,1284007
103285168,10120424,191760295,Herblingerstrasse,21,8207 Schaffhausen,2939,SH,real,False,15.11.2024,2691302,1286131
103285172,10120424,191760298,Herblingerstrasse,25,8207 Schaffhausen,2939,SH,real,False,15.11.2024,2691336,1286163
103285173,10120424,191760298,Herblingerstrasse,27,8207 Schaffhausen,2939,SH,real,False,15.11.2024,2691356,1286177
103285256,10091248,191982518,Einschlagstrasse,7.2,8212 Neuhausen am Rheinfall,2937,SH,real,True,19.11.2024,2688570,1282266
103285763,10193646,191982619,Am Gässli,2.1,8219 Trasadingen,2973,SH,real,False,23.07.2024,2674265,1280270
103285807,10027512,191982658,Schwimmbadstrasse,42,8213 Neunkirch,2904,SH,real,True,15.11.2024,2680170,1282906
103286301,10019803,191983087,Sandlöchlistrasse,1.3,8200 Schaffhausen,2939,SH,real,False,19.11.2024,2690700,1285780
103289666,10091257,191983738,Randenstrasse,1.1,8212 Neuhausen am Rheinfall,2937,SH,real,True,19.11.2024,2688530,1282620
103291905,10086748,191984222,Wilerstrasse,3,8236 Büttenhardt,2914,SH,real,True,15.11.2024,2691108,1290190
103292689,10085742,191984258,Sonnenstrasse,57.2,8200 Schaffhausen,2939,SH,real,True,26.10.2024,2688701,1284542
103295746,10179720,191984328,Lahnhalde,11.2,8200 Schaffhausen,2939,SH,real,False,23.07.2024,2688250,1284569
103295894,10073052,191984462,Lahnstrasse,51.1,8200 Schaffhausen,2939,SH,real,True,31.08.2024,2688227,1284636
103295898,10019582,191984466,Hinterburg,6,8232 Merishausen,2936,SH,real,True,15.11.2024,2687880,1290541
103295902,10086475,191984470,Buchthalerstrasse,147.1,8203 Schaffhausen,2939,SH,real,False,23.07.2024,2691250,1283698
103295911,10086494,191984478,Hohenstoffelstrasse,27.2,8200 Schaffhausen,2939,SH,real,False,23.07.2024,2690443,1284502
103296144,10108020,191984703,Zubastrasse,12.1,8212 Neuhausen am Rheinfall,2937,SH,real,True,19.11.2024,2688588,1282482
103296242,10086760,191984793,Holzbrunnenstrasse,25.1,8200 Schaffhausen,2939,SH,real,False,23.07.2024,2688625,1284393
103298396,10024927,191984981,Föhrenhof,66.1,8243 Altdorf SH,2920,SH,real,False,19.09.2024,2690735,1294443
103298446,10118141,191985028,Birkenstrasse,7,8454 Buchberg,2933,SH,planned,True,23.07.2024,2684307,1269987
103298519,10024969,191985096,Püntstrasse,10,8236 Opfertshofen SH,2920,SH,real,True,15.11.2024,2691611,1292557
103298524,10072966,191985101,Im Bohl,18,8243 Altdorf SH,2920,SH,real,True,15.11.2024,2691332,1293393
103298525,10072966,191985101,Im Bohl,20,8243 Altdorf SH,2920,SH,real,True,15.11.2024,2691328,1293393
103298554,10121170,191985129,Ob Cheisental,167.5,8232 Merishausen,2936,SH,real,False,23.07.2024,2684875,1292113
103298622,10073623,191985153,Wallenrütistrasse,28,8234 Stetten SH,2919,SH,real,True,15.11.2024,2691318,1287753
103298626,10091109,191985157,Blumengartenstrasse,4a,8215 Hallau,2971,SH,planned,True,23.07.2024,2676249,1283106
103298627,10073623,191985153,Wallenrütistrasse,30,8234 Stetten SH,2919,SH,real,True,15.11.2024,2691316,1287758
103298628,10091109,191985158,Blumengartenstrasse,4b,8215 Hallau,2971,SH,planned,True,23.07.2024,2676254,1283099
103298629,10073623,191985153,Wallenrütistrasse,32,8234 Stetten SH,2919,SH,real,True,15.11.2024,2691312,1287762
103298630,10091109,191985159,Blumengartenstrasse,6a,8215 Hallau,2971,SH,planned,True,23.07.2024,2676263,1283086
103298634,10091109,191985162,Blumengartenstrasse,6b,8215 Hallau,2971,SH,planned,True,23.07.2024,2676268,1283079
103298636,10091109,191985164,Blumengartenstrasse,8a,8215 Hallau,2971,SH,real,True,19.11.2024,2676243,1283064
103298637,10091109,191985165,Blumengartenstrasse,8b,8215 Hallau,2971,SH,real,True,19.11.2024,2676238,1283071
103298638,10091109,191985166,Blumengartenstrasse,8c,8215 Hallau,2971,SH,real,True,19.11.2024,2676230,1283085
103298640,10091109,191985167,Blumengartenstrasse,8d,8215 Hallau,2971,SH,real,True,19.11.2024,2676225,1283092
103299200,10210280,191985303,Nörstenweg,4,8214 Gächlingen,2901,SH,real,True,05.12.2024,2679778,1284450
103300683,10046606,191849894,Rheinfallstrasse,3,8212 Neuhausen am Rheinfall,2937,SH,real,True,15.11.2024,2688538,1281853
103302167,10106945,191985566,Rosenbergstrasse,105.1,8212 Neuhausen am Rheinfall,2937,SH,real,True,25.07.2024,2688530,1282871
103305831,10046609,191985937,Sonnenbergstrasse,32,8212 Neuhausen am Rheinfall,2937,SH,planned,False,23.07.2024,2688155,1282624
103306387,10257572,191986476,Gäisshaalde,475,8234 Stetten SH,2919,SH,real,False,23.07.2024,2690123,1288214
103306452,10046609,191986541,Sonnenbergstrasse,34,8212 Neuhausen am Rheinfall,2937,SH,planned,True,23.07.2024,2688176,1282621
103306453,10046609,191986542,Sonnenbergstrasse,36,8212 Neuhausen am Rheinfall,2937,SH,planned,True,23.07.2024,2688181,1282607
103306483,10190665,191986567,Stammerstrasse,17,8260 Stein am Rhein,2964,SH,real,False,15.11.2024,2705893,1280411
103306492,10031513,191986578,Vorderer Berghof,,8216 Oberhallau,2972,SH,planned,False,23.07.2024,2677433,1285217
103306498,10123288,191986582,Büsingerstrasse,3b,8239 Dörflingen,2915,SH,real,True,15.11.2024,2696109,1284799
103306499,10123288,191986583,Büsingerstrasse,3a,8239 Dörflingen,2915,SH,real,True,15.11.2024,2696103,1284793
103306715,10180865,191986783,Lindenhof,1.4,8215 Hallau,2971,SH,real,True,23.07.2024,2676409,1284901
103306717,10031500,191986785,Höhenweg,7.1,8215 Hallau,2971,SH,real,False,23.07.2024,2676649,1283705
103306718,10143282,191986786,Sonnenburgweg,8.1,8215 Hallau,2971,SH,real,False,23.07.2024,2676582,1282960
103306943,10032565,191987018,Hallauerstrasse,30,8226 Schleitheim,2952,SH,real,True,15.11.2024,2677897,1288694
103307451,10112696,191987295,Bachäckerweg,9,8261 Hemishofen,2962,SH,real,True,15.11.2024,2704303,1281712
103308337,10187864,191987493,Hanfgartenstrasse,,8262 Ramsen,2963,SH,real,False,19.11.2024,2703021,1284769
103308361,10128947,191987517,Hinder Nüchilch,2a,8213 Neunkirch,2904,SH,real,False,15.11.2024,2679476,1282140
103308392,10031603,191987545,Moskau,,8262 Ramsen,2963,SH,planned,False,23.07.2024,2703795,1285286
103308400,10091112,191987553,Hohlengasse,19,8215 Hallau,2971,SH,real,False,15.11.2024,2676730,1283724
103308406,10106941,191987559,Oberwiesstrasse,11a,8213 Neunkirch,2904,SH,real,True,15.11.2024,2679772,1282267
103308407,10237818,191987560,Rebbergstrasse,117,8240 Thayngen,2920,SH,real,True,03.12.2024,2696420,1289432
103308411,10031600,191987563,Im Gässli,,8262 Ramsen,2963,SH,real,False,23.07.2024,2702833,1285072
103308431,10120398,191987579,Gigering,,8213 Neunkirch,2904,SH,planned,True,23.07.2024,2679185,1282360
103308464,10087225,191987611,Steigblickstrasse,737,8262 Ramsen,2963,SH,real,True,15.11.2024,2702692,1284837
103308466,10087225,191987613,Steigblickstrasse,739,8262 Ramsen,2963,SH,real,True,15.11.2024,2702700,1284816
103308467,10087225,191987614,Steigblickstrasse,,8262 Ramsen,2963,SH,planned,False,23.07.2024,2702693,1284816
103308468,10087225,191987615,Steigblickstrasse,,8262 Ramsen,2963,SH,planned,False,23.07.2024,2702695,1284809
103308985,10086476,191988080,Büsingerstrasse,60a,8203 Schaffhausen,2939,SH,real,False,15.11.2024,2691918,1283650
103308986,10085742,191988081,Sonnenstrasse,12.1,8200 Schaffhausen,2939,SH,real,False,23.07.2024,2688513,1284354
103308989,10025696,191988084,Sustenweg,2.1,8200 Schaffhausen,2939,SH,real,False,23.07.2024,2690782,1283803
103308997,10019783,191988091,Nordstrasse,42.1,8200 Schaffhausen,2939,SH,real,False,23.07.2024,2689264,1284227
103309011,10113199,191988105,Mattenweg,6.1,8200 Schaffhausen,2939,SH,real,False,23.07.2024,2689793,1284700
103309015,10027497,191988109,Stalden,20,8224 Löhningen,2903,SH,real,True,15.11.2024,2683903,1283883
103309194,10164384,191988280,Schüppelstrasse,9,8263 Buch SH,2961,SH,real,False,15.11.2024,2701296,1286299
103312689,10087226,191988525,Wiesholz,30.3,8262 Ramsen,2963,SH,real,False,23.07.2024,2704904,1285148
103312716,10136930,191988551,Reckenstrasse,3,8240 Thayngen,2920,SH,planned,True,23.07.2024,2695372,1289558
103312725,10073626,191988560,Hammenweg,2,8240 Thayngen,2920,SH,planned,True,23.07.2024,2695376,1289587
103312750,10110808,191988585,Im Chloster,10,8214 Gächlingen,2901,SH,real,False,23.07.2024,2679344,1283959
103316434,10179725,191989248,Rebweg,28a,8203 Schaffhausen,2939,SH,real,True,15.11.2024,2691294,1283334
103316435,10179725,191989249,Rebweg,28,8203 Schaffhausen,2939,SH,real,True,15.11.2024,2691291,1283342
103316699,10073624,1609347,Barzingersteig,9,8240 Thayngen,2920,SH,real,True,23.07.2024,2695280,1289774
103319400,10019581,191990107,Durachstrasse,35,8232 Merishausen,2936,SH,real,False,19.11.2024,2687951,1290597
103319647,10018464,191990333,Oberstieg,14,8222 Beringen,2932,SH,real,True,15.11.2024,2685684,1283801
103319833,10031577,482390,Randenstrasse,142,8225 Siblingen,2953,SH,real,True,23.07.2024,2682494,1287188
103319895,10106941,191990549,Oberwiesstrasse,11,8213 Neunkirch,2904,SH,real,True,15.11.2024,2679782,1282285
103320403,10091177,191990938,Haslacherweg,6,8213 Neunkirch,2904,SH,real,True,15.11.2024,2679320,1282149
103330819,10073104,191991391,Schulgasse,27,8215 Hallau,2971,SH,planned,True,15.11.2024,2676553,1283608
103330820,10031605,191991392,Roseneggstrasse,458.2,8262 Ramsen,2963,SH,real,False,19.11.2024,2703606,1285221
103330823,10073061,9080875,Ringkengässchen,16,8200 Schaffhausen,2939,SH,real,True,15.11.2024,2689668,1283373
103333405,10205628,191991757,Dorfstrasse,14b,8455 Rüdlingen,2938,SH,real,True,15.11.2024,2685249,1270515
103333635,10032578,191991849,Schwarzwaldstrasse,55a,8226 Schleitheim,2952,SH,real,True,15.11.2024,2677129,1288922
103333743,10026329,502008416,Bettackerweg,1,8223 Guntmadingen,2932,SH,real,False,23.07.2024,2684037,1282193
103334010,10212558,191992143,Trottengässli,5,8215 Hallau,2971,SH,planned,False,23.07.2024,2676380,1283538
103334012,10212558,191992145,Trottengässli,1,8215 Hallau,2971,SH,planned,False,23.07.2024,2676391,1283534
103334013,10212534,191992146,Ebnetweg,7,8215 Hallau,2971,SH,planned,False,23.07.2024,2676396,1283576
103334014,10212534,191992147,Ebnetweg,5,8215 Hallau,2971,SH,planned,False,23.07.2024,2676400,1283563
103334015,10212534,191992148,Ebnetweg,3,8215 Hallau,2971,SH,planned,False,23.07.2024,2676405,1283553
103334016,10212534,191992149,Ebnetweg,1,8215 Hallau,2971,SH,planned,False,23.07.2024,2676410,1283538
103337595,10113209,191992295,Hofstatt,15,8226 Schleitheim,2952,SH,planned,True,23.07.2024,2678135,1289080
103337596,10113209,191992296,Hofstatt,15,8226 Schleitheim,2952,SH,planned,True,23.07.2024,2678136,1289078
103337597,10113209,191992296,Hofstatt,,8226 Schleitheim,2952,SH,planned,False,23.07.2024,2678136,1289078
103339014,10018447,191992442,Benzeweg,8,8222 Beringen,2932,SH,real,False,15.11.2024,2686266,1283574
103339806,10107064,191992644,Gigeweg,1,8213 Neunkirch,2904,SH,real,True,15.11.2024,2679286,1282437
103340045,10136951,191992866,Industriestrasse,741,8262 Ramsen,2963,SH,real,True,15.11.2024,2703900,1284843
103341444,10164639,191992909,Bahnstieg,7,8261 Hemishofen,2962,SH,real,True,15.11.2024,2704688,1281735
103341729,10107064,191992931,Gigeweg,3,8213 Neunkirch,2904,SH,real,True,15.11.2024,2679285,1282396
103341738,10107064,191992940,Gigeweg,5,8213 Neunkirch,2904,SH,real,True,15.11.2024,2679248,1282429
103341804,10111805,191993004,Welscher Garten,5,8213 Neunkirch,2904,SH,real,True,15.11.2024,2679325,1282394
103341811,10111805,191993009,Welscher Garten,1,8213 Neunkirch,2904,SH,real,True,15.11.2024,2679358,1282407
103341818,10111805,191993015,Welscher Garten,3,8213 Neunkirch,2904,SH,real,True,15.11.2024,2679323,1282435
103341951,10107064,191993138,Gigeweg,7,8213 Neunkirch,2904,SH,real,True,15.11.2024,2679207,1282425
103341953,10107064,191993140,Gigeweg,9,8213 Neunkirch,2904,SH,real,True,15.11.2024,2679221,1282412
103341954,10107064,191993141,Gigeweg,11,8213 Neunkirch,2904,SH,real,True,15.11.2024,2679234,1282400
103341955,10107064,191993142,Gigeweg,13,8213 Neunkirch,2904,SH,real,True,15.11.2024,2679247,1282388
103341956,10107064,191993143,Gigeweg,15,8213 Neunkirch,2904,SH,real,True,15.11.2024,2679261,1282376
103341957,10107064,191993144,Gigeweg,17,8213 Neunkirch,2904,SH,real,True,15.11.2024,2679274,1282364
103341985,10087072,191993172,Neugrüthalde,9.1,8222 Beringen,2932,SH,real,False,23.07.2024,2686236,1283691
103342049,10237818,191993235,Rebbergstrasse,67a,8240 Thayngen,2920,SH,real,True,15.11.2024,2696163,1289497
103342050,10237818,191993235,Rebbergstrasse,67b,8240 Thayngen,2920,SH,real,True,15.11.2024,2696163,1289503
103342051,10237818,191993235,Rebbergstrasse,67c,8240 Thayngen,2920,SH,real,True,15.11.2024,2696162,1289514
103342052,10237818,191993236,Rebbergstrasse,65a,8240 Thayngen,2920,SH,real,True,15.11.2024,2696152,1289502
103342053,10237818,191993236,Rebbergstrasse,65b,8240 Thayngen,2920,SH,real,True,15.11.2024,2696152,1289513
103344468,10086749,191993695,Gruebstrasse,2a,8239 Dörflingen,2915,SH,real,False,19.11.2024,2696311,1285248
103344526,10024976,191993746,Rotackerstrasse,,8234 Stetten SH,2919,SH,real,False,23.07.2024,2692001,1288566
103344527,10054978,191993747,Schönenbüel,,8234 Stetten SH,2919,SH,real,False,23.07.2024,2692138,1288871
103344972,10046637,191994018,Huberlistrasse,26.1,8260 Stein am Rhein,2964,SH,real,False,23.07.2024,2706011,1280817
103345197,10179754,191994228,Chalberweidstrasse,10,8260 Stein am Rhein,2964,SH,real,False,19.11.2024,2707316,1279899
103345220,10091108,191994250,Zwinglistrasse,,8260 Stein am Rhein,2964,SH,real,False,19.11.2024,2706438,1280366
103345238,10087233,191994267,Guldifuess,25,8260 Stein am Rhein,2964,SH,planned,False,15.11.2024,2707113,1280255
103345239,10087233,191994268,Guldifuess,29,8260 Stein am Rhein,2964,SH,planned,False,15.11.2024,2707121,1280236
103345240,10087233,191994269,Guldifuess,31,8260 Stein am Rhein,2964,SH,planned,False,15.11.2024,2707103,1280231
103345241,10087233,191994270,Guldifuess,27,8260 Stein am Rhein,2964,SH,planned,False,15.11.2024,2707090,1280249
103345242,10031923,191994271,Hemishoferstrasse,,8260 Stein am Rhein,2964,SH,real,False,23.07.2024,2706167,1280174
103345243,10071984,191994272,Chlingeweg,1,8260 Stein am Rhein,2964,SH,real,True,15.11.2024,2706877,1280112
103345245,10090057,191994274,Kaltenbacherstrasse,44,8260 Stein am Rhein,2964,SH,real,False,15.11.2024,2706183,1278912
103345247,10087229,191994276,Blaurockstrasse,5c,8260 Stein am Rhein,2964,SH,planned,False,23.07.2024,2706824,1280087
103345248,10087229,191994277,Blaurockstrasse,5b,8260 Stein am Rhein,2964,SH,planned,False,23.07.2024,2706838,1280081
103345250,10087229,191994279,Blaurockstrasse,5a,8260 Stein am Rhein,2964,SH,planned,False,23.07.2024,2706845,1280079
103345251,10087229,191994280,Blaurockstrasse,5d,8260 Stein am Rhein,2964,SH,planned,False,23.07.2024,2706817,1280088
103345253,10087229,191994282,Blaurockstrasse,3b,8260 Stein am Rhein,2964,SH,planned,False,23.07.2024,2706866,1280071
103345256,10087229,191994285,Blaurockstrasse,3a,8260 Stein am Rhein,2964,SH,planned,False,23.07.2024,2706872,1280069
103345257,10087229,191994286,Blaurockstrasse,3c,8260 Stein am Rhein,2964,SH,planned,False,23.07.2024,2706858,1280073
103345258,10179756,191994287,Langstuck,11d,8260 Stein am Rhein,2964,SH,planned,False,23.07.2024,2706817,1280055
103345259,10179756,191994288,Langstuck,11e,8260 Stein am Rhein,2964,SH,planned,False,23.07.2024,2706800,1280065
103345262,10179756,191994291,Langstuck,11c,8260 Stein am Rhein,2964,SH,planned,False,23.07.2024,2706827,1280050
103345266,10179756,191994295,Langstuck,11b,8260 Stein am Rhein,2964,SH,planned,False,23.07.2024,2706811,1280065
103345275,10179756,191994302,Langstuck,11a,8260 Stein am Rhein,2964,SH,planned,False,23.07.2024,2706840,1280043
103345281,10179756,191994307,Langstuck,13e,8260 Stein am Rhein,2964,SH,planned,False,23.07.2024,2706789,1280037
103345285,10179756,191994311,Langstuck,13d,8260 Stein am Rhein,2964,SH,planned,False,23.07.2024,2706797,1280034
103345288,10179756,191994314,Langstuck,13c,8260 Stein am Rhein,2964,SH,planned,False,23.07.2024,2706808,1280028
103345291,10179756,191994317,Langstuck,13b,8260 Stein am Rhein,2964,SH,planned,False,23.07.2024,2706814,1280025
103345296,10179756,191994322,Langstuck,13a,8260 Stein am Rhein,2964,SH,planned,False,23.07.2024,2706820,1280022
103345362,10073098,191994384,Wisegässli,3,8260 Stein am Rhein,2964,SH,real,False,23.07.2024,2706548,1280053
103345366,10073098,191994387,Wisegässli,7,8260 Stein am Rhein,2964,SH,real,False,23.07.2024,2706527,1280080
103345371,10031923,191994392,Hemishoferstrasse,56,8260 Stein am Rhein,2964,SH,planned,True,23.07.2024,2706146,1280197
103345372,10031923,191994393,Hemishoferstrasse,58a,8260 Stein am Rhein,2964,SH,planned,True,23.07.2024,2706146,1280197
103345373,10031923,191994394,Hemishoferstrasse,58b,8260 Stein am Rhein,2964,SH,planned,False,23.07.2024,2706146,1280197
103345376,10031923,191994397,Hemishoferstrasse,56a,8260 Stein am Rhein,2964,SH,planned,False,23.07.2024,2706146,1280197
103345379,10031923,191994400,Hemishoferstrasse,56b,8260 Stein am Rhein,2964,SH,planned,False,23.07.2024,2706146,1280197
103349306,10033112,191994643,Haingartenstrasse,32,8215 Hallau,2971,SH,planned,False,23.07.2024,2676575,1283139
103349309,10033112,191994645,Haingartenstrasse,36,8215 Hallau,2971,SH,planned,False,23.07.2024,2676575,1283139
103349312,10033112,191994648,Haingartenstrasse,34,8215 Hallau,2971,SH,real,True,19.11.2024,2676575,1283139
103349316,10033112,191994652,Haingartenstrasse,38,8215 Hallau,2971,SH,planned,True,12.11.2024,2676575,1283139
103349497,10091181,191994796,Schaffhauserstrasse,23,8213 Neunkirch,2904,SH,real,True,23.07.2024,2680130,1282579
103350942,10071978,191994924,Sonnenstrasse,665,8262 Ramsen,2963,SH,planned,True,23.07.2024,2703464,1285125
103350943,10071978,191994925,Sonnenstrasse,666,8262 Ramsen,2963,SH,planned,True,23.07.2024,2703485,1285126
103350944,10071978,191994926,Sonnenstrasse,667,8262 Ramsen,2963,SH,planned,True,23.07.2024,2703502,1285126
103350945,10071978,191994927,Sonnenstrasse,668,8262 Ramsen,2963,SH,planned,True,23.07.2024,2703526,1285129
103350946,10071978,191994928,Sonnenstrasse,669,8262 Ramsen,2963,SH,planned,True,23.07.2024,2703543,1285130
103350947,10071978,191994929,Sonnenstrasse,670,8262 Ramsen,2963,SH,planned,True,23.07.2024,2703563,1285136
103352355,10018164,191995131,Weinbergstrasse,10,8212 Neuhausen am Rheinfall,2937,SH,real,True,19.11.2024,2688653,1281673
103352356,10018164,191995132,Weinbergstrasse,8,8212 Neuhausen am Rheinfall,2937,SH,planned,False,16.08.2024,2688596,1281674
103352641,10032573,191995410,Oberwiesenweg,5.5,8226 Schleitheim,2952,SH,real,False,19.11.2024,2676412,1289282
103353239,10017874,191995824,Neubergstrasse,13,8212 Neuhausen am Rheinfall,2937,SH,real,True,15.11.2024,2687927,1282048
103353240,10017874,191995825,Neubergstrasse,15,8212 Neuhausen am Rheinfall,2937,SH,real,True,15.11.2024,2687925,1282045
103354234,10244675,191996808,Häidehof,9,8217 Wilchingen,2974,SH,real,False,15.11.2024,2677680,1280146
103354329,10244675,191996900,Häidehof,7,8217 Wilchingen,2974,SH,real,True,15.11.2024,2677684,1280125
103354600,10086758,191997025,Quellenstrasse,3,8235 Lohn SH,2917,SH,real,True,15.11.2024,2692598,1290170
103354601,10024956,191997026,Bibermerweg,7,8235 Lohn SH,2917,SH,real,True,15.11.2024,2692315,1290407
103354735,10186331,191997154,Berggasse,,8224 Löhningen,2903,SH,real,False,19.11.2024,2683483,1283618
103355228,10024956,191997560,Bibermerweg,,8235 Lohn SH,2917,SH,real,True,23.07.2024,2692334,1290398
103355229,10024965,191997561,Thayngerstrasse,5,8235 Lohn SH,2917,SH,real,True,15.11.2024,2692575,1290149
103358876,10027493,191997737,Rebhaldenweg,5.2,8224 Löhningen,2903,SH,real,False,23.07.2024,2683787,1284222
103358937,10048893,191997812,Schulstrasse,9.2,8214 Gächlingen,2901,SH,real,False,23.07.2024,2679379,1284145
103359022,10087052,191997890,Im Gatter,18,8240 Thayngen,2920,SH,planned,True,23.07.2024,2694885,1289336
103359702,10019581,191998189,Durachstrasse,7,8232 Merishausen,2936,SH,real,True,19.11.2024,2687987,1290219
103361904,10118361,191998255,Längenbergstrasse,2.1,8200 Schaffhausen,2939,SH,real,True,19.11.2024,2689277,1287008
103361906,10019785,191998257,Oerlifallstieg,67,8200 Schaffhausen,2939,SH,real,False,15.11.2024,2688190,1284173
103361978,10025692,191998261,Stettemerstrasse,43,8207 Schaffhausen,2939,SH,real,True,19.11.2024,2691169,1286362
103361979,10025692,191998261,Stettemerstrasse,43a,8207 Schaffhausen,2939,SH,real,True,19.11.2024,2691169,1286362
103361980,10025692,191998262,Stettemerstrasse,35a,8207 Schaffhausen,2939,SH,real,True,19.11.2024,2691169,1286362
103361981,10025692,191998262,Stettemerstrasse,35,8207 Schaffhausen,2939,SH,real,True,19.11.2024,2691169,1286362
103361982,10025692,191998263,Stettemerstrasse,31,8207 Schaffhausen,2939,SH,real,True,19.11.2024,2691169,1286362
103361983,10025692,191998263,Stettemerstrasse,31a,8207 Schaffhausen,2939,SH,real,True,19.11.2024,2691169,1286362
103361984,10025692,191998264,Stettemerstrasse,39a,8207 Schaffhausen,2939,SH,real,True,19.11.2024,2691169,1286362
103361985,10025692,191998264,Stettemerstrasse,39,8207 Schaffhausen,2939,SH,real,True,19.11.2024,2691169,1286362
103361986,10025692,191998265,Stettemerstrasse,37,8207 Schaffhausen,2939,SH,real,True,19.11.2024,2691169,1286362
103361987,10025692,191998265,Stettemerstrasse,37a,8207 Schaffhausen,2939,SH,real,True,19.11.2024,2691169,1286362
103361988,10025692,191998266,Stettemerstrasse,47a,8207 Schaffhausen,2939,SH,real,True,19.11.2024,2691169,1286362
103361989,10025692,191998266,Stettemerstrasse,47,8207 Schaffhausen,2939,SH,real,True,19.11.2024,2691169,1286362
103361990,10025692,191998267,Stettemerstrasse,45,8207 Schaffhausen,2939,SH,real,True,19.11.2024,2691169,1286362
103361991,10025692,191998267,Stettemerstrasse,45a,8207 Schaffhausen,2939,SH,real,True,19.11.2024,2691169,1286362
103361992,10025692,191998268,Stettemerstrasse,33a,8207 Schaffhausen,2939,SH,real,True,19.11.2024,2691169,1286362
103361993,10025692,191998268,Stettemerstrasse,33,8207 Schaffhausen,2939,SH,real,True,19.11.2024,2691169,1286362
103361994,10025692,191998269,Stettemerstrasse,41a,8207 Schaffhausen,2939,SH,real,True,19.11.2024,2691169,1286362
103361995,10025692,191998269,Stettemerstrasse,41,8207 Schaffhausen,2939,SH,real,True,19.11.2024,2691169,1286362
103362020,10179732,191998294,Tellstrasse,12.1,8200 Schaffhausen,2939,SH,real,False,23.07.2024,2690330,1284072
103362269,10080408,191998519,Hauptstrasse,16,8225 Siblingen,2953,SH,real,True,15.11.2024,2681448,1285262
103362270,10080408,191998520,Hauptstrasse,18,8225 Siblingen,2953,SH,real,True,15.11.2024,2681476,1285266
103362495,10106941,191998742,Oberwiesstrasse,,8213 Neunkirch,2904,SH,real,True,23.07.2024,2679786,1282284
103363720,10086482,191999118,Freistrasse,33.3,8200 Schaffhausen,2939,SH,real,False,23.07.2024,2689224,1284036
103365697,10118362,1610765,Rebhangstrasse,13,8200 Schaffhausen,2939,SH,real,False,15.11.2024,2691422,1282872
103365806,10091161,191999810,Dorfstrasse,35.1,8223 Guntmadingen,2932,SH,real,False,23.07.2024,2684096,1282078
103365897,10058935,191999886,Dorfstrasse,3.1,8228 Beggingen,2951,SH,real,False,23.07.2024,2682319,1291238
103369349,10122646,192000040,Schulstrasse,4,8225 Siblingen,2953,SH,real,False,15.11.2024,2681061,1285503
103372919,10087045,1609560,Barzheimerstrasse,1a,8240 Thayngen,2920,SH,real,True,15.11.2024,2695001,1289631
103374721,10200405,192000553,Tobelraastrasse,6,8212 Neuhausen am Rheinfall,2937,SH,real,True,15.11.2024,2687277,1281103
103374737,10087043,192000566,Tubackackerstrasse,256.1,8234 Stetten SH,2919,SH,real,False,23.07.2024,2691637,1287988
103377637,10017877,191995131,Rheinstrasse,1,8212 Neuhausen am Rheinfall,2937,SH,real,True,19.11.2024,2688639,1281688
103377638,10091252,191995132,Industriestrasse,2,8212 Neuhausen am Rheinfall,2937,SH,planned,True,23.07.2024,2688615,1281687
103377713,10185475,192000859,Zelgliweg,2,8236 Büttenhardt,2914,SH,planned,True,23.07.2024,2690983,1290028
103377718,10118138,192000864,Neuwis,1,8236 Büttenhardt,2914,SH,planned,True,23.07.2024,2690999,1290050
103377723,10118138,192000869,Neuwis,3,8236 Büttenhardt,2914,SH,real,True,01.11.2024,2690981,1290077
103379994,10258993,192001639,Goldäckerstrasse,9,8214 Gächlingen,2901,SH,real,True,15.11.2024,2679625,1283755
103381147,10258993,192001712,Goldäckerstrasse,11,8214 Gächlingen,2901,SH,real,False,15.11.2024,2679627,1283754
103381148,10258993,192001713,Goldäckerstrasse,13,8214 Gächlingen,2901,SH,real,False,15.11.2024,2679632,1283751
103381779,10258993,192001723,Goldäckerstrasse,25,8214 Gächlingen,2901,SH,real,False,15.11.2024,2679627,1283734
103381789,10258993,192001730,Goldäckerstrasse,23,8214 Gächlingen,2901,SH,real,False,15.11.2024,2679622,1283737
103381793,10258993,192001734,Goldäckerstrasse,21,8214 Gächlingen,2901,SH,real,False,15.11.2024,2679621,1283738
103395691,10086489,192002312,Grafenbuckstrasse,12,8200 Schaffhausen,2939,SH,real,False,19.11.2024,2690234,1285571
103395692,10086489,192002313,Grafenbuckstrasse,14,8200 Schaffhausen,2939,SH,real,False,19.11.2024,2690234,1285571
103395750,10026385,192002365,Bohlstrasse,,8240 Thayngen,2920,SH,planned,False,23.07.2024,2694607,1288983
103395752,10071978,192002367,Sonnenstrasse,408.2,8262 Ramsen,2963,SH,real,False,19.11.2024,2703679,1285125
103395756,10071691,192002372,Hauptstrasse,,8262 Ramsen,2963,SH,real,False,23.07.2024,2703110,1284951
103395839,10026385,192002437,Bohlstrasse,,8240 Thayngen,2920,SH,planned,False,23.07.2024,2694615,1288971
103397806,10118148,192002474,Salzbrunnenstrasse,5,8226 Schleitheim,2952,SH,planned,True,23.07.2024,2677997,1288704
103397810,10118148,192002477,Salzbrunnenstrasse,5,8226 Schleitheim,2952,SH,real,True,19.11.2024,2677995,1288705
103397814,10118148,192002481,Salzbrunnenstrasse,5.1,8226 Schleitheim,2952,SH,real,False,19.11.2024,2677981,1288737
103397820,10118148,192002488,Salzbrunnenstrasse,5.2,8226 Schleitheim,2952,SH,planned,False,23.07.2024,2678005,1288677
103397821,10118148,192002487,Salzbrunnenstrasse,,8226 Schleitheim,2952,SH,planned,False,23.07.2024,2678005,1288677
103397823,10019807,192002490,Schweizersbildstrasse,71,8200 Schaffhausen,2939,SH,real,False,19.11.2024,2689862,1286704
103397824,10178604,192002491,Breitenaustrasse,191,8200 Schaffhausen,2939,SH,real,False,15.11.2024,2688851,1285052
103397825,10018672,192002492,Krebsbachstrasse,53,8200 Schaffhausen,2939,SH,real,False,15.11.2024,2689962,1284652
103411904,10195244,192002833,Undergass,17.2,8219 Trasadingen,2973,SH,real,False,23.07.2024,2674832,1279973
103411906,10179764,192002835,Ifang,10.1,8219 Trasadingen,2973,SH,real,False,23.07.2024,2674279,1280224
103411908,10086476,192002837,Büsingerstrasse,64.4,8203 Schaffhausen,2939,SH,real,False,23.07.2024,2691943,1283676
103412273,10073359,192002851,Espiligartenweg,2.1,8226 Schleitheim,2952,SH,real,False,19.11.2024,2678498,1289674
103412274,10187861,192002852,Schaffhauserstrasse,4.3,8226 Schleitheim,2952,SH,real,False,19.11.2024,2678076,1288928
103412277,10187861,192002855,Schaffhauserstrasse,4.2,8226 Schleitheim,2952,SH,real,False,19.11.2024,2678073,1288923
103412279,10118363,192002857,Aegerten,,8226 Schleitheim,2952,SH,planned,False,23.07.2024,2676392,1288968
103412281,10118363,192002858,Aegerten,,8226 Schleitheim,2952,SH,real,False,19.11.2024,2676394,1288967
103412647,10073070,192003028,Stuckengässchen,7.1,8203 Schaffhausen,2939,SH,real,False,23.07.2024,2691492,1283278
103417917,10024968,192003505,Hundackerstrasse,9a,8236 Opfertshofen SH,2920,SH,real,True,15.11.2024,2691428,1292342
103419916,10031923,192003557,Hemishoferstrasse,18.1,8260 Stein am Rhein,2964,SH,real,False,23.07.2024,2706385,1280071
103419921,10018160,192003562,Schützenstrasse,16.2,8212 Neuhausen am Rheinfall,2937,SH,real,True,19.11.2024,2687588,1281783
103419923,10074400,192003564,Hardstrasse,19.2,8212 Neuhausen am Rheinfall,2937,SH,real,True,19.11.2024,2687875,1282114
103424454,10179753,192003758,Alte Zollstrasse,58,8260 Stein am Rhein,2964,SH,real,False,15.11.2024,2707778,1279862
103426736,10058935,192004092,Dorfstrasse,,8228 Beggingen,2951,SH,planned,False,23.07.2024,2681627,1291033
103426747,10058935,192004103,Dorfstrasse,,8228 Beggingen,2951,SH,planned,False,23.07.2024,2681625,1291033
103426973,10146948,192004321,Hengstackerstrasse,,8233 Bargen SH,2931,SH,planned,False,23.07.2024,2687473,1293934
103427043,10087013,192004393,Schulgasse,20,8214 Gächlingen,2901,SH,real,True,06.12.2024,2679238,1284074
103428400,10027511,192004970,Oberwiesweg,6,8213 Neunkirch,2904,SH,real,True,15.11.2024,2679553,1282234
103428565,10026394,192005123,Hüttenlebenweg,,8240 Thayngen,2920,SH,planned,False,23.07.2024,2694143,1289954
103428724,10258993,192005244,Goldäckerstrasse,15,8214 Gächlingen,2901,SH,real,False,15.11.2024,2679596,1283755
103428726,10258993,192005246,Goldäckerstrasse,17,8214 Gächlingen,2901,SH,real,False,15.11.2024,2679598,1283754
103428729,10258993,192005249,Goldäckerstrasse,19,8214 Gächlingen,2901,SH,real,True,04.12.2024,2679603,1283751
103429019,10185477,192005504,Neudörflingerstrasse,1,8239 Dörflingen,2915,SH,planned,False,23.07.2024,2696115,1284956
103429064,10019807,192005546,Schweizersbildstrasse,48.1,8200 Schaffhausen,2939,SH,real,True,23.07.2024,2690406,1286463
103429066,10086476,192005548,Büsingerstrasse,60.4,8203 Schaffhausen,2939,SH,real,False,23.07.2024,2691938,1283655
103432639,10018157,192005740,Zieglerweg,62.1,8240 Thayngen,2920,SH,real,False,23.07.2024,2694644,1289861
103435018,10147639,192006000,Im Gablemacher,23.1,8240 Thayngen,2920,SH,real,False,23.07.2024,2694458,1289649
103435392,10085737,192006361,Schlossstrasse,41,8207 Schaffhausen,2939,SH,real,True,19.11.2024,2691828,1286788
103435528,10113222,192006488,Dorfstrasse,59a,8218 Osterfingen,2974,SH,real,False,15.11.2024,2678920,1279706
103435556,10017864,192006515,Gartenstrasse,10.1,8212 Neuhausen am Rheinfall,2937,SH,real,False,23.07.2024,2688977,1281943
103435557,10017864,192006516,Gartenstrasse,10.2,8212 Neuhausen am Rheinfall,2937,SH,real,False,23.07.2024,2688989,1281935
103435563,10147321,192006520,Ifangweg,4.1,8219 Trasadingen,2973,SH,real,False,23.07.2024,2674187,1280248
103435571,10087057,192006528,Reiatstrasse,51.16,8240 Thayngen,2920,SH,real,False,23.07.2024,2694139,1289586
103435574,10058934,192006531,Industrieplatz,2k.2,8212 Neuhausen am Rheinfall,2937,SH,real,True,25.07.2024,2688742,1281457
103435577,10058934,192006534,Industrieplatz,2k.3,8212 Neuhausen am Rheinfall,2937,SH,real,True,25.07.2024,2688746,1281450
103435581,10058934,192006538,Industrieplatz,2l.3,8212 Neuhausen am Rheinfall,2937,SH,real,True,25.07.2024,2688763,1281425
103435586,10246558,192006543,Zaunfabrik,7.1,8224 Löhningen,2903,SH,real,False,23.07.2024,2683494,1283887
103435591,10106945,192006548,Rosenbergstrasse,46.1,8212 Neuhausen am Rheinfall,2937,SH,real,True,25.07.2024,2688528,1282486
103435594,10018159,192006551,Schöneggstrasse,4a.1,8212 Neuhausen am Rheinfall,2937,SH,real,True,25.07.2024,2688351,1282325
103435775,10164493,192006630,Dorfstrasse,,8216 Oberhallau,2972,SH,real,False,23.07.2024,2677828,1284067
103438836,10031503,192006907,Litihof,1.8,8215 Hallau,2971,SH,real,False,23.07.2024,2674858,1284407
103438926,10180894,192006971,Chatzengartenstrasse,2a,8216 Oberhallau,2972,SH,real,False,23.07.2024,2678145,1284402
103438947,10027516,192006990,Taufgarten,,8213 Neunkirch,2904,SH,real,True,23.07.2024,2680022,1282026
103438962,10177867,192007002,Langwis,13.2,8219 Trasadingen,2973,SH,real,False,19.11.2024,2674795,1280062
103446564,10165970,192007407,Wiechserstrasse,,8243 Altdorf SH,2920,SH,planned,False,23.07.2024,2690987,1293420
103448165,10086747,192007562,Weinbergstrasse,,8242 Bibern SH,2920,SH,real,False,23.07.2024,2693121,1292040
103448922,10031519,192007662,Schiltenbach,2.2,8219 Trasadingen,2973,SH,real,False,23.07.2024,2674624,1279659
103448988,10087057,192007718,Reiatstrasse,51.15,8240 Thayngen,2920,SH,planned,False,23.07.2024,2694149,1289570
103451513,10258970,192007923,Im RhyTech,1,8212 Neuhausen am Rheinfall,2937,SH,real,True,15.11.2024,2688223,1281975
103451840,10032561,192008048,Friedaustrasse,1,8226 Schleitheim,2952,SH,planned,True,23.07.2024,2678157,1288681
103451842,10032561,192008050,Friedaustrasse,3,8226 Schleitheim,2952,SH,planned,True,23.07.2024,2678154,1288675
103451844,10032561,192008052,Friedaustrasse,5,8226 Schleitheim,2952,SH,planned,True,23.07.2024,2678124,1288712
103451846,10032561,192008054,Friedaustrasse,5,8226 Schleitheim,2952,SH,planned,True,23.07.2024,2678150,1288679
103451847,10032561,192008055,Friedaustrasse,7,8226 Schleitheim,2952,SH,planned,True,23.07.2024,2678146,1288688
103451848,10032561,192008056,Friedaustrasse,9,8226 Schleitheim,2952,SH,planned,True,23.07.2024,2678143,1288686
103451850,10032561,192008058,Friedaustrasse,11,8226 Schleitheim,2952,SH,planned,True,23.07.2024,2678135,1288699
103451853,10032561,192008060,Friedaustrasse,13,8226 Schleitheim,2952,SH,planned,True,23.07.2024,2678129,1288707
103451855,10032561,192008062,Friedaustrasse,15,8226 Schleitheim,2952,SH,planned,True,23.07.2024,2678126,1288710
103451856,10032561,192008063,Friedaustrasse,17,8226 Schleitheim,2952,SH,planned,True,23.07.2024,2678122,1288715
103451857,10032561,192008064,Friedaustrasse,19,8226 Schleitheim,2952,SH,planned,True,23.07.2024,2678119,1288720
103451858,10032561,192008065,Friedaustrasse,5.1,8226 Schleitheim,2952,SH,real,False,19.11.2024,2678128,1288690
103451871,10071978,192008074,Sonnenstrasse,,8262 Ramsen,2963,SH,planned,False,23.07.2024,2703702,1285149
103451872,10071978,192008075,Sonnenstrasse,,8262 Ramsen,2963,SH,planned,False,23.07.2024,2703494,1285103
103451873,10071978,192008076,Sonnenstrasse,,8262 Ramsen,2963,SH,planned,False,23.07.2024,2703506,1285106
103451874,10071978,192008077,Sonnenstrasse,,8262 Ramsen,2963,SH,planned,False,23.07.2024,2703528,1285107
103451875,10071978,192008078,Sonnenstrasse,,8262 Ramsen,2963,SH,planned,False,23.07.2024,2703538,1285107
103451876,10071978,192008079,Sonnenstrasse,,8262 Ramsen,2963,SH,planned,False,23.07.2024,2703552,1285110
103451877,10071978,192008080,Sonnenstrasse,,8262 Ramsen,2963,SH,planned,False,23.07.2024,2703566,1285110
103451878,10071978,192008081,Sonnenstrasse,,8262 Ramsen,2963,SH,planned,False,23.07.2024,2703505,1285115
103451879,10071978,192008082,Sonnenstrasse,,8262 Ramsen,2963,SH,planned,False,23.07.2024,2703526,1285117
103451880,10071978,192008083,Sonnenstrasse,,8262 Ramsen,2963,SH,planned,False,23.07.2024,2703494,1285111
103451881,10071978,192008084,Sonnenstrasse,,8262 Ramsen,2963,SH,planned,False,23.07.2024,2703538,1285114
103451882,10071978,192008085,Sonnenstrasse,,8262 Ramsen,2963,SH,planned,False,23.07.2024,2703553,1285118
103451883,10071978,192008086,Sonnenstrasse,,8262 Ramsen,2963,SH,planned,False,23.07.2024,2703566,1285118
103451904,10164639,192008122,Bahnstieg,,8261 Hemishofen,2962,SH,real,False,23.07.2024,2704692,1281729
103451910,10031586,192008128,Hauptstrasse,15.1,8261 Hemishofen,2962,SH,real,False,23.07.2024,2704710,1281457
103451917,10031590,192008135,Randenstrasse,,8261 Hemishofen,2962,SH,real,False,23.07.2024,2705005,1281256
103451918,10031590,192008136,Randenstrasse,217.1,8261 Hemishofen,2962,SH,real,False,23.07.2024,2705108,1281279
103451999,10071978,192008209,Sonnenstrasse,,8262 Ramsen,2963,SH,planned,False,23.07.2024,2703475,1285129
103452000,10071978,192008210,Sonnenstrasse,,8262 Ramsen,2963,SH,planned,False,23.07.2024,2703479,1285130
103452001,10071978,192008211,Sonnenstrasse,,8262 Ramsen,2963,SH,planned,False,23.07.2024,2703513,1285134
103452002,10071978,192008212,Sonnenstrasse,,8262 Ramsen,2963,SH,planned,False,23.07.2024,2703519,1285135
103452003,10071978,192008213,Sonnenstrasse,,8262 Ramsen,2963,SH,planned,False,23.07.2024,2703552,1285139
103452004,10071978,192008214,Sonnenstrasse,,8262 Ramsen,2963,SH,planned,False,23.07.2024,2703558,1285139
103455745,10024971,192008484,Eichhof,,8234 Stetten SH,2919,SH,real,False,23.07.2024,2690956,1288627
103455746,10024971,192008485,Eichhof,115.5,8234 Stetten SH,2919,SH,real,False,19.11.2024,2690956,1288627
103455839,10031586,192008571,Hauptstrasse,11.2,8261 Hemishofen,2962,SH,real,False,23.07.2024,2704746,1281448
103455868,10086759,192008597,Schenenbühlstrasse,,8235 Lohn SH,2917,SH,real,False,23.07.2024,2692326,1290046
103455942,10025682,192008669,Sommerwiesstrasse,29.2,8200 Schaffhausen,2939,SH,real,False,23.07.2024,2688306,1286152
103455954,10048900,192008681,Lohningerweg,41,8240 Thayngen,2920,SH,planned,True,23.07.2024,2694555,1289490
103455959,10048900,192008685,Lohningerweg,39,8240 Thayngen,2920,SH,planned,True,23.07.2024,2694596,1289505
103456055,10031517,192008783,Dorfstrasse,42.2,8219 Trasadingen,2973,SH,real,False,19.11.2024,2674540,1280105
103456378,10091181,192008977,Schaffhauserstrasse,2b,8213 Neunkirch,2904,SH,real,False,15.11.2024,2679813,1282695
103456859,10186576,192009280,Wiesentalstrasse,8,8215 Hallau,2971,SH,planned,False,23.07.2024,2677093,1283384
103456862,10186576,192009283,Wiesentalstrasse,8a,8215 Hallau,2971,SH,planned,False,23.07.2024,2677122,1283358
103456863,10133046,192009284,Atlingerstrasse,15a,8215 Hallau,2971,SH,planned,False,23.07.2024,2677146,1283336
103456866,10133046,192009287,Atlingerstrasse,15,8215 Hallau,2971,SH,planned,False,23.07.2024,2677172,1283312
103457696,10087214,192009881,In Enzwise,,8261 Hemishofen,2962,SH,real,False,23.07.2024,2704203,1281662
103460601,10027512,192010187,Schwimmbadstrasse,3,8213 Neunkirch,2904,SH,planned,False,23.07.2024,2679863,1282880
103460641,10021938,192010214,Wilchingerstrasse,,8213 Neunkirch,2904,SH,real,False,23.07.2024,2679304,1282357
103460672,10108015,192010223,Hauptstrasse,8,8232 Merishausen,2936,SH,planned,True,23.07.2024,2687962,1290151
103460802,10258993,192010315,Goldäckerstrasse,3,8214 Gächlingen,2901,SH,real,False,15.11.2024,2679620,1283782
103460804,10258993,192010317,Goldäckerstrasse,1,8214 Gächlingen,2901,SH,real,False,15.11.2024,2679619,1283783
103460805,10258993,192010318,Goldäckerstrasse,7,8214 Gächlingen,2901,SH,real,False,15.11.2024,2679609,1283768
103460807,10258993,192010320,Goldäckerstrasse,5,8214 Gächlingen,2901,SH,real,False,15.11.2024,2679608,1283769
103460823,10048902,192010330,Rietstrasse,,8240 Thayngen,2920,SH,planned,False,23.07.2024,2694556,1288969
103461526,10068429,190174427,Goldackerweg,30,8224 Löhningen,2903,SH,real,True,23.07.2024,2683347,1283785
103461807,10048892,192011277,Niederwiesenstrasse,11.6,8214 Gächlingen,2901,SH,real,False,19.11.2024,2678775,1284166
103461915,10120403,192011381,Hauptstrasse,,8242 Bibern SH,2920,SH,real,False,23.07.2024,2693146,1291922
103461981,10187869,192011441,Küferstrasse,27,8215 Hallau,2971,SH,planned,True,15.11.2024,2676027,1283136
103462075,10186340,192011534,Schaffhauserstrasse,91a,8222 Beringen,2932,SH,real,False,15.11.2024,2686084,1283521
103462137,10121182,192011591,Im Tobel,,8217 Wilchingen,2974,SH,real,False,23.07.2024,2676199,1280438
103462140,10121182,192011594,Im Tobel,,8217 Wilchingen,2974,SH,real,False,23.07.2024,2676249,1280418
103462154,10121182,192011606,Im Tobel,,8217 Wilchingen,2974,SH,real,False,23.07.2024,2676252,1280420
103462155,10121182,192011607,Im Tobel,,8217 Wilchingen,2974,SH,real,False,23.07.2024,2676244,1280435
103462329,10091240,192011706,Rietstrasse,22.1,8232 Merishausen,2936,SH,real,False,23.07.2024,2687783,1290256
103465176,10071978,192012521,Sonnenstrasse,,8262 Ramsen,2963,SH,planned,False,23.07.2024,2703417,1285124
103465177,10071978,192012522,Sonnenstrasse,,8262 Ramsen,2963,SH,planned,False,23.07.2024,2703421,1285105
103465178,10071978,192012523,Sonnenstrasse,,8262 Ramsen,2963,SH,planned,False,23.07.2024,2703446,1285125
103465179,10071978,192012524,Sonnenstrasse,,8262 Ramsen,2963,SH,planned,False,23.07.2024,2703445,1285105
103465180,10071978,192012525,Sonnenstrasse,,8262 Ramsen,2963,SH,planned,False,23.07.2024,2703470,1285104
103465181,10071978,192012526,Sonnenstrasse,,8262 Ramsen,2963,SH,planned,False,23.07.2024,2703481,1285104
103465182,10071978,192012527,Sonnenstrasse,,8262 Ramsen,2963,SH,planned,False,23.07.2024,2703426,1285123
103465183,10071978,192012528,Sonnenstrasse,,8262 Ramsen,2963,SH,planned,False,23.07.2024,2703428,1285106
103465184,10071978,192012529,Sonnenstrasse,,8262 Ramsen,2963,SH,planned,False,23.07.2024,2703437,1285124
103465185,10071978,192012530,Sonnenstrasse,,8262 Ramsen,2963,SH,planned,False,23.07.2024,2703439,1285103
103465186,10071978,192012531,Sonnenstrasse,,8262 Ramsen,2963,SH,planned,False,23.07.2024,2703468,1285110
103465187,10071978,192012532,Sonnenstrasse,,8262 Ramsen,2963,SH,planned,False,23.07.2024,2703481,1285109
103465473,10031613,192012697,Wydenhagweg,190.1,8262 Ramsen,2963,SH,real,True,23.07.2024,2702967,1285260
103465582,10073637,190992370,Gärtliweg,6.1,8222 Beringen,2932,SH,real,True,23.07.2024,2684957,1283765
103467339,10024933,192013248,Himmetwislistrasse,1.1,8242 Bibern SH,2920,SH,planned,False,23.07.2024,2693147,1292125
103469799,10073631,192013297,Sägistieg,3.1,8240 Thayngen,2920,SH,real,False,23.07.2024,2694936,1289571
103470051,10072982,192013496,Schmittengasse,6a,8235 Lohn SH,2917,SH,real,False,23.07.2024,2692306,1290381
103470054,10072982,192013497,Schmittengasse,6b,8235 Lohn SH,2917,SH,real,False,23.07.2024,2692322,1290362
103470055,10024965,192013498,Thayngerstrasse,5a,8235 Lohn SH,2917,SH,real,False,15.11.2024,2692562,1290139
103470074,10129038,192013515,Berghof,2.10,8215 Hallau,2971,SH,real,False,23.07.2024,2676278,1284518
103470075,10129038,192013516,Berghof,2.9,8215 Hallau,2971,SH,real,False,23.07.2024,2676279,1284515
103470233,10129038,192013674,Berghof,2.11,8215 Hallau,2971,SH,real,False,23.07.2024,2676282,1284515
103470234,10129038,192013675,Berghof,2.12,8215 Hallau,2971,SH,real,False,23.07.2024,2676282,1284519
103470235,10033112,192013676,Haingartenstrasse,7.1,8215 Hallau,2971,SH,real,False,23.07.2024,2676552,1283319
103470239,10031508,192013680,Schmalzgasse,64.1,8215 Hallau,2971,SH,real,True,23.07.2024,2676020,1283083
103470244,10127705,192013685,Gewerbestrasse,9a.1,8215 Hallau,2971,SH,real,True,23.07.2024,2677057,1282976
103470652,10073655,192014037,Gehrenhalde,62,8231 Hemmental,2939,SH,real,False,15.11.2024,2686232,1287837
103470931,10260355,192014291,Im Bächli,1,8260 Stein am Rhein,2964,SH,real,True,15.11.2024,2707535,1280410
103471038,10031516,192014387,Bettenstrasse,13.2,8219 Trasadingen,2973,SH,real,False,19.11.2024,2674750,1279862
103471574,10237827,192014860,Zur Stahlgiesserei,14c,8200 Schaffhausen,2939,SH,real,True,15.11.2024,2689455,1284439
103471575,10237827,192014860,Zur Stahlgiesserei,14a,8200 Schaffhausen,2939,SH,real,False,15.11.2024,2689482,1284523
103471576,10237827,192014860,Zur Stahlgiesserei,14b,8200 Schaffhausen,2939,SH,real,True,15.11.2024,2689475,1284491
103471577,10073055,192014861,Mühlentalstrasse,88a,8200 Schaffhausen,2939,SH,real,True,15.11.2024,2689439,1284445
103471578,10073055,192014861,Mühlentalstrasse,88c,8200 Schaffhausen,2939,SH,real,False,15.11.2024,2689469,1284531
103471579,10073055,192014861,Mühlentalstrasse,88b,8200 Schaffhausen,2939,SH,real,False,15.11.2024,2689459,1284497
103471618,10068432,192014895,Lättenstrasse,28.1,8224 Löhningen,2903,SH,real,False,23.07.2024,2683311,1284346
103471656,10186929,192014923,Stammlerbühlstrasse,,8240 Thayngen,2920,SH,planned,False,23.07.2024,2696120,1288682
103471710,10087042,192014975,Schlossstrasse,7,8234 Stetten SH,2919,SH,real,True,15.11.2024,2691861,1288444
103471714,10024972,192014975,Im Chloster,1,8234 Stetten SH,2919,SH,real,True,15.11.2024,2691873,1288437
103471734,10019294,192014983,Ernst Müller-Strasse,2,8207 Schaffhausen,2939,SH,real,True,05.12.2024,2692449,1285994
103471735,10086470,192014984,Bachstrasse,70.1,8200 Schaffhausen,2939,SH,real,False,19.11.2024,2689927,1284003
103471736,10031619,1616330,Chlini Schanz,36,8260 Stein am Rhein,2964,SH,real,True,15.11.2024,2706731,1279903
103473168,10018462,192015195,Oberberg,24,8222 Beringen,2932,SH,real,True,15.11.2024,2685802,1283854
103473173,10187856,192015199,Spiegelgutstrasse,12,8200 Schaffhausen,2939,SH,real,True,19.11.2024,2690720,1285998
103473174,10187856,192015200,Spiegelgutstrasse,14,8200 Schaffhausen,2939,SH,real,True,19.11.2024,2690724,1285995
103473175,10187856,192015201,Spiegelgutstrasse,12.1,8200 Schaffhausen,2939,SH,real,True,19.11.2024,2690732,1285998
103473469,10149927,192015488,Bahnhofstrasse,7,8217 Wilchingen,2974,SH,real,False,19.11.2024,2676638,1281557
103473542,10179747,192015566,Im Hafacker,16,8261 Hemishofen,2962,SH,planned,True,23.07.2024,2704465,1281684
103473555,10179747,192015578,Im Hafacker,18,8261 Hemishofen,2962,SH,planned,True,23.07.2024,2704456,1281639
103473556,10179747,192015578,Im Hafacker,18b,8261 Hemishofen,2962,SH,planned,True,23.07.2024,2704456,1281639
103473557,10179747,192015578,Im Hafacker,18c,8261 Hemishofen,2962,SH,planned,True,23.07.2024,2704456,1281639
103473571,10179747,192015591,Im Hafacker,16a,8261 Hemishofen,2962,SH,planned,True,23.07.2024,2704453,1281705
103473577,10073630,192015596,Steigstrasse,22.2,8240 Thayngen,2920,SH,real,False,19.11.2024,2695233,1289769
103473580,10185487,192015599,Am Stägli,,8233 Bargen SH,2931,SH,real,False,19.11.2024,2688147,1293627
103473804,10026003,192015783,Beggingerstrasse,,8226 Schleitheim,2952,SH,real,False,19.11.2024,2679304,1290049
103473862,10085771,192015842,Neuhof,394.12,8226 Schleitheim,2952,SH,real,False,19.11.2024,2679866,1289375
103473933,10026382,192015912,Baumgartenweg,,8240 Thayngen,2920,SH,real,False,19.11.2024,2695573,1289235
103474080,10212558,192016058,Trottengässli,3,8215 Hallau,2971,SH,planned,False,23.07.2024,2676380,1283556
103474331,10128137,192016302,Kapellenstrasse,2,8215 Hallau,2971,SH,planned,False,23.07.2024,2677093,1283544
103474332,10128137,192016303,Kapellenstrasse,2,8215 Hallau,2971,SH,planned,True,23.07.2024,2677096,1283545
103474335,10128137,192016306,Kapellenstrasse,8,8215 Hallau,2971,SH,planned,False,23.07.2024,2677104,1283558
103474336,10128137,192016307,Kapellenstrasse,8,8215 Hallau,2971,SH,planned,True,23.07.2024,2677100,1283556
103475885,10086770,1611239,Langhansergässchen,23c,8200 Schaffhausen,2939,SH,real,False,15.11.2024,2688179,1284469
103475946,10073055,192016587,Mühlentalstrasse,,8200 Schaffhausen,2939,SH,real,False,23.07.2024,2689482,1284497
103475947,10073055,192016588,Mühlentalstrasse,88.11,8200 Schaffhausen,2939,SH,real,False,23.07.2024,2689526,1284456
103479128,10031502,192016760,Leebenstrasse,25.1,8215 Hallau,2971,SH,real,True,19.11.2024,2676750,1283296
103479187,10258970,191858865,Im RhyTech,7,8212 Neuhausen am Rheinfall,2937,SH,real,True,15.11.2024,2688129,1282069
103479190,10258970,191858865,Im RhyTech,9,8212 Neuhausen am Rheinfall,2937,SH,real,True,15.11.2024,2688112,1282082
103479191,10258970,191858865,Im RhyTech,11,8212 Neuhausen am Rheinfall,2937,SH,real,True,15.11.2024,2688083,1282070
103479202,10026388,192016822,Chlenglerweg,133,8240 Thayngen,2920,SH,real,True,15.11.2024,2696791,1289281
103479293,10085751,192016922,Thayngerstrasse,,8207 Schaffhausen,2939,SH,real,False,23.07.2024,2691925,1287249
103480570,10072961,470686,Sidehof,2a,8213 Neunkirch,2904,SH,real,True,23.07.2024,2679511,1282686
103480641,10054965,192017720,Hinterer Wetzenhof,177e,8226 Schleitheim,2901,SH,real,False,23.07.2024,2680374,1288194
103481170,10046632,192017863,Ebnatring,34,8200 Schaffhausen,2939,SH,real,True,23.11.2024,2691147,1285278
103481400,10120424,192017940,Herblingerstrasse,21.2,8207 Schaffhausen,2939,SH,real,False,19.11.2024,2691272,1286139
103481499,10019278,192018058,Birchweg,,8200 Schaffhausen,2939,SH,real,False,23.07.2024,2689452,1285769
103481617,10071978,192018169,Sonnenstrasse,716,8262 Ramsen,2963,SH,real,True,15.11.2024,2703488,1285157
103481676,10026322,192018219,Ischlagstrasse,1,8214 Gächlingen,2901,SH,real,True,20.11.2024,2679656,1284306
103481880,10087072,192018412,Neugrüthalde,54a,8222 Beringen,2932,SH,real,False,15.11.2024,2686569,1283636
103482614,10018654,192018853,Hochstrasse,115,8200 Schaffhausen,2939,SH,real,True,19.11.2024,2689944,1284735
103482615,10018654,192018854,Hochstrasse,115.1,8200 Schaffhausen,2939,SH,real,True,19.11.2024,2689928,1284740
103482623,10120423,192018862,Gennersbrunn,1.3,8207 Schaffhausen,2939,SH,real,True,06.12.2024,2693766,1285383
103482624,10179715,192018863,Griesbacherhof,1.7,8200 Schaffhausen,2939,SH,real,True,19.11.2024,2687623,1285828
103482625,10113197,192018864,Hohbergstrasse,42,8207 Schaffhausen,2939,SH,real,True,15.11.2024,2690818,1286258
103482626,10108013,192018865,Im Gehren,26.1,8231 Hemmental,2939,SH,real,True,19.11.2024,2686275,1287630
103482627,10091233,192018866,Langwiesen,20,8231 Hemmental,2939,SH,real,False,15.11.2024,2686245,1287344
103482628,10085737,192018867,Schlossstrasse,39.1,8207 Schaffhausen,2939,SH,real,True,19.11.2024,2691830,1286770
103482629,10085737,192018868,Schlossstrasse,39a,8207 Schaffhausen,2939,SH,real,True,19.11.2024,2691818,1286770
103482704,10018166,192018944,Zentralstrasse,98a,8212 Neuhausen am Rheinfall,2937,SH,real,True,15.11.2024,2688843,1282103
103482705,10018166,192018945,Zentralstrasse,98,8212 Neuhausen am Rheinfall,2937,SH,real,True,15.11.2024,2688835,1282106
103483425,10087051,192019152,Gygerweg,8a,8240 Thayngen,2920,SH,real,False,23.07.2024,2694870,1290125
103483426,10106942,192019153,Schlatterweg,27a,8240 Thayngen,2920,SH,real,False,23.07.2024,2695176,1289683
103484436,10018151,192019586,Silberbergweg,,8240 Thayngen,2920,SH,real,False,23.07.2024,2694481,1289375
103484575,10200405,192019729,Tobelraastrasse,14,8212 Neuhausen am Rheinfall,2937,SH,real,True,15.11.2024,2687323,1281016
103484689,10068438,192019836,Rietwiesstrasse,3,8213 Neunkirch,2904,SH,real,False,23.07.2024,2679796,1281416
103484694,10068438,192019841,Rietwiesstrasse,4,8213 Neunkirch,2904,SH,real,False,23.07.2024,2679801,1281415
103484701,10068438,192019848,Rietwiesstrasse,5,8213 Neunkirch,2904,SH,real,False,23.07.2024,2679793,1281407
103484819,10209544,192019966,Gewerbestrasse,6,8217 Wilchingen,2974,SH,real,False,15.11.2024,2676755,1281597
103484837,10149927,192019981,Bahnhofstrasse,25a,8217 Wilchingen,2974,SH,real,False,23.07.2024,2677029,1281666
103484941,10111812,192020079,Ebringerstrasse,,8240 Thayngen,2920,SH,real,False,19.11.2024,2697009,1289342
103485708,10146949,192020711,Dostentalstrasse,210.4,8232 Merishausen,2936,SH,planned,False,23.07.2024,2687295,1290031
103485712,10019581,192020714,Durachstrasse,43,8232 Merishausen,2936,SH,real,True,23.07.2024,2687865,1290718
103486429,10186575,192021332,Obere Hofwiesen,5,8226 Schleitheim,2952,SH,real,True,15.11.2024,2678613,1289562
103486452,10080408,192021350,Hauptstrasse,70b,8225 Siblingen,2953,SH,real,False,23.07.2024,2680900,1285434
103486453,10185481,192021351,Schofbuckstrasse,,8234 Stetten SH,2919,SH,real,False,23.07.2024,2691460,1287830
103486613,10032571,192021464,Lendenbergstrasse,54c.1,8226 Schleitheim,2952,SH,real,False,23.07.2024,2677658,1289253
103487205,10187871,192022055,Püntstrasse,,8216 Oberhallau,2972,SH,real,False,19.11.2024,2677892,1284636
103487393,10091165,192022208,Biberichweg,8b,8224 Löhningen,2903,SH,real,False,03.12.2024,2683749,1284366
103487834,10237818,192022630,Rebbergstrasse,52.1,8240 Thayngen,2920,SH,real,False,13.08.2024,2696076,1289464
103488255,10017854,192022803,Berbiceweg,10.1,8212 Neuhausen am Rheinfall,2937,SH,planned,False,23.07.2024,2687999,1281836
103488256,10091247,192022804,Charlottenweg,2c,8212 Neuhausen am Rheinfall,2937,SH,real,True,15.11.2024,2688705,1282742
103488263,10210845,192022809,Rogackerweg,9,8225 Siblingen,2953,SH,real,False,15.11.2024,2680878,1285489
103488308,10071693,192022848,Judebömmlistrasse,534.1,8262 Ramsen,2963,SH,real,False,23.07.2024,2703406,1285071
103488506,10030808,192023061,Morgenackerstrasse,,8454 Buchberg,2933,SH,planned,False,23.07.2024,2684197,1269839
103488507,10073651,192023062,Bodenstrasse,,8454 Buchberg,2933,SH,planned,True,23.07.2024,2684218,1269906
103488510,10030808,192023065,Morgenackerstrasse,,8454 Buchberg,2933,SH,planned,False,23.07.2024,2684190,1269891
103488573,10027500,192023107,Chennerenstrasse,2.1,8213 Neunkirch,2904,SH,planned,False,23.07.2024,2679620,1281045
103488832,10118137,502002326,Bahnhofstrasse,8,8213 Neunkirch,2904,SH,real,True,23.07.2024,2679026,1282562
103490407,10024937,192023823,Dorfstrasse,19,8236 Büttenhardt,2914,SH,real,True,26.11.2024,2691093,1290344
103490416,10019277,192023849,Berghaldenweg,2.1,8207 Schaffhausen,2939,SH,real,False,23.07.2024,2691943,1286946
103490417,10019277,192023850,Berghaldenweg,2,8207 Schaffhausen,2939,SH,real,False,15.11.2024,2691951,1286934
103493300,10118143,192024388,Chapfstrasse,7,8455 Rüdlingen,2938,SH,planned,True,23.07.2024,2684973,1270373
103493420,10091231,192024476,Im Herbstel,39,8231 Hemmental,2939,SH,real,False,19.11.2024,2685601,1287890
103493793,10206081,192024525,Ausserdorfstrasse,14.1,8455 Rüdlingen,2938,SH,real,False,23.07.2024,2685225,1270751
103494767,10146948,192024555,Hengstackerstrasse,,8233 Bargen SH,2931,SH,planned,False,23.07.2024,2687474,1293940
103494768,10146948,192024556,Hengstackerstrasse,,8233 Bargen SH,2931,SH,real,False,03.12.2024,2687464,1293919
103494800,10031611,192024576,Wiesholzerstrasse,,8262 Ramsen,2963,SH,real,False,19.11.2024,2703762,1285157
103496354,10128757,192025691,Badstrasse,2470.1,8212 Neuhausen am Rheinfall,2937,SH,real,False,23.07.2024,2688891,1281331
103497079,10110808,192026319,Im Chloster,37.14,8214 Gächlingen,2901,SH,real,True,20.11.2024,2678560,1284074
103502608,10121169,192026878,Plattenstrasse,,8454 Buchberg,2933,SH,planned,True,23.07.2024,2684065,1270153
103502648,10154375,192026904,Gemeindewiesenstrasse,3.1,8212 Neuhausen am Rheinfall,2937,SH,real,True,19.11.2024,2687536,1281659
103503345,10137915,192027597,Neuwiesenstrasse,,8222 Beringen,2932,SH,real,False,23.07.2024,2685288,1283070
103503551,10086477,192027804,Dorfstrasse,4b,8203 Schaffhausen,2939,SH,real,False,23.07.2024,2691331,1283653
103503556,10179725,192027809,Rebweg,28a.1,8203 Schaffhausen,2939,SH,real,True,23.07.2024,2691297,1283335
103503557,10179725,192027810,Rebweg,28.1,8203 Schaffhausen,2939,SH,real,True,23.07.2024,2691298,1283341
103504418,10019806,192028334,Schlössliweg,10.1,8200 Schaffhausen,2939,SH,real,False,23.07.2024,2690467,1284344
103508391,10090057,192028884,Kaltenbacherstrasse,29.1,8260 Stein am Rhein,2964,SH,real,False,23.07.2024,2706442,1279073
103508393,10090057,192028886,Kaltenbacherstrasse,29.2,8260 Stein am Rhein,2964,SH,real,False,23.07.2024,2706450,1279097
103508394,10090057,192028887,Kaltenbacherstrasse,29.3,8260 Stein am Rhein,2964,SH,real,False,23.07.2024,2706458,1279080
103508395,10090057,192028888,Kaltenbacherstrasse,29.4,8260 Stein am Rhein,2964,SH,real,False,23.07.2024,2706466,1279065
103508396,10090057,192028889,Kaltenbacherstrasse,29.5,8260 Stein am Rhein,2964,SH,real,False,23.07.2024,2706472,1279058
103508546,10200405,192029028,Tobelraastrasse,8,8212 Neuhausen am Rheinfall,2937,SH,planned,True,23.07.2024,2687251,1281090
103509635,10026002,192030061,Bachstrasse,24,8226 Schleitheim,2952,SH,planned,True,23.07.2024,2678843,1289526
103510237,10086476,192030373,Büsingerstrasse,9,8203 Schaffhausen,2939,SH,planned,True,23.07.2024,2691664,1283628
103510413,10121171,192030527,Hegaustrasse,3.2,8212 Neuhausen am Rheinfall,2937,SH,planned,False,23.07.2024,2688417,1282639
103510495,10032565,192030590,Hallauerstrasse,19,8226 Schleitheim,2952,SH,planned,True,23.07.2024,2677989,1288805
103510681,10032565,192030770,Hallauerstrasse,19,8226 Schleitheim,2952,SH,planned,True,23.07.2024,2677990,1288806
103510684,10026003,192030773,Beggingerstrasse,644.10,8226 Schleitheim,2952,SH,real,False,19.11.2024,2679094,1290110
103510686,10103228,192030775,Im Morgen,1.1,8226 Schleitheim,2952,SH,real,False,19.11.2024,2678064,1288818
103510803,10019278,192030892,Birchweg,42,8200 Schaffhausen,2939,SH,planned,True,23.07.2024,2689518,1285723
103510804,10019278,192030893,Birchweg,42.1,8200 Schaffhausen,2939,SH,real,True,19.11.2024,2689511,1285715
103510832,10068435,192030918,Breitiweg,2a,8213 Neunkirch,2904,SH,planned,True,23.07.2024,2679781,1282615
103511424,10147639,192031452,Im Gablemacher,9.1,8240 Thayngen,2920,SH,real,False,23.07.2024,2694477,1289611
103511884,10091235,192031766,Bodenwiesenstrasse,8,8232 Merishausen,2936,SH,planned,False,23.07.2024,2687961,1290247
103511887,10019578,192031769,Blassen,,8232 Merishausen,2936,SH,planned,False,23.07.2024,2688576,1289997
103512805,10019278,192032151,Birchweg,19,8200 Schaffhausen,2939,SH,planned,True,13.11.2024,2689365,1285503
103512806,10019278,192032152,Birchweg,19a,8200 Schaffhausen,2939,SH,planned,True,23.07.2024,2689365,1285503
103512807,10019278,192032153,Birchweg,19c,8200 Schaffhausen,2939,SH,planned,True,13.11.2024,2689365,1285503
103512808,10019278,192032154,Birchweg,19b,8200 Schaffhausen,2939,SH,planned,True,13.11.2024,2689365,1285503
103512811,10190886,192032158,Langfeldweg,20,8213 Neunkirch,2904,SH,planned,False,23.07.2024,2678906,1282682
103513117,10031919,192032326,Degerfelderweg,62a,8260 Stein am Rhein,2964,SH,planned,True,23.07.2024,2705862,1279102
103513121,10031919,192032330,Degerfelderweg,,8260 Stein am Rhein,2964,SH,planned,False,23.07.2024,2705995,1279085
103513127,10031919,192032336,Degerfelderweg,62b,8260 Stein am Rhein,2964,SH,planned,True,23.07.2024,2705995,1279085
103513138,10031919,192032347,Degerfelderweg,62c,8260 Stein am Rhein,2964,SH,planned,True,23.07.2024,2705995,1279085
103513139,10031919,192032348,Degerfelderweg,62d,8260 Stein am Rhein,2964,SH,planned,True,23.07.2024,2705995,1279085
103513140,10031919,192032349,Degerfelderweg,62e,8260 Stein am Rhein,2964,SH,planned,True,23.07.2024,2705995,1279085
103513141,10031919,192032350,Degerfelderweg,62f,8260 Stein am Rhein,2964,SH,planned,True,23.07.2024,2705995,1279085
103513864,10031940,192032383,Zum Nägelisee,6,8260 Stein am Rhein,2964,SH,planned,True,23.07.2024,2706258,1279168
103513876,10031506,192032395,Nässistrasse,2,8215 Hallau,2971,SH,planned,False,23.07.2024,2676798,1283315
103513919,10087233,192032431,Guldifuess,1.1,8260 Stein am Rhein,2964,SH,real,False,19.11.2024,2706991,1280188
103513970,10122554,192032478,Zelgstrasse,32,8212 Neuhausen am Rheinfall,2937,SH,planned,True,23.07.2024,2688507,1282245
103513986,10024961,192032494,In Gärten,,8235 Lohn SH,2917,SH,real,False,23.07.2024,2692274,1290283
103513987,10024961,192032495,In Gärten,14.1,8235 Lohn SH,2917,SH,real,False,23.07.2024,2692287,1290272
103514161,10195244,192032655,Undergass,8,8219 Trasadingen,2973,SH,real,True,15.11.2024,2674656,1280039
103514711,10087225,192033189,Steigblickstrasse,738,8262 Ramsen,2963,SH,real,True,15.11.2024,2702693,1284834
103515357,10209544,192033448,Gewerbestrasse,,8217 Wilchingen,2974,SH,real,False,23.07.2024,2676718,1281605
103515380,10149929,192033467,Trasadingerstrasse,4,8217 Wilchingen,2974,SH,real,True,15.11.2024,2677151,1281499
103515680,10025721,191175070,Hoolicher,14a,8228 Beggingen,2951,SH,real,True,23.07.2024,2682695,1291098
103516289,10068435,192034352,Breitiweg,,8213 Neunkirch,2904,SH,planned,False,23.07.2024,2679785,1282608
103516656,10091165,192034677,Biberichweg,,8224 Löhningen,2903,SH,planned,False,23.07.2024,2683756,1284385
103517501,10085767,192035312,Flüelistrasse,17,8226 Schleitheim,2952,SH,planned,True,23.07.2024,2676643,1289253
103517502,10118363,192035313,Aegerten,765,8226 Schleitheim,2952,SH,real,False,19.11.2024,2676445,1288985
103517528,10104921,192035332,Staanackerstrasse,,8234 Stetten SH,2919,SH,real,False,23.07.2024,2691733,1288293
103517791,10024950,192035581,Obere Laag,138a,8239 Dörflingen,2915,SH,real,False,19.11.2024,2696541,1283417
103518016,10110811,192035739,Lindenhof,,8454 Buchberg,2933,SH,real,False,22.11.2024,2684187,1268920
103518017,10110811,192035740,Lindenhof,166c,8454 Buchberg,2933,SH,real,False,22.11.2024,2684188,1268923
103521338,10046605,192036546,Dorfstrasse,74a,8454 Buchberg,2933,SH,real,True,19.11.2024,2684297,1269768
103521342,10046605,192036550,Dorfstrasse,74b,8454 Buchberg,2933,SH,real,True,19.11.2024,2684302,1269768
103524761,10087217,192038820,Ankerstrasse,,8262 Ramsen,2963,SH,planned,False,23.07.2024,2702993,1285109
103526612,10121171,192039726,Hegaustrasse,1.2,8212 Neuhausen am Rheinfall,2937,SH,real,True,19.11.2024,2688394,1282634
103526627,10178592,192039741,Bohnenbergstrasse,16a,8212 Neuhausen am Rheinfall,2937,SH,planned,True,23.07.2024,2688349,1282626
103526634,10091247,192039748,Charlottenweg,2b.1,8212 Neuhausen am Rheinfall,2937,SH,real,True,23.07.2024,2688711,1282831
103528177,10128947,192040594,Hinder Nüchilch,7,8213 Neunkirch,2904,SH,planned,True,23.07.2024,2679701,1282097
103528399,10091226,192040800,Zelgstrasse,11,8222 Beringen,2932,SH,real,True,15.11.2024,2685194,1283396
103528401,10091226,192040802,Zelgstrasse,13,8222 Beringen,2932,SH,real,True,15.11.2024,2685166,1283396
103528404,10091226,192040805,Zelgstrasse,15,8222 Beringen,2932,SH,real,True,15.11.2024,2685128,1283397
103529666,10091262,192041064,Wiesengrundstrasse,11.1,8212 Neuhausen am Rheinfall,2937,SH,real,True,19.11.2024,2688944,1281814
103529671,10026334,192041069,Trasadingerstrasse,5.1,8222 Beringen,2932,SH,real,True,23.07.2024,2683716,1282625
103529674,10026334,192041072,Trasadingerstrasse,5.2,8222 Beringen,2932,SH,real,True,23.07.2024,2683704,1282620
103529678,10186340,192041076,Schaffhauserstrasse,91a.1,8222 Beringen,2932,SH,real,True,23.07.2024,2686080,1283524
103529749,10031525,192041126,Bettenstrasse,2,8217 Wilchingen,2974,SH,real,True,15.11.2024,2677425,1279967
103529858,10179744,192041231,Hofackerstrasse,10.2,8225 Siblingen,2953,SH,real,True,23.07.2024,2681289,1285536
103530918,10046616,192041663,Eichenstrasse,5a,8200 Schaffhausen,2939,SH,real,True,19.11.2024,2690881,1284634
103532502,10026331,192041954,Löhningerstrasse,3.4,8223 Guntmadingen,2932,SH,real,True,23.07.2024,2683851,1282776
103532516,10073101,192041968,Laamenstrasse,11.1,8215 Hallau,2971,SH,real,True,23.07.2024,2675955,1283332
103532533,10091110,192041984,Fotschengasse,12,8215 Hallau,2971,SH,real,True,15.11.2024,2676869,1283425
103532543,10179763,192041994,Tacherstrasse,25.4,8215 Hallau,2971,SH,real,True,19.11.2024,2675988,1283626
103532553,10031510,192042004,Weiherschulstrasse,8.1,8215 Hallau,2971,SH,planned,True,23.07.2024,2676389,1283599
103534621,10164638,192042368,Im Gali,,8261 Hemishofen,2962,SH,planned,True,23.07.2024,2704891,1281661
103535337,10032573,192042628,Oberwiesenweg,5.6,8226 Schleitheim,2952,SH,real,False,19.11.2024,2676372,1289226
103535643,10073095,192042852,Oberdörfli,15,8260 Stein am Rhein,2964,SH,planned,True,23.07.2024,2706843,1280115
103535670,10107064,192042891,Gigeweg,19,8213 Neunkirch,2904,SH,planned,True,23.07.2024,2679168,1282411
103535672,10107064,192042893,Gigeweg,21,8213 Neunkirch,2904,SH,planned,True,23.07.2024,2679194,1282390
103535940,10158883,192043140,Bergstrasse,5,8216 Oberhallau,2972,SH,real,True,15.11.2024,2677851,1284512
103536598,10024953,471354,Thayngerstrasse,1a,8239 Dörflingen,2915,SH,real,False,23.07.2024,2696367,1285660
103536670,10031815,192043789,Bruderhof,1a,8217 Wilchingen,2974,SH,real,True,30.11.2024,2674416,1281738
103536679,10149928,192043796,Haartelstrasse,7a,8217 Wilchingen,2974,SH,real,True,23.07.2024,2677660,1280233
103538262,10147321,192044149,Ifangweg,8.2,8219 Trasadingen,2973,SH,planned,True,23.07.2024,2674165,1280204
103538267,10031523,192044152,Zollstrasse,4,8219 Trasadingen,2973,SH,planned,True,23.07.2024,2674975,1280085
103538269,10179764,192044153,Ifang,9.1,8219 Trasadingen,2973,SH,planned,True,23.07.2024,2674221,1280183
103538270,10180895,192044154,Sonnenhof,1.4,8217 Wilchingen,2973,SH,planned,True,23.07.2024,2675714,1279128
103538289,10031522,192044173,Zinggen,1.2,8219 Trasadingen,2973,SH,planned,True,23.07.2024,2674431,1280090
103538312,10179747,192044191,Im Hafacker,16b,8261 Hemishofen,2962,SH,planned,True,23.07.2024,2704465,1281717
103538625,10121181,192044236,Gass,7.1,8219 Trasadingen,2973,SH,real,True,19.11.2024,2674334,1280282
103538763,10017856,192044367,Büchelerstrasse,8.1,8212 Neuhausen am Rheinfall,2937,SH,real,True,28.11.2024,2688284,1282393
103538954,10072981,192044557,Kerzenstübliweg,2a,8235 Lohn SH,2917,SH,planned,True,23.07.2024,2692643,1290297
103538956,10072981,192044559,Kerzenstübliweg,2b,8235 Lohn SH,2917,SH,planned,True,23.07.2024,2692636,1290280
103538961,10072981,192044564,Kerzenstübliweg,2c,8235 Lohn SH,2917,SH,planned,True,23.07.2024,2692631,1290265
103538964,10072981,192044567,Kerzenstübliweg,2d,8235 Lohn SH,2917,SH,planned,True,23.07.2024,2692603,1290280
103538970,10072981,192044571,Kerzenstübliweg,2e,8235 Lohn SH,2917,SH,planned,True,23.07.2024,2692613,1290307
103539004,10104507,192044603,Randenstrasse,,8228 Beggingen,2951,SH,planned,False,23.07.2024,2682509,1290884
103539043,10031520,192044632,Talhof,1.31,8219 Trasadingen,2973,SH,planned,True,23.07.2024,2673830,1281812
103539333,10164384,192044907,Schüppelstrasse,4,8263 Buch SH,2961,SH,real,True,15.11.2024,2701185,1286251
103539537,10146641,192044951,Anthoptstrasse,11.1,8222 Beringen,2932,SH,real,True,23.07.2024,2686379,1283365
103539620,10120406,1609610,Biberstrasse,43,8240 Thayngen,2920,SH,real,True,15.11.2024,2695013,1289536
103539639,10017860,192045028,Engestrasse,39,8212 Neuhausen am Rheinfall,2937,SH,planned,True,23.07.2024,2688074,1282479
103540391,10111812,1609056,Ebringerstrasse,111a,8240 Thayngen,2920,SH,real,True,23.07.2024,2696486,1289279
103540768,10087064,192045404,Mandacherstrasse,6,8233 Bargen SH,2931,SH,real,True,19.11.2024,2687731,1294194
103540953,10018166,192045485,Zentralstrasse,38.5,8212 Neuhausen am Rheinfall,2937,SH,real,True,19.11.2024,2688706,1281880
103541744,10190666,192046072,Konservenstrasse,53,8215 Hallau,2971,SH,real,True,06.12.2024,2676996,1283248
103541912,10019294,192046161,Ernst Müller-Strasse,7.1,8207 Schaffhausen,2939,SH,real,True,23.07.2024,2692212,1286020
103542818,10128757,192046823,Badstrasse,40.10,8212 Neuhausen am Rheinfall,2937,SH,planned,True,23.07.2024,2688782,1281289
103543112,10117544,192047060,Waldparkstrasse,52,8212 Neuhausen am Rheinfall,2937,SH,real,True,15.11.2024,2687588,1281908
103543149,10180894,192047095,Chatzengartenstrasse,4a,8216 Oberhallau,2972,SH,real,True,15.11.2024,2678199,1284462
103543570,10195244,192047486,Undergass,20.1,8219 Trasadingen,2973,SH,real,True,19.11.2024,2674780,1279928
103543625,10031593,192047538,Alemannenweg,,8262 Ramsen,2963,SH,real,False,23.07.2024,2703329,1284848
103544952,10091258,192048294,Schaffhauserstrasse,15.2,8212 Neuhausen am Rheinfall,2937,SH,real,True,23.07.2024,2688727,1282291
103545818,10073104,192048486,Schulgasse,20.2,8215 Hallau,2971,SH,real,True,19.11.2024,2676657,1283628
103545835,10091248,192048499,Einschlagstrasse,2.1,8212 Neuhausen am Rheinfall,2937,SH,real,True,19.11.2024,2688668,1282337
103546033,10073103,192048697,Neunkircherstrasse,34,8215 Hallau,2971,SH,real,True,15.11.2024,2677094,1283145
103547867,10091223,192049091,Schützeweg,6a,8222 Beringen,2932,SH,real,True,15.11.2024,2685454,1283898
103547958,10127706,192049160,Mattenhof,1.3,8215 Hallau,2971,SH,planned,True,23.07.2024,2675952,1282521
103547960,10127706,192049162,Mattenhof,1.4,8215 Hallau,2971,SH,planned,True,23.07.2024,2675987,1282520
103547962,10119638,192049164,Golderaa,,8215 Hallau,2971,SH,planned,True,23.07.2024,2676641,1283496
103548133,10186575,192049346,Obere Hofwiesen,22,8226 Schleitheim,2952,SH,planned,True,23.07.2024,2678750,1289601
103548386,10073630,192049586,Steigstrasse,,8240 Thayngen,2920,SH,real,True,23.07.2024,2695289,1289649
103549412,10167068,192049966,Hegaustrasse,g3089a,8241 Barzheim,2920,SH,real,False,23.07.2024,2696310,1291081
103549679,10046608,192050031,Schwanenfelsstrasse,10.2,8212 Neuhausen am Rheinfall,2937,SH,planned,True,23.07.2024,2688619,1282593
103549707,10031586,192050055,Hauptstrasse,11.1,8261 Hemishofen,2962,SH,real,False,23.07.2024,2704763,1281414
103549753,10031568,192050097,Winkel,10,8226 Schleitheim,2952,SH,planned,True,23.07.2024,2678811,1289660
103549951,10133042,192050300,Empützistrasse,5.1,8215 Hallau,2971,SH,real,True,19.11.2024,2676200,1283089
103550093,10087045,192050435,Barzheimerstrasse,6.1,8240 Thayngen,2920,SH,real,False,23.07.2024,2695048,1289745
103550993,10024976,192051028,Rotackerstrasse,22.01,8234 Stetten SH,2919,SH,real,True,23.07.2024,2691998,1288573
103551003,10085751,192051038,Thayngerstrasse,44.1,8207 Schaffhausen,2939,SH,real,True,23.07.2024,2691942,1286788
103551021,10117740,192051054,Schwerzedel,5.12,8226 Schleitheim,2952,SH,real,False,19.11.2024,2679321,1289495
103553448,10073361,192052004,Hofwiesen,3,8226 Schleitheim,2952,SH,planned,True,23.07.2024,2678619,1289444
103556034,10031597,192052271,Buttelestrasse,,8262 Ramsen,2963,SH,planned,False,23.07.2024,2703065,1285255
103556103,10091108,192052340,Zwinglistrasse,35.1,8260 Stein am Rhein,2964,SH,real,False,23.07.2024,2706691,1280265
103556179,10091108,192052453,Zwinglistrasse,47,8260 Stein am Rhein,2964,SH,planned,True,23.07.2024,2706602,1280268
103556207,10117741,192052472,Oehningerstrasse,37,8260 Stein am Rhein,2964,SH,planned,True,23.07.2024,2707545,1279619
103557157,10031586,482535,Hauptstrasse,11a,8261 Hemishofen,2962,SH,real,True,15.11.2024,2704761,1281419
103557322,10111814,192053385,Im Tal,21.3,8233 Bargen SH,2931,SH,planned,False,23.07.2024,2687422,1293628
103559883,10085767,192054868,Flüelistrasse,10.4,8226 Schleitheim,2952,SH,planned,False,23.07.2024,2676553,1289242
103559884,10085767,192054869,Flüelistrasse,10.5,8226 Schleitheim,2952,SH,real,False,19.11.2024,2676552,1289242
103559900,10131532,192054885,Alte Beggingerstrasse,,8226 Schleitheim,2952,SH,real,False,23.07.2024,2679334,1290018
103559933,10073068,192054918,Spitzwiesenweg,1.,8207 Schaffhausen,2939,SH,real,True,23.07.2024,2693756,1286670
103560694,10024947,192055202,Im Scheier,14,8239 Dörflingen,2915,SH,planned,True,23.07.2024,2696173,1284899
103560711,10113196,192055224,Grubenstieg,16.1,8200 Schaffhausen,2939,SH,real,True,23.07.2024,2690377,1284353
103560720,10031597,192055230,Buttelestrasse,233a,8262 Ramsen,2963,SH,real,True,23.07.2024,2702960,1285165
103561047,10073632,192055395,Wydenweg,18,8240 Thayngen,2920,SH,planned,True,23.07.2024,2694434,1289225
103561079,10017867,192055406,Hofstettenstrasse,16.1,8212 Neuhausen am Rheinfall,2937,SH,real,True,19.11.2024,2687472,1281752
103561287,10087013,470123,Schulgasse,4,8214 Gächlingen,2901,SH,real,True,15.11.2024,2679337,1284093
103561460,10024945,192055766,Hinterdorf,5,8239 Dörflingen,2915,SH,planned,False,23.07.2024,2696513,1284563
103561461,10024945,192055766,Hinterdorf,7,8239 Dörflingen,2915,SH,planned,False,23.07.2024,2696513,1284563
103561627,10026326,192055928,Talstrasse,255e,8214 Gächlingen,2901,SH,planned,True,23.07.2024,2679027,1284664
103561699,10090058,192056004,Mühlenstrasse,14.3,8260 Stein am Rhein,2964,SH,real,False,23.07.2024,2706995,1280025
103561701,10031929,192056006,Niderfeldstrasse,18.1,8260 Stein am Rhein,2964,SH,real,False,23.07.2024,2705899,1280364
103561896,10111812,192056218,Ebringerstrasse,,8240 Thayngen,2920,SH,planned,True,23.07.2024,2697515,1289504
103562031,10071686,192056299,Dorfstrasse,,8261 Hemishofen,2962,SH,real,False,19.11.2024,2704177,1281666
103562191,10073103,192048697,Neunkircherstrasse,36,8215 Hallau,2971,SH,real,True,15.11.2024,2677097,1283140
103562204,10058934,192056452,Industrieplatz,,8212 Neuhausen am Rheinfall,2937,SH,real,True,23.07.2024,2688590,1281651
103562211,10046632,192056457,Ebnatring,,8200 Schaffhausen,2939,SH,real,True,23.07.2024,2691127,1285269
103562212,10073055,192014861,Mühlentalstrasse,86,8200 Schaffhausen,2939,SH,real,False,15.11.2024,2689406,1284414
103562374,10091247,192056563,Charlottenweg,46,8212 Neuhausen am Rheinfall,2937,SH,planned,True,23.07.2024,2688587,1282769
103562652,10031566,192056764,Undere Espilibuck,1.1,8226 Schleitheim,2952,SH,real,False,19.11.2024,2678517,1289686
103562747,10087225,192056866,Steigblickstrasse,740,8262 Ramsen,2963,SH,real,True,15.11.2024,2702701,1284813
103563281,10180888,192057128,Randenstrasse,36.7,8226 Schleitheim,2952,SH,planned,False,29.10.2024,2678986,1289476
103563282,10180888,192057129,Randenstrasse,36.3,8226 Schleitheim,2952,SH,real,False,19.11.2024,2678994,1289475
103565677,10019268,192058645,Ackerstrasse,3.1,8200 Schaffhausen,2939,SH,real,True,23.07.2024,2690939,1283689
103565778,10024954,192058734,Chuttlerstrasse,,8242 Hofen SH,2920,SH,planned,True,23.07.2024,2692682,1293187
103565779,10024954,192058735,Chuttlerstrasse,,8242 Hofen SH,2920,SH,planned,True,23.07.2024,2692682,1293182
103565780,10024954,192058736,Chuttlerstrasse,,8242 Hofen SH,2920,SH,planned,True,23.07.2024,2692684,1293181
103565784,10024954,192058740,Chuttlerstrasse,,8242 Hofen SH,2920,SH,planned,True,23.07.2024,2692686,1293179
103565785,10024954,192058741,Chuttlerstrasse,,8242 Hofen SH,2920,SH,planned,True,23.07.2024,2692685,1293179
103565786,10024954,192058742,Chuttlerstrasse,,8242 Hofen SH,2920,SH,planned,True,23.07.2024,2692679,1293162
103565787,10024954,192058743,Chuttlerstrasse,,8242 Hofen SH,2920,SH,planned,True,23.07.2024,2692680,1293167
103566859,10027515,192059311,Stiegweg,14,8213 Neunkirch,2904,SH,planned,True,23.07.2024,2679319,1282257
103567370,10179734,192059768,Weinsteig,60b,8200 Schaffhausen,2939,SH,real,True,19.11.2024,2689700,1284388
103567371,10179734,192059769,Weinsteig,60c,8200 Schaffhausen,2939,SH,real,True,19.11.2024,2689710,1284388
103567387,10073022,192059785,Alpenstrasse,66.1,8200 Schaffhausen,2939,SH,real,True,19.11.2024,2690780,1283834
103567578,10212511,192059928,Laugstieg,,8240 Thayngen,2920,SH,planned,True,23.07.2024,2696077,1289491
103567580,10212511,192059930,Laugstieg,,8240 Thayngen,2920,SH,planned,True,23.07.2024,2696093,1289494
103567582,10212511,192059932,Laugstieg,,8240 Thayngen,2920,SH,planned,True,23.07.2024,2696080,1289509
103567583,10212511,192059933,Laugstieg,,8240 Thayngen,2920,SH,planned,True,23.07.2024,2696096,1289517
103567584,10237818,192059934,Rebbergstrasse,,8240 Thayngen,2920,SH,planned,True,23.07.2024,2696088,1289491
103569719,10237810,192060268,Dorfstrasse,,8236 Opfertshofen SH,2920,SH,planned,True,23.07.2024,2691657,1292478
103569720,10026388,192060269,Chlenglerweg,135,8240 Thayngen,2920,SH,planned,True,23.07.2024,2696810,1289275
103569721,10026388,192060270,Chlenglerweg,137,8240 Thayngen,2920,SH,planned,True,19.09.2024,2696830,1289295
103569722,10026388,192060271,Chlenglerweg,139,8240 Thayngen,2920,SH,planned,True,19.09.2024,2696812,1289296
103569723,10024969,192060272,Püntstrasse,,8236 Opfertshofen SH,2920,SH,planned,False,23.07.2024,2691639,1292633
103569724,10086747,192060273,Weinbergstrasse,,8242 Bibern SH,2920,SH,planned,True,23.07.2024,2692939,1292134
103569790,10106944,192060336,Oberbergweg,3.2,8212 Neuhausen am Rheinfall,2937,SH,real,True,23.07.2024,2688363,1281833
103569795,10106944,192060339,Oberbergweg,3.3,8212 Neuhausen am Rheinfall,2937,SH,real,True,23.07.2024,2688327,1281857
103569820,10026388,192060360,Chlenglerweg,,8240 Thayngen,2920,SH,planned,True,23.07.2024,2696824,1289274
103570019,10085751,192060554,Thayngerstrasse,40,8207 Schaffhausen,2939,SH,real,True,15.11.2024,2691951,1286770
103570020,10085751,192060555,Thayngerstrasse,42,8207 Schaffhausen,2939,SH,real,True,15.11.2024,2691947,1286786
103570021,10085751,192060556,Thayngerstrasse,44,8207 Schaffhausen,2939,SH,real,True,15.11.2024,2691949,1286793
103570070,10113197,192060601,Hohbergstrasse,42.1,8207 Schaffhausen,2939,SH,real,True,23.07.2024,2690832,1286254
103570118,10117741,192060666,Oehningerstrasse,53,8260 Stein am Rhein,2964,SH,planned,True,26.09.2024,2707725,1279646
103570119,10117741,192060667,Oehningerstrasse,55,8260 Stein am Rhein,2964,SH,planned,True,28.09.2024,2707742,1279674
103570120,10117741,192060668,Oehningerstrasse,57,8260 Stein am Rhein,2964,SH,planned,True,28.09.2024,2707725,1279684
103570123,10117741,192060671,Oehningerstrasse,63,8260 Stein am Rhein,2964,SH,planned,True,28.09.2024,2707742,1280646
103570124,10117741,192060672,Oehningerstrasse,59d,8260 Stein am Rhein,2964,SH,planned,True,23.07.2024,2707725,1279694
103570125,10117741,192060673,Oehningerstrasse,63a,8260 Stein am Rhein,2964,SH,planned,True,28.09.2024,2707742,1280694
103570127,10117741,192060675,Oehningerstrasse,55a,8260 Stein am Rhein,2964,SH,planned,True,28.09.2024,2707742,1279700
103570128,10117741,192060676,Oehningerstrasse,32,8260 Stein am Rhein,2964,SH,planned,True,28.09.2024,2707742,1279674
103570713,10112907,192060813,Rabenfluhstrasse,19,8212 Neuhausen am Rheinfall,2937,SH,planned,True,23.07.2024,2689010,1282235
103570753,10074396,192060849,Brunnenwiesenstrasse,62.1,8212 Neuhausen am Rheinfall,2937,SH,real,True,23.07.2024,2687446,1281438
103570780,10117545,192060874,Finsterwaldstrasse,5301,8200 Schaffhausen,2939,SH,planned,True,23.07.2024,2689629,1284545
103570798,10091247,192060890,Charlottenweg,,8212 Neuhausen am Rheinfall,2937,SH,planned,True,23.07.2024,2688704,1282869
103570807,10206078,192060899,Im Rhyblick,,8455 Rüdlingen,2938,SH,planned,False,23.07.2024,2684916,1271390
103571032,10181358,192061121,Grabenackerstrasse,,8261 Hemishofen,2962,SH,planned,False,23.07.2024,2703529,1282687
103571073,10026343,192061161,Herrengasse,,8224 Löhningen,2903,SH,planned,False,23.07.2024,2683584,1283819
103571079,10120397,192061167,Haldenweg,,8224 Löhningen,2903,SH,real,False,19.11.2024,2683818,1284346
103571091,10027497,192061178,Stalden,,8224 Löhningen,2903,SH,planned,False,23.07.2024,2683753,1283816
103571608,10136951,192061695,Industriestrasse,730,8262 Ramsen,2963,SH,planned,True,27.11.2024,2703937,1285059
103572218,10068432,470369,Lättenstrasse,15.1,8224 Löhningen,2903,SH,real,False,23.07.2024,2683462,1284292
103572235,10085724,192061900,Mühlenstrasse,1115,8200 Schaffhausen,2939,SH,real,True,23.07.2024,2689080,1283255
103572395,10106945,192062080,Rosenbergstrasse,19,8212 Neuhausen am Rheinfall,2937,SH,planned,True,04.09.2024,2688294,1282713
103572555,10032557,192062230,Bolstiig,21.1,8226 Schleitheim,2952,SH,real,False,19.11.2024,2678254,1289359
103572574,10073652,192062249,Hurbigstrasse,,8454 Buchberg,2933,SH,real,False,04.12.2024,2684214,1270004
103573432,10048892,192062643,Niederwiesenstrasse,16,8214 Gächlingen,2901,SH,real,True,23.07.2024,2679191,1284160
103573572,10019570,192062813,Hofwiesenstrasse,12.1,8231 Hemmental,2939,SH,real,True,23.07.2024,2685715,1287626
103573683,10085741,192062931,Solenbergstrasse,31,8207 Schaffhausen,2939,SH,planned,True,23.07.2024,2692510,1286161
103573686,10237826,192062934,Randenstrasse,226,8200 Schaffhausen,2939,SH,real,True,19.11.2024,2688299,1284812
103573690,10237826,192062938,Randenstrasse,228,8200 Schaffhausen,2939,SH,real,True,19.11.2024,2688318,1284812
103573751,10031824,192062996,Mühlenstrasse,34.1,8217 Wilchingen,2974,SH,real,False,16.08.2024,2677244,1281083
103573757,10031829,192063002,Schulgasse,9.1,8217 Wilchingen,2974,SH,real,True,23.07.2024,2677377,1280266
103573777,10073056,192063020,Neustadt,79.3,8200 Schaffhausen,2939,SH,real,True,23.07.2024,2689567,1283512
103573778,10073056,192063021,Neustadt,79.2,8200 Schaffhausen,2939,SH,real,True,23.07.2024,2689566,1283525
103573781,10091403,192063024,Abendstrasse,2.1,8217 Wilchingen,2974,SH,real,True,23.07.2024,2677183,1280441
103573785,10152450,192063026,Hinterlangenstallstrasse,91.6,8217 Wilchingen,2974,SH,real,True,23.07.2024,2676814,1280503
103573803,10136930,192063041,Reckenstrasse,,8240 Thayngen,2920,SH,planned,True,23.07.2024,2695370,1289547
103574732,10072967,192063533,Hüslibach,7.3,8243 Altdorf SH,2920,SH,real,True,23.07.2024,2691646,1293407
103574742,10024933,192063540,Himmetwislistrasse,4.1,8242 Bibern SH,2920,SH,real,True,23.07.2024,2693151,1292146
103574826,10091248,192063612,Einschlagstrasse,2.2,8212 Neuhausen am Rheinfall,2937,SH,real,True,03.12.2024,2688651,1282344
103574977,10148816,192063750,Hauptstrasse,71,8217 Wilchingen,2974,SH,real,True,15.11.2024,2677038,1280148
103575060,10186343,192063829,Rheingoldstrasse,13,8212 Neuhausen am Rheinfall,2937,SH,real,False,19.11.2024,2688785,1281798
103577905,10148816,484818,Hauptstrasse,85,8217 Wilchingen,2974,SH,real,True,15.11.2024,2677001,1280358
103577959,10018160,192064374,Schützenstrasse,,8212 Neuhausen am Rheinfall,2937,SH,real,True,19.11.2024,2686396,1282167
103577976,10149928,192064387,Haartelstrasse,10.3,8217 Wilchingen,2974,SH,real,True,06.08.2024,2677686,1280185
103578426,10017868,192064750,Klettgauerstrasse,54.1,8212 Neuhausen am Rheinfall,2937,SH,planned,True,13.08.2024,2688131,1282205
103578754,10120413,192065011,Steig,5,8222 Beringen,2932,SH,real,True,15.11.2024,2685268,1283765
103578775,10026331,192065032,Löhningerstrasse,3.4,8223 Guntmadingen,2932,SH,real,True,19.11.2024,2683851,1282766
103578779,10026331,192065036,Löhningerstrasse,3.5,8223 Guntmadingen,2932,SH,real,True,16.08.2024,2683863,1282724
103578780,10073637,192065037,Gärtliweg,4.1,8222 Beringen,2932,SH,real,True,16.08.2024,2684987,1283752
103578781,10018451,192065038,Engeweg,2.1,8222 Beringen,2932,SH,real,True,16.08.2024,2687153,1283360
103578786,10046604,192065042,Werkstrasse,35,8222 Beringen,2932,SH,real,True,15.11.2024,2684872,1283131
103578849,10087072,192065116,Neugrüthalde,54a.1,8222 Beringen,2932,SH,real,True,17.08.2024,2686563,1283644
103578850,10091223,192065117,Schützeweg,1.3,8222 Beringen,2932,SH,real,True,17.08.2024,2685367,1284105
103578852,10091226,192065119,Zelgstrasse,23.1,8222 Beringen,2932,SH,real,True,17.08.2024,2685096,1283381
103578874,10087012,192065139,Isengartenstrasse,18,8214 Gächlingen,2901,SH,planned,True,05.12.2024,2680086,1284487
103579087,10085755,192065193,Vordersteig,2.1,8200 Schaffhausen,2939,SH,real,True,20.08.2024,2689503,1283605
103579089,10019807,192065195,Schweizersbildstrasse,69.010,8200 Schaffhausen,2939,SH,real,True,15.11.2024,2689976,1286593
103579090,10019807,192065196,Schweizersbildstrasse,80.3,8200 Schaffhausen,2939,SH,real,True,30.08.2024,2689556,1286691
103579093,10118147,192065198,Windeggstrasse,25.1,8203 Schaffhausen,2939,SH,real,True,20.08.2024,2691442,1283333
103579098,10091231,192065203,Im Herbstel,44,8231 Hemmental,2939,SH,planned,True,20.08.2024,2685668,1287857
103579099,10091231,192065204,Im Herbstel,48,8231 Hemmental,2939,SH,planned,True,20.08.2024,2685671,1287866
103579113,10025690,192065230,Stadthausgasse,12,8200 Schaffhausen,2939,SH,real,True,30.11.2024,2689787,1283623
103579114,10019802,192065230,Safrangasse,3,8200 Schaffhausen,2939,SH,real,True,30.11.2024,2689812,1283633
103579641,10103226,192065732,Rheinbühlstrasse,27.2,8200 Schaffhausen,2939,SH,real,True,23.08.2024,2691437,1282826
103579676,10073061,192065759,Ringkengässchen,2,8200 Schaffhausen,2939,SH,planned,True,23.08.2024,2689690,1283331
103579774,10237826,192065875,Randenstrasse,172,8200 Schaffhausen,2939,SH,real,True,19.11.2024,2688565,1284628
103580168,10018451,192066248,Engeweg,10.2,8222 Beringen,2932,SH,real,True,29.08.2024,2687218,1283348
103580905,10031606,192066370,Schulweg,,8262 Ramsen,2963,SH,planned,False,30.08.2024,2702977,1285140
103581202,10107064,192066546,Gigeweg,17,8213 Neunkirch,2904,SH,planned,True,09.09.2024,2679267,1282359
103581209,10185475,192066552,Zelgliweg,4,8236 Büttenhardt,2914,SH,planned,True,03.09.2024,2690945,1290016
103581302,10046612,192066642,Zollstrasse,86b.1,8212 Neuhausen am Rheinfall,2937,SH,planned,True,04.09.2024,2687356,1281467
103581303,10046612,192066643,Zollstrasse,86a.1,8212 Neuhausen am Rheinfall,2937,SH,planned,True,04.09.2024,2687343,1281468
103581490,10186331,192066791,Berggasse,12.3,8224 Löhningen,2903,SH,real,False,06.09.2024,2683523,1283673
103583837,10091173,192066804,Strasshalden,,8224 Löhningen,2903,SH,planned,False,06.09.2024,2684241,1283954
103584047,10111807,471308,Braatistrasse,3a,8236 Büttenhardt,2914,SH,real,False,15.11.2024,2690990,1290158
103584098,10018157,192067041,Zieglerweg,,8240 Thayngen,2920,SH,planned,False,11.09.2024,2694739,1289668
103584913,10071686,192067297,Dorfstrasse,33a,8261 Hemishofen,2962,SH,planned,False,14.09.2024,2704250,1281672
103584914,10071686,192067298,Dorfstrasse,33c,8261 Hemishofen,2962,SH,planned,False,14.09.2024,2704231,1281680
103584919,10071686,192067298,Dorfstrasse,33d,8261 Hemishofen,2962,SH,planned,False,14.09.2024,2704231,1281680
103584921,10071686,192067297,Dorfstrasse,33b,8261 Hemishofen,2962,SH,planned,False,14.09.2024,2704250,1281672
103585123,10085726,192067494,Neutalstrasse,48,8207 Schaffhausen,2939,SH,planned,True,17.09.2024,2692167,1286472
103585423,10147630,192067639,Buechackerweg,,8234 Stetten SH,2919,SH,planned,False,19.09.2024,2691814,1288194
103585424,10147630,192067640,Buechackerweg,1,8234 Stetten SH,2919,SH,real,False,29.11.2024,2691814,1288194
103586452,10019798,192067912,Riethaldenweg,14.2,8200 Schaffhausen,2939,SH,real,True,19.11.2024,2688232,1284340
103586530,10110811,192067963,Lindenhof,,8454 Buchberg,2933,SH,planned,False,24.09.2024,2684158,1268824
103586531,10110811,192067966,Lindenhof,,8454 Buchberg,2933,SH,planned,True,15.10.2024,2684161,1268825
103586535,10030808,192067970,Morgenackerstrasse,,8454 Buchberg,2933,SH,planned,False,24.09.2024,2684136,1269876
103586536,10019559,192067971,Erlistrasse,,8454 Buchberg,2933,SH,planned,False,24.09.2024,2684063,1269946
103586625,10111804,192068022,Hallauerstrasse,50a,8213 Neunkirch,2904,SH,real,True,19.11.2024,2678995,1282785
103587558,10031923,192068607,Hemishoferstrasse,18.1,8260 Stein am Rhein,2964,SH,planned,False,28.09.2024,2706382,1280096
103587598,10164638,192068648,Im Gali,20.1,8261 Hemishofen,2962,SH,real,False,19.11.2024,2704848,1281778
103587768,10106945,192068733,Rosenbergstrasse,80.1,8212 Neuhausen am Rheinfall,2937,SH,real,True,19.11.2024,2688521,1282699
103587771,10106945,192068736,Rosenbergstrasse,80.2,8212 Neuhausen am Rheinfall,2937,SH,real,True,19.11.2024,2688533,1282699
103588082,10120424,192069015,Herblingerstrasse,19.1,8207 Schaffhausen,2939,SH,real,True,04.10.2024,2691247,1286104
103588091,10087042,192069023,Schlossstrasse,3,8234 Stetten SH,2919,SH,real,True,02.11.2024,2691808,1288171
103588095,10046617,192069026,Falkenstrasse,13,8200 Schaffhausen,2939,SH,real,True,19.11.2024,2690792,1285794
103588405,10024970,192069176,Dorfstrasse,10,8234 Stetten SH,2919,SH,real,False,19.11.2024,2691794,1288506
103588406,10024970,192069177,Dorfstrasse,,8234 Stetten SH,2919,SH,real,False,19.11.2024,2691800,1288512
103588669,10024941,192069418,Bolstrasse,1,8239 Dörflingen,2915,SH,planned,False,15.10.2024,2696370,1284703
103588670,10024941,192069419,Bolstrasse,3,8239 Dörflingen,2915,SH,planned,False,15.10.2024,2696370,1284703
103588671,10024941,192069420,Bolstrasse,5,8239 Dörflingen,2915,SH,planned,False,15.10.2024,2696370,1284703
103589245,10026323,470174,Kirchstrasse,5a,8214 Gächlingen,2901,SH,real,True,11.10.2024,2679605,1284073
103589406,10024966,192070111,Windegg,,8235 Lohn SH,2917,SH,real,False,11.10.2024,2692219,1290398
103589607,10146949,192070279,Dostentalstrasse,,8232 Merishausen,2936,SH,planned,False,12.10.2024,2687882,1290069
103589619,10112905,192070291,Taubengasse,11,8232 Merishausen,2936,SH,planned,True,12.10.2024,2687872,1290684
103589666,10154819,192070336,Im Buechacker,,8234 Stetten SH,2919,SH,real,False,19.11.2024,2691842,1288093
103589668,10154819,192070338,Im Buechacker,,8234 Stetten SH,2919,SH,real,False,15.10.2024,2691845,1288087
103589672,10147630,192070341,Buechackerweg,"1,3",8234 Stetten SH,2919,SH,real,True,19.11.2024,2691830,1288178
103589673,10087042,192070342,Schlossstrasse,99,8234 Stetten SH,2919,SH,real,False,29.11.2024,2691825,1288175
103589677,10168102,192070346,Im Schalmenacker,,8234 Stetten SH,2919,SH,real,False,15.10.2024,2691963,1288305
103589678,10168102,192070347,Im Schalmenacker,,8234 Stetten SH,2919,SH,real,False,15.10.2024,2691971,1288302
103589679,10087041,192070348,Obere Wassergasse,,8234 Stetten SH,2919,SH,real,False,19.11.2024,2691606,1288401
103589680,10087041,192070349,Obere Wassergasse,,8234 Stetten SH,2919,SH,real,False,19.11.2024,2691607,1288397
103589681,10024970,192070350,Dorfstrasse,10,8234 Stetten SH,2919,SH,real,False,19.11.2024,2691800,1288513
103589682,10024970,192070351,Dorfstrasse,,8234 Stetten SH,2919,SH,real,False,19.11.2024,2691795,1288506
103589714,10154819,192070390,Im Buechacker,,8234 Stetten SH,2919,SH,real,False,15.10.2024,2691862,1288070
103589745,10017864,192070418,Gartenstrasse,14.1,8212 Neuhausen am Rheinfall,2937,SH,planned,True,15.10.2024,2688982,1281946
103589806,10018447,192070469,Benzeweg,29,8222 Beringen,2932,SH,real,True,19.11.2024,2686348,1283616
103589815,10018447,192070477,Benzeweg,31,8222 Beringen,2932,SH,real,True,15.10.2024,2686368,1283616
103589817,10018447,192070479,Benzeweg,33,8222 Beringen,2932,SH,real,True,15.10.2024,2686399,1283614
103589819,10018447,192070481,Benzeweg,33a,8222 Beringen,2932,SH,real,True,19.11.2024,2686405,1283613
103589820,10018447,192070482,Benzeweg,23,8222 Beringen,2932,SH,real,True,19.11.2024,2686367,1283588
103589821,10018447,192070482,Benzeweg,23.1,8222 Beringen,2932,SH,real,True,19.11.2024,2686367,1283588
103589825,10018447,192070486,Benzeweg,25,8222 Beringen,2932,SH,real,True,19.11.2024,2686384,1283586
103589828,10179746,192070489,Rosengartenstrasse,2,8263 Buch SH,2961,SH,real,True,15.10.2024,2700798,1285989
103589833,10018447,192070494,Benzeweg,27,8222 Beringen,2932,SH,real,True,19.11.2024,2686403,1283586
103589834,10018447,192070495,Benzeweg,31a,8222 Beringen,2932,SH,real,True,19.11.2024,2686372,1283615
103589842,10132131,192070503,Buchenstrasse,4.1,8212 Neuhausen am Rheinfall,2937,SH,real,True,19.11.2024,2688361,1282849
103589845,10262361,192070516,Im Winkel,5,8239 Dörflingen,2915,SH,planned,False,18.10.2024,2696774,1284255
103589846,10262361,192070517,Im Winkel,7,8239 Dörflingen,2915,SH,planned,False,18.10.2024,2696772,1284246
103589847,10262361,192070518,Im Winkel,9,8239 Dörflingen,2915,SH,planned,False,18.10.2024,2696769,1284236
103589848,10262361,192070519,Im Winkel,11,8239 Dörflingen,2915,SH,planned,False,18.10.2024,2696788,1284296
103589849,10262361,192070520,Im Winkel,13,8239 Dörflingen,2915,SH,planned,False,18.10.2024,2696785,1284286
103589850,10262361,192070521,Im Winkel,15,8239 Dörflingen,2915,SH,planned,False,18.10.2024,2696780,1284276
103589851,10262361,192070522,Im Winkel,,8239 Dörflingen,2915,SH,planned,False,18.10.2024,2696756,1284237
103589914,10153985,192070593,Rohrstrasse,13,8216 Oberhallau,2972,SH,planned,True,16.10.2024,2677812,1284250
103589915,10153985,192070593,Rohrstrasse,13a,8216 Oberhallau,2972,SH,planned,True,16.10.2024,2677812,1284250
103589916,10153985,192070593,Rohrstrasse,13b,8216 Oberhallau,2972,SH,planned,True,16.10.2024,2677812,1284250
103590027,10180894,192070627,Chatzengartenstrasse,1.2,8216 Oberhallau,2972,SH,real,True,16.10.2024,2678142,1284440
103590401,10032568,192070998,Hölderlistrasse,19.1,8226 Schleitheim,2952,SH,planned,False,18.10.2024,2677743,1289103
103590409,10026003,192071006,Beggingerstrasse,644.11,8226 Schleitheim,2952,SH,real,False,18.10.2024,2679089,1290045
103590415,10032580,192071011,Seewihof,355.11,8226 Schleitheim,2952,SH,real,False,19.11.2024,2680269,1291357
103590597,10019291,190628761,Ebnatstrasse,150a,8207 Schaffhausen,2939,SH,real,True,22.10.2024,2691551,1285579
103591511,10200405,192072100,Tobelraastrasse,6.1,8212 Neuhausen am Rheinfall,2937,SH,planned,True,25.10.2024,2687264,1281126
103591680,10108021,1612108,Hauentalstrasse,138,8200 Schaffhausen,2939,SH,real,True,15.11.2024,2688823,1285570
103591682,10179725,192072253,Rebweg,19.2,8203 Schaffhausen,2939,SH,real,True,19.11.2024,2691383,1283422
103591686,10179725,192072256,Rebweg,19.1,8203 Schaffhausen,2939,SH,real,True,25.10.2024,2691369,1283434
103591763,10090057,192072273,Kaltenbacherstrasse,12a,8260 Stein am Rhein,2964,SH,planned,False,25.10.2024,2706505,1279167
103591937,10103865,192072438,Bergstrasse,,8214 Gächlingen,2901,SH,planned,True,29.10.2024,2679654,1285706
103592150,10026320,470084,Dorfstrasse,35a,8214 Gächlingen,2901,SH,real,True,31.10.2024,2679622,1284256
103592236,10046612,192072688,Zollstrasse,74,8212 Neuhausen am Rheinfall,2937,SH,planned,True,31.10.2024,2687476,1281520
103592465,10091105,192072878,Rietstrasse,38.2,8260 Stein am Rhein,2964,SH,real,False,08.11.2024,2706247,1280261
103594265,10031601,192073597,Ledergasse,,8262 Ramsen,2963,SH,planned,False,08.11.2024,2703028,1284930
103594447,10244675,192073768,Häidehof,1,8217 Wilchingen,2974,SH,real,True,19.11.2024,2677663,1280101
103594665,10073053,192073931,Maienweg,9,8200 Schaffhausen,2939,SH,planned,True,13.11.2024,2689312,1285081
103594666,10073053,192073931,Maienweg,9a,8200 Schaffhausen,2939,SH,planned,True,13.11.2024,2689312,1285081
103598358,10031824,192074432,Mühlenstrasse,24,8217 Wilchingen,2974,SH,real,True,20.11.2024,2677229,1281068
103598458,10087233,192074502,Guldifuess,,8260 Stein am Rhein,2964,SH,real,False,19.11.2024,2707107,1280260
103598575,10018663,192074603,Im Laternenacker,2,8200 Schaffhausen,2939,SH,planned,True,20.11.2024,2690749,1284278
103599597,10192055,192075199,Gänzlerweg,10.1,8241 Barzheim,2920,SH,real,False,22.11.2024,2696176,1290690
103599602,10024968,192075202,Hundackerstrasse,7.1,8236 Opfertshofen SH,2920,SH,real,False,23.11.2024,2691430,1292311
103599620,10180880,1611102,Engemattstrasse,30,8200 Schaffhausen,2939,SH,real,True,22.11.2024,2688347,1283892
103599709,10031611,192075302,Wiesholzerstrasse,,8262 Ramsen,2963,SH,planned,False,22.11.2024,2704571,1285338
103599710,10031611,192075303,Wiesholzerstrasse,,8262 Ramsen,2963,SH,planned,False,22.11.2024,2704576,1285326
103599745,10237826,192075325,Randenstrasse,174,8200 Schaffhausen,2939,SH,real,True,23.11.2024,2688560,1284646
103599771,10019808,191706014,Schwertstrasse,9.2,8200 Schaffhausen,2939,SH,real,True,23.11.2024,2689612,1283603
103599886,10018663,192075414,Im Laternenacker,4,8200 Schaffhausen,2939,SH,planned,True,26.11.2024,2690744,1284256
103599887,10018663,192075415,Im Laternenacker,6,8200 Schaffhausen,2939,SH,planned,True,26.11.2024,2690741,1284240
103599889,10237826,192075417,Randenstrasse,230,8200 Schaffhausen,2939,SH,real,True,26.11.2024,2688272,1284832
103600120,10103229,192075493,Tüüffegass,6,8226 Schleitheim,2952,SH,planned,True,26.11.2024,2678455,1289435
103600237,10031611,192075605,Wiesholzerstrasse,,8262 Ramsen,2963,SH,planned,False,27.11.2024,2704601,1285313
103600240,10031611,192075608,Wiesholzerstrasse,,8262 Ramsen,2963,SH,planned,False,27.11.2024,2704610,1285320
103600326,10072982,192075684,Schmittengasse,9,8235 Lohn SH,2917,SH,real,False,28.11.2024,2692335,1290305
103600334,10024965,192075692,Thayngerstrasse,14c,8235 Lohn SH,2917,SH,planned,True,28.11.2024,2692482,1290125
103600401,10147630,192067640,Buechackerweg,3,8234 Stetten SH,2919,SH,real,True,29.11.2024,2691814,1288194
103600507,10031815,192075822,Bruderhof,1.8,8217 Wilchingen,2974,SH,real,True,29.11.2024,2674428,1281685
103600509,10152449,192075824,Haslachergasse,6.2,8217 Wilchingen,2974,SH,real,True,29.11.2024,2677184,1280497
103600512,10120400,192075827,Trottenweg,10.1,8218 Osterfingen,2974,SH,real,True,29.11.2024,2678957,1279742
103600517,10148816,192075832,Hauptstrasse,67a,8217 Wilchingen,2974,SH,real,True,29.11.2024,2677024,1280195
103600521,10148816,192075836,Hauptstrasse,67.1,8217 Wilchingen,2974,SH,real,True,29.11.2024,2677059,1280161
103601520,10161002,471206,Untere Junkholzstrasse,5a,8241 Barzheim,2920,SH,real,True,04.12.2024,2695919,1290315
103601904,10192057,192076878,Heereberg,1b,8240 Thayngen,2920,SH,real,False,05.12.2024,2695866,1289621
103601907,10192057,192076881,Heereberg,1a,8240 Thayngen,2920,SH,real,False,05.12.2024,2695895,1289623
103601956,10185486,192076930,Schlattergasse,16.2,8240 Thayngen,2920,SH,real,False,05.12.2024,2694961,1290094
103601958,10108010,192076932,Buechetellenweg,17l,8240 Thayngen,2920,SH,real,False,05.12.2024,2695106,1290069
103601959,10048902,192076933,Rietstrasse,49.2,8240 Thayngen,2920,SH,real,False,05.12.2024,2694414,1289048
103601961,10120409,192076935,Schulstrasse,8.1,8240 Thayngen,2920,SH,real,False,05.12.2024,2695399,1289416
103601962,10048900,192076936,Lohningerweg,42.1,8240 Thayngen,2920,SH,real,False,05.12.2024,2694585,1289575
103601963,10048900,192076937,Lohningerweg,42.2,8240 Thayngen,2920,SH,real,False,05.12.2024,2694585,1289575
103601964,10025644,192076938,Bahnhofstrasse,31.4,8240 Thayngen,2920,SH,real,False,05.12.2024,2694981,1289107
103601965,10087045,192076939,Barzheimerstrasse,20.1,8240 Thayngen,2920,SH,real,False,05.12.2024,2695157,1290054
103602721,10086743,192077189,Brunnegass,12,8241 Barzheim,2920,SH,real,False,06.12.2024,2696264,1290704
103602725,10024927,192077193,Föhrenhof,,8243 Altdorf SH,2920,SH,real,False,06.12.2024,2690948,1294567
103602726,10024927,192077194,Föhrenhof,68.3,8243 Altdorf SH,2920,SH,real,False,06.12.2024,2690948,1294567
103602738,10086745,192077205,Eggrüti,,8242 Bibern SH,2920,SH,real,False,06.12.2024,2692664,1291600
103602742,10158544,192077209,Mülackerstrasse,,8242 Bibern SH,2920,SH,real,False,06.12.2024,2692777,1291878
103602750,10173738,192077213,Zentralschulhaus,49.2,8242 Hofen SH,2920,SH,real,False,06.12.2024,2692361,1292793
103602755,10125417,192077218,Bruggwiesenstrasse,,8242 Hofen SH,2920,SH,real,False,06.12.2024,2693153,1292865
103602762,10024968,192077224,Hundackerstrasse,,8236 Opfertshofen SH,2920,SH,real,False,06.12.2024,2691306,1292243
103602800,10024968,192077262,Hundackerstrasse,9.1,8236 Opfertshofen SH,2920,SH,real,False,06.12.2024,2691298,1292238
103602856,10018138,192077264,Im Hugligrund,930.8,8240 Thayngen,2920,SH,real,False,06.12.2024,2694675,1287873
103602885,10073632,192077293,Wydenweg,18.1,8240 Thayngen,2920,SH,planned,False,06.12.2024,2694438,1289228
